bytearray(b'received from USB-C: s -> s (0,1)\r\n*** STATUS ***\r\nid        :         3 -\r\nstep      :      2400 steps\r\nspeed     :      1500 msteps/s\r\nmspeed    :      1000 msteps/s\r\nsg-thrs   :        80 -\r\ndefault   :     12000 \xc2\xb5m\r\ndispense  :     14640 \xc2\xb5m\r\nblowout   :     33000 \xc2\xb5m\r\nd-offset  :        20 \xc2\xb5m\r\nur0       :         1 -\r\nur1       :         1 -\r\nhomed     :         1 -\r\nreturn;s;2400\r\n'), 13:41:45
bytearray(b'received from USB-C: m -> m (0,1)\r\nSTEPPER: Moving to mstep: 6600 with speed [msteps/sec]: 1000 in StealthChop.\r\n'), 13:41:48
bytearray(b'STEPPER: Moving to mstep: 2400 with speed [msteps/sec]: 4000 in SpreadCycle.\r\n'), 13:41:52
bytearray(b'STEPPER: Moved 4200.00 msteps (ramp: 35%) in 1324.880 ms -> average speed [msteps/sec]: 3170.10\r\nreturn;m;965\r\n'), 13:41:54
bytearray(b'received from USB-C: b -> b (0,1)\r\nSending buffer of size 965data;2400,306;2404,446;2408,156;2413,270;2417,328;2421,320;2426,334;2430,320;2434,334;2439,318;2443,326;2447,326;2452,326;2456,326;2460,312;2465,326;2469,318;2474,332;2478,332;2482,332;2487,332;2491,324;2495,324;2500,326;2504,324;2508,310;2513,310;2517,318;2521,332;2526,318;2530,332;2534,330;2539,330;2543,324;2548,308;2552,322;2556,308;2561,322;2565,330;2569,344;2574,328;2578,330;2582,314;2587,328;2591,320;2595,320;2600,334;2604,320;2608,334;2613,320;2617,340;2622,312;2626,340;2630,312;2635,326;2639,318;2643,304;2648,316;2652,316;2656,316;2661,316;2665,322;2669,322;2674,322;2678,320;2682,322;2687,320;2691,314;2696,312;2700,312;2704,328;2709,326;2713,320;2717,318;2722,332;2726,316;2730,332;2735,332;2739,310;2743,324;2748,310;2752,322;2756,308;2761,322;2765,328;2770,342;2774,328;2778,328;2783,328;2787,306;2791,320;2796,320;2800,332;2804,318;2809,332;2813,324;2817,338;2822,324;2826,338;2830,324;2835,336;2839,330;2844,328;2848,328;2852,314;2857,314;2861,320;2865,334;2870,320;2874,334;2878,318;2883,332;2887,338;2891,326;2896,324;2900,324;2905,324;2909,324;2913,330;2918,328;2922,328;2926,314;2931,328;2935,334;2939,318;2944,318;2948,318;2952,332;2957,330;2961,324;2965,324;2970,336;2974,322;2979,336;2983,328;2987,314;2992,326;2996,312;3000,326;3005,310;3009,332;3013,330;3018,330;3022,316;3026,330;3031,316;3035,320;3039,306;3044,306;3048,318;3053,318;3057,326;3061,324;3066,322;3070,322;3074,322;3079,322;3083,314;3087,312;3092,312;3096,326;3100,324;3105,324;3109,316;3114,330;3118,314;3122,328;3127,328;3131,306;3135,320;3140,318;3144,318;3148,302;3153,318;3157,324;3161,336;3166,322;3170,336;3174,322;3179,336;3183,342;3188,326;3192,326;3196,312;3201,326;3205,316;3209,332;3214,330;3218,344;3222,330;3227,342;3231,320;3235,306;3240,320;3244,318;3248,332;3253,318;3257,338;3262,324;3266,336;3270,322;3275,336;3279,328;3283,328;3288,328;3292,326;3296,326;3301,312;3305,332;3309,318;3314,330;3318,316;3322,330;3327,330;3331,308;3336,320;3340,306;3344,334;3349,320;3353,326;3357,326;3362,340;3366,324;3370,338;3375,324;3379,316;3383,330;3388,302;3392,314;3396,314;3401,328;3405,320;3410,334;3414,318;3418,332;3423,318;3427,310;3431,324;3436,324;3440,324;3444,310;3449,322;3453,314;3457,328;3462,328;3466,328;3470,314;3475,306;3479,332;3484,318;3488,318;3492,318;3497,316;3501,322;3505,322;3510,322;3514,322;3518,322;3523,322;3527,312;3531,312;3536,326;3540,326;3545,324;3549,316;3553,330;3558,330;3562,328;3566,328;3571,330;3575,334;3579,320;3584,334;3588,318;3592,318;3597,318;3601,338;3605,324;3610,338;3614,322;3619,336;3623,314;3627,314;3632,328;3636,326;3640,326;3645,312;3649,332;3653,318;3658,330;3662,316;3666,330;3671,314;3675,322;3679,334;3684,320;3688,334;3693,318;3697,318;3701,324;3706,338;3710,324;3714,338;3719,322;3723,316;3727,328;3732,314;3736,328;3740,314;3745,328;3749,320;3753,334;3758,318;3762,332;3767,318;3771,324;3775,324;3780,310;3784,322;3788,322;3793,320;3797,314;3801,342;3806,326;3810,326;3814,312;3819,340;3823,318;3827,318;3832,332;3836,332;3841,318;3845,310;3849,322;3854,308;3858,322;3862,322;3867,334;3871,314;3875,312;3880,326;3884,310;3888,310;3893,310;3897,330;3901,316;3906,316;3910,314;3915,328;3919,320;3923,306;3928,320;3932,304;3936,318;3941,318;3945,338;3949,326;3954,338;3958,322;3962,336;3967,320;3971,328;3975,328;3980,312;3984,326;3989,326;3993,326;3997,318;4002,332;4006,318;4010,344;4015,316;4019,322;4023,322;4028,322;4032,322;4036,320;4041,320;4045,326;4049,340;4054,324;4058,338;4063,324;4067,316;4071,314;4076,314;4080,330;4084,328;4089,328;4093,320;4097,334;4102,318;4106,332;4110,332;4115,332;4119,322;4124,310;4128,324;4132,322;4137,336;4141,328;4145,326;4150,326;4154,326;4158,324;4163,324;4167,330;4171,316;4176,316;4180,302;4184,314;4189,314;4193,336;4198,320;4202,334;4206,318;4211,334;4215,326;4219,324;4224,324;4228,310;4232,324;4237,322;4241,330;4245,314;4250,328;4254,314;4258,328;4263,314;4267,306;4272,332;4276,318;4280,318;4285,316;4289,324;4293,322;4298,322;4302,322;4306,322;4311,320;4315,326;4319,326;4324,312;4328,324;4332,298;4337,312;4341,330;4346,330;4350,316;4354,330;4359,316;4363,322;4367,336;4372,320;4376,320;4380,306;4385,334;4389,326;4393,340;4398,326;4402,340;4407,324;4411,338;4415,332;4420,316;4424,330;4428,330;4433,330;4437,322;4441,336;4446,322;4450,336;4454,322;4459,336;4463,314;4467,312;4472,312;4476,312;4481,326;4485,318;4489,318;4494,316;4498,318;4502,316;4507,316;4511,308;4515,306;4520,320;4524,320;4528,318;4533,304;4537,324;4541,310;4546,324;4550,322;4555,322;4559,314;4563,300;4568,314;4572,300;4576,314;4581,312;4585,320;4589,318;4594,320;4598,318;4602,332;4607,316;4611,308;4615,322;4620,308;4624,306;4629,306;4633,326;4637,298;4642,312;4646,310;4650,324;4655,310;4659,302;4663,302;4668,300;4672,300;4676,314;4681,314;4685,306;4690,318;4694,304;4698,318;4703,302;4707,308;4711,308;4716,308;4720,308;4724,306;4729,320;4733,312;4737,326;4742,324;4746,324;4750,324;4755,302;4759,314;4764,300;4768,328;4772,312;4777,326;4781,318;4785,332;4790,316;4794,330;4798,314;4803,328;4807,334;4811,320;4816,304;4820,304;4824,332;4829,308;4833,322;4838,308;4842,334;4846,320;4851,334;4855,310;4859,310;4864,310;4868,308;4872,308;4877,306;4881,328;4885,312;4890,324;4894,310;4898,324;4903,316;4907,314;4912,300;4916,300;4920,312;4925,312;4929,332;4933,318;4938,330;4942,316;4946,330;4951,314;4955,306;4959,320;4964,306;4968,318;4973,304;4977,318;4981,310;4986,324;4990,310;4994,322;4999,308;5003,300;5007,314;5012,298;5016,326;5020,310;5025,310;5029,302;5033,316;5038,316;5042,316;5047,314;5051,314;5055,306;5060,306;5064,304;5068,304;5073,302;5077,310;5081,310;5086,308;5090,308;5094,306;5099,320;5103,310;5107,312;5112,310;5116,310;5121,310;5125,316;5129,316;5134,314;5138,314;5142,314;5147,314;5151,306;5155,304;5160,318;5164,304;5168,316;5173,302;5177,324;5181,306;5186,322;5190,308;5195,320;5199,326;5203,312;5208,310;5212,310;5216,322;5221,310;5225,328;5229,314;5234,328;5238,312;5242,338;5247,312;5251,316;5256,316;5260,314;5264,314;5269,314;5273,334;5277,318;5282,318;5286,318;5290,316;5295,316;5299,322;5303,322;5308,308;5312,306;5316,306;5321,320;5325,312;5330,312;5334,310;5338,324;5343,322;5347,316;5351,316;5356,314;5360,314;5364,300;5369,326;5373,304;5377,318;5382,318;5386,318;5390,316;5395,308;5399,320;5404,306;5408,306;5412,304;5417,304;5421,310;5425,324;5430,308;5434,322;5438,306;5443,320;5447,312;5451,310;5456,308;5460,308;5464,308;5469,308;5473,314;5478,312;5482,312;5486,298;5491,312;5495,302;5499,302;5504,316;5508,314;5512,314;5517,300;5521,318;5525,318;5530,318;5534,316;5538,316;5543,308;5547,308;5552,322;5556,306;5560,320;5565,306;5569,326;5573,312;5578,324;5582,310;5586,324;5591,322;5595,300;5599,314;5604,300;5608,312;5612,312;5617,312;5621,318;5626,332;5630,316;5634,330;5639,314;5643,322;5647,320;5652,320;5656,318;5660,318;5665,318;5669,310;5673,324;5678,322;5682,322;5687,322;5691,314;5695,314;5700,298;5704,312;5708,312;5713,310;5717,316;5721,316;5726,316;5730,316;5734,314;5739,316;5743,320;5747,306;5752,320;5756,304;5761,304;5765,310;5769,324;5774,308;5778,310;5782,308;5787,322;5791,314;5795,312;5800,312;5804,312;5808,310;5813,296;5817,330;5822,316;5826,316;5830,314;5835,314;5839,304;5843,304;5848,318;5852,318;5856,316;5861,302;5865,310;5869,308;5874,320;5878,322;5882,320;5887,298;5891,298;5896,312;5900,312;5904,312;5909,310;5913,318;5917,318;5922,316;5926,316;5930,316;5935,316;5939,294;5943,322;5948,306;5952,306;5956,304;5961,320;5965,310;5970,324;5974,310;5978,322;5983,308;5987,314;5991,314;5996,314;6000,314;6004,312;6009,312;6013,318;6017,332;6022,318;6026,332;6030,316;6035,294;6039,308;6044,308;6048,320;6052,320;6057,304;6061,312;6065,326;6070,310;6074,310;6078,294;6083,294;6087,286;6091,286;6096,270;6100,270;6104,284;6109,290;6113,290;6118,288;6122,302;6126,288;6131,288;6135,294;6139,278;6144,278;6148,264;6152,276;6157,284;6161,282;6165,282;6170,294;6174,280;6178,294;6183,286;6187,286;6192,286;6196,284;6200,284;6205,282;6209,260;6213,288;6218,302;6222,286;6226,300;6231,278;6235,264;6239,278;6244,276;6248,276;6253,288;6257,252;6261,280;6266,294;6270,278;6274,278;6279,276;6283,284;6287,282;6292,282;6296,280;6300,266;6305,272;6309,286;6313,284;6318,284;6322,284;6327,282;6331,274;6335,272;6340,272;6344,286;6348,258;6353,284;6357,290;6361,290;6366,274;6370,260;6374,288;6379,280;6383,278;6387,278;6392,276;6396,276;6401,274;6405,296;6409,294;6414,280;6418,280;6422,278;6427,292;6431,284;6435,282;6440,268;6444,266;6448,266;6453,286;6457,272;6462,284;6466,284;6470,284;6475,282;6479,288;6483,260;6488,286;6492,286;6496,286;6501,284;6505,276;6509,274;6514,288;6518,288;6522,272;6527,278;6531,278;6536,276;6540,262;6544,274;6549,274;6553,280;6557,280;6562,264;6566,278;6570,278;6575,270;6579,282;6583,268;6588,266;6592,266;6596,278;\r\nBuffer sent in 0.973 secondsreturn;b;965\r\n'), 13:41:57
bytearray(b'received from USB-C: m -> m (0,1)\r\nSTEPPER: Moving to mstep: 6600 with speed [msteps/sec]: 1000 in StealthChop.\r\n'), 13:41:59
bytearray(b'STEPPER: Moving to mstep: 2400 with speed [msteps/sec]: 4000 in SpreadCycle.\r\n'), 13:42:03
bytearray(b'STEPPER: Moved 4200.00 msteps (ramp: 35%) in 1324.880 ms -> average speed [msteps/sec]: 3170.10\r\nreturn;m;965\r\n'), 13:42:05
bytearray(b'received from USB-C: b -> b (0,1)\r\nSending buffer of size 965data;2400,294;2404,460;2408,158;2413,272;2417,328;2421,320;2426,334;2430,320;2434,334;2439,318;2443,310;2447,324;2452,310;2456,336;2460,322;2465,336;2469,326;2474,342;2478,326;2482,326;2487,326;2491,318;2495,330;2500,316;2504,330;2508,314;2513,330;2517,334;2521,334;2526,320;2530,334;2534,332;2539,332;2543,324;2548,310;2552,324;2556,308;2561,324;2565,328;2569,344;2574,328;2578,342;2582,326;2587,342;2591,332;2595,318;2600,332;2604,302;2608,330;2613,314;2617,336;2622,320;2626,334;2630,318;2635,332;2639,324;2643,310;2648,322;2652,308;2656,320;2661,322;2665,328;2669,326;2674,326;2678,326;2682,326;2687,324;2691,302;2696,318;2700,316;2704,316;2709,300;2713,334;2717,320;2722,334;2726,320;2730,332;2735,332;2739,310;2743,324;2748,308;2752,322;2756,308;2761,336;2765,328;2770,342;2774,326;2778,340;2783,324;2787,304;2791,330;2796,316;2800,330;2804,302;2809,328;2813,322;2817,336;2822,320;2826,348;2830,320;2835,346;2839,324;2844,310;2848,324;2852,308;2857,322;2861,328;2865,342;2870,328;2874,342;2878,326;2883,340;2887,332;2891,318;2896,330;2900,316;2904,330;2909,314;2913,336;2918,320;2922,334;2926,332;2931,332;2935,324;2939,310;2944,324;2948,308;2952,336;2957,308;2961,342;2965,326;2970,340;2974,326;2979,340;2983,324;2987,316;2992,330;2996,302;3000,330;3005,314;3009,336;3013,320;3018,334;3022,318;3026,332;3031,318;3035,310;3039,322;3044,308;3048,322;3053,308;3057,328;3061,312;3066,340;3070,324;3074,324;3079,322;3083,314;3087,328;3092,300;3096,328;3100,312;3105,326;3109,318;3113,332;3118,318;3122,330;3127,316;3131,308;3135,322;3140,306;3144,320;3148,304;3153,332;3157,324;3161,338;3166,322;3170,336;3174,322;3179,336;3183,326;3187,312;3192,324;3196,310;3201,324;3205,328;3209,344;3214,328;3218,342;3222,328;3227,342;3231,334;3235,318;3240,332;3244,318;3248,330;3253,316;3257,338;3262,322;3266,336;3270,320;3275,334;3279,326;3283,310;3288,324;3292,322;3296,322;3301,308;3305,342;3309,326;3314,340;3318,326;3322,340;3327,324;3331,302;3336,330;3340,314;3344,330;3349,314;3353,328;3357,334;3362,334;3366,318;3370,334;3375,318;3379,310;3383,324;3388,310;3392,324;3396,308;3401,322;3405,328;3410,342;3414,328;3418,328;3423,326;3427,318;3431,318;3436,316;3440,316;3444,302;3449,328;3453,322;3457,334;3462,320;3466,334;3470,318;3475,332;3479,324;3484,308;3488,322;3492,308;3497,320;3501,328;3505,326;3510,326;3514,326;3518,324;3523,324;3527,330;3531,302;3536,328;3540,300;3544,328;3549,314;3553,334;3558,318;3562,332;3566,318;3571,332;3575,324;3579,308;3584,336;3588,308;3592,336;3597,308;3601,340;3605,326;3610,340;3614,324;3619,338;3623,324;3627,316;3632,330;3636,314;3640,328;3645,314;3649,348;3653,318;3658,346;3662,330;3666,332;3671,316;3675,322;3679,322;3684,308;3688,322;3693,320;3697,322;3701,328;3706,342;3710,326;3714,340;3719,326;3723,318;3727,332;3732,304;3736,332;3740,316;3745,330;3749,322;3753,336;3758,322;3762,336;3767,320;3771,312;3775,326;3780,312;3784,326;3788,310;3793,324;3797,316;3801,344;3806,328;3810,342;3814,328;3819,342;3823,318;3827,304;3832,318;3836,316;3841,316;3845,320;3849,336;3854,320;3858,334;3862,320;3867,334;3871,326;3875,310;3880,324;3884,310;3888,322;3893,308;3897,328;3901,328;3906,328;3910,326;3915,326;3919,318;3923,304;3928,318;3932,302;3936,330;3941,300;3945,336;3949,322;3954,334;3958,318;3962,332;3967,318;3971,310;3975,324;3980,308;3984,322;3989,308;3993,334;3997,326;4002,340;4006,326;4010,340;4015,324;4019,316;4023,330;4028,316;4032,330;4036,314;4041,328;4045,320;4049,348;4054,320;4058,348;4063,332;4067,310;4071,324;4076,324;4080,322;4084,308;4089,336;4093,326;4097,340;4102,326;4106,340;4110,324;4115,338;4119,330;4124,316;4128,328;4132,314;4137,328;4141,320;4145,334;4150,318;4154,332;4158,332;4163,332;4167,324;4171,308;4176,322;4180,308;4184,322;4189,306;4193,342;4198,326;4202,340;4206,326;4211,340;4215,330;4219,316;4224,316;4228,302;4232,328;4237,314;4241,334;4245,320;4250,334;4254,318;4258,332;4263,318;4267,310;4272,324;4276,306;4280,322;4285,308;4289,328;4293,314;4298,328;4302,326;4306,326;4311,326;4315,304;4319,318;4324,302;4328,330;4332,302;4337,328;4341,320;4346,334;4350,320;4354,334;4359,318;4363,310;4367,324;4372,310;4376,324;4380,308;4385,336;4389,328;4393,342;4398,326;4402,340;4406,326;4411,340;4415,330;4420,316;4424,330;4428,314;4433,328;4437,320;4441,348;4446,320;4450,334;4454,318;4459,332;4463,324;4467,308;4472,322;4476,308;4480,322;4485,314;4489,328;4494,326;4498,326;4502,312;4507,326;4511,318;4515,302;4520,316;4524,302;4528,316;4533,300;4537,322;4541,320;4546,320;4550,320;4554,320;4559,310;4563,296;4568,310;4572,296;4576,310;4581,294;4585,330;4589,314;4594,328;4598,314;4602,328;4607,312;4611,292;4615,318;4620,304;4624,304;4629,302;4633,316;4637,308;4642,322;4646,308;4650,322;4655,308;4659,298;4663,312;4668,298;4672,310;4676,296;4681,310;4685,316;4689,316;4694,314;4698,314;4703,314;4707,290;4711,306;4716,304;4720,318;4724,288;4729,316;4733,322;4737,322;4742,322;4746,322;4750,320;4755,298;4759,326;4763,312;4768,326;4772,296;4777,324;4781,316;4785,330;4790,316;4794,330;4798,314;4803,328;4807,320;4811,304;4816,318;4820,304;4824,316;4829,316;4833,336;4838,322;4842,336;4846,320;4851,334;4855,312;4859,310;4864,310;4868,308;4872,322;4877,308;4881,328;4885,314;4890,326;4894,326;4898,326;4903,312;4907,304;4912,316;4916,302;4920,316;4925,300;4929,322;4933,320;4938,320;4942,320;4946,320;4951,304;4955,310;4959,324;4964,296;4968,310;4972,296;4977,308;4981,314;4986,328;4990,314;4994,328;4999,312;5003,304;5007,318;5012,304;5016,318;5020,302;5025,302;5029,308;5033,322;5038,322;5042,320;5046,306;5051,298;5055,312;5060,296;5064,310;5068,296;5073,308;5077,316;5081,316;5086,314;5090,314;5094,314;5099,328;5103,304;5107,292;5112,304;5116,304;5120,304;5125,310;5129,324;5134,322;5138,322;5142,322;5147,322;5151,314;5155,300;5160,314;5164,298;5168,312;5173,298;5177,332;5181,316;5186,330;5190,316;5195,330;5199,322;5203,308;5208,322;5212,308;5216,320;5221,306;5225,328;5229,314;5234,328;5238,312;5242,326;5247,312;5251,304;5255,318;5260,304;5264,316;5269,302;5273,324;5277,322;5282,320;5286,320;5290,322;5295,320;5299,298;5303,312;5308,312;5312,312;5316,296;5321,324;5325,316;5329,330;5334,316;5338,330;5343,316;5347,292;5351,320;5356,306;5360,320;5364,292;5369,318;5373,310;5377,322;5382,308;5386,324;5390,308;5395,300;5399,314;5404,300;5408,312;5412,298;5417,312;5421,318;5425,318;5430,316;5434,332;5438,316;5443,316;5447,308;5451,306;5456,306;5460,292;5464,306;5469,304;5473,310;5478,310;5482,324;5486,308;5491,322;5495,312;5499,298;5504,312;5508,298;5512,310;5517,296;5521,316;5525,316;5530,330;5534,314;5538,328;5543,314;5547,304;5552,318;5556,304;5560,318;5565,302;5569,324;5573,308;5578,336;5582,320;5586,334;5591,320;5595,298;5599,324;5604,296;5608,312;5612,310;5617,310;5621,316;5626,330;5630,314;5634,328;5639,314;5643,306;5647,320;5652,304;5656,318;5660,304;5665,316;5669,310;5673,322;5678,320;5682,322;5686,320;5691,322;5695,312;5700,310;5704,312;5708,308;5713,322;5717,314;5721,328;5726,314;5730,326;5734,312;5739,324;5743,316;5747,302;5752,314;5756,300;5761,314;5765,298;5769,320;5774,318;5778,318;5782,316;5787,330;5791,308;5795,294;5800,308;5804,294;5808,306;5813,292;5817,326;5821,310;5826,324;5830,308;5835,322;5839,314;5843,300;5848,314;5852,298;5856,312;5861,296;5865,318;5869,316;5874,314;5878,316;5882,314;5887,314;5891,292;5895,306;5900,304;5904,304;5909,302;5913,324;5917,310;5922,322;5926,322;5930,320;5935,320;5939,298;5943,312;5948,296;5952,310;5956,296;5961,322;5965,314;5970,328;5974,312;5978,326;5983,310;5987,302;5991,316;5996,300;6000,314;6004,300;6009,314;6013,306;6017,332;6022,316;6026,330;6030,316;6035,330;6039,320;6044,306;6048,318;6052,304;6057,318;6061,310;6065,322;6070,308;6074,320;6078,306;6083,306;6087,280;6091,282;6096,280;6100,280;6104,280;6109,300;6113,284;6118,284;6122,298;6126,296;6131,296;6135,302;6139,288;6144,300;6148,272;6152,284;6157,270;6161,276;6165,290;6170,288;6174,288;6178,288;6183,280;6187,266;6192,278;6196,264;6200,278;6205,262;6209,282;6213,282;6218,296;6222,280;6226,280;6231,280;6235,284;6239,284;6244,284;6248,282;6252,282;6257,288;6261,288;6266,274;6270,272;6274,272;6279,272;6283,278;6287,278;6292,248;6296,290;6300,276;6305,282;6309,280;6313,266;6318,280;6322,280;6326,278;6331,284;6335,296;6340,282;6344,282;6348,280;6353,280;6357,286;6361,284;6366,284;6370,298;6374,282;6379,288;6383,288;6387,288;6392,286;6396,286;6401,270;6405,276;6409,290;6414,276;6418,274;6422,274;6427,266;6431,278;6435,278;6440,278;6444,262;6448,276;6453,282;6457,280;6461,280;6466,266;6470,278;6475,294;6479,284;6483,270;6488,268;6492,282;6496,266;6501,254;6505,286;6509,286;6514,284;6518,284;6522,254;6527,288;6531,260;6535,274;6540,258;6544,272;6549,256;6553,290;6557,290;6562,276;6566,288;6570,288;6575,266;6579,250;6583,292;6588,278;6592,276;6596,290;\r\nBuffer sent in 0.973 secondsreturn;b;965\r\n'), 13:42:08
bytearray(b'received from USB-C: m -> m (0,1)\r\nSTEPPER: Moving to mstep: 6600 with speed [msteps/sec]: 1000 in StealthChop.\r\n'), 13:42:10
bytearray(b'STEPPER: Moving to mstep: 2400 with speed [msteps/sec]: 4000 in SpreadCycle.\r\n'), 13:42:14
bytearray(b'STEPPER: Moved 4200.00 msteps (ramp: 35%) in 1324.880 ms -> average speed [msteps/sec]: 3170.10\r\nreturn;m;965\r\n'), 13:42:15
bytearray(b'received from USB-C: b -> b (0,1)\r\nSending buffer of size 965data;2400,302;2404,456;2408,166;2413,266;2417,322;2421,316;2426,342;2430,328;2434,340;2439,312;2443,318;2447,330;2452,316;2456,330;2460,314;2465,328;2469,322;2474,336;2478,320;2482,334;2487,320;2491,312;2495,326;2500,324;2504,324;2508,310;2513,324;2517,330;2521,330;2526,328;2530,342;2534,326;2539,304;2543,332;2548,318;2552,330;2556,316;2561,330;2565,322;2569,336;2574,320;2578,336;2582,320;2587,334;2591,326;2595,310;2600,324;2604,310;2608,324;2613,308;2617,344;2622,328;2626,342;2630,328;2635,342;2639,320;2643,318;2648,318;2652,304;2656,330;2661,316;2665,336;2669,322;2674,336;2678,320;2682,334;2687,318;2691,310;2696,324;2700,308;2704,322;2709,308;2713,328;2717,326;2722,328;2726,326;2730,340;2735,324;2739,316;2743,330;2748,302;2752,330;2756,314;2761,328;2765,320;2770,334;2774,332;2778,346;2783,318;2787,310;2791,336;2796,308;2800,336;2804,320;2809,334;2813,326;2817,340;2822,324;2826,338;2830,324;2835,338;2839,330;2844,314;2848,328;2852,312;2857,326;2861,318;2865,332;2870,316;2874,330;2878,328;2883,328;2887,320;2891,320;2896,332;2900,318;2905,332;2909,330;2913,322;2918,322;2922,336;2926,320;2931,334;2935,326;2939,312;2944,324;2948,324;2952,336;2957,308;2961,342;2965,328;2970,340;2974,326;2979,340;2983,324;2987,302;2992,330;2996,316;3000,328;3005,300;3009,334;3013,320;3018,334;3022,318;3026,332;3031,318;3035,308;3039,322;3044,308;3048,320;3053,306;3057,320;3061,326;3066,326;3070,324;3074,336;3079,322;3083,300;3087,326;3092,312;3096,326;3100,312;3105,324;3109,318;3113,330;3118,316;3122,330;3127,328;3131,306;3135,318;3140,304;3144,318;3148,304;3153,330;3157,322;3161,336;3166,322;3170,336;3174,320;3179,334;3183,326;3187,310;3192,324;3196,310;3201,324;3205,330;3209,342;3214,328;3218,342;3222,326;3227,340;3231,332;3235,318;3240,330;3244,316;3248,330;3253,314;3257,336;3262,320;3266,334;3270,332;3275,332;3279,324;3283,322;3288,322;3292,306;3296,322;3301,320;3305,340;3309,324;3314,338;3318,322;3322,336;3327,320;3331,312;3336,326;3340,312;3344,326;3349,310;3353,330;3357,330;3362,330;3366,328;3370,342;3375,326;3379,318;3383,332;3388,304;3392,330;3396,316;3401,330;3405,322;3410,334;3414,320;3418,334;3423,318;3427,310;3431,324;3436,308;3440,322;3444,308;3449,320;3453,312;3457,340;3462,312;3466,326;3470,310;3475,324;3479,330;3484,314;3488,328;3492,328;3497,314;3501,318;3505,332;3510,318;3514,332;3518,316;3523,332;3527,322;3531,308;3536,322;3540,308;3544,322;3549,306;3553,328;3558,326;3562,340;3566,326;3571,340;3575,332;3579,302;3584,330;3588,316;3592,328;3597,314;3601,336;3605,320;3610,348;3614,318;3618,346;3623,330;3627,308;3632,322;3636,322;3640,322;3645,306;3649,342;3653,326;3658,340;3662,324;3666,338;3671,324;3675,316;3679,328;3684,314;3688,328;3693,312;3697,326;3701,332;3706,332;3710,318;3714,332;3719,332;3723,310;3727,324;3732,310;3736,324;3740,308;3745,322;3749,328;3753,328;3758,326;3762,340;3767,326;3771,304;3775,332;3780,316;3784,330;3788,300;3793,328;3797,320;3801,334;3806,320;3810,334;3814,318;3819,332;3823,324;3827,308;3832,322;3836,308;3841,322;3845,320;3849,328;3854,312;3858,338;3862,324;3867,336;3871,328;3875,314;3880,326;3884,312;3888,326;3893,310;3897,330;3901,316;3906,328;3910,328;3915,328;3919,318;3923,304;3928,318;3932,302;3936,330;3941,314;3945,334;3949,322;3954,334;3958,318;3962,332;3967,316;3971,308;3975,336;3980,306;3984,332;3989,318;3993,332;3997,322;4002,336;4006,322;4010,336;4015,320;4019,312;4023,326;4028,310;4032,324;4036,310;4041,322;4045,328;4049,342;4054,326;4058,340;4063,326;4067,318;4071,330;4076,316;4080,328;4084,314;4089,328;4093,320;4097,332;4102,332;4106,332;4110,316;4115,332;4119,334;4124,306;4128,334;4132,320;4137,334;4141,326;4145,338;4150,324;4154,338;4158,322;4163,336;4167,328;4171,314;4176,328;4180,314;4184,326;4189,310;4193,332;4198,316;4202,330;4206,316;4211,328;4215,334;4219,320;4224,334;4228,332;4232,318;4237,318;4241,338;4245,322;4250,322;4254,308;4258,320;4263,320;4267,312;4272,326;4276,324;4280,324;4285,310;4289,330;4293,314;4298,328;4302,312;4306,326;4311,324;4315,302;4319,316;4324,302;4328,328;4332,300;4337,328;4341,320;4346,332;4350,318;4354,330;4359,330;4363,308;4367,334;4372,306;4376,332;4380,304;4385,332;4389,324;4393,336;4398,322;4402,336;4407,320;4411,312;4415,326;4420,310;4424,324;4428,308;4433,322;4437,328;4441,340;4446,326;4450,340;4454,324;4459,338;4463,316;4467,314;4472,314;4476,314;4481,326;4485,310;4489,332;4494,318;4498,332;4502,316;4507,332;4511,310;4515,308;4520,322;4524,308;4528,320;4533,306;4537,326;4541,324;4546,324;4550,310;4555,324;4559,314;4563,300;4568,314;4572,300;4576,312;4581,296;4585,318;4589,304;4594,316;4598,302;4602,316;4607,302;4611,306;4615,320;4620,306;4624,306;4629,304;4633,326;4637,310;4642,324;4646,310;4650,324;4655,308;4659,300;4663,314;4668,300;4672,314;4676,298;4681,312;4685,318;4690,318;4694,316;4698,316;4703,316;4707,294;4711,308;4716,292;4720,322;4724,304;4729,318;4733,310;4737,324;4742,322;4746,322;4750,322;4755,300;4759,314;4764,298;4768,326;4772,310;4777,324;4781,316;4785,330;4790,316;4794,330;4798,314;4803,328;4807,320;4811,304;4816,318;4820,304;4824,316;4829,310;4833,336;4838,322;4842,336;4846,320;4851,334;4855,312;4859,310;4864,312;4868,308;4872,322;4877,308;4881,328;4885,314;4890,326;4894,312;4898,326;4903,324;4907,302;4912,316;4916,302;4920,314;4925,300;4929,322;4933,320;4938,320;4942,318;4946,332;4951,318;4955,296;4959,310;4964,308;4968,308;4972,292;4977,320;4981,312;4986,326;4990,310;4994,324;4999,308;5003,300;5007,314;5012,298;5016,312;5020,298;5025,310;5029,316;5033,316;5038,300;5042,314;5046,314;5051,292;5055,304;5060,304;5064,304;5068,302;5073,302;5077,308;5081,322;5086,320;5090,320;5094,306;5099,320;5103,308;5107,296;5112,310;5116,296;5120,308;5125,314;5129,328;5134,314;5138,328;5142,312;5147,326;5151,318;5155,302;5160,316;5164,300;5168,314;5173,300;5177,334;5181,318;5186,332;5190,316;5195,330;5199,322;5203,306;5208,320;5212,304;5216,318;5221,304;5225,338;5229,322;5234,336;5238,320;5242,334;5247,320;5251,298;5255,310;5260,310;5264,310;5269,308;5273,320;5277,326;5282,326;5286,310;5290,324;5295,322;5299,300;5303,314;5308,312;5312,326;5316,312;5321,312;5325,316;5329,316;5334,314;5338,314;5343,312;5347,304;5351,318;5356,302;5360,316;5364,300;5369,314;5373,320;5377,320;5382,306;5386,332;5390,316;5395,294;5399,308;5404,306;5408,306;5412,292;5417,318;5421,310;5425,322;5430,308;5434,322;5438,306;5443,320;5447,310;5451,296;5456,308;5460,294;5464,306;5469,306;5473,312;5478,312;5482,324;5486,310;5491,310;5495,316;5499,300;5504,314;5508,298;5512,312;5517,298;5521,318;5525,316;5530,330;5534,314;5538,328;5543,314;5547,304;5552,318;5556,302;5560,316;5565,302;5569,322;5573,320;5578,334;5582,320;5586,332;5591,318;5595,310;5599,324;5604,294;5608,322;5612,306;5617,320;5621,312;5626,326;5630,310;5634,336;5639,308;5643,314;5647,312;5652,298;5656,312;5660,308;5665,310;5669,316;5673,330;5678,314;5682,328;5686,312;5691,304;5695,318;5700,302;5704,316;5708,314;5713,314;5717,320;5721,334;5726,318;5730,318;5734,318;5739,332;5743,308;5747,294;5752,320;5756,306;5760,320;5765,310;5769,326;5774,310;5778,324;5782,308;5787,324;5791,314;5795,298;5800,312;5804,298;5808,312;5813,296;5817,330;5821,316;5826,330;5830,314;5835,328;5839,306;5843,292;5848,304;5852,304;5856,302;5861,302;5865,322;5869,308;5874,318;5878,306;5882,318;5887,318;5891,296;5895,308;5900,294;5904,306;5909,292;5913,326;5917,310;5922,324;5926,310;5930,324;5935,322;5939,300;5943,314;5948,298;5952,312;5956,296;5961,310;5965,316;5969,330;5974,314;5978,328;5983,312;5987,304;5991,318;5996,302;6000,316;6004,302;6009,316;6013,322;6017,334;6022,320;6026,334;6030,318;6035,298;6039,310;6044,310;6048,310;6052,308;6057,308;6061,312;6065,326;6070,310;6074,310;6078,310;6083,294;6087,286;6091,272;6096,284;6100,270;6104,284;6109,290;6113,288;6118,288;6122,288;6126,300;6131,286;6135,292;6139,278;6144,290;6148,276;6152,288;6157,274;6161,280;6165,294;6170,292;6174,292;6178,278;6183,282;6187,268;6192,268;6196,266;6200,280;6205,266;6209,286;6213,286;6218,298;6222,284;6226,284;6231,282;6235,288;6239,288;6244,288;6248,286;6252,272;6257,278;6261,290;6266,290;6270,288;6274,274;6279,286;6283,278;6287,278;6292,290;6296,288;6300,288;6305,288;6309,294;6313,292;6318,292;6322,276;6326,290;6331,280;6335,280;6340,280;6344,292;6348,276;6353,290;6357,282;6361,294;6366,292;6370,292;6374,292;6379,282;6383,282;6387,266;6392,280;6396,252;6400,292;6405,282;6409,296;6414,282;6418,252;6422,280;6427,294;6431,286;6435,298;6440,284;6444,282;6448,282;6453,274;6457,244;6461,272;6466,284;6470,282;6475,282;6479,274;6483,288;6488,286;6492,272;6496,284;6501,270;6505,276;6509,288;6514,274;6518,288;6522,286;6527,278;6531,248;6535,290;6540,276;6544,288;6549,288;6553,250;6557,278;6562,292;6566,290;6570,290;6575,266;6579,252;6583,280;6588,278;6592,278;6596,278;\r\nBuffer sent in 0.973 secondsreturn;b;965\r\n'), 13:42:18
bytearray(b'received from USB-C: m -> m (0,1)\r\nSTEPPER: Moving to mstep: 6600 with speed [msteps/sec]: 1000 in StealthChop.\r\n'), 13:42:20
bytearray(b'STEPPER: Moving to mstep: 2400 with speed [msteps/sec]: 4000 in SpreadCycle.\r\n'), 13:42:25
bytearray(b'STEPPER: Moved 4200.00 msteps (ramp: 35%) in 1324.880 ms -> average speed [msteps/sec]: 3170.10\r\nreturn;m;965\r\n'), 13:42:26
bytearray(b'received from USB-C: b -> b (0,1)\r\nSending buffer of size 965data;2400,300;2404,446;2408,158;2413,270;2417,326;2421,318;2426,334;2430,318;2434,332;2439,318;2443,324;2447,324;2452,322;2456,322;2460,322;2465,334;2469,326;2474,326;2478,326;2482,326;2487,324;2491,318;2495,330;2500,330;2504,330;2508,316;2513,328;2517,322;2521,334;2526,320;2530,334;2534,320;2539,332;2543,326;2547,310;2552,324;2556,310;2561,336;2565,316;2569,328;2574,328;2578,328;2582,314;2587,326;2591,334;2595,318;2600,318;2604,304;2608,316;2613,302;2617,338;2622,322;2626,336;2630,322;2635,334;2639,328;2643,312;2648,312;2652,326;2656,326;2661,324;2665,332;2669,318;2674,330;2678,314;2682,328;2687,314;2691,320;2696,320;2700,304;2704,318;2709,318;2713,324;2717,324;2722,336;2726,322;2730,336;2735,322;2739,328;2743,328;2748,312;2752,324;2756,312;2761,340;2765,318;2770,332;2774,316;2778,330;2783,316;2787,322;2791,336;2796,322;2800,336;2804,320;2809,336;2813,326;2817,328;2822,326;2826,340;2830,324;2835,338;2839,330;2844,330;2848,330;2852,314;2857,328;2861,320;2865,334;2870,320;2874,334;2878,318;2883,332;2887,324;2891,324;2896,324;2900,322;2904,322;2909,322;2913,328;2918,326;2922,328;2926,326;2931,340;2935,332;2939,318;2944,330;2948,330;2952,330;2957,316;2961,336;2965,320;2970,334;2974,318;2979,332;2983,316;2987,324;2992,324;2996,308;3000,322;3005,306;3009,328;3013,326;3018,340;3022,326;3026,326;3031,324;3035,318;3039,318;3044,314;3048,328;3053,314;3057,316;3061,320;3066,334;3070,318;3074,318;3079,318;3083,324;3087,310;3092,308;3096,308;3100,308;3105,320;3109,314;3113,326;3118,312;3122,326;3127,312;3131,318;3135,330;3140,316;3144,330;3148,316;3153,328;3157,320;3161,334;3166,320;3170,334;3174,318;3179,332;3183,324;3187,324;3192,324;3196,310;3201,336;3205,314;3209,328;3214,328;3218,340;3222,326;3227,340;3231,318;3235,304;3240,318;3244,318;3248,330;3253,318;3257,336;3261,322;3266,336;3270,320;3275,334;3279,326;3283,326;3288,326;3292,310;3296,324;3301,324;3305,330;3309,328;3314,328;3318,328;3322,328;3327,326;3331,318;3335,318;3340,316;3344,330;3349,330;3353,322;3357,322;3362,336;3366,320;3370,334;3375,320;3379,312;3383,326;3388,310;3392,338;3396,324;3401,324;3405,314;3409,328;3414,326;3418,326;3423,312;3427,318;3431,316;3436,316;3440,330;3444,330;3449,328;3453,320;3457,334;3462,318;3466,332;3470,318;3475,330;3479,310;3483,308;3488,308;3492,306;3497,306;3501,326;3505,326;3510,326;3514,324;3518,324;3523,322;3527,330;3531,314;3536,328;3540,314;3544,326;3549,312;3553,332;3558,318;3562,332;3566,316;3571,330;3575,336;3579,322;3584,320;3588,306;3592,334;3597,318;3601,326;3605,324;3610,338;3614,322;3618,336;3623,320;3627,312;3632,326;3636,324;3640,324;3645,324;3649,344;3653,328;3658,342;3662,328;3666,328;3671,326;3675,318;3679,332;3684,318;3688,316;3693,316;3697,330;3701,322;3706,334;3710,320;3714,334;3719,318;3723,324;3727,324;3732,324;3736,334;3740,322;3745,322;3749,328;3753,328;3758,326;3762,326;3767,324;3771,316;3775,330;3780,316;3784,328;3788,314;3793,314;3797,320;3801,334;3806,320;3810,332;3814,330;3819,332;3823,308;3827,308;3832,336;3836,322;3841,320;3845,312;3849,326;3854,312;3858,324;3862,310;3867,324;3871,316;3875,314;3880,328;3884,314;3888,328;3893,314;3897,334;3901,318;3906,332;3910,318;3915,318;3919,316;3923,308;3928,322;3932,308;3936,322;3941,320;3945,326;3949,326;3954,326;3958,324;3962,324;3967,324;3971,316;3975,330;3980,314;3984,314;3989,312;3993,340;3997,318;4002,332;4006,318;4010,332;4015,316;4019,322;4023,336;4028,320;4032,320;4036,320;4041,320;4045,324;4049,338;4054,324;4058,338;4063,336;4067,314;4071,312;4076,312;4080,324;4084,324;4089,324;4093,330;4097,330;4102,328;4106,328;4110,314;4115,340;4119,332;4124,318;4128,330;4132,316;4137,330;4141,320;4145,334;4150,320;4154,332;4158,318;4163,332;4167,324;4171,322;4176,322;4180,308;4184,322;4189,320;4193,340;4198,326;4202,340;4206,324;4211,338;4215,330;4219,330;4224,330;4228,314;4232,314;4237,312;4241,334;4245,318;4250,332;4254,316;4258,330;4263,316;4267,322;4272,322;4276,320;4280,306;4285,304;4289,326;4293,310;4298,324;4302,310;4306,322;4311,322;4315,314;4319,326;4324,312;4328,324;4332,310;4337,324;4341,316;4346,328;4350,314;4354,326;4359,326;4363,316;4367,330;4372,302;4376,316;4380,314;4385,328;4389,332;4393,334;4398,330;4402,332;4406,316;4411,344;4415,334;4420,320;4424,318;4428,304;4433,318;4437,324;4441,336;4446,322;4450,336;4454,320;4459,334;4463,326;4467,326;4472,324;4476,310;4480,322;4485,314;4489,328;4494,314;4498,326;4502,312;4507,326;4511,318;4515,316;4520,316;4524,314;4528,314;4533,300;4537,320;4541,306;4546,318;4550,304;4554,318;4559,316;4563,308;4568,308;4572,308;4576,322;4581,320;4585,312;4589,312;4594,324;4598,308;4602,322;4607,308;4611,314;4615,312;4620,312;4624,310;4629,296;4633,310;4637,314;4642,328;4646,312;4650,326;4655,312;4659,318;4663,316;4668,302;4672,300;4676,300;4681,314;4685,304;4689,304;4694,304;4698,316;4703,316;4707,308;4711,308;4716,306;4720,306;4724,290;4729,304;4733,310;4737,324;4742,322;4746,322;4750,322;4755,298;4759,312;4764,312;4768,324;4772,310;4777,310;4781,314;4785,328;4790,312;4794,326;4798,324;4803,326;4807,316;4811,314;4816,314;4820,298;4824,312;4829,312;4833,332;4838,316;4842,330;4846,314;4851,328;4855,320;4859,308;4864,318;4868,304;4872,318;4877,318;4881,324;4885,310;4890,322;4894,308;4898,322;4903,320;4907,312;4912,312;4916,312;4920,324;4925,324;4929,316;4933,314;4938,328;4942,314;4946,328;4951,312;4955,304;4959,318;4964,304;4968,318;4972,316;4977,314;4981,306;4986,320;4990,304;4994,318;4999,304;5003,310;5007,308;5012,308;5016,308;5020,308;5025,308;5029,312;5033,312;5038,310;5042,324;5046,310;5051,302;5055,314;5060,300;5064,300;5068,312;5073,312;5077,304;5081,304;5086,302;5090,316;5094,314;5099,314;5103,306;5107,304;5112,316;5116,304;5120,316;5125,308;5129,322;5134,306;5138,320;5142,306;5147,318;5151,324;5155,310;5160,322;5164,308;5168,320;5173,306;5177,328;5181,312;5186,326;5190,310;5195,324;5199,316;5203,316;5208,316;5212,300;5216,314;5221,312;5225,334;5229,318;5234,318;5238,316;5242,330;5247,314;5251,306;5255,306;5260,304;5264,318;5269,316;5273,322;5277,322;5282,320;5286,320;5290,320;5295,318;5299,310;5303,310;5308,308;5312,320;5316,306;5321,320;5325,312;5330,326;5334,310;5338,324;5343,322;5347,316;5351,314;5356,312;5360,312;5364,298;5369,324;5373,302;5377,316;5382,302;5386,314;5390,314;5395,328;5399,320;5404,304;5408,318;5412,302;5417,302;5421,308;5425,322;5430,306;5434,306;5438,306;5443,320;5447,312;5451,312;5456,310;5460,310;5464,310;5469,302;5473,316;5478,302;5482,302;5486,300;5491,314;5495,306;5499,292;5504,320;5508,306;5512,306;5517,304;5521,310;5525,310;5530,310;5534,308;5538,322;5543,308;5547,314;5552,314;5556,314;5560,312;5565,298;5569,318;5573,318;5578,332;5582,316;5586,330;5591,316;5595,292;5599,306;5604,306;5608,320;5612,306;5617,318;5621,312;5626,324;5630,310;5634,324;5639,322;5643,314;5647,314;5652,312;5656,312;5660,298;5665,312;5669,318;5673,318;5678,316;5682,316;5686,316;5691,316;5695,322;5700,308;5704,306;5708,306;5713,318;5717,326;5721,326;5726,310;5730,310;5734,310;5739,322;5743,314;5747,314;5752,314;5756,300;5761,300;5765,306;5769,318;5774,304;5778,318;5782,302;5787,318;5791,308;5795,294;5800,308;5804,294;5808,306;5813,306;5817,328;5821,312;5826,326;5830,312;5835,326;5839,304;5843,304;5848,304;5852,302;5856,302;5861,300;5865,308;5869,306;5874,306;5878,306;5882,320;5887,304;5891,310;5895,310;5900,310;5904,296;5909,308;5913,316;5917,302;5922,314;5926,314;5930,314;5935,314;5939,306;5943,320;5948,306;5952,318;5956,304;5961,318;5965,310;5969,324;5974,310;5978,324;5983,322;5987,300;5991,314;5996,300;6000,312;6004,314;6009,312;6013,318;6017,332;6022,318;6026,332;6030,316;6035,330;6039,310;6044,308;6048,322;6052,320;6057,306;6061,312;6065,326;6070,310;6074,310;6078,296;6083,294;6087,286;6091,272;6096,286;6100,286;6104,284;6109,290;6113,290;6118,290;6122,290;6126,288;6131,276;6135,280;6139,266;6144,278;6148,278;6152,278;6157,264;6161,298;6165,282;6170,282;6174,282;6178,296;6183,288;6187,288;6192,288;6196,286;6200,300;6205,286;6209,250;6213,278;6218,292;6222,290;6226,290;6231,266;6235,268;6239,282;6244,282;6248,280;6252,294;6257,244;6261,272;6266,286;6270,284;6274,284;6279,270;6283,288;6287,288;6292,288;6296,286;6300,286;6305,264;6309,278;6313,292;6318,290;6322,290;6326,290;6331,268;6335,280;6340,280;6344,280;6348,264;6353,278;6357,284;6361,284;6366,284;6370,298;6374,284;6379,276;6383,274;6387,258;6392,288;6396,288;6401,286;6405,278;6409,250;6414,278;6418,292;6422,290;6427,292;6431,268;6435,282;6440,268;6444,268;6448,266;6453,286;6457,272;6461,286;6466,286;6470,284;6475,284;6479,290;6483,290;6488,276;6492,274;6496,274;6501,274;6505,278;6509,280;6514,292;6518,292;6522,290;6527,284;6531,282;6535,282;6540,282;6544,280;6549,266;6553,288;6557,286;6562,272;6566,272;6570,286;6575,284;6579,276;6583,276;6588,276;6592,276;6596,274;\r\nBuffer sent in 0.973 secondsreturn;b;965\r\n'), 13:42:29
bytearray(b'received from USB-C: m -> m (0,1)\r\nSTEPPER: Moving to mstep: 6600 with speed [msteps/sec]: 1000 in StealthChop.\r\n'), 13:42:31
bytearray(b'STEPPER: Moving to mstep: 2400 with speed [msteps/sec]: 4000 in SpreadCycle.\r\n'), 13:42:35
bytearray(b'STEPPER: Moved 4200.00 msteps (ramp: 35%) in 1324.880 ms -> average speed [msteps/sec]: 3170.10\r\nreturn;m;965\r\n'), 13:42:37
bytearray(b'received from USB-C: b -> b (0,1)\r\nSending buffer of size 965data;2400,296;2404,450;2408,162;2413,276;2417,320;2421,326;2426,340;2430,326;2434,340;2439,324;2443,318;2447,332;2452,318;2456,316;2460,316;2465,316;2469,322;2474,336;2478,322;2482,322;2487,322;2491,328;2495,328;2500,326;2504,326;2508,312;2513,326;2517,332;2521,332;2526,318;2530,332;2534,316;2539,332;2543,338;2548,322;2552,324;2556,308;2561,322;2565,328;2569,328;2574,314;2578,328;2582,314;2587,328;2591,332;2595,320;2600,318;2604,304;2608,318;2613,316;2617,338;2622,322;2626,336;2630,322;2635,336;2639,314;2643,312;2648,326;2652,312;2656,324;2661,324;2665,330;2669,316;2674,328;2678,314;2682,328;2687,326;2691,320;2696,318;2700,318;2704,318;2709,330;2713,324;2717,310;2722,322;2726,322;2730,322;2735,320;2739,314;2743,326;2748,312;2752,326;2756,324;2761,338;2765,316;2770,330;2774,314;2778,328;2783,328;2787,320;2791,334;2796,306;2800,334;2804,320;2809,334;2813,312;2817,340;2822,312;2826,340;2830,326;2835,340;2839,332;2844,318;2848,330;2852,330;2857,330;2861,310;2865,324;2870,322;2874,324;2878,322;2883,336;2887,328;2891,314;2896,326;2900,326;2905,326;2909,318;2913,332;2918,318;2922,330;2926,330;2931,330;2935,322;2939,308;2944,322;2948,322;2952,336;2957,320;2961,328;2965,326;2970,328;2974,326;2979,328;2983,320;2987,304;2992,318;2996,304;3000,332;3005,316;3009,338;3013,324;3018,338;3022,322;3026,336;3031,324;3035,316;3039,328;3044,314;3048,314;3053,328;3057,322;3061,306;3066,334;3070,318;3074,318;3079,318;3083,324;3087,324;3092,310;3096,324;3100,324;3105,324;3109,316;3113,330;3118,314;3122,328;3127,328;3131,322;3135,318;3140,306;3144,320;3148,318;3153,332;3157,326;3161,326;3166,324;3170,324;3174,322;3179,336;3183,342;3187,314;3192,328;3196,314;3201,326;3205,320;3209,334;3214,318;3218,334;3222,318;3227,332;3231,324;3235,324;3240,324;3244,310;3248,322;3253,322;3257,342;3262,314;3266,328;3270,326;3275,340;3279,326;3283,320;3288,332;3292,318;3296,318;3301,330;3305,338;3309,322;3314,336;3318,322;3322,334;3327,334;3331,326;3336,326;3340,310;3344,324;3349,310;3353,330;3357,330;3362,344;3366,328;3370,328;3375,314;3379,306;3383,332;3388,318;3392,332;3396,318;3401,332;3405,324;3410,338;3414,322;3418,336;3423,320;3427,312;3431,326;3436,326;3440,326;3444,324;3449,324;3453,316;3457,330;3462,316;3466,330;3470,314;3475,306;3479,320;3484,320;3488,320;3492,318;3497,318;3501,324;3505,324;3510,322;3514,322;3518,308;3523,324;3527,328;3531,314;3536,328;3540,312;3544,326;3549,312;3553,332;3558,318;3562,332;3566,316;3571,330;3575,322;3579,322;3584,336;3588,320;3592,320;3597,306;3601,326;3605,324;3610,338;3614,324;3619,352;3623,316;3627,314;3632,328;3636,328;3640,326;3645,326;3649,334;3653,318;3658,332;3662,330;3666,330;3671,316;3675,322;3679,320;3684,334;3688,334;3693,332;3697,320;3701,324;3706,340;3710,324;3714,326;3719,322;3723,316;3727,328;3732,328;3736,328;3740,328;3745,326;3749,318;3753,332;3758,332;3762,330;3767,316;3771,308;3775,322;3780,322;3784,336;3788,320;3793,334;3797,326;3801,340;3806,324;3810,338;3814,324;3819,338;3823,328;3827,314;3832,314;3836,312;3841,326;3845,318;3849,332;3854,318;3858,330;3862,316;3867,330;3871,322;3875,320;3880,320;3884,318;3888,318;3893,318;3897,324;3901,310;3906,320;3910,308;3915,322;3919,322;3923,314;3928,326;3932,312;3936,326;3941,324;3945,330;3949,316;3954,328;3958,314;3962,328;3967,326;3971,318;3975,332;3980,304;3984,316;3989,316;3993,330;3997,322;4002,336;4006,320;4010,334;4015,318;4019,326;4023,338;4028,324;4032,322;4036,308;4041,322;4045,328;4049,342;4054,314;4058,328;4063,312;4067,326;4071,332;4076,330;4080,330;4084,316;4089,328;4093,322;4097,334;4102,320;4106,334;4110,318;4115,332;4119,338;4124,324;4128,324;4132,308;4137,322;4141,328;4145,328;4150,314;4154,328;4158,326;4163,328;4167,332;4171,318;4176,318;4180,316;4184,316;4189,316;4193,336;4198,320;4202,334;4206,320;4211,334;4215,324;4219,312;4224,324;4228,310;4232,324;4237,322;4241,330;4245,314;4250,328;4254,328;4258,328;4263,312;4267,318;4272,318;4276,304;4280,316;4285,316;4289,322;4293,308;4298,322;4302,320;4306,334;4311,320;4315,312;4319,324;4324,296;4328,324;4332,310;4337,324;4341,330;4346,330;4350,328;4354,328;4359,314;4363,320;4367,334;4372,320;4376,332;4380,304;4385,318;4389,324;4393,338;4398,324;4402,338;4407,322;4411,314;4415,328;4420,328;4424,328;4428,326;4433,326;4437,318;4441,332;4446,318;4450,332;4454,316;4459,330;4463,322;4467,322;4472,322;4476,320;4481,320;4485,312;4489,326;4494,310;4498,324;4502,322;4507,322;4511,314;4515,300;4520,312;4524,312;4528,326;4533,296;4537,318;4541,316;4546,316;4550,300;4555,314;4559,306;4563,306;4568,320;4572,306;4576,318;4581,302;4585,324;4589,308;4594,322;4598,306;4602,320;4607,306;4611,312;4615,326;4620,312;4624,324;4629,310;4633,316;4637,316;4642,314;4646,300;4650,314;4655,314;4659,320;4663,320;4668,306;4672,318;4676,300;4681,302;4685,310;4689,324;4694,308;4698,322;4703,308;4707,314;4711,314;4716,312;4720,312;4724,298;4729,312;4733,318;4737,318;4742,302;4746,316;4750,316;4755,328;4759,322;4764,308;4768,320;4772,306;4777,320;4781,312;4785,340;4790,310;4794,324;4798,310;4803,324;4807,316;4811,302;4816,328;4820,314;4824,328;4829,306;4833,322;4838,306;4842,320;4846,320;4851,320;4855,324;4859,310;4864,310;4868,324;4872,322;4877,322;4881,328;4885,314;4890,328;4894,326;4898,326;4903,312;4907,318;4912,318;4916,316;4920,316;4925,302;4929,322;4933,320;4938,320;4942,306;4946,320;4951,318;4955,310;4959,324;4964,308;4968,322;4972,308;4977,314;4981,314;4986,312;4990,298;4994,326;4999,310;5003,302;5007,316;5012,302;5016,314;5020,300;5025,314;5029,306;5033,318;5038,304;5042,318;5046,302;5051,310;5055,322;5060,308;5064,306;5068,320;5073,320;5077,298;5081,312;5086,310;5090,310;5094,310;5099,310;5103,316;5107,300;5112,314;5116,314;5120,314;5125,304;5129,318;5134,316;5138,316;5142,316;5147,316;5151,322;5155,306;5160,308;5164,320;5168,320;5173,318;5177,326;5181,310;5186,324;5190,308;5194,338;5199,308;5203,314;5208,314;5212,300;5216,312;5221,298;5225,332;5229,318;5234,332;5238,302;5242,316;5247,314;5251,322;5255,320;5260,320;5264,320;5269,306;5273,326;5277,312;5282,312;5286,308;5290,310;5295,308;5299,316;5303,328;5308,314;5312,314;5316,312;5321,312;5325,318;5329,318;5334,304;5338,316;5343,316;5347,310;5351,322;5356,308;5360,320;5364,292;5369,306;5373,312;5377,328;5382,312;5386,326;5390,310;5395,304;5399,316;5404,304;5408,316;5412,300;5417,314;5421,306;5425,320;5430,304;5434,318;5438,304;5443,320;5447,310;5451,296;5456,308;5460,308;5464,308;5469,294;5473,314;5478,314;5482,312;5486,298;5491,312;5495,304;5499,302;5504,316;5508,302;5512,314;5517,302;5521,306;5525,306;5530,320;5534,318;5538,318;5543,302;5547,296;5552,308;5556,308;5560,322;5565,294;5569,328;5573,312;5578,326;5582,312;5586,326;5591,310;5595,302;5599,316;5604,302;5608,314;5612,300;5617,314;5621,320;5626,332;5630,318;5634,332;5639,318;5643,310;5647,310;5652,308;5656,308;5660,308;5665,308;5669,314;5673,326;5678,312;5682,326;5686,324;5691,302;5695,316;5700,316;5704,316;5708,314;5713,328;5717,308;5721,322;5726,322;5730,320;5734,306;5739,320;5743,312;5747,312;5752,326;5756,310;5760,324;5765,302;5769,316;5774,316;5778,316;5782,302;5787,316;5791,308;5795,308;5800,322;5804,308;5808,320;5813,306;5817,314;5821,312;5826,312;5830,298;5835,310;5839,304;5843,316;5848,316;5852,316;5856,316;5861,300;5865,308;5869,306;5874,306;5878,306;5882,306;5887,304;5891,310;5895,310;5900,310;5904,310;5909,308;5913,314;5917,314;5922,314;5926,312;5930,312;5935,310;5939,318;5943,318;5948,304;5952,316;5956,302;5961,314;5965,320;5970,320;5974,306;5978,320;5983,304;5987,310;5991,324;5996,308;6000,322;6004,294;6009,308;6013,314;6017,326;6022,312;6026,326;6030,310;6035,302;6039,302;6044,316;6048,316;6052,314;6057,314;6061,306;6065,320;6070,318;6074,318;6078,304;6083,290;6087,296;6091,280;6096,280;6100,280;6104,292;6109,284;6113,284;6118,284;6122,296;6126,282;6131,296;6135,302;6139,286;6144,300;6148,272;6152,284;6157,278;6161,262;6165,276;6170,290;6174,288;6178,288;6183,294;6187,280;6192,294;6196,292;6200,292;6205,276;6209,284;6213,282;6218,268;6222,266;6226,252;6231,280;6235,272;6239,284;6244,284;6248,270;6252,284;6257,246;6261,274;6266,288;6270,288;6274,272;6279,272;6283,278;6287,276;6292,290;6296,274;6300,288;6305,286;6309,280;6313,292;6318,292;6322,276;6327,276;6331,266;6335,280;6340,266;6344,278;6348,250;6353,290;6357,284;6361,284;6366,282;6370,268;6374,266;6379,286;6383,286;6387,284;6392,298;6396,282;6401,296;6405,274;6409,258;6414,286;6418,300;6422,286;6427,300;6431,276;6435,262;6440,276;6444,288;6448,286;6453,278;6457,278;6461,278;6466,292;6470,276;6475,276;6479,282;6483,280;6488,280;6492,264;6496,278;6501,278;6505,270;6509,282;6514,296;6518,282;6522,280;6527,272;6531,270;6536,270;6540,254;6544,284;6549,282;6553,288;6557,286;6562,272;6566,272;6570,272;6575,284;6579,276;6583,276;6588,248;6592,288;6596,274;\r\nBuffer sent in 0.973 secondsreturn;b;965\r\n'), 13:42:40
