bytearray(b'received from USB-C: s -> s (0,1)\r\n*** STATUS ***\r\nid        :         3 -\r\nstep      :      2400 steps\r\nspeed     :      1500 msteps/s\r\nmspeed    :      1000 msteps/s\r\nsg-thrs   :        80 -\r\ndefault   :     12000 \xc2\xb5m\r\ndispense  :     14640 \xc2\xb5m\r\nblowout   :     33000 \xc2\xb5m\r\nd-offset  :        20 \xc2\xb5m\r\nur0       :         1 -\r\nur1       :         1 -\r\nhomed     :         1 -\r\nreturn;s;2400\r\n'), 13:39:08
bytearray(b'received from USB-C: m -> m (0,1)\r\nSTEPPER: Moving to mstep: 6600 with speed [msteps/sec]: 1000 in StealthChop.\r\n'), 13:39:15
bytearray(b'STEPPER: Moving to mstep: 2400 with speed [msteps/sec]: 4000 in SpreadCycle.\r\n'), 13:39:19
bytearray(b'STEPPER: Moved 4200.00 msteps (ramp: 35%) in 1324.880 ms -> average speed [msteps/sec]: 3170.10\r\nreturn;m;965\r\n'), 13:39:20
bytearray(b'received from USB-C: b -> b (0,1)\r\nSending buffer of size 965data;2400,296;2404,450;2408,162;2413,276;2417,318;2421,324;2426,338;2430,324;2434,338;2439,322;2443,316;2447,328;2452,314;2456,314;2460,328;2465,326;2469,334;2474,334;2478,332;2482,332;2487,318;2491,324;2495,324;2500,322;2504,322;2508,322;2513,324;2517,328;2521,328;2526,314;2530,342;2534,326;2539,326;2543,332;2548,318;2552,332;2556,318;2561,332;2565,324;2569,338;2574,324;2578,324;2582,322;2587,338;2591,342;2595,328;2600,328;2604,314;2608,326;2613,312;2617,334;2622,318;2626,332;2630,318;2635,332;2639,324;2643,308;2648,308;2652,308;2656,320;2661,320;2665,328;2669,326;2674,326;2678,326;2682,326;2687,324;2691,316;2696,316;2700,316;2704,330;2709,314;2713,336;2717,320;2722,322;2726,334;2730,334;2735,334;2739,312;2743,326;2748,310;2752,324;2756,324;2761,326;2765,330;2770,344;2774,330;2778,330;2783,314;2787,322;2791,336;2796,320;2800,320;2804,306;2809,334;2813,326;2817,340;2822,326;2826,340;2830,324;2835,338;2839,330;2844,316;2848,316;2852,316;2857,314;2861,322;2865,322;2870,320;2874,334;2878,320;2883,334;2887,326;2891,326;2896,324;2900,310;2905,324;2909,316;2913,330;2918,330;2922,328;2926,314;2931,328;2935,334;2939,320;2944,306;2948,304;2952,318;2957,318;2961,312;2965,310;2970,324;2974,310;2979,324;2983,316;2987,302;2992,314;2996,300;3000,314;3005,298;3009,320;3013,306;3018,318;3022,304;3026,318;3031,318;3035,310;3039,310;3044,310;3048,310;3053,308;3057,316;3061,314;3066,314;3070,314;3074,314;3079,314;3083,306;3087,306;3092,306;3096,306;3100,292;3105,304;3109,312;3113,326;3118,310;3122,324;3127,310;3131,316;3135,316;3140,302;3144,314;3148,300;3153,328;3157,306;3161,318;3166,318;3170,318;3174,316;3179,330;3183,308;3187,308;3192,336;3196,322;3201,320;3205,312;3209,326;3214,310;3218,324;3222,324;3227,336;3231,314;3235,314;3240,314;3244,312;3248,326;3253,326;3257,332;3262,318;3266,332;3270,316;3275,332;3279,324;3283,322;3288,322;3292,322;3296,320;3301,320;3305,326;3309,326;3314,326;3318,312;3322,324;3327,310;3331,316;3336,316;3340,316;3344,316;3349,300;3353,322;3357,322;3362,320;3366,320;3370,320;3375,306;3379,312;3383,310;3388,310;3392,324;3396,310;3401,322;3405,316;3410,316;3414,314;3418,314;3423,300;3427,306;3431,320;3436,320;3440,306;3444,304;3449,304;3453,310;3457,324;3462,310;3466,322;3470,308;3475,300;3479,312;3484,298;3488,314;3492,312;3497,310;3501,304;3505,316;3510,316;3514,316;3518,316;3523,330;3527,320;3531,306;3536,306;3540,306;3545,320;3549,312;3553,312;3558,310;3562,324;3566,310;3571,324;3575,328;3579,314;3584,328;3588,300;3592,312;3597,314;3601,334;3605,318;3610,332;3614,318;3619,332;3623,324;3627,324;3632,322;3636,308;3640,322;3645,306;3649,328;3653,326;3658,326;3662,312;3666,324;3671,310;3675,330;3679,316;3684,314;3688,314;3693,314;3697,326;3701,318;3706,318;3710,318;3714,332;3719,318;3723,324;3727,322;3732,308;3736,322;3740,294;3745,308;3749,314;3753,328;3758,312;3762,314;3767,312;3771,292;3775,304;3780,304;3784,318;3788,304;3793,304;3797,310;3801,324;3806,308;3810,322;3814,322;3819,322;3823,300;3827,300;3832,314;3836,314;3841,312;3845,304;3849,318;3854,304;3858,318;3862,316;3867,318;3871,296;3875,294;3880,308;3884,308;3888,308;3893,308;3897,314;3902,314;3906,314;3910,314;3915,312;3919,318;3923,290;3928,304;3932,304;3936,318;3941,304;3945,324;3949,324;3954,324;3958,310;3962,324;3967,308;3971,316;3976,328;3980,314;3984,328;3989,314;3993,322;3997,320;4002,336;4006,320;4010,322;4015,320;4019,314;4023,312;4028,312;4032,326;4036,312;4041,312;4045,318;4050,332;4054,304;4058,318;4063,318;4067,310;4071,308;4076,310;4080,324;4084,322;4089,308;4093,316;4097,330;4102,314;4106,314;4111,314;4115,306;4119,320;4124,320;4128,320;4132,306;4137,318;4141,310;4145,324;4150,324;4154,324;4158,324;4163,322;4167,314;4171,314;4176,314;4180,314;4185,312;4189,306;4193,318;4198,304;4202,318;4206,318;4211,318;4215,308;4219,308;4224,308;4228,292;4232,306;4237,306;4241,326;4245,312;4250,312;4254,310;4259,310;4263,302;4267,302;4272,316;4276,314;4280,314;4285,300;4289,320;4293,306;4298,320;4302,304;4306,304;4311,304;4315,296;4319,310;4324,310;4328,308;4333,308;4337,308;4341,314;4346,328;4350,314;4354,326;4359,312;4363,304;4367,318;4372,302;4376,316;4380,316;4385,316;4389,322;4393,336;4398,322;4402,336;4407,308;4411,314;4415,326;4420,312;4424,314;4428,298;4433,312;4437,318;4441,332;4446,318;4450,332;4454,316;4459,332;4463,310;4467,310;4472,322;4476,322;4481,322;4485,314;4489,328;4494,314;4498,328;4502,314;4507,328;4511,322;4515,320;4520,320;4524,306;4528,320;4533,306;4537,326;4542,312;4546,324;4550,310;4555,324;4559,316;4563,302;4568,316;4572,302;4576,330;4581,314;4585,320;4589,306;4594,320;4598,320;4602,320;4607,318;4611,310;4616,310;4620,310;4624,324;4629,324;4633,316;4637,314;4642,316;4646,314;4650,328;4655,314;4659,306;4663,304;4668,304;4672,318;4676,316;4681,308;4685,308;4690,308;4694,306;4698,320;4703,320;4707,312;4711,298;4716,310;4720,326;4724,310;4729,310;4733,316;4737,316;4742,314;4746,314;4751,314;4755,306;4759,320;4764,306;4768,306;4772,306;4777,334;4781,310;4785,326;4790,310;4794,324;4798,310;4803,324;4807,328;4811,314;4816,314;4820,300;4825,328;4829,306;4833,320;4838,318;4842,332;4846,316;4851,330;4855,310;4859,322;4864,322;4868,308;4872,320;4877,320;4881,326;4885,312;4890,324;4894,310;4899,310;4903,316;4907,302;4912,314;4916,314;4920,314;4925,314;4929,320;4933,320;4938,320;4942,318;4946,318;4951,318;4955,310;4959,324;4964,310;4968,324;4973,308;4977,316;4981,314;4986,328;4990,314;4994,328;4999,312;5003,304;5007,320;5012,318;5016,304;5020,304;5025,302;5029,322;5033,322;5038,308;5042,322;5047,308;5051,314;5055,314;5060,314;5064,298;5068,298;5073,298;5077,318;5081,318;5086,318;5090,316;5094,316;5099,316;5103,306;5107,308;5112,306;5116,292;5121,306;5125,312;5129,326;5134,310;5138,324;5142,308;5147,322;5151,328;5155,312;5160,312;5164,298;5168,326;5173,312;5177,318;5181,316;5186,330;5190,316;5195,330;5199,322;5203,306;5208,320;5212,306;5216,320;5221,306;5225,326;5229,312;5234,326;5238,310;5242,326;5247,304;5251,302;5256,316;5260,316;5264,316;5269,314;5273,320;5277,320;5282,334;5286,318;5290,332;5295,318;5299,310;5303,310;5308,324;5312,322;5316,308;5321,322;5325,314;5330,314;5334,314;5338,326;5343,312;5347,304;5351,302;5356,302;5360,316;5364,316;5369,316;5373,306;5377,322;5382,306;5386,320;5390,306;5395,298;5399,310;5404,310;5408,310;5412,310;5417,310;5421,316;5425,316;5430,314;5434,328;5438,314;5443,328;5447,306;5451,306;5456,306;5460,292;5464,304;5469,312;5473,310;5478,310;5482,310;5486,308;5491,310;5495,300;5499,314;5504,312;5508,312;5512,298;5517,296;5521,318;5525,316;5530,316;5534,314;5538,314;5543,306;5547,306;5552,320;5556,318;5560,318;5565,304;5569,324;5573,310;5578,324;5582,322;5586,334;5591,322;5595,300;5599,312;5604,298;5608,312;5612,312;5617,310;5621,318;5626,332;5630,316;5634,330;5639,316;5643,308;5647,320;5652,320;5656,306;5660,304;5665,306;5669,326;5673,326;5678,312;5682,326;5687,312;5691,318;5695,318;5700,318;5704,304;5708,304;5713,318;5717,310;5721,324;5726,310;5730,324;5734,310;5739,324;5743,316;5747,302;5752,316;5756,300;5761,314;5765,320;5769,320;5774,306;5778,320;5782,306;5787,320;5791,310;5795,310;5800,324;5804,308;5808,308;5813,308;5817,316;5822,300;5826,314;5830,314;5835,314;5839,306;5843,320;5848,306;5852,306;5856,306;5861,304;5865,312;5869,310;5874,322;5878,310;5882,310;5887,302;5891,302;5896,316;5900,302;5904,302;5909,314;5913,322;5917,308;5922,320;5926,306;5930,320;5935,318;5939,310;5943,310;5948,310;5952,310;5956,296;5961,308;5965,314;5970,328;5974,314;5978,328;5983,312;5987,306;5991,332;5996,318;6000,304;6004,304;6009,318;6013,308;6017,322;6022,308;6026,320;6030,308;6035,322;6039,312;6044,312;6048,312;6052,310;6057,310;6061,316;6065,316;6070,302;6074,300;6078,300;6083,278;6087,290;6091,290;6096,276;6100,288;6104,274;6109,296;6113,296;6118,294;6122,266;6126,292;6131,294;6135,284;6139,284;6144,284;6148,268;6152,284;6157,282;6161,288;6165,288;6170,258;6174,286;6178,300;6183,292;6187,276;6192,276;6196,262;6200,288;6205,276;6209,294;6213,280;6218,264;6222,264;6226,278;6231,284;6235,270;6239,270;6244,282;6248,268;6253,268;6257,288;6261,286;6266,286;6270,286;6274,270;6279,264;6283,276;6287,290;6292,260;6296,288;6300,274;6305,266;6309,280;6313,294;6318,292;6322,292;6327,292;6331,256;6335,284;6340,270;6344,282;6348,282;6353,282;6357,274;6361,290;6366,288;6370,300;6374,286;6379,264;6383,278;6387,278;6392,290;6396,290;6401,290;6405,282;6409,296;6414,280;6418,280;6422,280;6427,272;6431,286;6435,284;6440,284;6444,284;6448,284;6453,276;6457,304;6462,288;6466,274;6470,274;6475,290;6479,280;6483,280;6488,280;6492,264;6496,278;6501,278;6505,284;6509,282;6514,254;6518,268;6522,268;6527,288;6531,272;6536,272;6540,272;6544,272;6549,270;6553,290;6557,290;6562,302;6566,288;6570,274;6575,274;6579,280;6583,280;6588,264;6592,278;6596,278;\r\nBuffer sent in 0.973 secondsreturn;b;965\r\n'), 13:39:26
bytearray(b'received from USB-C: m -> m (0,1)\r\nSTEPPER: Moving to mstep: 6600 with speed [msteps/sec]: 1000 in StealthChop.\r\n'), 13:39:30
bytearray(b'STEPPER: Moving to mstep: 2400 with speed [msteps/sec]: 4000 in SpreadCycle.\r\n'), 13:39:34
bytearray(b'STEPPER: Moved 4200.00 msteps (ramp: 35%) in 1324.880 ms -> average speed [msteps/sec]: 3170.10\r\nreturn;m;965\r\n'), 13:39:36
bytearray(b'received from USB-C: b -> b (0,1)\r\nSending buffer of size 965data;2400,304;2404,448;2408,158;2413,272;2417,316;2421,320;2426,334;2430,320;2434,348;2439,334;2443,324;2447,310;2452,310;2456,324;2460,324;2465,336;2469,328;2474,328;2478,328;2482,328;2487,326;2491,318;2495,332;2500,332;2504,332;2508,318;2513,330;2517,322;2521,336;2526,322;2530,322;2534,320;2539,334;2543,340;2548,312;2552,326;2556,310;2561,324;2565,328;2569,330;2574,314;2578,328;2582,314;2587,342;2591,334;2595,320;2600,332;2604,318;2608,330;2613,316;2617,336;2622,322;2626,322;2630,320;2635,334;2639,340;2643,326;2648,324;2652,310;2656,322;2661,322;2665,330;2669,314;2674,328;2678,326;2682,326;2687,326;2691,332;2696,318;2700,316;2704,330;2709,316;2713,336;2717,320;2722,320;2726,320;2730,334;2735,318;2739,310;2743,324;2748,310;2752,336;2756,322;2761,336;2765,328;2770,342;2774,326;2778,340;2783,324;2787,302;2791,330;2796,314;2800,328;2804,314;2809,328;2813,320;2817,334;2822,318;2826,332;2831,318;2835,332;2839,322;2844,322;2848,322;2852,320;2857,334;2861,312;2865,326;2870,312;2874,324;2878,324;2883,324;2887,316;2891,314;2896,328;2900,314;2905,328;2909,318;2913,320;2918,318;2922,332;2926,316;2931,330;2935,322;2939,306;2944,320;2948,306;2952,318;2957,304;2961,324;2965,308;2970,322;2974,308;2979,320;2983,312;2987,298;2992,312;2996,296;3000,310;3005,294;3009,330;3013,314;3018,326;3022,314;3026,326;3031,312;3035,318;3039,304;3044,302;3048,316;3053,316;3057,308;3061,306;3066,306;3070,304;3074,318;3079,304;3083,324;3087,308;3092,308;3096,320;3100,306;3105,320;3109,310;3114,324;3118,310;3122,322;3127,308;3131,300;3135,314;3140,312;3144,312;3148,296;3153,324;3157,318;3161,318;3166,316;3170,330;3174,314;3179,328;3183,320;3188,304;3192,318;3196,318;3201,318;3205,322;3209,322;3214,322;3218,322;3222,320;3227,334;3231,326;3235,312;3240,324;3244,308;3248,310;3253,308;3257,328;3262,312;3266,326;3270,324;3275,324;3279,330;3283,314;3288,314;3292,314;3296,326;3301,312;3305,332;3309,318;3314,330;3318,316;3322,330;3327,314;3331,306;3336,318;3340,304;3344,318;3349,302;3353,324;3357,308;3362,322;3366,308;3370,322;3375,306;3379,312;3383,326;3388,312;3392,310;3396,296;3401,310;3405,316;3410,330;3414,314;3418,328;3423,314;3427,306;3431,304;3436,304;3440,316;3444,302;3449,302;3453,308;3457,322;3462,306;3466,320;3470,306;3475,312;3479,312;3484,310;3488,310;3492,308;3497,308;3501,314;3505,314;3510,314;3514,314;3518,312;3523,326;3527,318;3531,302;3536,316;3540,300;3545,314;3549,320;3553,318;3558,318;3562,320;3566,318;3571,318;3575,322;3579,322;3584,334;3588,306;3592,320;3597,318;3601,338;3605,324;3610,336;3614,322;3619,336;3623,314;3627,312;3632,326;3636,324;3640,310;3645,308;3649,330;3653,314;3658,340;3662,326;3666,326;3671,326;3675,304;3679,318;3684,316;3688,330;3693,330;3697,320;3701,320;3706,320;3710,318;3714,318;3719,316;3723,310;3727,322;3732,308;3736,324;3740,322;3745,320;3749,312;3753,314;3758,312;3762,326;3767,310;3771,316;3775,316;3780,300;3784,314;3788,298;3793,312;3797,304;3801,318;3806,302;3810,316;3814,316;3819,330;3823,322;3827,308;3832,306;3836,306;3841,306;3845,310;3849,310;3854,310;3858,322;3862,308;3867,322;3871,300;3875,298;3880,312;3884,312;3888,312;3893,310;3897,316;3901,316;3906,314;3910,314;3915,328;3919,320;3923,304;3928,318;3932,302;3936,316;3941,302;3945,322;3949,308;3954,320;3958,320;3962,320;3967,318;3971,296;3976,324;3980,310;3984,322;3989,308;3993,328;3997,314;4002,328;4006,312;4010,326;4015,312;4019,318;4023,330;4028,330;4032,316;4036,314;4041,328;4045,320;4050,320;4054,304;4058,318;4063,318;4067,310;4071,324;4076,322;4080,322;4084,320;4089,320;4093,312;4097,326;4102,310;4106,324;4110,324;4115,302;4119,314;4124,314;4128,312;4132,312;4137,324;4141,316;4145,316;4150,314;4154,328;4158,314;4163,314;4167,318;4171,304;4176,318;4180,316;4185,316;4189,308;4193,320;4198,306;4202,320;4206,318;4211,318;4215,310;4219,296;4224,308;4228,308;4232,306;4237,306;4241,326;4245,308;4250,324;4254,308;4259,308;4263,314;4267,300;4272,312;4276,312;4280,326;4285,310;4289,302;4293,314;4298,314;4302,312;4306,312;4311,310;4315,304;4319,316;4324,302;4328,314;4333,300;4337,320;4341,306;4346,318;4350,318;4354,318;4359,316;4363,306;4367,320;4372,306;4376,332;4380,304;4385,316;4389,308;4393,336;4398,320;4402,334;4407,318;4411,310;4415,324;4420,308;4424,322;4428,320;4433,320;4437,310;4441,326;4446,310;4450,336;4454,322;4459,336;4463,326;4467,312;4472,326;4476,324;4481,310;4485,314;4489,328;4494,312;4498,326;4502,312;4507,326;4511,318;4515,316;4520,316;4524,316;4528,328;4533,314;4537,320;4541,318;4546,318;4550,316;4555,316;4559,322;4563,322;4568,320;4572,306;4576,318;4581,304;4585,312;4589,310;4594,310;4598,308;4602,322;4607,306;4611,312;4616,310;4620,296;4624,308;4629,306;4633,328;4637,312;4642,326;4646,312;4650,324;4655,308;4659,300;4663,314;4668,298;4672,312;4676,298;4681,310;4685,316;4690,316;4694,314;4698,314;4703,312;4707,304;4711,318;4716,302;4720,316;4724,300;4729,314;4733,320;4737,320;4742,318;4746,332;4751,316;4755,308;4759,322;4764,306;4768,320;4772,304;4777,318;4781,322;4785,336;4790,322;4794,322;4798,320;4803,334;4807,324;4811,310;4816,324;4820,308;4825,322;4829,314;4833,328;4838,312;4842,326;4846,310;4851,326;4855,330;4859,330;4864,314;4868,314;4872,326;4877,312;4881,318;4885,316;4890,330;4894,316;4899,330;4903,308;4907,306;4912,320;4916,318;4920,316;4925,302;4929,322;4933,322;4938,320;4942,318;4946,318;4951,318;4955,308;4959,322;4964,306;4968,308;4973,292;4977,318;4981,310;4986,324;4990,310;4994,322;4999,322;5003,298;5007,312;5012,296;5016,310;5020,296;5025,308;5029,314;5033,328;5038,312;5042,326;5047,310;5051,316;5055,316;5060,302;5064,314;5068,300;5073,314;5077,304;5081,318;5086,316;5090,316;5094,314;5099,294;5103,306;5107,306;5112,306;5116,304;5121,304;5125,308;5129,322;5134,308;5138,322;5142,320;5147,320;5151,312;5155,296;5160,324;5164,310;5168,322;5173,308;5177,328;5182,312;5186,326;5190,312;5195,326;5199,316;5203,302;5208,316;5212,300;5216,314;5221,314;5225,334;5229,318;5234,320;5238,318;5242,332;5247,316;5251,322;5256,308;5260,308;5264,320;5269,320;5273,326;5277,312;5282,324;5286,312;5290,324;5295,310;5299,316;5303,314;5308,314;5312,328;5316,314;5321,328;5325,320;5330,320;5334,320;5338,320;5343,318;5347,298;5351,312;5356,310;5360,324;5364,310;5369,310;5373,316;5377,316;5382,314;5386,328;5390,314;5395,290;5399,320;5404,304;5408,318;5412,304;5417,318;5421,308;5425,308;5430,308;5434,322;5438,306;5443,320;5447,312;5451,310;5456,310;5460,308;5464,308;5469,314;5473,314;5478,312;5482,326;5486,310;5491,310;5495,302;5499,302;5504,314;5508,300;5512,314;5517,298;5521,318;5525,318;5530,318;5534,316;5538,316;5543,314;5547,306;5552,320;5556,306;5560,318;5565,304;5569,324;5573,308;5578,322;5582,308;5586,322;5591,306;5595,312;5599,326;5604,310;5608,324;5613,324;5617,316;5621,314;5626,328;5630,312;5634,326;5639,310;5643,316;5647,316;5652,314;5656,314;5660,312;5665,312;5669,318;5673,318;5678,316;5682,316;5687,316;5691,308;5695,306;5700,306;5704,320;5708,306;5713,318;5717,312;5721,324;5726,308;5730,322;5734,322;5739,300;5743,328;5747,314;5752,326;5756,312;5761,310;5765,316;5769,316;5774,314;5778,328;5782,314;5787,326;5791,318;5795,304;5800,318;5804,302;5808,316;5813,300;5817,322;5822,306;5826,334;5830,318;5835,332;5839,308;5843,308;5848,306;5852,306;5856,318;5861,304;5865,310;5869,296;5874,308;5878,308;5882,308;5887,306;5891,298;5896,310;5900,296;5904,310;5909,310;5913,316;5917,314;5922,328;5926,312;5930,326;5935,312;5939,302;5943,316;5948,302;5952,316;5956,302;5961,330;5965,308;5970,320;5974,306;5978,334;5983,304;5987,310;5991,322;5996,308;6000,322;6004,306;6009,320;6013,310;6017,324;6022,310;6026,324;6030,308;6035,298;6039,314;6044,312;6048,326;6052,310;6057,310;6061,316;6065,316;6070,300;6074,300;6078,284;6083,284;6087,288;6091,290;6096,288;6100,274;6104,286;6109,292;6113,292;6118,292;6122,290;6126,290;6131,288;6135,280;6139,280;6144,280;6148,278;6152,292;6157,284;6161,296;6165,296;6170,296;6174,294;6178,280;6183,286;6187,284;6192,284;6196,298;6200,296;6205,282;6209,302;6213,286;6218,286;6222,284;6226,284;6231,290;6235,290;6239,276;6244,288;6248,272;6253,286;6257,278;6261,290;6266,290;6270,290;6274,288;6279,288;6283,252;6287,278;6292,278;6296,278;6300,290;6305,268;6309,268;6313,280;6318,280;6322,280;6327,280;6331,272;6335,284;6340,270;6344,284;6348,270;6353,284;6357,276;6361,274;6366,288;6370,302;6374,286;6379,278;6383,278;6387,278;6392,290;6396,276;6401,276;6405,282;6409,280;6414,280;6418,294;6422,278;6427,290;6431,268;6435,282;6440,266;6444,266;6448,280;6453,286;6457,284;6462,284;6466,270;6470,282;6475,296;6479,274;6483,288;6488,272;6492,286;6496,270;6501,270;6505,292;6509,290;6514,278;6518,276;6522,274;6527,280;6531,266;6536,280;6540,278;6544,292;6549,276;6553,268;6557,282;6562,296;6566,280;6570,280;6575,272;6579,286;6583,284;6588,270;6592,282;6596,282;\r\nBuffer sent in 0.973 secondsreturn;b;965\r\n'), 13:39:40
bytearray(b'received from USB-C: m -> m (0,1)\r\nSTEPPER: Moving to mstep: 6600 with speed [msteps/sec]: 1000 in StealthChop.\r\n'), 13:39:43
bytearray(b'STEPPER: Moving to mstep: 2400 with speed [msteps/sec]: 4000 in SpreadCycle.\r\n'), 13:39:48
bytearray(b'STEPPER: Moved 4200.00 msteps (ramp: 35%) in 1324.880 ms -> average speed [msteps/sec]: 3170.10\r\nreturn;m;965\r\n'), 13:39:49
bytearray(b'received from USB-C: b -> b (0,1)\r\nSending buffer of size 965data;2400,308;2404,474;2408,142;2413,272;2417,328;2421,320;2426,334;2430,318;2434,334;2439,318;2443,324;2447,324;2452,322;2456,324;2460,308;2465,322;2469,328;2474,342;2478,328;2482,342;2487,326;2491,318;2495,332;2500,318;2504,330;2508,316;2513,330;2517,320;2521,336;2526,320;2530,334;2534,334;2539,334;2543,326;2548,310;2552,324;2556,310;2561,324;2565,328;2569,342;2574,328;2578,342;2582,326;2587,342;2591,332;2595,318;2600,330;2604,302;2608,330;2613,314;2617,336;2622,320;2626,334;2630,320;2635,334;2639,326;2643,310;2648,324;2652,310;2656,324;2661,310;2665,328;2669,316;2674,328;2678,328;2682,328;2687,326;2691,318;2696,318;2700,304;2704,318;2709,316;2713,330;2717,322;2722,336;2726,322;2730,334;2735,320;2739,312;2743,326;2748,310;2752,324;2756,308;2761,336;2765,328;2770,342;2774,326;2778,340;2783,324;2787,316;2791,330;2796,302;2800,328;2804,314;2809,328;2813,320;2817,348;2822,318;2826,346;2830,316;2835,344;2839,322;2844,306;2848,322;2852,320;2857,320;2861,312;2865,340;2870,324;2874,326;2878,324;2883,338;2887,316;2891,314;2896,328;2900,314;2904,326;2909,312;2913,334;2918,318;2922,332;2926,316;2931,332;2935,324;2939,296;2944,322;2948,308;2952,322;2957,292;2961,328;2965,312;2970,326;2974,312;2979,326;2983,318;2987,302;2992,316;2996,302;3000,316;3005,302;3009,324;3013,310;3018,322;3022,308;3026,322;3031,320;3035,300;3039,312;3044,298;3048,312;3053,298;3057,310;3061,316;3066,318;3070,316;3074,330;3079,316;3083,294;3087,308;3092,306;3096,306;3100,304;3105,318;3109,310;3113,324;3118,310;3122,324;3127,322;3131,300;3135,314;3140,300;3144,326;3148,298;3153,326;3157,318;3161,332;3166,318;3170,332;3174,316;3179,330;3183,322;3187,308;3192,322;3196,306;3201,320;3205,326;3209,340;3214,312;3218,340;3222,324;3227,340;3231,318;3235,316;3240,316;3244,302;3248,316;3253,316;3257,336;3262,322;3266,336;3270,320;3275,334;3279,326;3283,312;3288,326;3292,310;3296,324;3301,310;3305,330;3309,316;3314,330;3318,328;3322,328;3327,314;3331,306;3335,318;3340,304;3344,318;3349,302;3353,322;3357,322;3362,322;3366,320;3370,320;3375,320;3379,298;3383,310;3388,296;3392,310;3396,296;3401,308;3405,314;3410,328;3414,314;3418,326;3423,312;3427,304;3431,316;3436,300;3440,316;3444,302;3449,302;3453,308;3457,322;3462,306;3466,320;3470,306;3475,298;3479,310;3484,296;3488,310;3492,296;3497,310;3501,316;3505,316;3510,314;3514,328;3518,312;3523,328;3527,318;3531,290;3536,318;3540,304;3544,316;3549,300;3553,322;3558,322;3562,322;3566,320;3571,334;3575,326;3579,298;3584,324;3588,310;3592,324;3597,310;3601,330;3605,316;3610,330;3614,314;3619,342;3623,320;3627,304;3632,320;3636,306;3640,318;3645,304;3649,338;3653,322;3658,336;3662,322;3666,336;3671,320;3675,312;3679,326;3684,312;3688,326;3693,310;3697,324;3701,316;3706,330;3710,316;3714,330;3719,316;3723,308;3727,322;3732,306;3736,320;3740,306;3745,320;3749,312;3753,326;3758,312;3762,324;3767,310;3771,302;3775,316;3780,302;3784,314;3788,300;3793,314;3797,320;3801,320;3806,320;3810,320;3814,304;3819,318;3823,310;3827,310;3832,310;3836,296;3841,308;3845,314;3849,316;3854,314;3858,328;3862,312;3867,312;3871,304;3875,302;3880,304;3884,302;3888,316;3893,302;3897,322;3901,308;3906,308;3910,306;3915,320;3919,312;3923,298;3928,312;3932,296;3936,310;3941,296;3945,330;3949,316;3954,330;3958,314;3962,328;3967,314;3971,304;3975,318;3980,304;3984,318;3989,304;3993,316;3997,322;4002,336;4006,322;4010,336;4015,322;4019,300;4023,326;4028,312;4032,312;4036,312;4041,326;4045,318;4050,332;4054,318;4058,332;4063,316;4067,310;4071,322;4076,308;4080,322;4084,308;4089,322;4093,328;4097,328;4102,312;4106,326;4110,326;4115,304;4119,318;4124,302;4128,316;4132,300;4137,314;4141,320;4145,320;4150,320;4154,320;4158,318;4163,318;4167,310;4171,296;4176,308;4180,294;4185,308;4189,314;4193,326;4198,312;4202,328;4206,310;4211,326;4215,318;4219,302;4224,304;4228,302;4232,316;4237,302;4241,322;4245,308;4250,322;4254,306;4259,320;4263,312;4267,298;4272,312;4276,296;4280,310;4285,296;4289,316;4293,314;4298,316;4302,314;4306,314;4311,314;4315,306;4319,306;4324,290;4328,318;4333,304;4337,318;4341,310;4346,324;4350,322;4354,322;4359,322;4363,300;4367,314;4372,298;4376,326;4380,312;4385,326;4389,318;4393,332;4398,316;4402,330;4407,316;4411,308;4415,322;4420,306;4424,320;4428,306;4433,320;4437,312;4441,340;4446,324;4450,338;4454,310;4459,338;4463,316;4467,300;4472,314;4476,314;4481,314;4485,320;4489,334;4494,320;4498,334;4502,318;4507,332;4511,324;4515,310;4520,324;4524,310;4528,322;4533,308;4537,328;4541,314;4546,328;4550,312;4555,326;4559,318;4563,304;4568,318;4572,304;4576,316;4581,302;4585,324;4589,310;4594,322;4598,308;4602,322;4607,320;4611,298;4616,314;4620,300;4624,312;4629,298;4633,332;4637,318;4642,318;4646,318;4650,332;4655,318;4659,294;4663,308;4668,306;4672,306;4676,292;4681,306;4685,312;4690,312;4694,312;4698,326;4703,312;4707,304;4711,316;4716,302;4720,316;4724,302;4729,316;4733,322;4737,322;4742,322;4746,322;4750,320;4755,298;4759,326;4764,312;4768,326;4772,296;4777,324;4781,316;4785,330;4790,316;4794,330;4798,316;4803,328;4807,322;4811,306;4816,320;4820,306;4824,320;4829,312;4833,328;4838,312;4842,340;4846,312;4851,326;4855,318;4859,304;4864,316;4868,302;4872,316;4877,316;4881,322;4885,322;4890,322;4894,320;4898,322;4903,314;4907,312;4912,312;4916,298;4920,326;4925,310;4929,332;4933,318;4938,332;4942,316;4946,330;4951,316;4955,296;4959,308;4964,294;4968,322;4973,306;4977,318;4981,312;4986,326;4990,312;4994,326;4999,312;5003,304;5007,316;5012,302;5016,316;5020,302;5025,314;5029,308;5033,322;5038,320;5042,320;5047,306;5051,298;5055,312;5060,296;5064,310;5068,296;5073,308;5077,316;5081,316;5086,312;5090,314;5094,314;5099,328;5103,306;5107,292;5112,304;5116,304;5121,318;5125,310;5129,324;5134,322;5138,322;5142,322;5147,322;5151,314;5155,300;5160,314;5164,298;5168,326;5173,298;5177,332;5181,318;5186,332;5190,316;5195,330;5199,322;5203,294;5208,320;5212,306;5216,320;5221,306;5225,328;5229,312;5234,326;5238,310;5242,338;5247,310;5251,302;5256,314;5260,314;5264,314;5269,300;5273,334;5277,318;5282,332;5286,316;5290,330;5295,316;5299,308;5303,322;5308,306;5312,320;5316,304;5321,318;5325,324;5330,322;5334,324;5338,324;5343,322;5347,298;5351,314;5356,298;5360,312;5364,296;5369,310;5373,316;5377,330;5382,316;5386,330;5390,314;5395,292;5399,320;5404,306;5408,318;5412,304;5417,318;5421,312;5425,324;5430,310;5434,324;5438,310;5443,324;5447,316;5451,302;5456,314;5460,300;5464,314;5469,300;5473,320;5478,306;5482,320;5486,320;5491,318;5495,312;5499,298;5504,310;5508,296;5512,310;5517,296;5521,316;5525,316;5530,330;5534,314;5538,328;5543,314;5547,306;5552,318;5556,304;5560,318;5565,304;5569,324;5573,310;5578,338;5582,322;5586,336;5591,322;5595,300;5599,314;5604,298;5608,312;5612,312;5617,312;5621,318;5626,332;5630,318;5634,332;5639,316;5643,310;5647,308;5652,308;5656,322;5660,308;5665,320;5669,312;5673,326;5678,312;5682,324;5687,310;5691,304;5695,316;5700,302;5704,316;5708,316;5713,316;5717,322;5721,322;5726,320;5730,320;5734,320;5739,334;5743,312;5747,296;5752,310;5756,296;5761,310;5765,316;5769,330;5774,314;5778,328;5782,314;5787,328;5791,320;5795,292;5800,318;5804,304;5808,318;5813,304;5817,324;5822,310;5826,324;5830,308;5835,322;5839,314;5843,300;5848,312;5852,298;5856,312;5861,298;5865,318;5869,318;5874,318;5878,318;5882,318;5887,316;5891,296;5896,308;5900,294;5904,308;5909,294;5913,328;5917,314;5922,314;5926,312;5930,326;5935,312;5939,290;5943,318;5948,302;5952,316;5956,302;5961,316;5965,322;5970,322;5974,322;5978,336;5983,320;5987,298;5991,314;5996,298;6000,312;6004,298;6009,312;6013,318;6017,332;6022,316;6026,330;6030,316;6035,308;6039,320;6044,306;6048,320;6052,306;6057,318;6061,312;6065,326;6070,310;6074,310;6078,310;6083,274;6087,288;6091,274;6096,286;6100,272;6104,286;6109,292;6113,292;6118,292;6122,292;6126,290;6131,290;6135,282;6139,282;6144,296;6148,266;6152,280;6157,266;6161,286;6165,286;6170,300;6174,286;6178,284;6183,276;6187,276;6192,274;6196,260;6200,288;6205,288;6209,292;6213,278;6218,250;6222,278;6226,290;6231,276;6235,298;6239,282;6244,282;6248,296;6252,294;6257,272;6261,286;6266,286;6270,286;6274,270;6279,284;6283,276;6287,290;6292,262;6296,276;6300,274;6305,282;6309,294;6313,294;6318,280;6322,278;6327,278;6331,284;6335,284;6340,284;6344,282;6348,268;6353,282;6357,288;6361,288;6366,286;6370,284;6374,284;6379,276;6383,290;6387,290;6392,288;6396,288;6401,300;6405,278;6409,250;6414,276;6418,290;6422,278;6427,290;6431,282;6435,282;6440,280;6444,280;6448,294;6453,272;6457,244;6461,284;6466,284;6470,284;6475,284;6479,276;6483,288;6488,288;6492,288;6496,288;6501,272;6505,278;6509,278;6514,278;6518,290;6522,290;6527,268;6531,254;6536,296;6540,280;6544,280;6549,280;6553,244;6557,272;6562,286;6566,286;6570,284;6575,270;6579,276;6583,288;6588,260;6592,274;6596,274;\r\nBuffer sent in 0.973 secondsreturn;b;965\r\n'), 13:39:52
bytearray(b'received from USB-C: m -> m (0,1)\r\nSTEPPER: Moving to mstep: 6600 with speed [msteps/sec]: 1000 in StealthChop.\r\n'), 13:39:59
bytearray(b'STEPPER: Moving to mstep: 2400 with speed [msteps/sec]: 4000 in SpreadCycle.\r\n'), 13:40:03
bytearray(b'STEPPER: Moved 4200.00 msteps (ramp: 35%) in 1324.880 ms -> average speed [msteps/sec]: 3170.10\r\nreturn;m;965\r\n'), 13:40:05
bytearray(b'received from USB-C: b -> b (0,1)\r\nSending buffer of size 965data;2400,304;2404,458;2408,140;2413,268;2417,324;2421,318;2426,332;2430,316;2434,332;2439,330;2443,322;2447,322;2452,322;2456,322;2460,322;2465,322;2469,314;2474,328;2478,328;2482,342;2487,328;2491,320;2495,320;2500,320;2504,320;2508,318;2513,320;2517,324;2521,326;2526,324;2530,338;2534,338;2539,338;2543,316;2548,314;2552,330;2556,328;2561,328;2565,320;2569,334;2574,320;2578,334;2582,320;2587,334;2591,340;2595,326;2600,326;2604,312;2608,326;2613,310;2617,332;2622,332;2626,332;2630,318;2635,332;2639,324;2643,324;2648,324;2652,324;2656,324;2661,322;2665,330;2669,316;2674,330;2678,328;2682,328;2687,314;2691,320;2696,322;2700,320;2704,320;2709,304;2713,328;2717,326;2722,328;2726,326;2730,340;2735,326;2739,318;2743,332;2748,332;2752,332;2756,316;2761,318;2765,324;2770,338;2774,322;2778,338;2783,322;2787,314;2791,328;2796,314;2800,328;2804,314;2809,328;2813,320;2817,334;2822,318;2826,332;2830,332;2835,346;2839,324;2844,310;2848,310;2852,308;2857,322;2861,328;2865,328;2870,326;2874,326;2878,312;2883,326;2887,316;2891,302;2896,316;2900,316;2905,316;2909,314;2913,322;2918,320;2922,332;2926,320;2931,334;2935,326;2939,312;2944,312;2948,310;2952,324;2957,310;2961,316;2965,316;2970,316;2974,314;2979,330;2983,320;2987,306;2992,306;2996,292;3000,306;3005,306;3009,326;3013,312;3018,326;3022,312;3026,324;3031,304;3035,304;3040,302;3044,316;3048,316;3053,302;3057,322;3061,306;3066,320;3070,320;3074,318;3079,320;3083,296;3087,310;3092,310;3096,310;3100,310;3105,308;3109,316;3114,316;3118,314;3122,314;3127,314;3131,306;3135,320;3140,292;3144,306;3148,304;3153,318;3157,324;3161,324;3166,322;3170,322;3174,308;3179,336;3183,314;3188,314;3192,328;3196,312;3201,312;3205,318;3209,332;3214,316;3218,330;3222,314;3227,330;3231,320;3235,320;3240,318;3244,316;3248,318;3253,316;3257,338;3262,322;3266,322;3270,320;3275,334;3279,326;3283,312;3288,324;3292,324;3296,322;3301,322;3305,328;3309,314;3314,326;3318,326;3322,324;3327,324;3331,316;3336,316;3340,300;3344,314;3349,312;3353,320;3357,318;3362,318;3366,318;3370,330;3375,316;3379,308;3383,322;3388,308;3392,308;3396,306;3401,318;3405,312;3410,312;3414,310;3418,310;3423,308;3427,314;3431,298;3436,312;3440,312;3444,310;3449,310;3453,302;3457,316;3462,314;3466,314;3471,314;3475,306;3479,306;3484,304;3488,304;3492,302;3497,316;3501,308;3505,308;3510,306;3514,320;3518,318;3523,318;3527,310;3531,310;3536,310;3540,296;3545,308;3549,314;3553,330;3558,314;3562,314;3566,314;3571,326;3575,332;3579,318;3584,332;3588,316;3592,318;3597,316;3601,338;3605,322;3610,336;3614,322;3619,322;3623,314;3627,314;3632,314;3636,312;3640,312;3645,312;3649,332;3653,316;3658,332;3662,316;3666,330;3671,314;3675,322;3679,306;3684,306;3688,334;3693,318;3697,326;3701,312;3706,324;3710,324;3714,324;3719,322;3723,316;3727,328;3732,314;3736,314;3740,300;3745,326;3749,306;3753,318;3758,306;3762,318;3767,304;3771,310;3775,310;3780,308;3784,324;3788,308;3793,308;3797,314;3801,328;3806,314;3810,314;3814,314;3819,328;3823,320;3827,306;3832,306;3836,304;3841,304;3845,310;3849,324;3854,310;3858,310;3862,308;3867,322;3871,300;3875,314;3880,314;3884,314;3888,300;3893,300;3897,320;3902,306;3906,306;3910,304;3915,318;3919,310;3923,310;3928,308;3932,308;3936,322;3941,306;3945,328;3949,312;3954,326;3958,312;3962,312;3967,310;3971,316;3976,316;3980,316;3984,330;3989,300;3993,322;3997,320;4002,334;4006,318;4010,332;4015,318;4019,310;4023,310;4028,324;4032,322;4037,322;4041,322;4045,314;4050,328;4054,314;4058,328;4063,312;4067,304;4071,318;4076,318;4080,318;4084,318;4089,316;4093,322;4097,322;4102,322;4106,322;4111,320;4115,326;4119,326;4124,310;4128,324;4132,310;4137,324;4141,316;4145,330;4150,314;4154,314;4158,312;4163,314;4167,318;4171,304;4176,304;4180,302;4185,316;4189,308;4193,320;4198,306;4202,320;4206,304;4211,318;4215,310;4219,308;4224,322;4228,322;4232,308;4237,306;4241,312;4245,310;4250,324;4254,310;4259,322;4263,314;4267,300;4272,300;4276,298;4280,312;4285,310;4289,302;4293,302;4298,314;4302,312;4306,312;4311,312;4315,304;4319,302;4324,302;4328,328;4333,300;4337,320;4341,318;4346,318;4350,304;4354,318;4359,316;4363,308;4367,322;4372,308;4376,322;4380,306;4385,318;4389,312;4393,324;4398,324;4402,336;4407,322;4411,314;4415,314;4420,298;4424,312;4428,312;4433,310;4437,314;4441,330;4446,314;4450,328;4454,312;4459,326;4463,320;4467,318;4472,304;4476,302;4481,316;4485,322;4489,322;4494,320;4498,318;4502,318;4507,332;4511,322;4515,308;4520,320;4524,306;4528,320;4533,318;4537,324;4542,310;4546,322;4550,308;4555,320;4559,312;4563,312;4568,310;4572,308;4576,322;4581,308;4585,328;4589,312;4594,326;4598,312;4603,324;4607,302;4611,302;4616,302;4620,300;4624,314;4629,314;4633,320;4637,304;4642,318;4646,304;4650,318;4655,302;4659,308;4663,306;4668,306;4672,320;4677,318;4681,310;4685,310;4690,310;4694,308;4698,322;4703,320;4707,312;4711,298;4716,296;4720,310;4724,310;4729,310;4733,314;4737,328;4742,314;4746,328;4751,312;4755,304;4759,316;4764,316;4768,316;4772,314;4777,316;4781,308;4785,334;4790,318;4794,334;4798,318;4803,332;4807,322;4811,308;4816,308;4820,320;4825,320;4829,326;4833,326;4838,324;4842,324;4846,308;4851,336;4855,314;4859,312;4864,312;4868,312;4872,312;4877,310;4881,330;4885,316;4890,328;4894,314;4899,326;4903,320;4907,318;4912,316;4916,316;4920,316;4925,300;4929,320;4933,320;4938,320;4942,318;4946,318;4951,316;4955,294;4959,308;4964,306;4968,320;4973,306;4977,326;4981,310;4986,324;4990,310;4994,322;4999,322;5003,300;5007,314;5012,312;5016,312;5020,296;5025,310;5029,316;5034,330;5038,314;5042,314;5047,314;5051,306;5055,318;5060,318;5064,318;5068,302;5073,316;5077,308;5081,320;5086,320;5090,320;5094,304;5099,296;5103,310;5108,310;5112,308;5116,308;5121,308;5125,314;5129,314;5134,312;5138,326;5142,312;5147,326;5151,332;5155,316;5160,316;5164,314;5169,316;5173,308;5177,320;5182,320;5186,334;5190,318;5195,318;5199,324;5203,294;5208,308;5212,308;5216,320;5221,320;5225,326;5229,324;5234,324;5238,308;5243,336;5247,314;5251,314;5256,312;5260,298;5264,310;5269,310;5273,330;5277,316;5282,328;5286,314;5290,328;5295,312;5299,318;5303,316;5308,318;5312,316;5317,316;5321,322;5325,322;5330,322;5334,320;5338,320;5343,318;5347,310;5351,324;5356,310;5360,322;5364,308;5369,322;5373,314;5377,328;5382,312;5386,326;5391,310;5395,302;5399,316;5404,316;5408,300;5412,300;5417,328;5421,306;5425,320;5430,318;5434,318;5438,302;5443,316;5447,308;5451,294;5456,306;5460,306;5465,304;5469,310;5473,310;5478,310;5482,310;5486,308;5491,322;5495,314;5499,312;5504,298;5508,296;5512,310;5517,310;5521,316;5525,314;5530,314;5534,314;5539,326;5543,318;5547,304;5552,316;5556,302;5560,316;5565,300;5569,320;5573,320;5578,334;5582,318;5586,318;5591,316;5595,308;5600,320;5604,306;5608,320;5613,304;5617,326;5621,310;5626,322;5630,308;5634,322;5639,308;5643,312;5647,310;5652,310;5656,310;5660,308;5665,308;5669,314;5674,328;5678,326;5682,326;5687,312;5691,316;5695,316;5700,316;5704,314;5708,314;5713,312;5717,318;5721,320;5726,316;5730,316;5735,316;5739,308;5743,322;5748,306;5752,306;5756,292;5761,304;5765,312;5769,324;5774,308;5778,322;5782,306;5787,320;5791,312;5795,312;5800,312;5804,312;5809,310;5813,316;5817,330;5822,316;5826,316;5830,314;5835,328;5839,304;5843,304;5848,318;5852,318;5856,302;5861,302;5865,322;5869,308;5874,308;5878,306;5883,320;5887,312;5891,310;5896,310;5900,310;5904,308;5909,308;5913,314;5917,312;5922,326;5926,312;5930,324;5935,310;5939,302;5943,330;5948,314;5952,312;5957,298;5961,318;5965,304;5970,318;5974,316;5978,330;5983,314;5987,306;5991,320;5996,306;6000,318;6004,304;6009,316;6013,308;6017,322;6022,308;6026,334;6031,306;6035,334;6039,312;6044,310;6048,310;6052,308;6057,308;6061,314;6065,314;6070,312;6074,298;6078,296;6083,288;6087,302;6091,288;6096,286;6100,286;6105,284;6109,290;6113,290;6118,274;6122,274;6126,288;6131,288;6135,278;6139,278;6144,278;6148,276;6152,290;6157,282;6161,282;6166,280;6170,280;6174,278;6179,278;6183,298;6187,284;6192,268;6196,282;6200,280;6205,280;6209,286;6213,286;6218,286;6222,284;6226,284;6231,290;6235,290;6240,288;6244,288;6248,272;6253,258;6257,294;6261,278;6266,292;6270,276;6274,276;6279,266;6283,280;6287,280;6292,266;6296,278;6300,264;6305,286;6309,284;6314,270;6318,282;6322,282;6327,280;6331,258;6335,286;6340,272;6344,284;6348,284;6353,248;6357,276;6361,288;6366,286;6370,286;6374,272;6379,278;6383,290;6388,290;6392,288;6396,274;6401,274;6405,280;6409,278;6414,278;6418,292;6422,290;6427,284;6431,282;6435,268;6440,280;6444,280;6448,278;6453,284;6457,284;6462,282;6466,282;6470,282;6475,280;6479,286;6483,272;6488,284;6492,270;6496,282;6501,282;6505,274;6509,274;6514,286;6518,286;6522,298;6527,276;6531,274;6536,274;6540,274;6544,286;6549,258;6553,292;6557,290;6562,290;6566,288;6570,274;6575,266;6579,280;6583,292;6588,278;6592,278;6596,262;\r\nBuffer sent in 0.973 secondsreturn;b;965\r\n'), 13:40:15
bytearray(b'received from USB-C: m -> m (0,1)\r\nSTEPPER: Moving to mstep: 6600 with speed [msteps/sec]: 1000 in StealthChop.\r\n'), 13:40:18
bytearray(b'STEPPER: Moving to mstep: 2400 with speed [msteps/sec]: 4000 in SpreadCycle.\r\n'), 13:40:22
bytearray(b'STEPPER: Moved 4200.00 msteps (ramp: 35%) in 1324.880 ms -> average speed [msteps/sec]: 3170.10\r\nreturn;m;965\r\n'), 13:40:23
bytearray(b'received from USB-C: b -> b (0,1)\r\nSending buffer of size 965data;2400,304;2404,454;2408,166;2413,266;2417,322;2421,328;2426,344;2430,314;2434,328;2439,328;2443,320;2447,332;2452,318;2456,318;2460,332;2465,332;2469,324;2474,338;2478,322;2482,336;2487,322;2491,314;2495,328;2500,328;2504,326;2508,312;2513,326;2517,332;2521,332;2526,330;2530,330;2534,330;2539,308;2543,322;2548,322;2552,334;2556,320;2561,320;2565,326;2569,326;2574,324;2578,338;2582,324;2587,338;2591,330;2595,316;2600,330;2604,330;2608,330;2613,314;2617,334;2622,320;2626,334;2630,318;2635,334;2639,326;2643,324;2648,324;2652,310;2656,322;2661,322;2665,330;2669,314;2674,328;2678,328;2682,328;2687,328;2691,320;2696,334;2700,318;2704,320;2709,320;2713,326;2717,312;2722,326;2726,324;2730,324;2735,324;2739,316;2743,330;2748,302;2752,330;2756,314;2761,330;2765,320;2770,334;2774,320;2778,334;2783,320;2787,326;2791,340;2796,326;2800,324;2804,310;2809,324;2813,330;2817,344;2822,316;2826,330;2830,314;2835,328;2839,334;2844,320;2848,334;2852,318;2857,318;2861,324;2865,324;2870,324;2874,324;2878,322;2883,322;2887,328;2891,316;2896,328;2900,314;2905,314;2909,326;2913,320;2918,318;2922,332;2926,318;2931,332;2935,324;2939,310;2944,310;2948,308;2952,322;2957,322;2961,314;2965,314;2970,326;2974,312;2979,326;2983,318;2987,304;2992,316;2996,302;3000,316;3005,316;3009,320;3013,306;3018,320;3022,320;3026,320;3031,318;3035,296;3039,310;3044,308;3048,308;3053,294;3057,326;3061,312;3066,326;3070,310;3074,324;3079,310;3083,316;3087,314;3092,300;3096,314;3100,300;3105,312;3109,318;3114,318;3118,304;3122,318;3127,318;3131,296;3135,322;3140,308;3144,322;3148,308;3153,320;3157,312;3161,326;3166,312;3170,326;3174,310;3179,304;3183,316;3188,316;3192,330;3196,314;3201,328;3205,320;3209,334;3214,318;3218,334;3222,318;3227,332;3231,324;3235,308;3240,322;3244,322;3248,320;3253,320;3257,326;3262,312;3266,326;3270,326;3275,324;3279,330;3283,316;3288,316;3292,330;3296,330;3301,316;3305,322;3309,320;3314,334;3318,320;3322,320;3327,318;3331,310;3336,324;3340,324;3344,324;3349,308;3353,316;3357,314;3362,314;3366,312;3370,312;3375,298;3379,304;3383,316;3388,316;3392,316;3396,314;3401,314;3405,320;3410,322;3414,320;3418,320;3423,318;3427,310;3431,310;3436,296;3440,308;3444,308;3449,308;3453,314;3457,328;3462,314;3466,314;3470,312;3475,304;3479,304;3484,304;3488,304;3492,302;3497,302;3501,310;3505,322;3510,322;3514,322;3518,320;3523,322;3527,312;3531,298;3536,312;3540,312;3545,324;3549,302;3553,316;3558,316;3562,316;3566,316;3571,328;3575,320;3579,306;3584,320;3588,304;3592,332;3597,318;3601,310;3605,324;3610,324;3614,308;3619,324;3623,328;3627,314;3632,328;3636,314;3640,326;3645,312;3649,332;3653,318;3658,332;3662,316;3666,318;3671,316;3675,322;3679,322;3684,320;3688,320;3693,306;3697,326;3701,326;3706,324;3710,310;3714,324;3719,324;3723,316;3727,330;3732,314;3736,316;3740,300;3745,314;3749,320;3753,320;3758,304;3762,318;3767,304;3771,310;3775,324;3780,308;3784,322;3788,308;3793,308;3797,314;3801,314;3806,298;3810,312;3814,312;3819,324;3823,316;3827,316;3832,316;3836,302;3841,314;3845,306;3849,306;3854,304;3858,304;3862,304;3867,316;3871,310;3875,308;3880,308;3884,306;3888,306;3893,320;3897,312;3902,296;3906,310;3910,310;3915,322;3919,316;3923,314;3928,314;3932,300;3936,312;3941,312;3945,318;3949,304;3954,318;3958,316;3962,330;3967,316;3971,308;3976,320;3980,306;3984,320;3989,320;3993,326;3997,310;4002,324;4006,310;4010,324;4015,322;4019,314;4023,328;4028,314;4032,312;4036,326;4041,326;4045,304;4050,332;4054,316;4058,330;4063,316;4067,322;4071,322;4076,308;4080,320;4084,320;4089,320;4093,312;4097,326;4102,312;4106,324;4111,322;4115,316;4119,326;4124,302;4128,314;4132,314;4137,328;4141,306;4145,320;4150,306;4154,318;4158,318;4163,318;4167,324;4171,308;4176,308;4180,310;4185,322;4189,300;4193,314;4198,312;4202,326;4206,310;4211,310;4215,316;4219,300;4224,314;4228,314;4232,312;4237,312;4241,318;4245,302;4250,316;4254,302;4259,314;4263,308;4267,306;4272,306;4276,318;4280,318;4285,304;4289,322;4293,308;4298,320;4302,320;4306,306;4311,304;4315,310;4319,310;4324,310;4328,322;4333,308;4337,314;4341,312;4346,312;4350,310;4354,312;4359,310;4363,302;4367,314;4372,314;4376,328;4380,312;4385,326;4389,318;4393,332;4398,316;4402,330;4407,314;4411,322;4415,320;4420,306;4424,320;4428,318;4433,318;4437,310;4441,326;4446,324;4450,338;4454,322;4459,338;4463,314;4467,300;4472,314;4476,312;4481,312;4485,318;4489,332;4494,316;4498,316;4502,314;4507,330;4511,308;4515,322;4520,322;4524,320;4528,320;4533,306;4537,326;4542,312;4546,312;4550,310;4555,324;4559,316;4563,302;4568,314;4572,300;4576,314;4581,300;4585,320;4589,318;4594,334;4598,318;4602,332;4607,318;4611,310;4616,324;4620,308;4624,308;4629,308;4633,314;4637,314;4642,314;4646,298;4650,312;4655,312;4659,318;4663,318;4668,318;4672,318;4676,302;4681,310;4685,310;4690,310;4694,308;4698,308;4703,308;4707,316;4711,314;4716,314;4720,314;4724,300;4729,312;4733,320;4737,334;4742,318;4746,318;4751,304;4755,310;4759,310;4764,308;4768,322;4772,294;4777,308;4781,314;4785,328;4790,314;4794,326;4798,312;4803,326;4807,318;4811,304;4816,318;4820,302;4825,316;4829,310;4833,322;4838,308;4842,322;4846,308;4851,322;4855,326;4859,314;4864,312;4868,312;4872,312;4877,324;4881,316;4885,316;4890,328;4894,314;4899,328;4903,314;4907,320;4912,318;4916,304;4920,318;4925,318;4929,324;4933,308;4938,322;4942,322;4946,322;4951,320;4955,312;4959,326;4964,298;4968,312;4973,310;4977,318;4981,302;4986,316;4990,314;4994,316;4999,314;5003,306;5007,320;5012,306;5016,320;5020,318;5025,318;5029,298;5033,324;5038,310;5042,322;5047,308;5051,300;5055,300;5060,300;5064,312;5068,298;5073,312;5077,318;5081,318;5086,316;5090,316;5094,316;5099,316;5103,306;5107,294;5112,306;5116,292;5121,320;5125,312;5129,310;5134,310;5138,324;5142,310;5147,322;5151,316;5155,314;5160,328;5164,314;5168,328;5173,300;5177,334;5181,320;5186,332;5190,318;5195,332;5199,310;5203,310;5208,324;5212,310;5216,322;5221,322;5225,328;5229,314;5234,328;5238,314;5242,326;5247,304;5251,304;5256,316;5260,302;5264,316;5269,316;5273,322;5277,306;5282,320;5286,320;5290,320;5295,318;5299,310;5303,310;5308,324;5312,322;5316,322;5321,322;5325,314;5330,328;5334,314;5338,314;5343,312;5347,304;5351,316;5356,302;5360,316;5364,302;5369,316;5373,306;5377,320;5382,306;5386,320;5390,304;5395,310;5399,324;5404,310;5408,308;5412,322;5417,322;5421,300;5425,328;5430,312;5434,326;5438,312;5443,326;5447,304;5451,316;5456,316;5460,314;5464,302;5469,306;5473,320;5478,306;5482,320;5486,304;5491,304;5495,310;5499,310;5504,310;5508,294;5512,308;5517,306;5521,314;5525,312;5530,312;5534,312;5538,326;5543,310;5547,316;5552,316;5556,302;5560,314;5565,300;5569,322;5573,308;5578,320;5582,306;5586,320;5591,318;5595,298;5599,324;5604,310;5608,324;5613,310;5617,310;5621,314;5626,328;5630,314;5634,328;5639,312;5643,320;5647,318;5652,304;5656,316;5660,314;5665,316;5669,308;5673,322;5678,308;5682,322;5687,320;5691,314;5695,314;5700,312;5704,312;5708,312;5713,312;5717,316;5721,332;5726,316;5730,316;5734,316;5739,316;5743,308;5747,308;5752,322;5756,306;5761,320;5765,312;5769,326;5774,312;5778,326;5782,310;5787,324;5791,316;5795,300;5800,314;5804,314;5808,326;5813,304;5817,318;5822,304;5826,316;5830,316;5835,314;5839,320;5843,306;5848,304;5852,304;5856,304;5861,302;5865,322;5869,322;5874,318;5878,320;5882,320;5887,318;5891,310;5896,310;5900,296;5904,308;5909,308;5913,316;5917,314;5922,328;5926,314;5930,328;5935,312;5939,318;5943,318;5948,304;5952,316;5956,302;5961,314;5965,308;5970,334;5974,320;5978,320;5983,304;5987,296;5991,310;5996,296;6000,322;6004,308;6009,322;6013,314;6017,328;6022,312;6026,326;6030,312;6035,326;6039,316;6044,302;6048,314;6052,300;6057,314;6061,306;6065,318;6070,304;6074,304;6078,302;6083,302;6087,294;6091,294;6096,292;6100,292;6104,290;6109,296;6113,282;6118,280;6122,280;6126,294;6131,294;6135,284;6139,256;6144,298;6148,282;6152,296;6157,282;6161,272;6165,286;6170,284;6174,284;6178,298;6183,276;6187,260;6192,288;6196,274;6200,288;6205,288;6209,280;6213,278;6218,250;6222,278;6226,292;6231,284;6235,284;6239,282;6244,268;6248,280;6253,280;6257,272;6261,272;6266,270;6270,284;6274,284;6279,282;6283,288;6287,274;6292,274;6296,286;6300,272;6305,278;6309,278;6313,292;6318,278;6322,290;6327,276;6331,282;6335,282;6340,266;6344,280;6348,266;6353,278;6357,284;6361,298;6366,284;6370,296;6374,282;6379,288;6383,288;6388,286;6392,286;6396,284;6401,284;6405,276;6409,276;6414,274;6418,246;6422,288;6427,302;6431,278;6435,278;6440,278;6444,292;6448,290;6453,282;6457,296;6462,282;6466,294;6470,292;6475,266;6479,284;6483,270;6488,270;6492,270;6496,268;6501,254;6505,288;6509,286;6514,286;6518,272;6522,272;6527,292;6531,264;6536,276;6540,276;6544,276;6549,262;6553,296;6557,282;6562,282;6566,282;6570,296;6575,272;6579,260;6583,272;6588,272;6592,272;6596,256;\r\nBuffer sent in 0.973 secondsreturn;b;965\r\n'), 13:40:32
