bytearray(b'STEPPER: Moving to mstep: 2400 with speed [msteps/sec]: 4000 in SpreadCycle.\r\n'), 10:38:44
bytearray(b'STEPPER: Moved 2400.00 msteps (ramp: 35%) in 812.832 ms -> average speed [msteps/sec]: 2952.64\r\n'), 10:38:45
bytearray(b'received from UR: status -> status (0,1)\r\n*** STATUS ***\r\nid        :         3 -\r\nstep      :      2400 steps\r\nspeed     :      1500 msteps/s\r\nmspeed    :      1000 msteps/s\r\nsg-thrs   :        80 -\r\ndefault   :     12000 \xc2\xb5m\r\ndispense  :     30350 \xc2\xb5m\r\nblowout   :     33000 \xc2\xb5m\r\nd-offset  :        20 \xc2\xb5m\r\nur0       :         0 -\r\nur1       :         1 -\r\nhomed     :         1 -\r\nreturn;status;2400\r\n'), 10:38:47
bytearray(b'received from UR: measure -> measure (0,1)\r\nSTEPPER: Moving to mstep: 6600 with speed [msteps/sec]: 1000 in StealthChop.\r\n'), 10:38:48
bytearray(b'STEPPER: Moving to mstep: 2400 with speed [msteps/sec]: 4000 in SpreadCycle.\r\n'), 10:38:52
bytearray(b'STEPPER: Moved 4200.00 msteps (ramp: 35%) in 1324.888 ms -> average speed [msteps/sec]: 3170.08\r\nreturn;measure;965\r\n'), 10:38:54
bytearray(b'received from UR: buffer -> buffer (0,1)\r\nSending buffer of size 965data;2400,126;2404,458;2408,196;2413,296;2417,330;2421,314;2426,330;2430,326;2434,338;2439,324;2443,330;2447,328;2452,314;2456,326;2460,312;2465,324;2469,316;2474,330;2478,314;2482,328;2487,326;2491,332;2495,330;2500,330;2504,328;2508,326;2513,326;2517,318;2521,330;2526,328;2530,328;2534,326;2539,326;2543,330;2548,330;2552,342;2556,328;2561,326;2565,318;2569,332;2574,330;2578,330;2582,328;2587,342;2591,332;2595,318;2600,330;2604,316;2608,328;2613,314;2617,332;2622,318;2626,344;2630,330;2635,328;2639,322;2643,320;2648,332;2652,318;2656,330;2661,330;2665,322;2669,320;2674,334;2678,320;2682,318;2687,316;2691,322;2696,322;2700,320;2704,320;2709,320;2713,326;2717,324;2722,324;2726,324;2730,336;2735,322;2739,312;2743,326;2748,324;2752,324;2756,310;2761,322;2765,328;2770,340;2774,326;2778,338;2783,322;2787,328;2791,342;2796,314;2800,326;2804,312;2809,324;2813,316;2817,330;2822,316;2826,328;2830,312;2835,326;2839,332;2844,318;2848,316;2852,314;2857,328;2861,318;2865,332;2870,332;2874,330;2878,328;2883,328;2887,320;2891,318;2896,318;2900,318;2905,328;2909,320;2913,334;2918,318;2922,332;2926,316;2931,330;2935,320;2939,320;2944,320;2948,304;2952,316;2957,314;2961,322;2965,318;2970,320;2974,318;2979,332;2983,322;2987,306;2992,320;2996,304;3000,318;3005,316;3009,322;3013,306;3018,320;3022,318;3026,332;3031,316;3035,308;3039,308;3044,306;3048,306;3053,306;3057,324;3061,310;3066,324;3070,308;3074,320;3079,320;3083,298;3087,310;3092,308;3096,322;3100,308;3105,306;3109,312;3113,326;3118,310;3122,324;3127,322;3131,300;3135,312;3140,298;3144,310;3148,310;3153,324;3157,314;3161,314;3166,312;3170,322;3174,312;3179,338;3183,316;3187,300;3192,314;3196,298;3201,312;3205,314;3209,330;3214,314;3218,328;3222,312;3227,326;3231,330;3235,316;3240,314;3244,314;3248,312;3253,312;3257,332;3261,330;3266,330;3270,328;3275,326;3279,318;3283,316;3288,316;3292,314;3296,314;3301,312;3305,332;3309,316;3314,330;3318,314;3322,328;3327,326;3331,302;3336,316;3340,316;3344,328;3349,312;3353,318;3357,316;3362,330;3366,316;3370,314;3375,312;3379,304;3383,318;3388,302;3392,316;3396,300;3401,314;3405,320;3410,318;3414,318;3418,318;3423,316;3427,308;3431,306;3436,306;3440,318;3444,304;3449,316;3453,308;3457,322;3462,320;3466,320;3471,318;3475,296;3479,308;3484,308;3488,308;3492,306;3497,306;3501,310;3505,324;3510,310;3514,322;3518,322;3523,320;3527,312;3531,310;3536,324;3540,310;3545,308;3549,314;3553,326;3558,312;3562,324;3566,310;3571,322;3575,328;3579,312;3584,326;3588,310;3592,324;3597,322;3601,328;3605,312;3610,326;3614,312;3619,338;3623,316;3627,314;3632,314;3636,312;3640,312;3645,312;3649,330;3653,316;3658,328;3662,314;3666,326;3671,312;3675,318;3679,316;3684,316;3688,314;3693,314;3697,320;3701,318;3706,318;3710,316;3714,316;3719,316;3723,320;3727,334;3732,304;3736,318;3740,316;3745,330;3749,308;3753,320;3758,320;3762,320;3767,318;3771,310;3775,322;3780,308;3784,320;3788,306;3793,318;3797,310;3801,324;3806,308;3810,322;3814,306;3819,320;3823,312;3827,310;3832,308;3836,308;3841,306;3845,312;3849,324;3854,310;3858,324;3862,308;3867,308;3871,312;3875,312;3880,312;3884,296;3888,308;3893,308;3897,316;3902,314;3906,314;3910,312;3915,312;3919,318;3923,302;3928,316;3932,302;3936,314;3941,310;3945,320;3949,318;3954,318;3958,316;3962,330;3967,314;3971,306;3976,318;3980,304;3984,316;3989,316;3993,336;3997,322;4002,322;4006,320;4010,334;4015,318;4019,310;4023,310;4028,308;4032,308;4036,306;4041,306;4045,312;4050,326;4054,310;4058,324;4063,308;4067,328;4071,328;4076,312;4080,324;4084,310;4089,310;4093,314;4097,314;4102,312;4106,326;4111,312;4115,316;4119,316;4124,300;4128,314;4132,312;4137,312;4141,318;4145,318;4150,316;4154,316;4158,314;4163,326;4167,318;4171,304;4176,302;4180,300;4185,314;4189,320;4193,320;4198,304;4202,318;4206,314;4211,330;4215,306;4219,306;4224,320;4228,306;4232,304;4237,304;4241,324;4245,308;4250,308;4254,304;4259,320;4263,312;4267,310;4272,310;4276,294;4280,306;4285,294;4289,312;4293,312;4298,312;4302,310;4306,308;4311,308;4315,300;4319,312;4324,312;4328,324;4333,310;4337,322;4341,314;4346,328;4350,312;4354,326;4359,312;4363,316;4367,316;4372,314;4376,328;4380,300;4385,326;4389,318;4393,332;4398,316;4402,330;4407,314;4411,306;4415,318;4420,302;4424,316;4428,302;4433,314;4437,320;4441,320;4446,318;4450,318;4454,316;4459,328;4463,320;4467,304;4472,304;4476,318;4481,316;4485,308;4489,320;4494,320;4498,318;4502,318;4507,330;4511,322;4515,306;4520,320;4524,306;4528,318;4533,304;4537,324;4542,322;4546,322;4550,308;4555,320;4559,326;4563,312;4568,310;4572,310;4576,310;4581,308;4585,314;4589,314;4594,326;4598,310;4602,324;4607,316;4611,300;4616,314;4620,312;4624,312;4629,310;4633,316;4637,316;4642,314;4646,314;4650,326;4655,312;4659,302;4663,302;4668,300;4672,300;4676,298;4681,318;4685,302;4690,316;4694,314;4698,314;4703,312;4707,304;4711,318;4716,302;4720,316;4724,300;4729,328;4733,306;4737,318;4742,316;4746,314;4751,314;4755,306;4759,318;4764,318;4768,330;4772,316;4777,314;4781,320;4785,334;4790,318;4794,318;4798,316;4803,330;4807,322;4811,320;4816,320;4820,304;4825,318;4829,308;4833,322;4838,308;4842,320;4846,306;4851,320;4855,324;4859,322;4864,322;4868,306;4872,320;4877,318;4881,312;4885,308;4890,322;4894,306;4899,320;4903,318;4907,310;4912,322;4916,308;4920,308;4925,304;4929,324;4933,310;4938,322;4942,306;4946,320;4951,318;4955,296;4959,308;4964,308;4968,320;4973,306;4977,306;4981,310;4986,324;4990,308;4994,322;4999,306;5003,298;5007,310;5012,310;5016,322;5020,308;5025,308;5029,312;5033,326;5038,310;5042,324;5047,308;5051,300;5055,314;5060,298;5064,312;5068,310;5073,310;5077,314;5081,314;5086,312;5090,312;5094,310;5099,302;5103,314;5108,314;5112,312;5116,296;5121,310;5125,316;5129,316;5134,314;5138,312;5142,312;5147,326;5151,316;5155,302;5160,314;5164,312;5168,326;5173,312;5177,330;5182,316;5186,330;5190,314;5195,326;5199,318;5203,304;5208,316;5212,300;5216,314;5221,314;5225,320;5229,318;5234,332;5238,316;5242,330;5247,306;5251,304;5256,304;5260,304;5264,302;5269,316;5273,320;5277,320;5282,318;5286,318;5290,316;5295,316;5299,320;5303,304;5308,304;5312,304;5316,302;5321,316;5325,320;5330,320;5334,318;5338,318;5343,316;5347,308;5351,320;5356,306;5360,306;5364,304;5369,316;5373,308;5377,322;5382,320;5386,320;5390,304;5395,310;5399,308;5404,294;5408,306;5412,306;5417,318;5421,310;5425,324;5430,308;5434,322;5438,308;5443,320;5447,298;5451,296;5456,310;5460,294;5465,308;5469,314;5473,312;5478,312;5482,312;5486,310;5491,324;5495,314;5499,300;5504,312;5508,312;5512,310;5517,310;5521,316;5525,314;5530,328;5534,312;5539,312;5543,316;5547,316;5552,314;5556,312;5560,312;5565,310;5569,330;5573,302;5578,328;5582,314;5586,326;5591,312;5595,316;5599,314;5604,300;5608,314;5613,312;5617,310;5621,316;5626,330;5630,314;5634,326;5639,312;5643,304;5647,316;5652,302;5656,314;5660,314;5665,326;5669,304;5674,318;5678,316;5682,316;5687,314;5691,320;5695,318;5700,304;5704,316;5708,316;5713,316;5717,306;5721,320;5726,318;5730,318;5734,316;5739,308;5743,322;5748,308;5752,320;5756,306;5761,318;5765,310;5769,310;5774,308;5778,320;5782,306;5787,320;5791,312;5795,310;5800,310;5804,308;5808,320;5813,306;5817,326;5822,310;5826,324;5830,308;5835,322;5839,314;5843,312;5848,312;5852,296;5856,310;5861,310;5865,318;5869,314;5874,314;5878,312;5882,312;5887,302;5891,302;5896,316;5900,300;5904,300;5909,298;5913,318;5917,318;5922,318;5926,302;5930,316;5935,314;5939,306;5943,320;5948,304;5952,304;5956,302;5961,316;5965,308;5970,322;5974,306;5978,320;5983,318;5987,294;5991,308;5996,306;6000,320;6004,306;6009,318;6013,308;6017,310;6022,294;6026,292;6030,290;6035,280;6039,282;6044,280;6048,280;6052,280;6057,278;6061,284;6065,284;6070,296;6074,296;6078,294;6083,272;6087,286;6091,284;6096,284;6100,284;6105,282;6109,288;6113,286;6118,286;6122,298;6126,284;6131,282;6135,274;6139,274;6144,274;6148,272;6152,284;6157,278;6161,290;6165,290;6170,302;6174,288;6179,286;6183,278;6187,276;6192,276;6196,276;6200,288;6205,260;6209,294;6213,292;6218,292;6222,276;6226,248;6231,280;6235,280;6240,294;6244,278;6248,278;6253,262;6257,296;6261,282;6266,282;6270,280;6274,250;6279,278;6283,284;6287,284;6292,268;6296,268;6300,268;6305,274;6309,272;6314,272;6318,284;6322,284;6327,282;6331,274;6335,288;6340,286;6344,286;6348,284;6353,298;6357,290;6361,290;6366,276;6370,274;6374,274;6379,280;6383,278;6388,278;6392,278;6396,278;6401,276;6405,268;6409,282;6414,282;6418,294;6422,280;6427,258;6431,284;6435,284;6440,284;6444,284;6448,282;6453,274;6457,288;6462,286;6466,286;6470,284;6475,270;6479,276;6483,262;6488,274;6492,272;6496,260;6501,272;6505,278;6509,276;6514,248;6518,276;6522,290;6527,280;6531,266;6536,266;6540,250;6544,278;6549,276;6553,282;6557,282;6562,240;6566,280;6570,294;6575,278;6579,270;6583,268;6588,268;6592,266;6596,266;\r\nBuffer sent in 0.973 secondsreturn;buffer;965\r\n'), 10:38:56
bytearray(b'received from UR: measure -> measure (0,1)\r\nSTEPPER: Moving to mstep: 6600 with speed [msteps/sec]: 1000 in StealthChop.\r\n'), 10:38:57
bytearray(b'STEPPER: Moving to mstep: 2400 with speed [msteps/sec]: 4000 in SpreadCycle.\r\n'), 10:39:01
bytearray(b'STEPPER: Moved 4200.00 msteps (ramp: 35%) in 1324.888 ms -> average speed [msteps/sec]: 3170.08\r\nreturn;measure;965\r\n'), 10:39:02
bytearray(b'received from UR: buffer -> buffer (0,1)\r\nSending buffer of size 965data;2400,306;2404,466;2408,134;2413,276;2417,318;2421,324;2426,338;2430,322;2434,336;2439,322;2443,326;2447,340;2452,326;2456,324;2460,324;2465,322;2469,328;2474,330;2478,328;2482,328;2487,326;2491,332;2495,332;2500,316;2504,330;2508,330;2513,328;2517,318;2521,334;2526,318;2530,332;2534,318;2539,332;2543,324;2548,322;2552,336;2556,308;2561,320;2565,326;2569,340;2574,326;2578,338;2582,324;2587,338;2591,330;2595,328;2600,328;2604,312;2608,326;2613,310;2617,330;2622,330;2626,342;2630,328;2635,328;2639,320;2643,306;2648,318;2652,318;2656,330;2661,316;2665,338;2669,322;2674,336;2678,320;2682,334;2687,318;2691,324;2696,324;2700,324;2704,324;2709,308;2713,330;2717,328;2722,342;2726,326;2730,326;2735,326;2739,318;2743,332;2748,330;2752,330;2756,316;2761,328;2765,320;2770,334;2774,320;2778,334;2783,318;2787,324;2791,324;2796,322;2800,322;2804,308;2809,320;2813,314;2817,326;2822,326;2826,340;2830,324;2835,340;2839,316;2844,300;2848,314;2852,314;2857,314;2861,318;2865,332;2870,318;2874,332;2878,316;2883,330;2887,322;2891,322;2896,320;2900,306;2905,334;2909,312;2913,326;2918,324;2922,324;2926,322;2931,336;2935,314;2939,300;2944,328;2948,312;2952,326;2957,310;2961,318;2965,316;2970,330;2974,316;2979,330;2983,306;2987,306;2992,320;2996,304;3000,318;3005,304;3009,324;3013,308;3018,322;3022,322;3026,322;3031,320;3035,312;3039,310;3044,310;3048,310;3053,308;3057,316;3061,314;3066,314;3070,312;3074,326;3079,312;3083,318;3087,316;3092,316;3096,314;3100,300;3105,312;3109,318;3113,318;3118,316;3122,316;3127,316;3131,294;3135,306;3140,306;3144,318;3148,304;3153,318;3157,324;3161,324;3166,308;3170,336;3174,306;3179,320;3183,326;3187,310;3192,324;3196,322;3201,322;3205,314;3209,326;3214,312;3218,340;3222,310;3227,324;3231,316;3235,314;3240,314;3244,314;3248,326;3253,326;3257,332;3261,316;3266,330;3270,314;3275,328;3279,318;3283,318;3288,316;3292,316;3296,316;3301,314;3305,334;3309,318;3314,318;3318,316;3322,330;3327,328;3331,306;3335,306;3340,304;3344,332;3349,316;3353,322;3357,308;3362,322;3366,320;3370,320;3375,320;3379,310;3383,310;3388,296;3392,308;3396,294;3401,320;3405,312;3410,326;3414,310;3418,324;3423,308;3427,314;3431,312;3436,312;3440,310;3444,310;3449,310;3453,314;3457,314;3462,314;3466,314;3470,312;3475,312;3479,316;3484,316;3488,302;3492,300;3497,300;3501,318;3505,318;3510,318;3514,318;3518,316;3523,316;3527,306;3531,304;3536,318;3540,318;3545,316;3549,308;3553,322;3558,306;3562,320;3566,306;3571,320;3575,324;3579,310;3584,324;3588,322;3592,322;3597,306;3601,326;3605,312;3610,326;3614,310;3619,324;3623,314;3627,314;3632,314;3636,312;3640,312;3645,310;3649,332;3653,316;3658,330;3662,314;3666,328;3671,314;3675,320;3679,318;3684,318;3688,316;3693,314;3697,328;3701,306;3706,320;3710,318;3714,318;3719,318;3723,324;3727,322;3732,308;3736,320;3740,306;3745,320;3749,312;3753,310;3758,310;3762,324;3767,308;3771,314;3775,314;3780,312;3784,312;3788,310;3793,310;3797,316;3801,316;3806,314;3810,328;3814,312;3819,326;3823,316;3827,316;3832,316;3836,316;3841,314;3845,306;3849,318;3854,304;3858,318;3862,302;3867,314;3871,306;3875,304;3880,318;3884,316;3888,316;3893,316;3897,320;3901,320;3906,318;3910,318;3915,318;3919,308;3923,308;3928,320;3932,306;3936,318;3941,304;3945,324;3949,322;3954,322;3958,320;3962,320;3967,318;3971,310;3976,324;3980,308;3984,320;3989,306;3993,326;3997,310;4002,338;4006,308;4010,322;4015,308;4019,298;4023,324;4028,310;4032,310;4036,310;4041,308;4045,314;4050,326;4054,310;4058,336;4063,322;4067,314;4071,312;4076,312;4080,310;4084,310;4089,322;4093,314;4097,328;4102,326;4106,324;4110,312;4115,316;4119,330;4124,328;4128,328;4132,312;4137,326;4141,318;4145,318;4150,316;4154,316;4158,314;4163,314;4167,318;4171,302;4176,304;4180,316;4184,316;4189,306;4193,320;4198,304;4202,318;4206,316;4211,316;4215,320;4219,306;4224,306;4228,304;4232,318;4237,318;4241,310;4245,308;4250,322;4254,306;4258,320;4263,312;4267,310;4272,308;4276,308;4280,308;4285,306;4289,312;4293,310;4298,310;4302,310;4306,310;4311,308;4315,314;4319,314;4324,298;4328,300;4333,298;4337,312;4341,318;4346,318;4350,316;4354,330;4359,316;4363,306;4367,320;4372,318;4376,318;4380,304;4385,318;4389,308;4393,322;4398,308;4402,334;4407,320;4411,312;4415,324;4420,310;4424,324;4428,322;4433,320;4437,314;4441,326;4446,312;4450,324;4454,310;4459,324;4463,314;4467,314;4472,314;4476,312;4481,312;4485,314;4489,318;4494,316;4498,314;4502,314;4507,328;4511,320;4515,318;4520,318;4524,316;4528,316;4533,300;4537,320;4541,320;4546,320;4550,318;4555,318;4559,308;4563,294;4568,306;4572,306;4576,318;4581,304;4585,324;4589,310;4594,322;4598,320;4602,320;4607,318;4611,308;4616,308;4620,308;4624,306;4629,306;4633,326;4637,310;4642,310;4646,308;4650,322;4655,306;4659,312;4663,312;4668,310;4672,308;4676,308;4681,308;4685,312;4690,326;4694,310;4698,310;4703,308;4707,314;4711,314;4716,312;4720,312;4724,312;4729,310;4733,316;4737,328;4742,314;4746,312;4750,312;4755,302;4759,316;4764,314;4768,328;4772,314;4777,326;4781,318;4785,332;4790,316;4794,330;4798,314;4803,328;4807,320;4811,304;4816,318;4820,316;4824,316;4829,308;4833,322;4838,306;4842,332;4846,318;4851,332;4855,308;4859,308;4864,308;4868,306;4872,306;4877,306;4881,326;4885,324;4890,324;4894,322;4898,322;4903,322;4907,314;4912,312;4916,312;4920,310;4925,310;4929,330;4933,316;4938,316;4942,316;4946,328;4951,312;4955,304;4959,318;4964,302;4968,316;4972,314;4977,316;4981,306;4986,320;4990,306;4994,318;4999,318;5003,310;5007,310;5012,308;5016,308;5020,308;5025,322;5029,300;5033,312;5038,312;5042,324;5047,310;5051,302;5055,302;5060,302;5064,300;5068,300;5073,298;5077,318;5081,318;5086,316;5090,316;5094,314;5099,314;5103,306;5107,304;5112,316;5116,316;5121,316;5125,306;5129,320;5134,306;5138,318;5142,316;5147,318;5151,322;5155,308;5160,322;5164,306;5168,320;5173,304;5177,324;5181,310;5186,324;5190,322;5195,334;5199,312;5203,298;5208,310;5212,310;5216,310;5221,308;5225,328;5229,314;5234,328;5238,312;5242,326;5247,310;5251,316;5256,312;5260,300;5264,300;5269,298;5273,320;5277,318;5282,318;5286,316;5290,316;5295,314;5299,320;5303,304;5308,304;5312,318;5316,316;5321,316;5325,308;5330,320;5334,320;5338,318;5343,318;5347,310;5351,322;5356,308;5360,320;5364,306;5369,318;5373,310;5377,310;5382,308;5386,322;5390,308;5395,320;5399,312;5404,312;5408,310;5412,296;5417,296;5421,316;5425,316;5430,300;5434,314;5438,312;5443,326;5447,318;5451,316;5456,316;5460,302;5464,314;5469,306;5473,306;5478,304;5482,318;5486,316;5491,316;5495,308;5499,306;5504,306;5508,304;5512,304;5517,304;5521,322;5525,308;5530,320;5534,306;5538,318;5543,306;5547,310;5552,324;5556,308;5560,308;5565,306;5569,328;5573,312;5578,326;5582,310;5586,324;5591,308;5595,302;5599,314;5604,298;5608,312;5613,312;5617,312;5621,316;5626,330;5630,316;5634,328;5639,314;5643,320;5647,318;5652,318;5656,316;5660,316;5665,314;5669,320;5673,320;5678,318;5682,318;5687,316;5691,308;5695,308;5700,306;5704,306;5708,304;5713,318;5717,310;5721,310;5726,308;5730,322;5734,320;5739,320;5743,312;5747,310;5752,310;5756,308;5761,308;5765,314;5769,326;5774,298;5778,310;5782,310;5787,322;5791,314;5795,300;5800,312;5804,296;5808,310;5813,308;5817,316;5821,314;5826,314;5830,312;5835,326;5839,304;5843,302;5848,316;5852,316;5856,314;5861,314;5865,320;5869,304;5874,318;5878,304;5882,302;5887,302;5891,306;5896,306;5900,304;5904,304;5909,290;5913,322;5917,322;5922,320;5926,306;5930,320;5935,318;5939,310;5943,322;5948,306;5952,306;5956,304;5961,318;5965,310;5970,324;5974,308;5978,322;5983,306;5987,312;5991,312;5996,310;6000,310;6004,310;6009,310;6013,314;6017,312;6022,298;6026,308;6030,296;6035,288;6039,286;6044,286;6048,284;6052,284;6057,268;6061,288;6065,274;6070,272;6074,272;6078,286;6083,284;6087,276;6091,288;6096,288;6100,288;6104,272;6109,292;6113,276;6118,276;6122,276;6126,276;6131,288;6135,280;6139,280;6144,278;6148,278;6152,276;6157,284;6161,284;6165,268;6170,282;6174,280;6178,280;6183,286;6187,284;6192,284;6196,284;6200,282;6205,282;6209,288;6213,274;6218,272;6222,286;6226,284;6231,276;6235,290;6239,274;6244,260;6248,288;6253,286;6257,280;6261,278;6266,264;6270,262;6274,262;6279,274;6283,280;6287,266;6292,264;6296,292;6300,278;6305,268;6309,282;6313,282;6318,294;6322,294;6327,292;6331,270;6335,270;6340,268;6344,282;6348,282;6353,280;6357,286;6361,272;6366,284;6370,284;6374,282;6379,274;6383,274;6387,272;6392,272;6396,286;6401,284;6405,290;6409,290;6414,288;6418,288;6422,288;6427,264;6431,278;6435,278;6440,276;6444,290;6448,288;6453,268;6457,280;6461,278;6466,250;6470,278;6475,292;6479,282;6483,268;6488,266;6492,266;6496,280;6501,280;6505,286;6509,284;6514,270;6518,270;6522,282;6527,288;6531,260;6535,274;6540,272;6544,272;6549,272;6553,278;6557,276;6562,290;6566,290;6570,288;6575,266;6579,266;6583,278;6588,278;6592,276;6596,262;\r\nBuffer sent in 0.973 secondsreturn;buffer;965\r\n'), 10:39:04
bytearray(b'received from UR: measure -> measure (0,1)\r\nSTEPPER: Moving to mstep: 6600 with speed [msteps/sec]: 1000 in StealthChop.\r\n'), 10:39:05
bytearray(b'STEPPER: Moving to mstep: 2400 with speed [msteps/sec]: 4000 in SpreadCycle.\r\n'), 10:39:10
bytearray(b'STEPPER: Moved 4200.00 msteps (ramp: 35%) in 1324.888 ms -> average speed [msteps/sec]: 3170.08\r\nreturn;measure;965\r\n'), 10:39:11
bytearray(b'received from UR: buffer -> buffer (0,1)\r\nSending buffer of size 965data;2400,294;2404,450;2408,160;2413,274;2417,316;2421,322;2426,336;2430,320;2434,334;2439,320;2443,324;2447,324;2452,308;2456,322;2460,322;2465,334;2469,312;2474,326;2478,324;2482,324;2487,324;2491,330;2495,330;2500,314;2504,328;2508,326;2513,326;2517,318;2521,332;2526,316;2530,330;2534,328;2539,328;2543,334;2548,304;2552,318;2556,318;2561,330;2565,322;2569,336;2574,322;2578,336;2582,320;2587,334;2591,340;2595,312;2600,338;2604,308;2608,322;2613,322;2617,328;2622,326;2626,340;2630,324;2635,326;2639,330;2643,330;2648,328;2652,314;2656,328;2661,312;2665,332;2669,332;2674,330;2678,316;2683,330;2687,320;2691,334;2696,334;2700,318;2704,332;2709,316;2713,322;2717,322;2722,334;2726,320;2730,332;2735,318;2739,324;2743,338;2748,322;2752,334;2757,306;2761,320;2765,324;2770,338;2774,324;2778,338;2783,322;2787,312;2791,340;2796,312;2800,324;2804,324;2809,338;2813,314;2817,330;2822,314;2826,328;2831,326;2835,304;2839,318;2844,316;2848,316;2852,302;2857,316;2861,322;2865,334;2870,320;2874,334;2878,318;2883,320;2887,324;2891,322;2896,322;2900,308;2905,320;2909,326;2913,326;2918,324;2922,324;2926,322;2931,322;2935,328;2939,314;2944,326;2948,312;2952,326;2957,326;2961,318;2965,302;2970,316;2974,314;2979,328;2983,320;2987,306;2992,318;2996,304;3000,318;3005,318;3009,322;3013,308;3018,322;3022,322;3026,322;3031,320;3035,298;3039,312;3044,310;3048,310;3053,296;3057,308;3061,316;3066,328;3070,314;3074,328;3079,314;3083,304;3087,304;3092,304;3096,316;3100,302;3105,316;3109,322;3113,322;3118,320;3122,320;3127,320;3131,298;3135,312;3140,310;3144,324;3148,310;3153,324;3157,314;3161,328;3166,326;3170,326;3174,312;3179,326;3183,330;3188,316;3192,316;3196,300;3201,314;3205,320;3209,334;3214,318;3218,318;3222,316;3227,330;3231,322;3235,322;3240,320;3244,306;3248,318;3253,318;3257,324;3262,310;3266,324;3270,322;3275,322;3279,328;3283,314;3288,328;3292,326;3296,326;3301,312;3305,318;3309,316;3314,330;3318,314;3323,328;3327,314;3331,318;3336,332;3340,318;3344,318;3349,302;3353,322;3357,322;3362,322;3366,306;3370,320;3375,304;3379,310;3383,322;3388,308;3392,322;3397,308;3401,320;3405,312;3410,326;3414,310;3418,324;3423,308;3427,302;3431,314;3436,300;3440,314;3444,314;3449,312;3453,304;3457,318;3462,302;3466,316;3471,316;3475,308;3479,320;3484,306;3488,306;3492,306;3497,318;3501,310;3505,324;3510,310;3514,322;3518,306;3523,320;3527,312;3531,312;3536,322;3540,308;3545,322;3549,314;3553,326;3558,312;3562,326;3566,310;3571,322;3575,316;3579,314;3584,328;3588,312;3592,326;3597,310;3601,330;3605,316;3610,330;3614,314;3619,328;3623,320;3627,320;3632,318;3636,318;3640,318;3645,316;3649,322;3653,322;3658,322;3662,306;3666,320;3671,318;3675,324;3679,324;3684,322;3688,322;3693,306;3697,318;3701,326;3706,326;3710,310;3714,324;3719,308;3723,314;3727,328;3732,312;3736,326;3740,310;3745,312;3749,328;3753,302;3758,314;3762,314;3767,314;3771,306;3775,318;3780,304;3784,318;3788,304;3793,316;3797,308;3801,322;3806,320;3810,336;3814,320;3819,320;3823,312;3828,310;3832,310;3836,310;3841,322;3845,300;3849,328;3854,312;3858,326;3862,312;3867,312;3871,304;3875,304;3880,316;3884,316;3888,314;3893,308;3897,320;3902,320;3906,320;3910,304;3915,316;3919,310;3923,310;3928,322;3932,308;3936,320;3941,292;3945,326;3949,310;3954,324;3958,322;3962,308;3967,314;3971,300;3976,326;3980,312;3984,326;3989,310;3993,330;3997,316;4002,330;4006,314;4010,328;4015,312;4019,318;4023,318;4028,302;4032,316;4036,316;4041,316;4045,320;4050,320;4054,304;4058,318;4063,316;4067,322;4071,322;4076,322;4080,320;4084,306;4089,318;4093,324;4097,324;4102,322;4106,322;4110,320;4115,298;4119,312;4124,310;4128,324;4132,294;4137,310;4141,314;4145,314;4150,312;4154,326;4158,310;4163,324;4167,328;4171,314;4176,312;4180,298;4184,310;4189,316;4193,316;4198,300;4202,314;4206,314;4211,314;4215,318;4219,318;4224,316;4228,302;4232,316;4237,314;4241,308;4245,306;4250,318;4254,304;4259,318;4263,310;4267,308;4272,308;4276,292;4280,306;4285,318;4289,310;4293,296;4298,310;4302,308;4306,320;4311,320;4315,298;4319,312;4324,296;4328,310;4333,294;4337,314;4341,314;4346,312;4350,312;4354,324;4359,310;4363,316;4367,328;4372,314;4376,328;4380,298;4385,312;4389,316;4394,330;4398,314;4402,328;4407,312;4411,304;4415,318;4420,316;4424,330;4428,314;4433,314;4437,320;4441,332;4446,318;4450,330;4454,316;4459,328;4463,320;4468,306;4472,318;4476,318;4481,316;4485,308;4489,322;4494,322;4498,322;4502,320;4507,320;4511,324;4515,310;4520,320;4524,322;4528,322;4533,308;4537,328;4542,312;4546,326;4550,324;4555,324;4559,314;4563,300;4568,314;4572,298;4576,312;4581,310;4585,330;4589,316;4594,328;4598,314;4602,328;4607,304;4611,304;4616,316;4620,302;4624,314;4629,300;4633,320;4637,318;4642,320;4646,318;4650,318;4655,316;4659,308;4663,308;4668,292;4672,306;4676,304;4681,312;4685,310;4690,324;4694,308;4698,308;4703,306;4707,298;4711,312;4716,298;4720,310;4724,296;4729,308;4733,312;4737,314;4742,314;4746,314;4750,312;4755,304;4759,318;4764,316;4768,316;4772,300;4777,314;4781,306;4785,318;4790,316;4794,330;4798,316;4803,328;4807,306;4811,304;4816,318;4820,316;4825,316;4829,308;4833,322;4838,306;4842,320;4846,318;4851,318;4855,324;4859,308;4864,308;4868,320;4872,320;4877,320;4881,326;4885,310;4890,324;4894,322;4899,322;4903,314;4907,300;4912,312;4916,312;4920,312;4925,296;4929,330;4933,316;4938,314;4942,314;4946,314;4951,312;4955,304;4960,318;4964,302;4968,316;4973,302;4977,322;4981,320;4986,320;4990,318;4994,332;4999,316;5003,308;5007,308;5012,292;5016,306;5020,304;5025,304;5029,310;5034,324;5038,308;5042,320;5047,306;5051,298;5055,310;5060,310;5064,310;5068,294;5073,308;5077,312;5081,312;5086,312;5090,324;5094,310;5099,302;5103,300;5108,300;5112,312;5116,298;5121,312;5125,316;5129,316;5134,314;5138,314;5142,312;5147,312;5151,318;5155,302;5160,316;5164,314;5168,328;5173,304;5177,318;5182,304;5186,330;5190,314;5195,328;5199,320;5203,304;5208,318;5212,318;5216,316;5221,316;5225,322;5229,306;5234,320;5238,318;5242,318;5247,302;5251,308;5256,308;5260,320;5264,320;5269,318;5273,310;5277,308;5282,322;5286,320;5290,318;5295,304;5299,310;5303,310;5308,308;5312,308;5316,306;5321,308;5325,312;5330,310;5334,310;5338,322;5343,322;5347,298;5351,312;5356,312;5360,310;5364,310;5369,308;5373,314;5377,314;5382,312;5386,312;5391,298;5395,302;5399,316;5404,316;5408,316;5412,314;5417,312;5421,304;5425,318;5430,316;5434,316;5438,300;5443,328;5447,306;5451,304;5456,304;5460,302;5465,302;5469,308;5473,322;5478,306;5482,320;5486,318;5491,318;5495,310;5499,308;5504,304;5508,292;5512,306;5517,304;5521,326;5525,310;5530,324;5534,322;5539,322;5543,314;5547,312;5552,326;5556,310;5560,310;5565,296;5569,330;5573,314;5578,328;5582,312;5586,326;5591,312;5595,304;5599,316;5604,302;5608,316;5613,300;5617,322;5621,320;5626,334;5630,318;5634,332;5639,316;5643,308;5647,308;5652,306;5656,306;5660,306;5665,304;5669,310;5674,324;5678,310;5682,310;5687,308;5691,312;5695,312;5700,312;5704,326;5708,310;5713,324;5717,316;5721,314;5726,314;5730,314;5734,312;5739,304;5743,316;5748,316;5752,316;5756,300;5761,314;5765,306;5769,318;5774,304;5778,316;5782,302;5787,316;5791,306;5795,306;5800,320;5804,304;5808,318;5813,302;5817,322;5822,308;5826,320;5830,306;5835,320;5839,310;5843,310;5848,310;5852,308;5856,308;5861,294;5865,326;5869,312;5874,312;5878,310;5882,324;5887,322;5891,300;5896,312;5900,298;5904,312;5909,296;5913,316;5917,314;5922,314;5926,314;5930,328;5935,312;5939,290;5943,304;5948,302;5952,316;5957,316;5961,316;5965,306;5970,320;5974,306;5978,320;5983,304;5987,308;5991,308;5996,308;6000,322;6004,306;6009,320;6013,312;6017,312;6022,296;6026,294;6031,280;6035,286;6039,284;6044,298;6048,284;6052,282;6057,282;6061,288;6065,302;6070,286;6074,274;6078,284;6083,264;6087,290;6092,290;6096,288;6100,288;6105,288;6109,280;6113,264;6118,278;6122,278;6126,290;6131,290;6135,282;6139,282;6144,280;6148,280;6152,278;6157,298;6161,282;6166,282;6170,282;6174,294;6179,294;6183,272;6187,256;6192,284;6196,282;6200,296;6205,282;6209,274;6213,272;6218,286;6222,284;6226,298;6231,290;6235,288;6240,288;6244,288;6248,286;6253,270;6257,290;6261,290;6266,290;6270,288;6274,286;6279,268;6283,266;6287,266;6292,266;6296,278;6300,248;6305,298;6309,282;6314,282;6318,280;6322,266;6327,266;6331,258;6335,272;6340,270;6344,270;6348,256;6353,282;6357,288;6361,276;6366,288;6370,302;6374,286;6379,264;6383,278;6388,276;6392,276;6396,262;6401,274;6405,282;6409,280;6414,280;6418,294;6422,278;6427,256;6431,282;6435,282;6440,282;6444,282;6448,280;6453,272;6457,242;6462,284;6466,284;6470,282;6475,282;6479,274;6483,258;6488,272;6492,272;6496,286;6501,276;6505,262;6509,290;6514,288;6518,288;6522,274;6527,280;6531,278;6536,292;6540,276;6544,290;6549,276;6553,268;6557,280;6562,294;6566,280;6570,278;6575,270;6579,270;6583,268;6588,268;6592,268;6597,266;\r\nBuffer sent in 0.973 secondsreturn;buffer;965\r\n'), 10:39:13
bytearray(b'received from UR: measure -> measure (0,1)\r\nSTEPPER: Moving to mstep: 6600 with speed [msteps/sec]: 1000 in StealthChop.\r\n'), 10:39:14
bytearray(b'STEPPER: Moving to mstep: 2400 with speed [msteps/sec]: 4000 in SpreadCycle.\r\n'), 10:39:18
bytearray(b'STEPPER: Moved 4200.00 msteps (ramp: 35%) in 1324.880 ms -> average speed [msteps/sec]: 3170.10\r\nreturn;measure;965\r\n'), 10:39:20
bytearray(b'received from UR: buffer -> buffer (0,1)\r\nSending buffer of size 965data;2400,304;2404,450;2408,160;2413,274;2417,316;2421,324;2426,338;2430,322;2434,336;2439,320;2443,326;2447,326;2452,324;2456,324;2460,310;2465,322;2469,328;2474,342;2478,326;2482,326;2487,324;2491,330;2495,316;2500,316;2504,328;2508,314;2513,314;2517,320;2521,334;2526,318;2530,332;2534,332;2539,332;2543,338;2548,308;2552,322;2556,308;2561,322;2565,328;2569,328;2574,312;2578,328;2582,326;2587,340;2591,332;2595,316;2600,330;2604,316;2608,316;2613,314;2617,336;2622,320;2626,334;2630,318;2635,332;2639,324;2643,324;2648,322;2652,308;2656,322;2661,320;2665,328;2669,326;2674,326;2678,326;2682,326;2687,324;2691,318;2696,330;2700,316;2704,328;2709,310;2713,334;2717,332;2722,332;2726,330;2730,330;2735,330;2739,320;2743,334;2748,306;2752,332;2756,318;2761,318;2765,322;2770,338;2774,322;2778,336;2783,320;2787,312;2791,340;2796,312;2800,324;2804,310;2809,324;2813,316;2817,328;2822,314;2826,328;2830,312;2835,326;2839,330;2844,316;2848,316;2852,314;2857,314;2861,320;2865,334;2870,332;2874,332;2878,318;2883,330;2887,322;2891,306;2896,320;2900,318;2904,318;2909,318;2913,324;2918,322;2922,322;2926,322;2931,334;2935,326;2939,312;2944,312;2948,310;2952,324;2957,322;2961,314;2965,312;2970,326;2974,310;2979,324;2983,310;2987,316;2992,328;2996,300;3000,314;3005,312;3009,318;3013,304;3018,318;3022,316;3026,330;3031,316;3035,308;3039,320;3044,306;3048,318;3053,318;3057,310;3061,308;3066,322;3070,322;3074,320;3079,320;3083,298;3087,310;3092,310;3096,310;3100,308;3105,308;3109,314;3113,314;3118,312;3122,312;3127,312;3131,304;3135,316;3140,302;3144,316;3148,300;3153,314;3157,320;3161,322;3166,320;3170,334;3174,318;3179,332;3183,324;3187,310;3192,322;3196,308;3201,320;3205,314;3209,326;3214,312;3218,326;3222,310;3227,338;3231,316;3235,302;3240,314;3244,314;3248,314;3253,312;3257,332;3262,318;3266,330;3270,316;3275,330;3279,322;3283,320;3288,320;3292,306;3296,318;3301,318;3305,324;3309,308;3314,322;3318,322;3322,322;3327,320;3331,312;3336,326;3340,310;3344,310;3349,308;3353,330;3357,328;3362,328;3366,314;3370,326;3375,312;3379,304;3383,316;3388,302;3392,314;3396,300;3401,314;3405,320;3410,334;3414,318;3418,318;3423,318;3427,308;3431,308;3436,310;3440,308;3444,306;3449,320;3453,310;3457,310;3462,310;3466,324;3470,308;3475,322;3479,314;3484,312;3488,312;3492,298;3497,310;3501,316;3505,316;3510,314;3514,314;3518,312;3523,326;3527,304;3531,302;3536,316;3540,314;3544,314;3549,312;3553,320;3558,318;3562,332;3566,316;3571,330;3575,320;3579,306;3584,318;3588,304;3592,332;3597,304;3601,322;3605,308;3610,322;3614,320;3619,332;3623,310;3627,310;3632,322;3636,322;3640,322;3645,308;3649,328;3653,312;3658,338;3662,310;3666,324;3671,322;3675,314;3679,314;3684,312;3688,312;3693,310;3697,310;3701,330;3706,328;3710,328;3714,328;3719,312;3723,318;3727,330;3732,316;3736,316;3740,314;3745,314;3749,320;3753,318;3758,318;3762,316;3767,316;3771,306;3775,320;3780,304;3784,304;3788,302;3793,316;3797,308;3801,320;3806,306;3810,318;3814,304;3819,316;3823,322;3827,308;3832,320;3836,304;3841,304;3845,310;3849,324;3854,308;3858,308;3862,306;3867,320;3871,312;3875,298;3880,310;3884,296;3888,308;3893,308;3897,312;3902,312;3906,312;3910,310;3915,324;3919,314;3923,300;3928,314;3932,298;3936,312;3941,310;3945,318;3949,316;3954,314;3958,314;3962,328;3967,312;3971,304;3976,316;3980,302;3984,316;3989,314;3993,320;3997,306;4002,334;4006,318;4010,332;4015,318;4019,322;4023,322;4028,306;4032,306;4036,306;4041,318;4045,324;4050,338;4054,324;4058,336;4063,322;4067,314;4071,328;4076,312;4080,312;4084,324;4089,324;4093,314;4097,314;4102,314;4106,326;4110,312;4115,324;4119,316;4124,302;4128,314;4132,314;4137,312;4141,318;4145,318;4150,316;4154,330;4158,314;4163,314;4167,306;4171,304;4176,318;4180,302;4185,316;4189,308;4193,320;4198,320;4202,332;4206,318;4211,330;4215,308;4219,308;4224,306;4228,306;4232,318;4237,318;4241,310;4245,308;4250,322;4254,306;4259,320;4263,310;4267,298;4272,310;4276,310;4280,308;4285,308;4289,314;4293,312;4298,326;4302,312;4306,324;4311,310;4315,300;4319,314;4324,298;4328,312;4333,296;4337,318;4341,316;4346,316;4350,300;4354,314;4359,312;4363,304;4367,318;4372,302;4376,316;4380,302;4385,314;4389,320;4393,336;4398,320;4402,334;4407,318;4411,310;4415,322;4420,324;4424,322;4428,306;4433,320;4437,312;4441,340;4446,324;4450,336;4454,322;4459,336;4463,312;4467,312;4472,324;4476,310;4481,308;4485,314;4489,328;4494,314;4498,326;4502,312;4507,324;4511,330;4515,316;4520,316;4524,314;4528,312;4533,312;4537,318;4541,316;4546,330;4550,314;4555,328;4559,320;4563,318;4568,318;4572,316;4576,316;4581,300;4585,320;4589,318;4594,332;4598,318;4602,332;4607,316;4611,308;4616,308;4620,306;4624,320;4629,306;4633,326;4637,310;4642,324;4646,308;4650,322;4655,308;4659,314;4663,312;4668,312;4672,310;4676,310;4681,308;4685,316;4690,316;4694,314;4698,314;4703,314;4707,306;4711,306;4716,304;4720,304;4724,304;4729,316;4733,322;4737,322;4742,308;4746,320;4750,320;4755,312;4759,326;4764,310;4768,324;4772,310;4777,308;4781,314;4785,328;4790,314;4794,326;4798,312;4803,324;4807,330;4811,316;4816,316;4820,314;4824,314;4829,314;4833,320;4838,318;4842,318;4846,316;4851,330;4855,322;4859,308;4864,306;4868,306;4872,318;4877,304;4881,324;4885,310;4890,322;4894,306;4898,320;4903,312;4907,312;4912,324;4916,310;4920,310;4925,308;4929,328;4933,314;4938,314;4942,312;4946,312;4951,310;4955,302;4959,314;4964,300;4968,326;4973,298;4977,318;4981,304;4986,316;4990,302;4994,316;4999,314;5003,320;5007,320;5012,306;5016,318;5020,304;5025,316;5029,308;5033,322;5038,306;5042,320;5047,304;5051,312;5055,310;5060,310;5064,308;5068,308;5073,308;5077,314;5081,312;5086,298;5090,312;5094,310;5099,324;5103,316;5107,302;5112,314;5116,300;5121,314;5125,320;5129,320;5134,318;5138,318;5142,316;5147,316;5151,308;5155,306;5160,320;5164,304;5168,318;5173,318;5177,324;5182,308;5186,322;5190,322;5195,334;5199,326;5203,310;5208,310;5212,308;5216,308;5221,320;5225,326;5229,312;5234,324;5238,310;5242,324;5247,308;5251,314;5256,314;5260,312;5264,310;5269,324;5273,316;5277,302;5282,328;5286,314;5290,326;5295,312;5299,318;5303,316;5308,302;5312,316;5316,300;5321,314;5325,318;5330,318;5334,304;5338,318;5343,316;5347,310;5351,322;5356,308;5360,320;5364,292;5369,306;5373,310;5377,324;5382,308;5386,310;5391,308;5395,314;5399,314;5404,300;5408,312;5412,312;5417,312;5421,316;5425,316;5430,316;5434,316;5438,314;5443,314;5447,318;5451,304;5456,304;5460,316;5465,316;5469,308;5473,322;5478,320;5482,320;5486,304;5491,318;5495,310;5499,310;5504,308;5508,306;5512,306;5517,292;5521,312;5525,310;5530,310;5534,308;5539,322;5543,314;5547,312;5552,324;5556,312;5560,310;5565,310;5569,330;5573,312;5578,314;5582,314;5586,326;5591,312;5595,304;5599,316;5604,302;5608,316;5613,300;5617,320;5621,306;5626,320;5630,304;5634,318;5639,316;5643,308;5647,322;5652,322;5656,322;5660,306;5665,320;5669,312;5673,310;5678,310;5682,322;5687,308;5691,314;5695,312;5700,312;5704,312;5708,310;5713,310;5717,316;5721,314;5726,314;5730,314;5734,312;5739,304;5743,304;5748,304;5752,318;5756,302;5761,316;5765,308;5769,322;5774,308;5778,320;5782,306;5787,318;5791,310;5795,308;5800,308;5804,294;5808,306;5813,312;5817,324;5822,310;5826,322;5830,308;5835,322;5839,298;5843,298;5848,310;5852,310;5856,308;5861,308;5865,314;5869,312;5874,312;5878,310;5882,310;5887,314;5891,314;5896,312;5900,298;5904,312;5909,298;5913,316;5917,316;5922,314;5926,314;5930,314;5935,312;5939,304;5943,318;5948,318;5952,318;5956,316;5961,316;5965,322;5970,320;5974,318;5978,320;5983,318;5987,310;5991,310;5996,308;6000,322;6004,308;6009,320;6013,312;6017,312;6022,298;6026,310;6031,294;6035,286;6039,286;6044,286;6048,284;6052,298;6057,284;6061,288;6065,302;6070,288;6074,288;6078,286;6083,278;6087,276;6091,276;6096,274;6100,274;6105,274;6109,280;6113,278;6118,278;6122,290;6126,290;6131,302;6135,282;6139,280;6144,280;6148,278;6152,278;6157,284;6161,282;6165,282;6170,282;6174,280;6179,252;6183,286;6187,286;6192,286;6196,284;6200,298;6205,284;6209,260;6213,288;6218,288;6222,286;6226,286;6231,292;6235,278;6239,276;6244,276;6248,288;6253,274;6257,280;6261,292;6266,292;6270,292;6274,276;6279,268;6283,266;6287,280;6292,278;6296,278;6300,278;6305,284;6309,282;6314,268;6318,280;6322,280;6327,278;6331,284;6335,296;6340,282;6344,292;6348,280;6353,272;6357,286;6361,284;6366,284;6370,296;6374,282;6379,274;6383,260;6388,286;6392,286;6396,284;6401,284;6405,276;6409,274;6414,274;6418,288;6422,286;6427,278;6431,278;6435,262;6440,276;6444,276;6448,276;6453,280;6457,294;6462,280;6466,292;6470,292;6475,264;6479,282;6483,282;6488,282;6492,282;6496,280;6501,266;6505,286;6509,286;6514,284;6518,284;6522,270;6527,276;6531,274;6536,288;6540,274;6544,286;6549,258;6553,278;6557,276;6562,278;6566,276;6570,248;6575,276;6579,282;6583,282;6588,280;6592,266;6596,280;\r\nBuffer sent in 0.973 secondsreturn;buffer;965\r\n'), 10:39:22
bytearray(b'received from UR: measure -> measure (0,1)\r\nSTEPPER: Moving to mstep: 6600 with speed [msteps/sec]: 1000 in StealthChop.\r\n'), 10:39:23
bytearray(b'STEPPER: Moving to mstep: 2400 with speed [msteps/sec]: 4000 in SpreadCycle.\r\n'), 10:39:27
bytearray(b'STEPPER: Moved 4200.00 msteps (ramp: 35%) in 1324.888 ms -> average speed [msteps/sec]: 3170.08\r\nreturn;measure;965\r\n'), 10:39:28
bytearray(b'received from UR: buffer -> buffer (0,1)\r\nSending buffer of size 965data;2400,302;2404,446;2408,158;2413,272;2417,314;2421,320;2426,332;2430,318;2434,342;2439,316;2443,322;2447,322;2452,320;2456,320;2460,318;2465,332;2469,336;2474,336;2478,322;2482,334;2487,318;2491,324;2495,324;2500,322;2504,322;2508,322;2513,322;2517,326;2521,340;2526,326;2530,324;2534,324;2539,302;2543,316;2548,314;2552,328;2556,314;2561,326;2565,332;2569,332;2574,318;2578,344;2582,316;2587,330;2591,336;2595,320;2600,334;2604,320;2608,320;2613,318;2617,338;2622,324;2626,324;2630,322;2635,336;2639,328;2643,314;2648,326;2652,326;2656,326;2661,312;2665,332;2669,330;2674,330;2678,330;2682,330;2687,316;2691,334;2696,332;2700,318;2704,332;2709,316;2713,338;2717,322;2722,322;2726,320;2730,334;2735,320;2739,326;2743,326;2748,324;2752,324;2756,308;2761,322;2765,314;2770,342;2774,326;2778,326;2783,324;2787,316;2791,330;2796,314;2800,328;2804,312;2809,340;2813,318;2817,332;2822,316;2826,330;2831,314;2835,320;2839,320;2844,318;2848,318;2852,318;2857,316;2861,322;2865,322;2870,322;2874,322;2878,320;2883,320;2887,326;2891,326;2896,324;2900,322;2905,308;2909,308;2913,326;2918,312;2922,324;2926,324;2931,324;2935,328;2939,314;2944,326;2948,296;2952,310;2957,310;2961,330;2965,314;2970,328;2974,312;2979,326;2983,318;2987,304;2992,316;2996,302;3000,314;3005,300;3009,334;3013,318;3018,320;3022,318;3026,332;3031,316;3035,308;3039,294;3044,292;3048,306;3053,306;3057,326;3061,310;3066,324;3070,308;3074,322;3079,320;3083,312;3087,312;3092,310;3096,310;3100,308;3105,308;3109,312;3113,326;3118,312;3122,310;3127,310;3131,302;3135,314;3140,314;3144,312;3148,312;3153,310;3157,316;3161,330;3166,314;3170,328;3174,312;3179,326;3183,318;3187,316;3192,316;3196,300;3201,312;3205,318;3209,332;3214,316;3218,330;3222,314;3227,328;3231,318;3235,318;3240,316;3244,316;3248,316;3253,314;3257,334;3262,318;3266,332;3270,316;3275,330;3279,322;3283,320;3288,320;3292,318;3296,318;3301,316;3305,322;3309,322;3314,334;3318,320;3322,332;3327,316;3331,322;3336,322;3340,306;3344,320;3349,318;3353,312;3357,310;3362,322;3366,308;3370,322;3375,306;3379,312;3383,312;3388,296;3392,310;3397,308;3401,322;3405,312;3410,326;3414,310;3418,324;3423,308;3427,314;3431,314;3436,312;3440,312;3444,296;3449,308;3453,314;3457,328;3462,312;3466,312;3471,310;3475,316;3479,314;3484,312;3488,312;3492,296;3497,310;3501,314;3505,314;3510,312;3514,326;3518,310;3523,324;3527,316;3531,300;3536,312;3540,298;3545,310;3549,316;3553,330;3558,314;3562,314;3566,312;3571,326;3575,330;3579,316;3584,328;3588,314;3592,326;3597,298;3601,332;3605,316;3610,330;3614,314;3619,328;3623,318;3627,304;3632,316;3636,316;3640,314;3645,314;3649,334;3653,318;3658,332;3662,316;3666,330;3671,314;3675,306;3679,332;3684,318;3688,316;3693,316;3697,322;3701,320;3706,334;3710,318;3714,330;3719,316;3723,308;3727,320;3732,304;3736,332;3740,316;3745,316;3749,320;3753,320;3758,318;3762,318;3767,316;3771,308;3775,320;3780,306;3784,318;3788,318;3793,316;3797,308;3801,322;3806,320;3810,320;3814,318;3819,318;3823,308;3827,308;3832,306;3836,306;3841,318;3845,310;3849,308;3854,308;3858,320;3862,304;3867,318;3871,310;3875,308;3880,308;3884,306;3888,318;3893,310;3897,308;3902,308;3906,320;3910,320;3915,318;3919,324;3923,308;3928,322;3932,306;3936,318;3941,304;3945,322;3949,308;3954,320;3958,320;3962,318;3967,316;3971,322;3976,322;3980,306;3984,318;3989,304;3993,324;3997,308;4002,322;4006,306;4010,320;4015,318;4019,310;4023,308;4028,308;4032,320;4037,320;4041,318;4045,310;4050,324;4054,322;4058,322;4063,320;4067,312;4071,312;4076,310;4080,322;4084,320;4089,320;4093,312;4097,324;4102,324;4106,322;4111,322;4115,314;4119,312;4124,310;4128,324;4132,322;4137,322;4141,314;4145,328;4150,312;4154,312;4158,310;4163,324;4167,314;4171,314;4176,312;4180,310;4185,310;4189,316;4193,316;4198,314;4202,326;4206,312;4211,326;4215,316;4219,302;4224,314;4228,314;4232,312;4237,312;4241,318;4245,316;4250,316;4254,314;4259,328;4263,304;4267,304;4272,304;4276,302;4280,316;4285,300;4289,320;4293,304;4298,318;4302,302;4306,304;4311,314;4315,306;4319,320;4324,304;4328,304;4333,302;4337,324;4341,308;4346,308;4350,306;4354,320;4359,318;4363,310;4367,324;4372,308;4376,322;4380,306;4385,320;4389,326;4394,326;4398,324;4402,336;4407,322;4411,298;4415,312;4420,310;4424,310;4428,308;4433,308;4437,314;4441,328;4446,310;4450,326;4454,324;4459,324;4463,314;4468,314;4472,314;4476,298;4481,312;4485,318;4489,330;4494,316;4498,314;4502,314;4507,328;4511,332;4515,318;4520,318;4524,316;4528,316;4533,314;4537,320;4542,318;4546,320;4550,318;4555,316;4559,322;4563,306;4568,320;4572,304;4576,304;4581,316;4585,322;4589,306;4594,320;4598,304;4602,330;4607,316;4611,308;4616,320;4620,304;4624,318;4629,302;4633,322;4637,322;4642,320;4646,306;4650,318;4655,304;4659,310;4663,308;4668,306;4672,306;4676,304;4681,310;4685,308;4690,308;4694,308;4698,320;4703,306;4707,312;4711,310;4716,310;4720,308;4724,294;4729,306;4733,312;4737,326;4742,310;4746,310;4750,308;4755,300;4759,328;4764,312;4768,324;4772,310;4777,322;4781,314;4785,328;4790,312;4794,326;4798,310;4803,324;4807,316;4811,314;4816,314;4820,312;4825,312;4829,318;4833,330;4838,314;4842,328;4846,312;4851,326;4855,318;4859,316;4864,314;4868,300;4872,300;4877,298;4881,318;4885,316;4890,328;4894,314;4899,326;4903,318;4907,318;4912,316;4916,316;4920,314;4925,298;4929,332;4933,318;4938,330;4942,316;4946,328;4951,312;4955,318;4959,316;4964,302;4968,316;4973,314;4977,320;4981,306;4986,318;4990,318;4994,318;4999,316;5003,306;5007,320;5012,304;5016,304;5020,304;5025,316;5029,308;5034,320;5038,306;5042,318;5047,316;5051,308;5055,308;5060,306;5064,304;5068,290;5073,304;5077,310;5081,322;5086,308;5090,306;5094,306;5099,318;5103,310;5108,308;5112,306;5116,304;5121,318;5125,310;5129,310;5134,308;5138,320;5142,318;5147,318;5151,310;5155,308;5160,308;5164,306;5168,306;5173,292;5177,324;5182,322;5186,336;5190,308;5195,320;5199,312;5203,296;5208,308;5212,308;5216,320;5221,306;5225,324;5229,310;5234,324;5238,308;5242,322;5247,306;5251,312;5256,310;5260,310;5264,308;5269,322;5273,312;5277,312;5282,324;5286,310;5290,322;5295,308;5299,310;5303,312;5308,310;5312,310;5316,308;5321,306;5325,312;5330,326;5334,310;5338,310;5343,308;5347,314;5351,312;5356,296;5360,324;5364,310;5369,322;5373,314;5377,326;5382,312;5386,324;5390,310;5395,300;5399,314;5404,298;5408,298;5412,296;5417,310;5421,316;5425,328;5430,312;5434,312;5438,310;5443,324;5447,314;5451,312;5456,312;5460,312;5465,310;5469,302;5473,314;5478,314;5482,312;5486,298;5491,310;5495,314;5499,300;5504,298;5508,310;5512,310;5517,310;5521,314;5525,314;5530,326;5534,312;5539,324;5543,316;5547,300;5552,314;5556,298;5560,312;5565,310;5569,330;5573,314;5578,328;5582,314;5586,326;5591,310;5595,316;5600,314;5604,314;5608,312;5613,312;5617,318;5621,316;5626,328;5630,314;5634,326;5639,310;5643,304;5647,302;5652,314;5656,300;5660,300;5665,298;5669,318;5674,330;5678,316;5682,316;5687,314;5691,304;5695,318;5700,316;5704,316;5708,314;5713,314;5717,320;5721,318;5726,318;5730,318;5734,302;5739,308;5743,320;5748,306;5752,318;5756,304;5761,316;5765,308;5769,308;5774,306;5778,320;5782,304;5787,318;5791,310;5795,308;5800,322;5804,292;5808,306;5813,306;5817,326;5822,310;5826,310;5830,308;5835,322;5839,300;5843,314;5848,312;5852,312;5856,310;5861,310;5865,316;5869,314;5874,314;5878,312;5882,312;5887,304;5891,302;5896,316;5900,316;5904,312;5909,300;5913,318;5917,318;5922,316;5926,316;5930,316;5935,314;5939,306;5943,318;5948,290;5952,304;5957,302;5961,316;5965,308;5970,320;5974,304;5978,318;5983,316;5987,308;5991,308;5996,306;6000,320;6004,304;6009,318;6013,310;6017,322;6022,306;6026,306;6031,292;6035,268;6039,282;6044,282;6048,280;6052,266;6057,278;6061,286;6065,286;6070,282;6074,268;6078,282;6083,274;6087,272;6092,286;6096,272;6100,270;6105,282;6109,288;6113,288;6118,286;6122,258;6126,286;6131,298;6135,290;6139,274;6144,274;6148,258;6152,286;6157,290;6161,290;6166,288;6170,274;6174,272;6179,272;6183,278;6187,262;6192,276;6196,276;6200,288;6205,288;6209,294;6213,292;6218,292;6222,290;6226,276;6231,266;6235,266;6240,280;6244,278;6248,278;6253,292;6257,282;6261,282;6266,294;6270,280;6274,278;6279,270;6283,266;6287,282;6292,282;6296,280;6300,280;6305,272;6309,284;6314,284;6318,282;6322,266;6327,266;6331,272;6335,286;6340,256;6344,284;6348,282;6353,282;6357,274;6361,246;6366,272;6370,286;6374,284;6379,290;6383,288;6388,288;6392,286;6396,286;6401,284;6405,276;6409,290;6414,288;6418,288;6422,272;6427,242;6431,276;6435,276;6440,274;6444,274;6448,260;6453,278;6457,292;6462,278;6466,276;6470,276;6475,232;6479,280;6483,278;6488,278;6492,264;6496,262;6501,282;6505,282;6509,280;6514,294;6518,278;6523,250;6527,270;6531,270;6536,268;6540,268;6544,268;6549,266;6553,272;6557,272;6562,272;6566,270;6570,284;6575,276;6579,276;6583,274;6588,260;6592,274;6597,274;\r\nBuffer sent in 0.973 secondsreturn;buffer;965\r\n'), 10:39:30
bytearray(b'received from UR: measure -> measure (0,1)\r\nSTEPPER: Moving to mstep: 6600 with speed [msteps/sec]: 1000 in StealthChop.\r\n'), 10:39:31
bytearray(b'STEPPER: Moving to mstep: 2400 with speed [msteps/sec]: 4000 in SpreadCycle.\r\n'), 10:39:35
bytearray(b'STEPPER: Moved 4200.00 msteps (ramp: 35%) in 1324.888 ms -> average speed [msteps/sec]: 3170.08\r\nreturn;measure;965\r\n'), 10:39:37
bytearray(b'received from UR: buffer -> buffer (0,1)\r\nSending buffer of size 965data;2400,302;2404,440;2408,194;2413,280;2417,308;2421,314;2426,342;2430,312;2434,326;2439,324;2443,318;2447,316;2452,316;2456,314;2460,314;2465,328;2469,318;2474,332;2478,318;2482,330;2487,316;2491,320;2495,334;2500,320;2504,332;2508,330;2513,330;2517,322;2521,334;2526,320;2530,334;2534,332;2539,332;2543,322;2548,308;2552,322;2556,320;2561,334;2565,326;2569,326;2574,324;2578,336;2582,322;2587,336;2591,328;2595,312;2600,326;2604,310;2608,322;2613,308;2617,344;2622,328;2626,340;2630,312;2635,338;2639,316;2643,328;2648,328;2652,326;2656,326;2661,312;2665,332;2669,330;2674,328;2678,314;2683,340;2687,318;2691,332;2696,330;2700,330;2704,328;2709,314;2713,334;2717,332;2722,332;2726,316;2730,330;2735,328;2739,320;2743,334;2748,318;2752,332;2757,316;2761,330;2765,322;2770,336;2774,318;2778,332;2783,318;2787,324;2791,336;2796,322;2800,334;2804,306;2809,320;2813,310;2817,324;2822,308;2826,322;2831,320;2835,332;2839,324;2844,324;2848,322;2852,306;2857,320;2861,312;2865,340;2870,324;2874,338;2878,322;2883,322;2887,314;2891,326;2896,324;2900,324;2905,322;2909,314;2913,328;2918,326;2922,326;2926,324;2931,324;2935,316;2939,314;2944,328;2948,312;2952,324;2957,310;2961,316;2965,314;2970,314;2974,312;2979,326;2983,318;2987,318;2992,330;2996,316;3000,330;3005,300;3009,320;3013,320;3018,318;3022,304;3026,316;3031,316;3035,308;3039,320;3044,320;3048,318;3053,304;3057,324;3061,310;3066,310;3070,308;3074,306;3079,306;3083,312;3087,324;3092,310;3096,310;3100,296;3105,308;3109,314;3113,314;3118,312;3122,326;3127,312;3131,304;3135,316;3140,314;3144,314;3148,300;3153,312;3157,318;3161,332;3166,316;3170,330;3174,314;3179,306;3183,320;3188,304;3192,332;3196,318;3201,330;3205,308;3209,322;3214,306;3218,320;3222,316;3227,332;3231,322;3235,322;3240,320;3244,306;3248,318;3253,316;3257,338;3262,320;3266,334;3270,320;3275,320;3279,324;3283,310;3288,308;3292,322;3296,320;3301,320;3305,326;3309,310;3314,324;3318,322;3323,322;3327,320;3331,312;3336,312;3340,310;3344,322;3349,308;3353,328;3357,312;3362,326;3366,312;3370,324;3375,324;3379,300;3383,314;3388,300;3392,312;3397,312;3401,318;3405,302;3410,316;3414,300;3418,328;3423,312;3427,304;3431,304;3436,302;3440,302;3444,302;3449,314;3453,306;3457,320;3462,318;3466,316;3471,316;3475,306;3479,306;3484,306;3488,304;3492,302;3497,316;3501,322;3505,320;3510,320;3514,318;3518,318;3523,318;3527,322;3531,308;3536,320;3540,306;3545,318;3549,310;3553,310;3558,308;3562,322;3566,308;3571,320;3575,326;3579,312;3584,324;3588,296;3592,308;3597,306;3601,328;3605,312;3610,326;3614,310;3619,326;3623,316;3627,314;3632,328;3636,312;3640,312;3645,310;3649,330;3653,314;3658,330;3662,314;3666,328;3671,312;3675,318;3679,318;3684,316;3688,316;3693,314;3697,322;3701,318;3706,332;3710,318;3714,330;3719,316;3723,322;3727,320;3732,306;3736,318;3740,318;3745,318;3749,308;3754,322;3758,320;3762,320;3767,318;3771,310;3775,310;3780,296;3784,308;3788,308;3793,320;3797,312;3801,312;3806,310;3810,324;3814,308;3819,300;3823,314;3828,298;3832,312;3836,310;3841,310;3845,316;3849,328;3854,314;3858,326;3862,312;3867,324;3871,302;3875,300;3880,300;3884,300;3888,312;3893,296;3897,318;3902,316;3906,314;3910,314;3915,314;3919,318;3923,318;3928,318;3932,304;3936,316;3941,302;3945,322;3949,320;3954,334;3958,318;3962,318;3967,302;3971,308;3976,322;3980,320;3984,334;3989,320;3993,326;3997,310;4002,324;4006,310;4010,324;4015,308;4019,314;4023,312;4028,312;4032,326;4037,312;4041,318;4045,316;4050,330;4054,314;4058,328;4063,312;4067,306;4071,318;4076,318;4080,318;4084,316;4089,330;4093,308;4097,320;4102,320;4106,318;4111,304;4115,310;4119,322;4124,322;4128,320;4132,320;4137,318;4141,310;4145,324;4150,308;4154,322;4158,306;4163,320;4167,310;4171,310;4176,324;4180,308;4185,322;4189,312;4193,326;4198,310;4202,310;4206,310;4211,308;4215,314;4219,314;4224,312;4228,312;4232,310;4237,310;4241,328;4245,314;4250,326;4254,312;4259,326;4263,302;4267,302;4272,300;4276,300;4280,312;4285,298;4289,318;4293,318;4298,316;4302,316;4306,316;4311,314;4315,290;4319,306;4324,304;4328,318;4333,290;4337,324;4341,310;4346,322;4350,308;4354,322;4359,320;4363,298;4367,326;4372,310;4376,324;4380,294;4385,322;4389,314;4394,328;4398,314;4402,326;4407,312;4411,304;4415,316;4420,316;4424,316;4428,314;4433,314;4437,306;4441,320;4446,318;4450,318;4454,316;4459,308;4463,308;4468,308;4472,320;4476,318;4481,318;4485,310;4489,324;4494,308;4498,322;4502,320;4507,320;4511,326;4515,310;4520,310;4524,324;4528,322;4533,308;4537,328;4542,312;4546,326;4550,324;4555,324;4559,314;4563,300;4568,312;4572,298;4576,310;4581,310;4585,330;4589,314;4594,328;4598,312;4602,314;4607,312;4611,302;4616,316;4620,316;4624,316;4629,314;4633,320;4637,304;4642,320;4646,306;4650,318;4655,302;4659,308;4663,306;4668,320;4672,320;4676,306;4681,310;4685,308;4690,308;4694,308;4698,306;4703,306;4707,298;4711,310;4716,310;4720,310;4724,294;4729,308;4733,314;4737,326;4742,312;4746,326;4750,310;4755,312;4759,316;4764,300;4768,314;4772,298;4777,326;4781,316;4785,316;4790,316;4794,330;4798,314;4803,328;4807,320;4811,318;4816,318;4820,316;4825,316;4829,308;4833,322;4838,320;4842,334;4846,318;4851,332;4855,308;4859,306;4864,306;4868,306;4872,318;4877,318;4881,324;4885,308;4890,322;4894,308;4899,320;4903,326;4907,312;4912,324;4916,310;4920,310;4925,322;4929,314;4933,312;4938,326;4942,310;4946,324;4951,322;4955,300;4960,314;4964,298;4968,312;4973,310;4977,316;4981,314;4986,314;4990,312;4994,326;4999,310;5003,302;5007,316;5012,314;5016,314;5020,298;5025,312;5029,318;5034,316;5038,300;5042,314;5047,312;5051,318;5055,316;5060,316;5064,314;5068,298;5073,312;5077,304;5081,302;5086,300;5090,314;5094,312;5099,312;5103,318;5108,304;5112,316;5116,300;5121,314;5125,306;5129,318;5134,302;5138,316;5142,314;5147,314;5151,318;5155,304;5160,316;5164,300;5168,314;5173,298;5177,332;5182,316;5186,316;5190,314;5195,314;5199,320;5203,304;5208,332;5212,316;5216,316;5221,300;5225,334;5229,318;5234,332;5238,318;5242,330;5247,314;5251,320;5256,320;5260,304;5264,304;5269,318;5273,322;5277,308;5282,320;5286,320;5290,320;5295,318;5299,310;5303,324;5308,308;5312,308;5316,320;5321,320;5325,312;5330,324;5334,310;5338,322;5343,308;5347,314;5351,312;5356,298;5360,310;5364,310;5369,310;5373,300;5377,314;5382,300;5386,312;5391,310;5395,316;5399,316;5404,314;5408,312;5412,298;5417,310;5421,316;5425,330;5430,314;5434,328;5438,314;5443,326;5447,304;5451,302;5456,302;5460,300;5465,300;5469,320;5473,318;5478,318;5482,316;5486,316;5491,300;5495,320;5499,304;5504,304;5508,304;5512,302;5517,302;5521,322;5526,320;5530,318;5534,304;5539,318;5543,310;5547,294;5552,322;5556,306;5560,320;5565,306;5569,324;5573,308;5578,322;5582,308;5586,334;5591,306;5595,310;5600,310;5604,294;5608,308;5613,320;5617,326;5621,308;5626,324;5630,310;5634,322;5639,308;5643,314;5647,312;5652,298;5656,310;5660,310;5665,308;5669,314;5674,328;5678,312;5682,324;5687,310;5691,316;5695,314;5700,300;5704,312;5708,312;5713,326;5717,302;5721,330;5726,314;5730,328;5734,312;5739,304;5743,316;5748,316;5752,316;5756,314;5761,312;5765,318;5769,318;5774,316;5778,316;5782,300;5787,316;5791,306;5795,320;5800,318;5804,304;5808,316;5813,302;5817,322;5822,306;5826,320;5830,304;5835,318;5839,308;5843,322;5848,320;5852,306;5856,318;5861,304;5865,324;5869,308;5874,308;5878,306;5882,306;5887,310;5891,296;5896,310;5900,308;5904,308;5909,306;5913,312;5917,312;5922,312;5926,310;5930,308;5935,308;5939,300;5943,312;5948,298;5952,310;5957,294;5961,308;5965,314;5970,314;5974,312;5978,324;5983,310;5987,316;5991,328;5996,312;6000,312;6004,296;6009,312;6013,316;6017,330;6022,300;6026,298;6031,284;6035,290;6039,288;6044,288;6048,286;6052,286;6057,284;6061,290;6065,304;6070,288;6074,274;6078,286;6083,278;6087,292;6091,292;6096,290;6100,276;6105,274;6109,294;6113,280;6118,292;6122,292;6126,290;6131,290;6135,294;6139,294;6144,294;6148,278;6152,290;6157,282;6161,296;6166,280;6170,250;6174,278;6179,290;6183,284;6187,282;6192,296;6196,294;6200,294;6205,264;6209,298;6213,298;6218,296;6222,282;6226,294;6231,272;6235,270;6240,270;6244,270;6248,266;6253,252;6257,300;6261,286;6266,284;6270,270;6274,268;6279,274;6283,272;6287,272;6292,256;6296,284;6300,282;6305,288;6309,274;6314,272;6318,272;6322,272;6327,284;6331,276;6335,274;6340,260;6344,274;6348,272;6353,272;6357,290;6361,290;6366,288;6370,288;6374,286;6379,278;6383,276;6388,262;6392,272;6396,274;6401,274;6405,280;6409,292;6414,292;6418,276;6422,288;6427,266;6431,264;6435,250;6440,276;6444,276;6448,288;6453,266;6457,236;6462,276;6466,290;6470,288;6475,274;6479,280;6483,278;6488,292;6492,276;6496,276;6501,280;6505,280;6509,278;6514,248;6518,276;6523,290;6527,294;6531,280;6536,278;6540,264;6544,276;6549,262;6553,280;6557,280;6562,294;6566,278;6570,278;6575,282;6579,280;6583,280;6588,278;6592,292;6597,276;\r\nBuffer sent in 0.973 secondsreturn;buffer;965\r\n'), 10:39:39
bytearray(b'received from UR: measure -> measure (0,1)\r\nSTEPPER: Moving to mstep: 6600 with speed [msteps/sec]: 1000 in StealthChop.\r\n'), 10:39:40
bytearray(b'STEPPER: Moving to mstep: 2400 with speed [msteps/sec]: 4000 in SpreadCycle.\r\n'), 10:39:44
bytearray(b'STEPPER: Moved 4200.00 msteps (ramp: 35%) in 1324.880 ms -> average speed [msteps/sec]: 3170.10\r\nreturn;measure;965\r\n'), 10:39:45
bytearray(b'received from UR: buffer -> buffer (0,1)\r\nSending buffer of size 965data;2400,298;2404,454;2408,164;2413,280;2417,306;2421,326;2426,340;2430,324;2434,336;2439,322;2443,314;2447,326;2452,310;2456,324;2460,322;2465,336;2469,314;2474,326;2478,324;2482,338;2487,324;2491,330;2495,328;2500,314;2504,326;2508,326;2513,338;2517,316;2521,328;2526,328;2530,326;2534,326;2539,324;2543,328;2548,314;2552,326;2556,312;2561,338;2565,316;2569,328;2574,314;2578,342;2582,326;2587,340;2591,330;2595,314;2600,328;2604,312;2608,340;2613,324;2617,330;2622,316;2626,328;2630,328;2635,328;2639,318;2643,316;2648,330;2652,316;2656,342;2661,328;2665,320;2669,318;2674,332;2678,330;2682,330;2687,328;2691,320;2696,332;2700,316;2704,330;2709,330;2713,320;2717,320;2722,332;2726,330;2730,330;2735,328;2739,306;2743,334;2748,318;2752,332;2756,316;2761,330;2765,320;2770,334;2774,318;2778,332;2783,316;2787,322;2791,322;2796,320;2800,334;2804,320;2809,332;2813,310;2817,322;2822,308;2826,336;2830,320;2835,312;2839,324;2844,310;2848,324;2852,310;2857,336;2861,314;2865,326;2870,312;2874,326;2878,324;2883,324;2887,314;2891,314;2896,328;2900,312;2905,326;2909,318;2913,316;2918,316;2922,328;2926,314;2931,328;2935,318;2939,302;2944,316;2948,316;2952,316;2957,314;2961,320;2965,304;2970,318;2974,316;2979,330;2983,322;2987,294;2992,306;2996,306;3000,304;3005,304;3009,324;3013,310;3018,322;3022,306;3026,320;3031,306;3035,310;3040,324;3044,324;3048,308;3053,308;3057,328;3061,312;3066,312;3070,310;3074,310;3079,308;3083,314;3087,314;3092,312;3096,312;3100,312;3105,310;3109,316;3114,302;3118,314;3122,314;3127,312;3131,304;3135,318;3140,316;3144,316;3148,302;3153,328;3157,320;3161,332;3166,316;3170,330;3174,314;3179,306;3183,318;3188,304;3192,318;3196,302;3201,328;3205,320;3209,334;3214,318;3218,332;3222,316;3227,330;3231,320;3235,306;3240,318;3244,304;3248,316;3253,308;3257,336;3262,322;3266,322;3270,306;3275,320;3279,324;3283,310;3288,322;3292,322;3296,320;3301,320;3305,326;3309,312;3314,326;3318,310;3322,324;3327,322;3331,314;3336,328;3340,312;3344,312;3349,296;3353,330;3357,316;3362,328;3366,314;3370,328;3375,312;3379,318;3383,318;3388,302;3392,316;3396,316;3401,316;3405,306;3410,320;3414,318;3418,320;3423,318;3427,310;3431,310;3436,308;3440,322;3444,306;3449,320;3453,310;3457,310;3462,308;3466,322;3471,308;3475,312;3479,312;3484,298;3488,310;3492,308;3497,322;3501,314;3505,328;3510,312;3514,324;3518,310;3523,324;3527,314;3531,300;3536,326;3540,298;3545,310;3549,316;3553,330;3558,316;3562,328;3566,314;3571,326;3575,318;3579,304;3584,330;3588,316;3592,330;3597,302;3601,334;3605,320;3610,334;3614,318;3619,332;3623,310;3627,310;3632,310;3636,308;3640,308;3645,308;3649,342;3653,314;3658,328;3662,312;3666,326;3671,312;3675,318;3680,316;3684,316;3688,316;3693,314;3697,322;3701,306;3706,320;3710,320;3714,320;3719,320;3723,326;3727,324;3732,310;3736,324;3740,308;3745,322;3749,314;3754,314;3758,314;3762,328;3767,312;3771,304;3775,318;3780,302;3784,316;3788,316;3793,316;3797,308;3801,320;3806,306;3810,320;3814,318;3819,296;3823,310;3828,308;3832,308;3836,308;3841,306;3845,312;3849,326;3854,310;3858,310;3862,296;3867,310;3871,316;3875,300;3880,314;3884,300;3888,312;3893,312;3897,318;3902,302;3906,316;3910,316;3915,316;3919,322;3923,306;3928,306;3932,304;3936,318;3941,304;3945,324;3949,308;3954,322;3958,306;3962,320;3967,306;3971,310;3976,324;3980,322;3984,322;3989,308;3993,328;3997,312;4002,326;4006,310;4010,324;4015,308;4019,314;4023,328;4028,328;4032,314;4036,312;4041,326;4045,318;4050,332;4054,302;4058,316;4063,314;4067,320;4071,332;4076,318;4080,318;4084,316;4089,316;4093,322;4097,322;4102,306;4106,320;4111,318;4115,310;4119,324;4124,322;4128,322;4132,306;4137,320;4141,312;4145,312;4150,310;4154,310;4158,308;4163,322;4167,328;4171,314;4176,312;4180,298;4185,310;4189,316;4193,330;4198,314;4202,300;4206,300;4211,312;4215,318;4219,302;4224,316;4228,316;4232,314;4237,314;4241,320;4245,304;4250,318;4254,316;4259,330;4263,308;4267,306;4272,306;4276,292;4280,318;4285,304;4289,308;4293,296;4298,308;4302,308;4306,308;4311,306;4315,298;4319,310;4324,296;4328,310;4333,308;4337,328;4341,314;4346,314;4350,312;4354,326;4359,310;4363,316;4367,328;4372,314;4376,314;4380,312;4385,324;4389,316;4393,330;4398,314;4402,314;4407,312;4411,306;4415,332;4420,318;4424,316;4428,316;4433,316;4437,308;4441,334;4446,306;4450,332;4454,318;4459,332;4463,322;4467,322;4472,320;4476,306;4481,318;4485,310;4489,324;4494,308;4498,322;4502,320;4507,320;4511,326;4515,326;4520,312;4524,310;4528,324;4533,308;4537,314;4542,312;4546,312;4550,312;4555,324;4559,316;4563,316;4568,314;4572,300;4576,326;4581,312;4585,316;4589,302;4594,316;4598,314;4602,328;4607,312;4611,304;4616,318;4620,316;4624,316;4629,302;4633,320;4637,306;4642,318;4646,304;4650,318;4655,316;4659,306;4663,306;4668,318;4672,318;4677,302;4681,322;4685,306;4690,320;4694,304;4698,318;4703,316;4707,308;4711,320;4716,306;4720,306;4724,304;4729,318;4733,308;4737,308;4742,308;4746,322;4751,306;4755,310;4759,310;4764,296;4768,322;4772,308;4777,320;4781,312;4785,326;4790,310;4794,324;4798,308;4803,322;4807,326;4811,312;4816,324;4820,310;4825,322;4829,314;4833,328;4838,314;4842,328;4846,312;4851,326;4855,318;4859,316;4864,316;4868,314;4872,314;4877,312;4881,320;4885,318;4890,318;4894,316;4899,330;4903,322;4907,306;4912,320;4916,304;4920,318;4925,302;4929,322;4933,320;4938,320;4942,320;4946,320;4951,318;4955,310;4959,308;4964,308;4968,322;4973,306;4977,326;4981,310;4986,324;4990,310;4994,324;4999,308;5003,314;5007,314;5012,298;5016,312;5020,312;5025,324;5029,302;5033,314;5038,314;5042,314;5047,312;5051,318;5055,304;5060,302;5064,316;5068,302;5073,328;5077,306;5081,304;5086,304;5090,316;5094,316;5099,316;5103,308;5108,304;5112,318;5116,304;5121,318;5125,306;5129,306;5134,306;5138,320;5142,306;5147,318;5151,310;5155,294;5160,320;5164,306;5168,334;5173,310;5177,324;5182,308;5186,322;5190,306;5195,334;5199,312;5203,296;5208,322;5212,308;5216,320;5221,306;5225,326;5229,310;5234,324;5238,308;5243,322;5247,312;5251,312;5256,310;5260,308;5264,322;5269,306;5273,310;5277,312;5282,310;5286,310;5290,322;5295,308;5299,312;5303,312;5308,310;5312,322;5317,308;5321,314;5325,312;5330,312;5334,310;5338,324;5343,308;5347,314;5351,312;5356,312;5360,324;5364,308;5369,308;5373,312;5377,326;5382,312;5386,324;5391,310;5395,300;5399,314;5404,298;5408,312;5412,298;5417,324;5421,302;5425,316;5430,314;5434,314;5438,312;5443,326;5447,304;5451,302;5456,302;5460,300;5465,314;5469,320;5473,318;5478,318;5482,316;5486,316;5491,316;5495,320;5499,306;5504,320;5508,318;5512,304;5517,302;5521,322;5525,322;5530,320;5534,320;5539,318;5543,310;5547,294;5552,322;5556,306;5560,320;5565,304;5569,326;5573,310;5578,324;5582,308;5586,322;5591,308;5595,300;5599,312;5604,296;5608,310;5613,310;5617,330;5621,314;5626,328;5630,312;5634,326;5639,310;5643,316;5647,314;5652,314;5656,312;5660,312;5665,324;5669,302;5674,316;5678,314;5682,314;5687,312;5691,304;5695,304;5700,302;5704,316;5708,300;5713,314;5717,318;5721,318;5726,316;5730,316;5734,314;5739,306;5743,318;5748,304;5752,316;5756,302;5761,314;5765,306;5769,318;5774,318;5778,318;5782,316;5787,316;5791,320;5795,304;5800,304;5804,288;5809,316;5813,306;5817,320;5822,318;5826,302;5830,302;5835,316;5839,306;5843,306;5848,318;5852,316;5856,316;5861,314;5865,306;5869,304;5874,318;5878,302;5883,316;5887,306;5891,292;5896,318;5900,304;5904,318;5909,316;5913,308;5917,306;5922,320;5926,304;5930,316;5935,302;5939,306;5943,320;5948,304;5952,318;5957,302;5961,316;5965,308;5970,320;5974,306;5978,332;5983,318;5987,294;5991,308;5996,306;6000,306;6004,304;6009,318;6013,310;6017,308;6022,306;6026,278;6031,292;6035,282;6039,280;6044,280;6048,280;6052,278;6057,290;6061,282;6065,296;6070,296;6074,294;6078,280;6083,284;6087,284;6091,284;6096,282;6100,280;6105,294;6109,272;6113,286;6118,286;6122,284;6126,282;6131,254;6135,288;6139,286;6144,286;6148,286;6152,284;6157,276;6161,290;6165,288;6170,302;6174,286;6179,300;6183,276;6187,276;6192,274;6196,272;6200,286;6205,272;6209,292;6213,290;6218,288;6222,288;6226,288;6231,278;6235,292;6240,290;6244,290;6248,288;6253,288;6257,278;6261,278;6266,278;6270,290;6274,290;6279,274;6283,280;6287,280;6292,278;6296,278;6300,276;6305,268;6309,282;6314,254;6318,280;6322,292;6327,292;6331,270;6335,282;6340,268;6344,282;6348,252;6353,294;6357,286;6361,284;6366,270;6370,268;6374,282;6379,274;6383,286;6388,272;6392,270;6396,256;6401,284;6405,274;6409,288;6414,272;6418,258;6422,284;6427,276;6431,274;6435,274;6440,272;6444,258;6448,284;6453,276;6457,288;6462,274;6466,244;6470,286;6475,284;6479,276;6483,274;6488,260;6492,272;6496,272;6501,278;6505,276;6509,276;6514,290;6518,288;6522,274;6527,266;6531,264;6536,278;6540,262;6544,262;6549,274;6553,294;6557,280;6562,278;6566,276;6570,262;6575,282;6579,266;6583,278;6588,278;6592,276;6597,262;\r\nBuffer sent in 0.973 secondsreturn;buffer;965\r\n'), 10:39:47
bytearray(b'received from UR: measure -> measure (0,1)\r\nSTEPPER: Moving to mstep: 6600 with speed [msteps/sec]: 1000 in StealthChop.\r\n'), 10:39:48
bytearray(b'STEPPER: Moving to mstep: 2400 with speed [msteps/sec]: 4000 in SpreadCycle.\r\n'), 10:39:53
bytearray(b'STEPPER: Moved 4200.00 msteps (ramp: 35%) in 1324.888 ms -> average speed [msteps/sec]: 3170.08\r\nreturn;measure;965\r\n'), 10:39:54
bytearray(b'received from UR: buffer -> buffer (0,1)\r\nSending buffer of size 965data;2400,304;2404,446;2408,170;2413,270;2417,312;2421,318;2426,330;2430,330;2434,342;2439,326;2443,320;2447,318;2452,318;2456,330;2460,330;2465,330;2469,322;2474,334;2478,320;2482,332;2487,318;2491,324;2495,336;2500,336;2504,322;2508,320;2513,320;2517,326;2521,340;2526,324;2530,338;2534,322;2539,314;2543,328;2548,312;2552,324;2556,310;2561,338;2565,316;2569,328;2574,326;2578,340;2582,324;2587,338;2591,330;2595,314;2600,328;2604,312;2608,326;2613,316;2617,332;2622,328;2626,328;2630,326;2635,340;2639,332;2643,318;2648,330;2652,314;2656,328;2661,314;2665,334;2669,332;2674,332;2678,330;2683,330;2687,328;2691,320;2696,334;2700,318;2704,318;2709,316;2713,338;2717,322;2722,334;2726,320;2730,332;2735,332;2739,310;2743,324;2748,322;2752,334;2757,320;2761,320;2765,326;2770,340;2774,324;2778,338;2783,324;2787,316;2791,328;2796,314;2800,328;2804,312;2809,326;2813,318;2817,332;2822,316;2826,330;2831,314;2835,320;2839,320;2844,318;2848,318;2852,302;2857,316;2861,322;2865,336;2870,320;2874,320;2878,318;2883,332;2887,324;2891,310;2896,322;2900,322;2905,320;2909,320;2913,326;2918,324;2922,324;2926,322;2931,334;2935,328;2939,312;2944,312;2948,310;2952,312;2957,324;2961,316;2965,314;2970,328;2974,312;2979,326;2983,318;2987,304;2992,316;2996,314;3000,314;3005,314;3009,320;3013,304;3018,318;3022,316;3026,316;3031,316;3035,306;3039,306;3044,306;3048,304;3053,304;3057,322;3061,308;3066,322;3070,320;3074,320;3079,306;3083,312;3087,324;3092,310;3096,308;3100,308;3105,308;3109,314;3114,326;3118,310;3122,324;3127,310;3131,316;3135,316;3140,300;3144,314;3148,298;3153,326;3157,318;3161,318;3166,316;3170,330;3174,316;3179,308;3183,320;3188,306;3192,318;3196,304;3201,318;3205,322;3209,336;3214,320;3218,334;3222,318;3227,332;3231,322;3235,308;3240,308;3244,306;3248,320;3253,304;3257,340;3262,324;3266,338;3270,322;3275,336;3279,314;3283,314;3288,312;3292,312;3296,326;3301,312;3305,318;3309,316;3314,330;3318,316;3322,328;3327,314;3331,306;3336,320;3340,304;3344,318;3349,304;3353,324;3357,322;3362,322;3366,308;3370,320;3375,306;3379,312;3383,326;3388,310;3392,310;3396,308;3401,322;3405,314;3410,314;3414,312;3418,326;3423,308;3427,304;3431,302;3436,300;3440,314;3444,300;3449,312;3453,304;3457,318;3462,302;3466,316;3470,314;3475,308;3479,320;3484,306;3488,304;3492,304;3497,316;3501,324;3505,322;3510,322;3514,320;3518,320;3523,320;3527,324;3531,310;3536,322;3540,308;3545,322;3549,314;3553,326;3558,326;3562,324;3566,324;3571,322;3575,314;3579,300;3584,326;3588,312;3592,324;3597,310;3601,330;3606,316;3610,328;3614,314;3619,326;3623,318;3627,316;3632,316;3636,316;3640,316;3645,314;3649,320;3653,318;3658,320;3662,304;3666,330;3671,308;3675,308;3680,320;3684,320;3688,320;3693,318;3697,324;3701,308;3706,322;3710,322;3714,322;3719,306;3723,312;3727,326;3732,310;3736,310;3740,308;3745,308;3749,314;3754,328;3758,314;3762,326;3767,312;3771,318;3775,316;3780,302;3784,314;3788,300;3793,314;3797,320;3801,320;3806,304;3810,316;3814,316;3819,308;3823,320;3828,306;3832,304;3836,304;3841,304;3845,310;3849,322;3854,308;3858,322;3862,306;3867,320;3871,310;3875,310;3880,310;3884,308;3888,308;3893,314;3897,314;3902,312;3906,312;3910,310;3915,324;3919,316;3923,314;3928,328;3932,312;3936,312;3941,298;3945,318;3949,316;3954,316;3958,314;3962,314;3967,312;3971,306;3976,318;3980,304;3984,316;3989,302;3993,336;3997,320;4002,334;4006,320;4010,334;4015,318;4019,308;4023,308;4028,306;4032,306;4037,306;4041,318;4045,310;4050,324;4054,308;4058,322;4063,320;4067,312;4071,324;4076,310;4080,324;4084,322;4089,322;4093,314;4098,328;4102,312;4106,326;4111,324;4115,302;4119,316;4124,314;4128,328;4132,312;4137,326;4141,318;4145,316;4150,316;4154,316;4158,314;4163,306;4167,306;4172,304;4176,318;4180,304;4185,316;4189,308;4193,322;4198,306;4202,320;4206,318;4211,318;4215,310;4219,308;4224,308;4228,308;4232,306;4237,306;4241,312;4246,310;4250,324;4254,308;4259,308;4263,314;4267,314;4272,312;4276,312;4280,312;4285,312;4289,304;4293,302;4298,316;4302,314;4306,314;4311,306;4315,304;4320,318;4324,304;4328,302;4333,300;4337,322;4341,308;4346,320;4350,318;4354,318;4359,316;4363,322;4367,322;4372,306;4376,320;4380,304;4385,318;4389,308;4394,322;4398,308;4402,322;4407,306;4411,312;4415,324;4420,310;4424,308;4428,308;4433,308;4437,312;4441,328;4446,326;4450,326;4454,324;4459,324;4463,314;4468,314;4472,314;4476,312;4481,312;4485,318;4489,332;4494,316;4498,330;4502,314;4507,328;4511,320;4515,306;4520,318;4524,318;4528,318;4533,310;4537,322;4542,322;4546,322;4550,320;4555,320;4559,312;4563,298;4568,310;4572,310;4576,308;4581,308;4585,328;4589,314;4594,326;4598,312;4603,326;4607,304;4611,302;4616,302;4620,302;4624,314;4629,314;4633,320;4637,304;4642,318;4646,318;4650,316;4655,302;4659,308;4663,306;4668,306;4672,304;4677,318;4681,310;4685,308;4690,322;4694,320;4698,320;4703,306;4707,312;4711,324;4716,310;4720,310;4724,308;4729,308;4733,314;4738,328;4742,312;4746,314;4751,312;4755,304;4759,316;4764,302;4768,316;4772,300;4777,314;4781,320;4785,318;4790,318;4794,332;4798,316;4803,332;4807,324;4812,308;4816,308;4820,306;4825,320;4829,312;4833,326;4838,310;4842,324;4846,308;4851,322;4855,328;4859,314;4864,312;4868,312;4872,310;4877,310;4881,316;4886,316;4890,316;4894,314;4899,328;4903,306;4907,304;4912,318;4916,318;4920,318;4925,316;4929,322;4933,320;4938,322;4942,318;4946,320;4951,318;4955,310;4960,324;4964,308;4968,308;4973,306;4977,328;4981,312;4986,326;4990,312;4994,324;4999,310;5003,302;5007,314;5012,300;5016,314;5020,298;5025,312;5029,318;5034,316;5038,302;5042,316;5047,300;5051,320;5055,318;5060,318;5064,316;5068,302;5073,302;5077,322;5081,320;5086,306;5090,318;5094,304;5099,302;5103,322;5108,308;5112,308;5116,308;5121,320;5125,312;5129,312;5134,310;5138,324;5142,308;5147,308;5151,314;5155,298;5160,312;5164,312;5168,324;5173,310;5177,316;5182,316;5186,328;5190,314;5195,328;5199,320;5203,304;5208,318;5212,304;5216,316;5221,316;5225,322;5229,320;5234,334;5238,318;5243,332;5247,310;5251,310;5256,308;5260,308;5264,306;5269,306;5273,326;5277,312;5282,324;5286,310;5290,324;5295,308;5299,314;5303,314;5308,300;5312,312;5317,298;5321,318;5325,316;5330,316;5334,314;5338,314;5343,314;5347,306;5351,304;5356,304;5360,318;5364,316;5369,316;5373,308;5377,322;5382,306;5386,318;5391,304;5395,310;5399,310;5404,294;5408,308;5412,294;5417,306;5421,312;5425,312;5430,310;5434,324;5438,310;5443,322;5447,300;5451,300;5456,300;5460,298;5465,312;5469,318;5473,318;5478,316;5482,316;5486,314;5491,314;5495,306;5499,304;5504,318;5508,302;5512,316;5517,316;5521,308;5525,306;5530,320;5534,320;5539,318;5543,310;5547,294;5552,308;5556,306;5560,306;5565,304;5569,324;5573,310;5578,322;5582,308;5586,322;5591,320;5595,312;5599,312;5604,310;5608,310;5613,310;5617,316;5621,314;5626,328;5630,312;5634,326;5639,310;5643,302;5647,316;5652,316;5656,314;5660,314;5665,312;5669,318;5673,318;5678,316;5682,318;5687,316;5691,308;5695,306;5700,306;5704,306;5708,304;5713,304;5717,324;5721,322;5726,308;5730,320;5734,320;5739,320;5743,310;5748,296;5752,308;5756,308;5761,322;5765,312;5769,312;5774,312;5778,324;5782,310;5787,324;5791,314;5795,300;5800,312;5804,298;5808,310;5813,310;5817,316;5822,302;5826,314;5830,312;5835,312;5839,316;5843,302;5848,314;5852,314;5856,314;5861,312;5865,306;5869,304;5874,318;5878,316;5883,302;5887,308;5891,306;5896,304;5900,304;5904,304;5909,302;5913,322;5917,322;5922,320;5926,306;5930,320;5935,304;5939,310;5943,310;5948,310;5952,322;5957,308;5961,314;5965,314;5970,326;5974,312;5978,326;5983,310;5987,302;5991,316;5996,300;6000,314;6004,300;6009,312;6013,304;6017,316;6022,302;6026,302;6031,300;6035,278;6039,278;6044,276;6048,276;6052,290;6057,252;6061,280;6065,292;6070,292;6074,290;6078,290;6083,266;6087,280;6091,280;6096,278;6100,292;6105,290;6109,282;6113,282;6118,296;6122,294;6126,292;6131,278;6135,284;6139,282;6144,282;6148,282;6152,282;6157,286;6161,286;6165,284;6170,284;6174,284;6179,254;6183,288;6187,288;6192,272;6196,272;6200,284;6205,284;6209,290;6213,288;6218,288;6222,286;6226,272;6231,278;6235,276;6239,276;6244,276;6248,274;6253,274;6257,280;6261,278;6266,264;6270,278;6274,276;6279,290;6283,268;6287,280;6292,280;6296,278;6300,278;6305,284;6309,284;6313,296;6318,282;6322,266;6327,278;6331,270;6335,282;6340,268;6344,282;6348,266;6353,272;6357,286;6361,284;6366,284;6370,284;6374,282;6379,288;6383,300;6388,286;6392,284;6396,284;6401,284;6405,288;6409,288;6414,274;6418,244;6422,272;6427,286;6431,290;6435,290;6440,276;6444,260;6448,274;6453,278;6457,278;6462,262;6466,262;6470,276;6475,276;6479,280;6483,280;6488,278;6492,278;6496,276;6501,280;6505,282;6509,282;6514,280;6518,280;6522,278;6527,284;6531,268;6536,280;6540,266;6544,278;6549,264;6553,270;6557,282;6562,282;6566,280;6570,280;6575,272;6579,284;6583,284;6588,282;6592,282;6596,280;\r\nBuffer sent in 0.973 secondsreturn;buffer;965\r\n'), 10:39:56
bytearray(b'received from UR: measure -> measure (0,1)\r\nSTEPPER: Moving to mstep: 6600 with speed [msteps/sec]: 1000 in StealthChop.\r\n'), 10:39:57
bytearray(b'STEPPER: Moving to mstep: 2400 with speed [msteps/sec]: 4000 in SpreadCycle.\r\n'), 10:40:01
bytearray(b'STEPPER: Moved 4200.00 msteps (ramp: 35%) in 1324.880 ms -> average speed [msteps/sec]: 3170.10\r\nreturn;measure;965\r\n'), 10:40:03
bytearray(b'received from UR: buffer -> buffer (0,1)\r\nSending buffer of size 965data;2400,290;2404,450;2408,162;2413,274;2417,316;2421,322;2426,336;2430,320;2434,334;2439,320;2443,324;2447,322;2452,308;2456,322;2460,320;2465,334;2469,326;2474,340;2478,324;2482,338;2487,322;2491,328;2495,328;2500,326;2504,326;2508,310;2513,324;2517,328;2521,342;2526,328;2530,328;2534,326;2539,326;2543,330;2548,330;2552,330;2556,316;2561,328;2565,320;2569,334;2574,318;2578,332;2582,318;2587,330;2591,322;2595,306;2600,320;2604,306;2608,332;2613,318;2617,338;2622,322;2626,336;2630,320;2635,334;2639,326;2643,324;2648,324;2652,308;2656,322;2661,320;2665,340;2669,324;2674,338;2678,324;2682,324;2687,322;2691,314;2696,328;2700,326;2704,326;2709,326;2713,332;2717,316;2722,330;2726,328;2730,328;2735,314;2739,318;2743,318;2748,318;2752,330;2756,316;2761,328;2765,320;2770,334;2774,320;2778,332;2783,318;2787,308;2791,322;2796,308;2800,334;2804,320;2809,334;2813,312;2817,324;2822,310;2826,324;2830,322;2835,314;2839,328;2844,312;2848,312;2852,312;2857,324;2861,316;2865,328;2870,328;2874,328;2878,312;2883,326;2887,316;2891,316;2896,328;2900,328;2905,326;2909,318;2913,332;2918,318;2922,330;2926,316;2931,328;2935,334;2939,318;2944,318;2948,302;2952,316;2957,302;2961,334;2965,320;2970,318;2974,316;2979,318;2983,308;2987,308;2992,320;2996,306;3000,318;3005,304;3009,324;3013,310;3018,324;3022,308;3026,322;3031,322;3035,300;3039,312;3044,312;3048,312;3053,298;3057,318;3061,318;3066,318;3070,316;3074,330;3079,316;3083,294;3087,306;3092,306;3096,320;3100,304;3105,304;3109,324;3114,324;3118,310;3122,322;3127,322;3131,314;3135,314;3140,298;3144,312;3148,312;3153,324;3157,316;3161,330;3166,314;3170,328;3174,312;3179,340;3183,318;3188,304;3192,316;3196,302;3201,314;3205,320;3209,334;3214,318;3218,332;3222,316;3227,332;3231,322;3235,322;3240,322;3244,320;3248,320;3253,304;3257,340;3262,324;3266,338;3270,322;3275,336;3279,328;3283,328;3288,326;3292,312;3296,312;3301,324;3305,330;3309,316;3314,330;3318,314;3322,328;3327,314;3331,318;3336,332;3340,318;3344,316;3349,302;3353,322;3357,308;3362,322;3366,320;3370,320;3375,304;3379,296;3383,310;3388,294;3392,322;3396,308;3401,320;3405,312;3410,326;3414,310;3418,324;3423,310;3427,316;3431,314;3436,300;3440,314;3444,312;3449,312;3453,306;3457,318;3462,318;3466,316;3470,316;3475,308;3479,322;3484,306;3488,320;3492,306;3497,306;3501,312;3505,310;3510,310;3514,308;3518,308;3523,322;3527,328;3531,312;3536,314;3540,298;3545,312;3549,318;3553,332;3558,316;3562,302;3566,314;3571,328;3575,320;3579,306;3584,334;3588,318;3592,318;3597,304;3601,324;3605,310;3610,322;3614,322;3619,334;3623,314;3627,300;3632,312;3636,312;3640,310;3645,310;3649,330;3653,316;3658,328;3662,314;3666,328;3671,326;3675,304;3679,318;3684,318;3688,316;3693,316;3697,322;3701,320;3706,334;3710,318;3714,332;3719,318;3723,310;3727,324;3732,308;3736,322;3740,294;3745,306;3749,312;3753,326;3758,310;3762,310;3767,308;3771,300;3775,314;3780,314;3784,326;3788,312;3793,310;3797,304;3801,316;3806,316;3810,314;3814,300;3819,314;3823,318;3827,318;3832,304;3836,302;3841,302;3845,322;3849,320;3854,306;3858,318;3862,318;3867,318;3871,308;3875,308;3880,306;3884,292;3888,304;3893,304;3897,324;3902,308;3906,322;3910,320;3915,320;3919,312;3923,296;3928,310;3932,296;3936,310;3941,308;3945,328;3949,314;3954,328;3958,326;3962,326;3967,310;3971,316;3976,330;3980,314;3984,314;3989,298;3993,334;3997,318;4002,332;4006,316;4010,330;4015,314;4019,306;4023,320;4028,318;4032,318;4036,304;4041,316;4045,322;4050,336;4054,320;4058,334;4063,318;4067,310;4071,308;4076,322;4080,320;4084,320;4089,318;4093,310;4097,324;4102,322;4106,322;4110,308;4115,312;4119,312;4124,312;4128,324;4132,310;4137,310;4141,314;4145,314;4150,314;4154,312;4158,312;4163,312;4167,316;4171,316;4176,316;4180,314;4185,314;4189,304;4193,318;4198,304;4202,318;4206,302;4211,316;4215,308;4219,320;4224,320;4228,318;4232,318;4237,302;4241,322;4245,308;4250,306;4254,306;4259,320;4263,310;4267,310;4272,310;4276,308;4280,308;4285,292;4289,312;4293,312;4298,312;4302,310;4306,324;4311,308;4315,314;4319,312;4324,298;4328,312;4333,296;4337,324;4341,316;4346,316;4350,302;4354,328;4359,314;4363,320;4367,320;4372,318;4376,318;4380,302;4385,316;4389,322;4393,322;4398,306;4402,334;4407,318;4411,310;4415,322;4420,308;4424,322;4428,306;4433,306;4437,310;4441,324;4446,310;4450,324;4454,306;4459,322;4463,312;4467,312;4472,310;4476,324;4481,322;4485,314;4489,328;4494,314;4498,326;4502,324;4507,324;4511,316;4515,316;4520,328;4524,314;4528,326;4533,310;4537,318;4541,316;4546,316;4550,314;4555,328;4559,306;4563,320;4568,318;4572,304;4576,318;4581,302;4585,324;4589,322;4594,322;4598,320;4602,334;4607,318;4611,296;4616,310;4620,308;4624,308;4629,306;4633,326;4637,312;4642,324;4646,310;4650,324;4655,308;4659,298;4663,312;4668,312;4672,310;4676,310;4681,308;4685,316;4690,316;4694,314;4698,328;4703,312;4707,306;4711,318;4716,304;4720,304;4724,302;4729,316;4733,306;4737,320;4742,306;4746,318;4751,318;4755,310;4759,322;4764,308;4768,308;4772,306;4777,320;4781,312;4785,324;4790,324;4794,336;4798,308;4803,336;4807,328;4811,312;4816,324;4820,298;4825,310;4829,316;4833,330;4838,314;4842,328;4846,312;4851,326;4855,318;4859,318;4864,316;4868,316;4872,314;4877,300;4881,320;4885,318;4890,320;4894,316;4899,330;4903,322;4907,320;4912,320;4916,304;4920,318;4925,302;4929,322;4933,320;4938,322;4942,320;4946,320;4951,318;4955,310;4959,308;4964,294;4968,306;4973,320;4977,312;4981,296;4986,310;4990,308;4994,322;4999,306;5003,312;5007,310;5012,298;5016,310;5020,322;5025,322;5029,300;5033,328;5038,312;5042,326;5047,312;5051,304;5055,302;5060,300;5064,314;5068,300;5073,300;5077,306;5081,304;5086,302;5090,316;5094,316;5099,316;5103,306;5107,292;5112,306;5116,304;5121,318;5125,310;5129,324;5134,322;5138,322;5142,320;5147,320;5151,326;5155,310;5160,324;5164,296;5168,308;5173,308;5177,328;5182,312;5186,326;5190,310;5195,324;5199,314;5203,300;5208,312;5212,298;5216,310;5221,310;5225,316;5229,300;5234,314;5238,312;5242,326;5247,312;5251,316;5256,316;5260,300;5264,314;5269,300;5273,330;5277,318;5282,318;5286,304;5290,316;5295,316;5299,322;5303,320;5308,320;5312,318;5317,304;5321,316;5325,310;5330,322;5334,308;5338,320;5343,306;5347,312;5351,324;5356,310;5360,322;5364,294;5369,306;5373,312;5377,326;5382,310;5386,324;5391,310;5395,300;5399,314;5404,314;5408,312;5412,312;5417,312;5421,304;5425,316;5430,316;5434,314;5438,300;5443,326;5447,304;5451,304;5456,302;5460,302;5465,300;5469,320;5473,320;5478,306;5482,320;5486,318;5491,318;5495,310;5499,308;5504,308;5508,306;5512,320;5517,306;5521,326;5525,310;5530,310;5534,310;5539,322;5543,314;5547,314;5552,326;5556,312;5560,314;5565,298;5569,320;5573,316;5578,330;5582,316;5586,330;5591,314;5595,292;5599,306;5604,304;5608,318;5613,302;5617,322;5621,308;5626,320;5630,306;5634,320;5639,304;5643,310;5647,324;5652,310;5656,322;5660,308;5665,306;5669,312;5674,310;5678,310;5682,308;5687,308;5691,314;5695,314;5700,312;5704,310;5708,296;5713,310;5717,316;5721,328;5726,314;5730,314;5734,310;5739,304;5743,316;5748,316;5752,316;5756,314;5761,314;5765,320;5769,320;5774,306;5778,318;5782,304;5787,318;5791,310;5795,310;5800,322;5804,308;5808,320;5813,312;5817,312;5822,310;5826,310;5830,308;5835,308;5839,314;5843,314;5848,314;5852,312;5856,312;5861,296;5865,316;5869,316;5874,316;5878,314;5883,314;5887,306;5891,306;5896,306;5900,290;5904,304;5909,304;5913,324;5917,308;5922,322;5926,322;5930,320;5935,320;5939,298;5943,312;5948,296;5952,310;5957,308;5961,308;5965,314;5970,328;5974,314;5978,326;5983,312;5987,304;5991,316;5996,302;6000,316;6004,314;6009,314;6013,306;6017,320;6022,304;6026,302;6031,288;6035,294;6039,292;6044,290;6048,290;6052,290;6057,288;6061,268;6065,266;6070,278;6074,278;6078,278;6083,290;6087,282;6091,282;6096,280;6100,278;6105,278;6109,298;6113,284;6118,282;6122,282;6126,296;6131,296;6135,274;6139,272;6144,272;6148,270;6152,284;6157,290;6161,290;6165,288;6170,288;6174,286;6179,300;6183,292;6187,292;6192,290;6196,290;6200,290;6205,288;6209,292;6213,292;6218,292;6222,290;6226,276;6231,280;6235,266;6239,266;6244,278;6248,276;6253,262;6257,296;6261,294;6266,280;6270,280;6274,264;6279,278;6283,268;6287,268;6292,268;6296,266;6300,250;6305,300;6309,284;6314,284;6318,282;6322,268;6327,280;6331,258;6335,272;6340,270;6344,270;6348,268;6353,282;6357,288;6361,286;6366,286;6370,300;6374,284;6379,262;6383,274;6388,274;6392,272;6396,258;6401,286;6405,278;6409,290;6414,276;6418,274;6422,274;6427,244;6431,278;6435,278;6440,276;6444,276;6448,274;6453,280;6457,294;6462,292;6466,278;6470,276;6475,254;6479,280;6483,280;6488,280;6492,278;6496,292;6501,270;6505,268;6509,280;6514,294;6518,280;6522,278;6527,270;6531,268;6536,268;6540,266;6544,266;6549,264;6553,270;6557,284;6562,296;6566,282;6570,280;6575,272;6579,270;6583,268;6588,254;6592,282;6596,280;\r\nBuffer sent in 0.973 secondsreturn;buffer;965\r\n'), 10:40:04
bytearray(b'received from UR: measure -> measure (0,1)\r\nSTEPPER: Moving to mstep: 6600 with speed [msteps/sec]: 1000 in StealthChop.\r\n'), 10:40:06
bytearray(b'STEPPER: Moving to mstep: 2400 with speed [msteps/sec]: 4000 in SpreadCycle.\r\n'), 10:40:10
bytearray(b'STEPPER: Moved 4200.00 msteps (ramp: 35%) in 1324.888 ms -> average speed [msteps/sec]: 3170.08\r\nreturn;measure;965\r\n'), 10:40:11
bytearray(b'received from UR: buffer -> buffer (0,1)\r\nSending buffer of size 965data;2400,300;2404,448;2408,158;2413,272;2417,314;2421,320;2426,334;2430,318;2434,332;2439,318;2443,324;2447,322;2452,308;2456,322;2460,308;2465,334;2469,326;2474,340;2478,326;2482,340;2487,324;2491,316;2495,316;2500,330;2504,330;2508,328;2513,328;2517,320;2521,332;2526,332;2530,332;2534,330;2539,330;2543,336;2548,322;2552,322;2556,306;2561,320;2565,326;2569,326;2574,310;2578,324;2582,324;2587,336;2591,330;2595,314;2600,328;2604,300;2609,314;2613,320;2617,334;2622,332;2626,346;2630,318;2635,330;2639,322;2643,322;2648,336;2652,322;2656,320;2661,306;2665,326;2669,324;2674,338;2678,324;2683,336;2687,320;2691,314;2696,326;2700,326;2704,326;2709,324;2713,332;2717,330;2722,330;2726,328;2730,328;2735,328;2739,306;2743,318;2748,304;2752,332;2757,316;2761,330;2765,322;2770,336;2774,320;2778,334;2783,320;2787,312;2791,340;2796,312;2800,338;2804,310;2809,324;2813,316;2817,330;2822,314;2826,328;2831,312;2835,318;2839,332;2844,318;2848,316;2852,302;2857,316;2861,322;2865,334;2870,320;2874,334;2878,318;2883,332;2887,312;2891,310;2896,324;2900,308;2905,322;2909,324;2913,330;2918,314;2922,328;2926,314;2931,328;2935,320;2939,318;2944,318;2948,302;2952,318;2957,302;2961,322;2965,310;2970,322;2974,308;2979,320;2983,314;2987,314;2992,324;2996,312;3000,310;3005,296;3009,330;3013,316;3018,330;3022,316;3026,314;3031,300;3035,306;3040,306;3044,318;3048,318;3053,318;3057,310;3061,308;3066,322;3070,322;3074,308;3079,306;3083,298;3087,310;3092,310;3096,310;3100,296;3105,308;3109,316;3114,328;3118,314;3122,328;3127,326;3131,304;3135,316;3140,302;3144,316;3148,300;3153,314;3157,320;3161,332;3166,318;3170,332;3174,316;3179,310;3183,322;3188,306;3192,320;3196,306;3201,318;3205,322;3209,322;3214,306;3218,320;3222,306;3227,320;3231,324;3235,324;3240,322;3244,322;3249,322;3253,312;3257,326;3262,326;3266,324;3270,310;3275,322;3279,314;3283,328;3288,326;3292,326;3296,310;3301,310;3305,330;3309,328;3314,328;3318,314;3323,326;3327,318;3331,318;3336,330;3340,316;3344,316;3349,300;3353,320;3357,320;3362,334;3366,318;3370,318;3375,302;3379,308;3383,308;3388,322;3392,320;3397,306;3401,320;3405,310;3410,324;3414,310;3418,322;3423,308;3427,300;3431,312;3436,312;3440,310;3444,310;3449,324;3453,302;3457,314;3462,314;3466,312;3471,298;3475,304;3479,316;3484,316;3488,314;3492,314;3497,314;3501,306;3505,320;3510,318;3514,318;3518,316;3523,316;3527,322;3531,320;3536,320;3540,306;3545,318;3549,310;3553,324;3558,322;3562,322;3566,306;3571,320;3575,326;3579,324;3584,324;3588,310;3592,324;3597,308;3601,328;3605,326;3610,340;3614,324;3619,310;3623,316;3627,300;3632,314;3636,312;3640,326;3645,326;3649,332;3653,304;3658,318;3662,316;3666,330;3671,316;3675,322;3679,322;3684,306;3688,320;3693,320;3697,326;3701,312;3706,326;3710,324;3714,324;3719,322;3723,316;3727,316;3732,300;3736,314;3740,314;3745,326;3749,304;3754,318;3758,318;3762,316;3767,316;3771,308;3775,320;3780,306;3784,304;3788,304;3793,318;3797,310;3801,324;3806,324;3810,322;3814,308;3819,300;3823,312;3828,298;3832,312;3836,310;3841,310;3845,316;3849,330;3854,314;3858,316;3862,314;3867,328;3871,306;3875,292;3880,304;3884,304;3888,302;3893,308;3897,322;3902,320;3906,306;3910,304;3915,318;3919,310;3923,310;3928,310;3932,294;3936,306;3941,306;3945,326;3949,312;3954,324;3958,310;3962,324;3967,308;3971,300;3976,312;3980,314;3984,326;3989,312;3993,332;3997,318;4002,330;4006,316;4010,330;4015,328;4019,306;4023,320;4028,304;4032,318;4036,318;4041,330;4045,308;4050,322;4054,306;4058,334;4063,318;4067,312;4071,310;4076,310;4080,308;4084,308;4089,322;4093,314;4097,328;4102,326;4106,326;4110,312;4115,318;4119,330;4124,316;4128,316;4132,300;4137,314;4141,320;4145,334;4150,318;4154,318;4158,302;4163,330;4167,308;4171,308;4176,308;4180,292;4185,306;4189,310;4193,326;4198,312;4202,324;4206,310;4211,324;4215,302;4219,300;4224,314;4228,298;4232,312;4237,312;4241,318;4245,316;4250,318;4254,314;4259,314;4263,306;4267,292;4272,304;4276,304;4280,304;4285,302;4289,322;4293,322;4298,320;4302,306;4306,320;4311,318;4315,296;4320,310;4324,296;4328,308;4333,294;4337,328;4341,314;4346,326;4350,312;4354,326;4359,324;4363,302;4367,316;4372,314;4376,328;4380,314;4385,328;4389,320;4394,332;4398,318;4402,332;4407,318;4411,296;4415,310;4420,308;4424,322;4428,320;4433,320;4437,312;4441,326;4446,312;4450,326;4454,324;4459,304;4463,316;4468,316;4472,316;4476,316;4481,314;4485,320;4489,320;4494,320;4498,320;4502,318;4507,332;4511,324;4515,322;4520,322;4524,308;4528,320;4533,314;4537,314;4542,312;4546,324;4550,310;4555,322;4559,316;4563,314;4568,314;4572,298;4576,312;4581,312;4585,318;4589,304;4594,316;4598,316;4602,316;4607,314;4611,306;4616,318;4620,304;4624,318;4629,318;4633,324;4637,308;4642,308;4646,306;4650,320;4655,306;4659,310;4663,312;4668,310;4672,308;4676,308;4681,314;4685,314;4690,316;4694,314;4698,314;4703,312;4707,304;4711,304;4716,290;4720,304;4724,302;4729,316;4733,310;4737,322;4742,308;4746,320;4751,320;4755,312;4759,314;4764,298;4768,312;4772,310;4777,312;4781,316;4785,330;4790,316;4794,330;4798,314;4803,328;4807,320;4811,304;4816,318;4820,304;4825,318;4829,310;4833,324;4838,322;4842,336;4846,320;4851,334;4855,312;4859,298;4864,310;4868,310;4872,310;4877,308;4881,330;4886,314;4890,314;4894,312;4899,328;4903,306;4907,318;4912,318;4916,304;4920,316;4925,316;4929,322;4933,308;4938,322;4942,320;4946,320;4951,320;4955,312;4960,322;4964,310;4968,310;4973,294;4977,330;4981,314;4986,328;4990,312;4994,328;4999,314;5003,304;5007,318;5012,304;5016,304;5020,316;5025,316;5029,308;5034,322;5038,306;5042,320;5047,306;5051,312;5055,312;5060,310;5064,310;5068,310;5073,322;5077,300;5081,314;5086,314;5090,314;5094,312;5099,290;5103,304;5108,302;5112,302;5116,302;5121,302;5125,322;5129,322;5134,320;5138,320;5142,320;5147,320;5151,312;5155,298;5160,312;5164,296;5168,310;5173,308;5177,330;5182,316;5186,328;5190,314;5195,328;5199,306;5203,304;5208,318;5212,304;5216,304;5221,318;5225,324;5229,308;5234,322;5238,308;5242,322;5247,320;5251,312;5256,312;5260,310;5264,310;5269,308;5273,316;5277,314;5282,314;5286,312;5290,326;5295,312;5299,318;5303,318;5308,316;5312,316;5316,302;5321,314;5325,320;5330,320;5334,304;5338,318;5343,318;5347,310;5351,324;5356,308;5360,322;5364,294;5369,306;5373,312;5377,326;5382,310;5386,324;5391,310;5395,302;5399,302;5404,300;5408,314;5412,298;5417,312;5421,318;5425,318;5430,318;5434,318;5438,316;5443,316;5447,322;5451,308;5456,306;5460,320;5465,320;5469,296;5473,310;5478,310;5482,308;5486,308;5491,308;5495,314;5499,298;5504,312;5508,298;5512,310;5517,294;5521,316;5525,316;5530,328;5534,314;5539,314;5543,320;5547,304;5552,318;5556,302;5560,316;5565,300;5569,322;5573,320;5578,334;5582,318;5586,332;5591,316;5595,308;5600,320;5604,292;5608,306;5613,304;5617,324;5621,308;5626,322;5630,320;5634,334;5639,318;5643,310;5647,310;5652,294;5656,308;5660,306;5665,306;5669,312;5674,324;5678,310;5682,310;5687,308;5691,300;5695,314;5700,314;5704,314;5708,312;5713,326;5717,316;5721,316;5726,314;5730,312;5734,312;5739,304;5743,318;5748,316;5752,316;5756,314;5761,314;5765,320;5769,320;5774,318;5778,316;5782,302;5787,316;5791,320;5795,320;5800,318;5804,304;5808,318;5813,302;5817,322;5822,308;5826,320;5830,304;5835,318;5839,310;5843,322;5848,322;5852,308;5856,306;5861,304;5865,324;5869,310;5874,324;5878,308;5882,322;5887,312;5891,296;5896,310;5900,310;5904,308;5909,308;5913,312;5917,312;5922,324;5926,310;5930,322;5935,308;5939,300;5943,312;5948,296;5952,310;5957,310;5961,316;5965,314;5970,316;5974,314;5978,326;5983,312;5987,304;5991,316;5996,302;6000,314;6004,300;6009,312;6013,304;6017,318;6022,302;6026,302;6031,286;6035,292;6039,292;6044,292;6048,290;6052,290;6057,288;6061,294;6065,294;6070,280;6074,278;6078,292;6083,282;6087,282;6091,268;6096,280;6100,280;6105,278;6109,284;6113,298;6118,296;6122,296;6126,282;6131,252;6135,298;6139,284;6144,284;6148,284;6152,282;6157,288;6161,300;6165,286;6170,300;6174,284;6179,282;6183,276;6187,274;6192,274;6196,272;6200,272;6205,256;6209,292;6213,288;6218,288;6222,288;6226,272;6231,294;6235,292;6240,278;6244,276;6248,276;6253,274;6257,280;6261,280;6266,278;6270,278;6274,290;6279,276;6283,296;6287,280;6292,280;6296,294;6300,264;6305,284;6309,284;6314,296;6318,282;6322,282;6327,280;6331,286;6335,284;6340,284;6344,296;6348,282;6353,274;6357,272;6361,272;6366,286;6370,298;6374,284;6379,262;6383,274;6388,274;6392,272;6396,256;6401,284;6405,290;6409,290;6414,274;6418,274;6422,272;6427,244;6431,278;6435,276;6440,276;6444,276;6448,274;6453,282;6457,282;6462,280;6466,280;6470,264;6475,256;6479,284;6483,282;6488,282;6492,282;6496,280;6501,272;6505,270;6509,284;6514,284;6518,282;6523,268;6527,272;6531,272;6536,272;6540,256;6544,270;6549,268;6553,274;6557,288;6562,288;6566,286;6570,272;6575,264;6579,264;6583,264;6588,262;6592,276;6597,274;\r\nBuffer sent in 0.973 secondsreturn;buffer;965\r\n'), 10:40:13
bytearray(b'received from UR: home -> home (0,1)\r\nSTEPPER: Moving to mstep: 0 with speed [msteps/sec]: 4000 in SpreadCycle.\r\n'), 10:40:14
bytearray(b'STEPPER: Moved 2400.00 msteps (ramp: 35%) in 813.424 ms -> average speed [msteps/sec]: 2950.49\r\nreturn;home;1\r\n'), 10:40:15
