bytearray(b'STEPPER: Moving to mstep: 2400 with speed [msteps/sec]: 4000 in SpreadCycle.\r\n'), 10:34:45
bytearray(b'STEPPER: Moved 2400.00 msteps (ramp: 35%) in 812.836 ms -> average speed [msteps/sec]: 2952.63\r\n'), 10:34:45
bytearray(b'received from UR: status -> status (0,1)\r\n*** STATUS ***\r\nid        :         3 -\r\nstep      :      2400 steps\r\nspeed     :      1500 msteps/s\r\nmspeed    :      1000 msteps/s\r\nsg-thrs   :        80 -\r\ndefault   :     12000 \xc2\xb5m\r\ndispense  :     30350 \xc2\xb5m\r\nblowout   :     33000 \xc2\xb5m\r\nd-offset  :        20 \xc2\xb5m\r\nur0       :         0 -\r\nur1       :         1 -\r\nhomed     :         1 -\r\nreturn;status;2400\r\n'), 10:34:47
bytearray(b'received from UR: measure -> measure (0,1)\r\nSTEPPER: Moving to mstep: 6600 with speed [msteps/sec]: 1000 in StealthChop.\r\n'), 10:34:48
bytearray(b'STEPPER: Moving to mstep: 2400 with speed [msteps/sec]: 4000 in SpreadCycle.\r\n'), 10:34:53
bytearray(b'STEPPER: Moved 4200.00 msteps (ramp: 35%) in 1324.884 ms -> average speed [msteps/sec]: 3170.09\r\nreturn;measure;965\r\n'), 10:34:54
bytearray(b'received from UR: buffer -> buffer (0,1)\r\nSending buffer of size 965data;2400,126;2404,480;2408,132;2413,276;2417,318;2421,324;2426,338;2430,324;2434,336;2439,322;2443,328;2447,328;2452,326;2456,326;2460,310;2465,324;2469,316;2474,330;2478,314;2482,342;2487,326;2491,318;2495,318;2500,332;2504,332;2508,330;2513,330;2517,322;2521,334;2526,334;2530,334;2534,318;2539,310;2543,322;2548,322;2552,334;2556,320;2561,320;2565,324;2569,324;2574,322;2578,336;2582,320;2587,334;2591,326;2595,310;2600,324;2604,322;2608,322;2613,306;2617,340;2622,326;2626,338;2630,324;2635,338;2639,328;2643,314;2648,326;2652,312;2656,326;2661,324;2665,332;2669,330;2674,330;2678,314;2682,328;2687,326;2691,318;2696,332;2700,316;2704,318;2709,330;2713,322;2717,320;2722,334;2726,320;2730,334;2735,332;2739,310;2743,324;2748,308;2752,322;2756,322;2761,334;2765,314;2770,326;2774,326;2778,340;2783,324;2787,316;2791,330;2796,302;2800,328;2804,314;2809,342;2813,320;2817,334;2822,318;2826,332;2830,318;2835,346;2839,322;2844,322;2848,322;2852,322;2857,322;2861,326;2865,342;2870,326;2874,326;2878,326;2883,326;2887,330;2891,316;2896,330;2900,314;2904,328;2909,328;2913,334;2918,320;2922,332;2926,318;2931,332;2935,338;2939,310;2944,322;2948,322;2952,336;2957,322;2961,328;2965,328;2970,326;2974,312;2979,326;2983,310;2987,318;2992,316;2996,302;3000,314;3005,300;3009,320;3013,306;3018,320;3022,318;3026,318;3031,304;3035,310;3039,308;3044,322;3048,322;3053,320;3057,326;3061,312;3066,324;3070,310;3074,310;3079,308;3083,314;3087,314;3092,314;3096,326;3100,312;3105,324;3109,316;3114,316;3118,314;3122,314;3127,314;3131,306;3135,320;3140,318;3144,318;3148,302;3153,316;3157,322;3161,322;3166,320;3170,334;3174,318;3179,328;3183,324;3188,308;3192,320;3196,306;3201,320;3205,324;3209,338;3214,324;3218,338;3222,322;3227,336;3231,314;3235,314;3240,326;3244,312;3248,312;3253,310;3257,332;3262,316;3266,330;3270,316;3275,330;3279,320;3283,320;3288,320;3292,320;3296,318;3301,320;3305,324;3309,324;3314,324;3318,322;3322,336;3327,322;3331,314;3336,312;3340,312;3344,326;3349,310;3353,330;3357,316;3362,316;3366,314;3370,328;3375,312;3379,304;3383,318;3388,318;3392,318;3396,316;3401,316;3405,322;3410,322;3414,308;3418,322;3423,306;3427,312;3431,310;3436,310;3440,310;3444,310;3449,308;3453,314;3457,328;3462,314;3466,314;3470,312;3475,312;3479,318;3484,318;3488,316;3492,302;3497,316;3501,308;3505,308;3510,306;3514,320;3518,318;3523,318;3527,324;3531,310;3536,322;3540,308;3544,320;3549,314;3553,314;3558,312;3562,326;3566,312;3571,338;3575,316;3579,302;3584,316;3588,300;3592,314;3597,314;3601,334;3605,318;3610,332;3614,316;3619,330;3623,316;3627,308;3632,320;3636,320;3640,320;3645,318;3649,324;3653,308;3658,322;3662,322;3666,320;3671,306;3675,312;3679,324;3684,324;3688,324;3693,322;3697,322;3701,328;3706,328;3710,312;3714,326;3719,324;3723,316;3727,330;3732,300;3736,328;3740,312;3745,326;3749,318;3753,318;3758,316;3762,330;3767,314;3771,306;3775,306;3780,304;3784,318;3788,304;3793,316;3797,308;3801,322;3806,306;3810,320;3814,320;3819,334;3823,310;3827,296;3832,310;3836,308;3841,322;3845,314;3849,314;3854,312;3858,326;3862,312;3867,324;3871,316;3875,316;3880,314;3884,314;3888,314;3893,314;3897,318;3901,318;3906,318;3910,316;3915,316;3919,322;3923,308;3928,320;3932,306;3936,318;3941,304;3945,324;3949,324;3954,322;3958,322;3962,322;3967,320;3971,312;3975,326;3980,310;3984,324;3989,296;3993,330;3997,314;4002,328;4006,312;4010,326;4015,312;4019,318;4023,318;4028,318;4032,316;4036,316;4041,316;4045,322;4049,322;4054,320;4058,334;4063,320;4067,312;4071,324;4076,310;4080,324;4084,310;4089,310;4093,316;4097,330;4102,314;4106,328;4110,314;4115,326;4119,320;4124,304;4128,318;4132,304;4137,330;4141,322;4145,320;4150,320;4154,320;4158,318;4163,332;4167,310;4171,308;4176,322;4180,308;4184,320;4189,306;4193,326;4198,312;4202,326;4206,310;4211,324;4215,316;4219,302;4224,314;4228,314;4232,312;4237,312;4241,318;4245,304;4250,316;4254,302;4258,316;4263,308;4267,308;4272,306;4276,306;4280,320;4285,304;4289,310;4293,310;4298,310;4302,308;4306,322;4311,322;4315,298;4319,312;4324,312;4328,326;4333,310;4337,316;4341,316;4346,316;4350,314;4354,314;4359,314;4363,306;4367,320;4372,318;4376,318;4380,304;4385,316;4389,310;4393,336;4398,322;4402,334;4407,318;4411,312;4415,312;4420,324;4424,324;4428,322;4433,322;4437,312;4441,326;4446,312;4450,324;4454,310;4459,324;4463,316;4467,328;4472,328;4476,314;4481,326;4485,318;4489,332;4494,316;4498,316;4502,314;4507,328;4511,320;4515,318;4520,318;4524,304;4528,316;4533,316;4537,322;4541,320;4546,320;4550,320;4555,320;4559,318;4563,310;4568,308;4572,308;4576,308;4581,320;4585,314;4589,312;4594,312;4598,310;4602,324;4607,310;4611,316;4615,314;4620,300;4624,314;4629,312;4633,318;4637,316;4642,318;4646,316;4650,316;4655,314;4659,306;4663,320;4668,306;4672,304;4676,304;4681,304;4685,310;4689,322;4694,308;4698,322;4703,308;4707,312;4711,326;4716,310;4720,310;4724,310;4729,322;4733,314;4737,314;4742,312;4746,326;4750,312;4755,326;4759,316;4764,316;4768,316;4772,300;4777,328;4781,320;4785,320;4790,318;4794,332;4798,316;4803,330;4807,322;4811,306;4816,320;4820,306;4824,318;4829,310;4833,324;4838,308;4842,322;4846,320;4851,334;4855,312;4859,312;4864,310;4868,310;4872,308;4877,308;4881,328;4885,328;4890,328;4894,326;4898,326;4903,316;4907,316;4912,316;4916,316;4920,314;4925,312;4929,320;4933,318;4938,318;4942,316;4946,316;4951,314;4955,306;4959,320;4964,304;4968,318;4973,316;4977,316;4981,322;4986,322;4990,320;4994,320;4999,318;5003,310;5007,324;5012,308;5016,322;5020,308;5025,308;5029,314;5033,328;5038,312;5042,326;5047,310;5051,316;5055,302;5060,300;5064,300;5068,300;5073,312;5077,318;5081,318;5086,304;5090,316;5094,316;5099,314;5103,308;5107,306;5112,318;5116,304;5121,318;5125,310;5129,322;5134,322;5138,322;5142,320;5147,320;5151,312;5155,310;5160,324;5164,310;5168,310;5173,308;5177,328;5181,314;5186,328;5190,312;5195,326;5199,318;5203,304;5208,318;5212,302;5216,316;5221,302;5225,336;5229,308;5234,334;5238,306;5242,320;5247,304;5251,324;5255,322;5260,322;5264,320;5269,306;5273,324;5277,312;5282,324;5286,310;5290,310;5295,308;5299,314;5303,314;5308,314;5312,326;5316,312;5321,312;5325,316;5330,330;5334,316;5338,314;5343,314;5347,306;5351,320;5356,304;5360,316;5364,302;5369,316;5373,308;5377,322;5382,306;5386,320;5390,306;5395,312;5399,324;5404,310;5408,310;5412,308;5417,308;5421,314;5425,314;5430,312;5434,324;5438,312;5443,324;5447,302;5451,302;5456,302;5460,300;5464,300;5469,306;5473,320;5478,318;5482,318;5486,304;5491,316;5495,322;5499,308;5504,308;5508,306;5512,306;5517,304;5521,326;5525,310;5530,310;5534,308;5538,322;5543,316;5547,314;5552,314;5556,300;5560,312;5565,310;5569,332;5573,318;5578,332;5582,302;5586,330;5591,316;5595,292;5599,308;5604,306;5608,320;5613,318;5617,318;5621,310;5626,324;5630,322;5634,324;5639,322;5643,300;5647,312;5652,298;5656,312;5660,312;5665,310;5669,316;5673,316;5678,314;5682,314;5687,314;5691,306;5695,318;5700,318;5704,316;5708,302;5713,316;5717,322;5721,320;5726,320;5730,320;5734,318;5739,318;5743,324;5747,308;5752,308;5756,308;5761,308;5765,314;5769,312;5774,310;5778,310;5782,310;5787,322;5791,328;5795,314;5800,312;5804,296;5808,310;5813,310;5817,330;5821,316;5826,314;5830,312;5835,328;5839,306;5843,318;5848,304;5852,302;5856,314;5861,300;5865,320;5869,306;5874,320;5878,304;5882,316;5887,316;5891,306;5896,306;5900,318;5904,318;5909,302;5913,322;5917,308;5922,320;5926,306;5930,320;5935,318;5939,298;5943,310;5948,294;5952,308;5956,320;5961,320;5965,312;5970,324;5974,308;5978,324;5983,308;5987,314;5991,314;5996,296;6000,310;6004,310;6009,324;6013,314;6017,328;6022,314;6026,326;6030,312;6035,302;6039,314;6044,312;6048,300;6052,300;6057,312;6061,318;6065,318;6070,316;6074,316;6078,314;6083,314;6087,320;6091,306;6096,318;6100,316;6104,316;6109,308;6113,320;6118,320;6122,320;6126,318;6131,318;6135,322;6139,308;6144,308;6148,292;6152,304;6157,304;6161,310;6165,280;6170,294;6174,292;6178,292;6183,284;6187,282;6192,282;6196,280;6200,294;6205,278;6209,298;6213,284;6218,298;6222,296;6226,296;6231,294;6235,286;6239,272;6244,270;6248,284;6252,282;6257,274;6261,288;6266,288;6270,286;6274,286;6279,284;6283,276;6287,274;6292,274;6296,274;6300,272;6305,278;6309,278;6313,276;6318,276;6322,276;6327,288;6331,280;6335,280;6340,280;6344,292;6348,278;6353,290;6357,282;6361,280;6366,280;6370,280;6374,278;6379,270;6383,282;6387,268;6392,280;6396,280;6401,280;6405,286;6409,298;6414,284;6418,282;6422,282;6427,280;6431,272;6435,272;6440,270;6444,284;6448,282;6453,288;6457,288;6462,286;6466,286;6470,284;6475,270;6479,274;6483,274;6488,274;6492,286;6496,286;6501,286;6505,292;6509,290;6514,290;6518,288;6522,274;6527,280;6531,264;6536,276;6540,262;6544,276;6549,276;6553,266;6557,280;6562,280;6566,292;6570,292;6575,270;6579,284;6583,282;6588,268;6592,280;6596,266;\r\nBuffer sent in 0.973 secondsreturn;buffer;965\r\n'), 10:34:56
bytearray(b'received from UR: measure -> measure (0,1)\r\nSTEPPER: Moving to mstep: 6600 with speed [msteps/sec]: 1000 in StealthChop.\r\n'), 10:34:57
bytearray(b'STEPPER: Moving to mstep: 2400 with speed [msteps/sec]: 4000 in SpreadCycle.\r\n'), 10:35:01
bytearray(b'STEPPER: Moved 4200.00 msteps (ramp: 35%) in 1324.880 ms -> average speed [msteps/sec]: 3170.10\r\nreturn;measure;965\r\n'), 10:35:03
bytearray(b'received from UR: buffer -> buffer (0,1)\r\nSending buffer of size 965data;2400,298;2404,444;2408,168;2413,268;2417,310;2421,318;2426,344;2430,316;2434,330;2439,316;2443,320;2447,334;2452,320;2456,332;2460,332;2465,318;2469,322;2474,336;2478,322;2482,336;2487,320;2491,312;2495,326;2500,326;2504,326;2508,324;2513,324;2517,316;2521,330;2526,330;2530,330;2534,328;2539,306;2543,334;2548,320;2552,332;2556,318;2561,332;2565,324;2569,338;2574,322;2578,336;2582,322;2587,336;2591,328;2595,314;2600,340;2604,312;2608,326;2613,310;2617,332;2622,316;2626,330;2630,328;2635,330;2639,320;2643,320;2648,334;2652,334;2656,318;2661,318;2665,338;2669,324;2674,338;2678,322;2682,336;2687,320;2691,326;2696,326;2700,326;2704,340;2709,310;2713,330;2717,330;2722,344;2726,328;2730,328;2735,326;2739,318;2743,332;2748,318;2752,332;2756,304;2761,330;2765,322;2770,336;2774,320;2778,334;2783,320;2787,312;2791,338;2796,324;2800,336;2804,310;2809,322;2813,314;2817,342;2822,326;2826,340;2830,310;2835,324;2839,330;2844,314;2848,328;2852,314;2857,326;2861,318;2865,332;2870,318;2874,330;2878,316;2883,330;2887,336;2891,320;2896,334;2900,320;2905,332;2909,318;2913,338;2918,322;2922,336;2926,322;2931,322;2935,328;2939,314;2944,340;2948,326;2952,324;2957,310;2961,330;2965,316;2970,330;2974,314;2979,314;2983,320;2987,306;2992,320;2996,306;3000,318;3005,304;3009,324;3013,310;3018,324;3022,308;3026,322;3031,308;3035,314;3039,314;3044,314;3048,312;3053,300;3057,312;3061,318;3066,318;3070,318;3074,318;3079,316;3083,308;3087,308;3092,308;3096,322;3100,308;3105,320;3109,314;3113,328;3118,312;3122,326;3127,312;3131,304;3135,314;3140,302;3144,316;3148,314;3153,328;3157,320;3161,334;3166,318;3170,332;3174,318;3179,330;3183,324;3187,308;3192,322;3196,306;3201,320;3205,312;3209,328;3214,312;3218,340;3222,324;3227,338;3231,316;3235,302;3240,328;3244,314;3248,326;3253,312;3257,332;3262,318;3266,332;3270,316;3275,330;3279,322;3283,322;3288,320;3292,320;3296,320;3301,320;3305,326;3309,312;3314,324;3318,324;3322,322;3327,310;3331,314;3336,328;3340,314;3344,328;3349,312;3353,320;3357,318;3362,332;3366,316;3370,330;3375,316;3379,308;3383,308;3388,308;3392,322;3396,306;3401,334;3405,312;3410,312;3414,312;3418,326;3423,310;3427,316;3431,316;3436,316;3440,316;3444,314;3449,330;3453,306;3457,308;3462,306;3466,320;3470,304;3475,318;3479,310;3484,296;3488,310;3492,308;3497,322;3501,314;3505,314;3510,314;3514,314;3518,312;3523,326;3527,318;3531,302;3536,316;3540,302;3544,316;3549,316;3553,322;3558,320;3562,320;3566,320;3571,334;3575,326;3579,310;3584,324;3588,310;3592,324;3597,294;3601,330;3605,314;3610,330;3614,314;3619,328;3623,320;3627,320;3632,320;3636,318;3640,318;3645,316;3649,338;3653,322;3658,336;3662,320;3666,334;3671,320;3675,326;3679,312;3684,310;3688,324;3693,320;3697,316;3701,314;3706,314;3710,312;3714,326;3719,312;3723,318;3727,316;3732,316;3736,330;3740,314;3745,328;3749,320;3753,318;3758,318;3762,330;3767,316;3771,308;3775,322;3780,308;3784,322;3788,306;3793,320;3797,312;3801,326;3806,310;3810,324;3814,310;3819,324;3823,314;3827,300;3832,314;3836,300;3841,312;3845,306;3849,320;3854,304;3858,318;3862,316;3867,316;3871,308;3875,308;3880,322;3884,306;3888,320;3893,306;3897,312;3901,310;3906,322;3910,310;3915,324;3919,316;3923,300;3928,314;3932,298;3936,312;3941,312;3945,318;3949,318;3954,318;3958,316;3962,330;3967,316;3971,308;3975,322;3980,306;3984,320;3989,306;3993,326;3997,310;4002,324;4006,310;4010,324;4015,322;4019,314;4023,314;4028,300;4032,314;4036,312;4041,326;4045,318;4049,332;4054,316;4058,330;4063,316;4067,308;4071,320;4076,320;4080,318;4084,318;4089,318;4093,310;4097,324;4102,308;4106,322;4110,322;4115,322;4119,314;4124,298;4128,324;4132,310;4137,322;4141,316;4145,328;4150,314;4154,326;4158,312;4163,326;4167,330;4171,316;4176,316;4180,300;4184,314;4189,306;4193,320;4198,318;4202,318;4206,316;4211,330;4215,308;4219,306;4224,306;4228,304;4232,304;4237,302;4241,322;4245,308;4250,320;4254,306;4258,320;4263,312;4267,310;4272,310;4276,308;4280,322;4285,306;4289,314;4293,312;4298,310;4302,310;4306,322;4311,308;4315,300;4319,312;4324,312;4328,324;4332,296;4337,316;4341,314;4346,328;4350,312;4354,312;4359,310;4363,316;4367,316;4372,300;4376,314;4380,298;4385,326;4389,318;4393,332;4398,316;4402,330;4407,316;4411,306;4415,320;4420,306;4424,332;4428,318;4433,316;4437,308;4441,322;4446,320;4450,320;4454,304;4459,318;4463,324;4467,310;4472,322;4476,308;4481,320;4485,312;4489,326;4494,310;4498,324;4502,308;4507,322;4511,312;4515,312;4520,324;4524,310;4528,324;4533,308;4537,328;4541,314;4546,326;4550,312;4555,326;4559,316;4563,302;4568,316;4572,302;4576,328;4581,312;4585,318;4589,318;4594,318;4598,316;4602,316;4607,300;4611,306;4615,320;4620,304;4624,318;4629,304;4633,324;4637,308;4642,308;4646,308;4650,320;4655,306;4659,312;4663,310;4668,310;4672,310;4676,306;4681,322;4685,300;4690,314;4694,314;4698,314;4703,312;4707,318;4711,316;4716,302;4720,316;4724,302;4729,328;4733,318;4737,318;4742,318;4746,332;4750,316;4755,308;4759,322;4764,308;4768,320;4772,306;4777,334;4781,312;4785,324;4790,310;4794,324;4798,308;4803,322;4807,314;4811,312;4816,326;4820,312;4824,324;4829,302;4833,316;4838,314;4842,328;4846,312;4851,326;4855,318;4859,318;4864,318;4868,316;4872,316;4877,316;4881,320;4885,320;4890,318;4894,318;4898,318;4903,310;4907,308;4912,322;4916,308;4920,320;4925,306;4929,326;4933,310;4938,324;4942,310;4946,322;4951,322;4955,298;4959,312;4964,298;4968,326;4973,310;4977,318;4981,302;4986,316;4990,314;4994,328;4999,312;5003,304;5007,318;5012,304;5016,316;5020,316;5025,314;5029,306;5033,320;5038,306;5042,320;5047,304;5051,310;5055,308;5060,308;5064,322;5068,306;5073,306;5077,310;5081,310;5086,308;5090,308;5094,308;5099,320;5103,312;5107,310;5112,310;5116,294;5121,322;5125,314;5129,326;5134,312;5138,324;5142,310;5147,322;5151,314;5155,312;5160,326;5164,310;5168,324;5173,310;5177,316;5181,314;5186,316;5190,314;5195,326;5199,320;5203,318;5208,316;5212,316;5216,328;5221,314;5225,334;5229,318;5234,332;5238,304;5242,316;5247,316;5251,308;5255,322;5260,322;5264,320;5269,306;5273,326;5277,312;5282,324;5286,310;5290,324;5295,324;5299,302;5303,314;5308,300;5312,314;5316,298;5321,326;5325,318;5330,318;5334,318;5338,318;5343,316;5347,308;5351,322;5356,308;5360,308;5364,306;5369,320;5373,312;5377,326;5382,310;5386,324;5390,308;5395,300;5399,328;5404,300;5408,312;5412,298;5417,312;5421,318;5425,332;5430,316;5434,330;5438,314;5443,328;5447,320;5451,306;5456,318;5460,318;5464,304;5469,310;5473,310;5478,308;5482,308;5486,306;5491,320;5495,312;5499,310;5504,310;5508,310;5512,324;5517,308;5521,316;5525,314;5530,328;5534,314;5538,312;5543,312;5547,304;5552,318;5556,304;5560,316;5565,302;5569,322;5573,308;5578,322;5582,306;5586,320;5591,320;5595,312;5599,312;5604,310;5608,324;5612,296;5617,310;5621,314;5626,316;5630,314;5634,328;5639,312;5643,304;5647,318;5652,318;5656,316;5660,302;5665,302;5669,308;5673,322;5678,308;5682,320;5686,306;5691,312;5695,324;5700,310;5704,310;5708,310;5713,324;5717,314;5721,328;5726,314;5730,328;5734,326;5739,326;5743,318;5747,302;5752,316;5756,302;5761,316;5765,314;5769,320;5774,306;5778,320;5782,318;5787,332;5791,310;5795,296;5800,308;5804,308;5808,308;5813,308;5817,328;5821,312;5826,326;5830,312;5835,326;5839,318;5843,302;5848,316;5852,316;5856,314;5861,300;5865,320;5869,306;5874,306;5878,304;5882,316;5887,308;5891,296;5896,308;5900,306;5904,320;5909,306;5913,312;5917,312;5922,324;5926,310;5930,324;5935,310;5939,302;5943,328;5948,300;5952,314;5956,298;5961,312;5965,318;5970,304;5974,302;5978,316;5983,316;5987,322;5991,322;5996,308;6000,320;6004,306;6009,320;6013,312;6017,326;6022,310;6026,324;6030,310;6035,324;6039,316;6044,314;6048,314;6052,298;6057,312;6061,320;6065,318;6070,304;6074,318;6078,316;6083,330;6087,322;6091,308;6096,308;6100,322;6104,320;6109,306;6113,326;6118,312;6122,312;6126,310;6131,324;6135,316;6139,300;6144,314;6148,298;6152,312;6157,298;6161,304;6165,302;6170,302;6174,288;6178,288;6183,294;6187,278;6192,278;6196,276;6200,288;6205,276;6209,296;6213,294;6218,294;6222,294;6226,292;6231,284;6235,298;6239,282;6244,282;6248,282;6253,282;6257,286;6261,286;6266,286;6270,284;6274,284;6279,270;6283,288;6287,274;6292,274;6296,288;6300,272;6305,280;6309,278;6313,278;6318,278;6322,292;6327,292;6331,270;6335,282;6340,282;6344,282;6348,280;6353,280;6357,286;6361,286;6366,284;6370,284;6374,284;6379,290;6383,290;6387,290;6392,274;6396,288;6401,288;6405,280;6409,294;6414,278;6418,292;6422,278;6427,278;6431,282;6435,282;6440,268;6444,268;6448,280;6453,286;6457,286;6462,286;6466,270;6470,284;6475,298;6479,276;6483,288;6488,274;6492,288;6496,272;6501,272;6505,292;6509,290;6514,290;6518,290;6522,274;6527,280;6531,280;6536,280;6540,280;6544,278;6549,278;6553,284;6557,296;6562,296;6566,294;6570,294;6575,272;6579,270;6583,270;6588,268;6592,282;6596,268;\r\nBuffer sent in 0.973 secondsreturn;buffer;965\r\n'), 10:35:05
bytearray(b'received from UR: measure -> measure (0,1)\r\nSTEPPER: Moving to mstep: 6600 with speed [msteps/sec]: 1000 in StealthChop.\r\n'), 10:35:06
bytearray(b'STEPPER: Moving to mstep: 2400 with speed [msteps/sec]: 4000 in SpreadCycle.\r\n'), 10:35:10
bytearray(b'STEPPER: Moved 4200.00 msteps (ramp: 35%) in 1324.892 ms -> average speed [msteps/sec]: 3170.07\r\nreturn;measure;965\r\n'), 10:35:11
bytearray(b'received from UR: buffer -> buffer (0,1)\r\nSending buffer of size 965data;2400,302;2404,446;2408,158;2413,272;2417,314;2421,320;2426,334;2430,320;2434,334;2439,318;2443,310;2447,324;2452,322;2456,322;2460,308;2465,320;2469,326;2474,340;2478,326;2482,340;2487,324;2491,316;2495,330;2500,316;2504,328;2508,314;2513,328;2517,334;2521,332;2526,318;2530,332;2534,330;2539,330;2543,336;2548,320;2552,334;2556,304;2561,332;2565,324;2569,338;2574,322;2578,336;2582,322;2587,336;2591,328;2595,312;2600,326;2604,310;2608,324;2613,310;2617,344;2622,328;2626,342;2630,328;2635,342;2639,332;2643,318;2648,332;2652,330;2656,330;2661,314;2665,336;2669,320;2674,334;2678,316;2682,332;2687,330;2691,310;2696,324;2700,322;2704,322;2709,306;2713,336;2717,326;2722,340;2726,324;2730,338;2735,324;2739,302;2743,328;2748,314;2752,328;2756,312;2761,326;2765,332;2770,332;2774,318;2778,346;2783,330;2787,308;2791,336;2796,308;2800,334;2804,306;2809,334;2813,326;2817,340;2822,324;2826,324;2830,322;2835,338;2839,330;2844,328;2848,328;2852,314;2857,326;2861,318;2865,332;2870,316;2874,330;2878,314;2883,328;2887,334;2891,318;2896,332;2900,318;2905,330;2909,322;2913,336;2918,322;2922,334;2926,320;2931,334;2935,326;2939,310;2944,324;2948,310;2952,324;2957,308;2961,330;2965,316;2970,328;2974,314;2979,328;2983,320;2987,304;2992,318;2996,304;3000,318;3005,302;3009,338;3013,322;3018,322;3022,322;3026,336;3031,320;3035,298;3039,312;3044,310;3048,310;3053,296;3057,308;3061,314;3066,328;3070,312;3074,326;3079,312;3083,304;3087,318;3092,302;3096,316;3100,302;3105,314;3109,320;3113,320;3118,318;3122,332;3127,318;3131,296;3135,324;3140,308;3144,322;3148,294;3153,320;3157,326;3161,326;3166,312;3170,340;3174,324;3179,338;3183,330;3187,314;3192,328;3196,298;3201,326;3205,318;3209,332;3214,316;3218,330;3222,316;3227,328;3231,320;3235,304;3240,318;3244,304;3248,316;3253,316;3257,336;3261,320;3266,334;3270,320;3275,332;3279,324;3283,310;3288,324;3292,308;3296,322;3301,308;3305,328;3309,314;3314,326;3318,326;3322,326;3327,310;3331,316;3336,330;3340,314;3344,328;3349,300;3353,334;3357,320;3362,332;3366,318;3370,332;3375,316;3379,294;3383,322;3388,306;3392,320;3396,304;3401,318;3405,312;3410,324;3414,310;3418,324;3423,322;3427,300;3431,314;3436,312;3440,312;3444,298;3449,308;3453,316;3457,318;3462,316;3466,330;3471,314;3475,294;3479,320;3484,306;3488,306;3492,304;3497,318;3501,324;3505,324;3510,322;3514,322;3518,320;3523,320;3527,312;3531,298;3536,312;3540,296;3545,324;3549,316;3553,330;3558,314;3562,328;3566,314;3571,326;3575,318;3579,304;3584,318;3588,302;3592,330;3597,302;3601,336;3605,320;3610,334;3614,320;3619,334;3623,312;3627,310;3632,322;3636,308;3640,322;3645,322;3649,326;3653,312;3658,326;3662,312;3666,324;3671,310;3675,316;3679,328;3684,314;3688,328;3693,312;3697,326;3701,318;3706,332;3710,316;3714,330;3719,328;3723,306;3727,320;3732,306;3736,320;3740,304;3745,318;3749,324;3753,324;3758,322;3762,322;3767,322;3771,300;3775,312;3780,312;3784,326;3788,296;3793,310;3797,316;3801,330;3806,314;3810,328;3814,314;3819,326;3823,318;3827,304;3832,316;3836,302;3841,314;3845,320;3849,320;3854,306;3858,318;3862,316;3867,316;3871,308;3875,306;3880,320;3884,318;3888,304;3893,304;3897,310;3902,308;3906,308;3910,306;3915,318;3919,312;3923,310;3928,324;3932,310;3936,322;3941,308;3945,328;3949,314;3954,328;3958,312;3962,326;3967,324;3971,302;3976,316;3980,302;3984,328;3989,300;3993,334;3997,320;4002,334;4006,318;4010,332;4015,316;4019,308;4023,322;4028,306;4032,320;4036,306;4041,318;4045,324;4050,338;4054,310;4058,336;4063,322;4067,300;4071,314;4076,312;4080,312;4084,310;4089,324;4093,316;4097,330;4102,314;4106,328;4111,326;4115,304;4119,318;4124,304;4128,318;4132,302;4137,316;4141,322;4145,322;4150,320;4154,320;4158,318;4163,320;4167,310;4171,308;4176,310;4180,294;4185,320;4189,312;4193,326;4198,310;4202,324;4206,310;4211,322;4215,314;4219,300;4224,312;4228,298;4232,310;4237,310;4241,330;4245,314;4250,328;4254,312;4259,326;4263,318;4267,302;4272,302;4276,300;4280,314;4285,300;4289,320;4293,320;4298,318;4302,318;4306,318;4311,316;4315,294;4319,308;4324,292;4328,320;4333,306;4337,320;4341,312;4346,326;4350,324;4354,324;4359,322;4363,300;4367,328;4372,298;4376,326;4380,312;4385,326;4389,318;4393,332;4398,316;4402,330;4407,314;4411,306;4415,320;4420,304;4424,318;4428,304;4433,318;4437,310;4441,324;4446,308;4450,336;4454,306;4459,334;4463,326;4467,312;4472,326;4476,310;4481,312;4485,316;4489,330;4494,316;4498,328;4502,314;4507,328;4511,320;4515,304;4520,318;4524,304;4528,316;4533,302;4537,324;4541,322;4546,322;4550,320;4555,320;4559,310;4563,298;4568,310;4572,296;4576,310;4581,294;4585,328;4589,314;4594,328;4598,312;4602,326;4607,312;4611,302;4616,316;4620,302;4624,314;4629,300;4633,334;4637,320;4642,320;4646,318;4650,332;4655,316;4659,294;4663,308;4668,306;4672,306;4676,304;4681,318;4685,310;4690,324;4694,308;4698,322;4703,322;4707,298;4711,312;4716,298;4720,310;4724,296;4729,324;4733,316;4737,328;4742,314;4746,328;4750,326;4755,304;4759,318;4764,302;4768,316;4772,300;4777,316;4781,320;4785,334;4790,320;4794,334;4798,318;4803,332;4807,324;4811,310;4816,310;4820,308;4824,322;4829,314;4833,328;4838,312;4842,328;4846,312;4851,326;4855,316;4859,302;4864,316;4868,300;4872,314;4877,312;4881,334;4885,318;4890,332;4894,316;4899,330;4903,314;4907,306;4912,320;4916,306;4920,320;4925,304;4929,324;4933,324;4938,324;4942,322;4946,322;4951,320;4955,298;4959,312;4964,298;4968,312;4973,298;4977,310;4981,316;4986,330;4990,316;4994,330;4999,314;5003,306;5007,320;5012,292;5016,318;5020,304;5025,318;5029,310;5033,324;5038,322;5042,322;5047,308;5051,300;5055,312;5060,298;5064,310;5068,296;5073,310;5077,316;5081,316;5086,314;5090,314;5094,314;5099,328;5103,304;5107,304;5112,316;5116,302;5121,316;5125,322;5129,322;5134,320;5138,320;5142,318;5147,332;5151,324;5155,296;5160,324;5164,308;5168,322;5173,306;5177,328;5182,312;5186,326;5190,310;5195,338;5199,316;5203,300;5208,314;5212,300;5216,312;5221,298;5225,332;5229,316;5234,330;5238,316;5242,328;5247,314;5251,304;5256,318;5260,304;5264,316;5269,302;5273,322;5277,322;5282,322;5286,318;5290,320;5295,320;5299,298;5303,312;5308,310;5312,310;5316,296;5321,322;5325,316;5330,328;5334,314;5338,328;5343,314;5347,304;5351,318;5356,304;5360,316;5364,302;5369,316;5373,322;5377,322;5382,320;5386,334;5390,320;5395,296;5399,310;5404,296;5408,310;5412,294;5417,308;5421,314;5425,328;5430,312;5434,326;5438,310;5443,324;5447,316;5451,302;5456,314;5460,300;5464,314;5469,298;5473,320;5478,318;5482,318;5486,318;5491,318;5495,310;5499,296;5504,308;5508,294;5512,308;5517,306;5521,326;5525,312;5530,324;5534,324;5538,324;5543,322;5547,300;5552,314;5556,298;5560,326;5565,298;5569,332;5573,316;5578,330;5582,314;5586,328;5591,314;5595,304;5599,318;5604,304;5608,318;5613,304;5617,316;5621,308;5626,336;5630,322;5634,336;5639,320;5643,312;5647,312;5652,298;5656,310;5660,310;5665,310;5669,316;5673,330;5678,314;5682,328;5687,312;5691,306;5695,318;5700,304;5704,318;5708,304;5713,316;5717,322;5721,322;5726,320;5730,320;5734,318;5739,298;5743,310;5748,296;5752,322;5756,308;5761,308;5765,314;5769,328;5774,312;5778,326;5782,310;5787,324;5791,316;5795,316;5800,314;5804,300;5808,312;5813,306;5817,318;5822,304;5826,318;5830,316;5835,328;5839,308;5843,294;5848,306;5852,304;5856,304;5861,304;5865,324;5869,310;5874,322;5878,308;5882,322;5887,320;5891,298;5896,312;5900,298;5904,310;5909,296;5913,330;5917,316;5922,330;5926,314;5930,328;5935,314;5939,290;5943,318;5948,304;5952,316;5956,302;5961,316;5965,322;5970,322;5974,320;5978,334;5983,318;5987,310;5991,310;5996,310;6000,324;6004,308;6009,322;6013,300;6017,314;6022,312;6026,326;6030,312;6035,304;6039,316;6044,302;6048,316;6052,300;6057,312;6061,320;6065,320;6070,318;6074,332;6078,318;6083,316;6087,308;6091,308;6096,308;6100,304;6104,320;6109,312;6113,324;6118,310;6122,322;6126,322;6131,322;6135,314;6139,298;6144,312;6148,296;6152,310;6157,294;6161,302;6165,300;6170,300;6174,298;6179,298;6183,288;6187,274;6192,274;6196,272;6200,286;6205,270;6209,290;6213,290;6218,290;6222,288;6226,288;6231,278;6235,292;6239,292;6244,290;6248,290;6253,276;6257,296;6261,282;6266,280;6270,294;6274,294;6279,272;6283,270;6287,284;6292,270;6296,270;6300,254;6305,288;6309,288;6314,286;6318,286;6322,258;6327,286;6331,278;6335,292;6340,292;6344,290;6348,276;6353,290;6357,280;6361,280;6366,280;6370,264;6374,292;6379,270;6383,282;6388,268;6392,282;6396,280;6401,280;6405,286;6409,286;6414,284;6418,284;6422,282;6427,274;6431,288;6435,272;6440,272;6444,286;6448,270;6453,276;6457,290;6462,288;6466,274;6470,286;6475,286;6479,276;6483,276;6488,276;6492,260;6496,288;6501,274;6505,266;6509,292;6514,292;6518,290;6522,290;6527,268;6531,268;6536,282;6540,266;6544,280;6549,266;6553,272;6557,286;6562,284;6566,284;6570,284;6575,276;6579,262;6583,274;6588,258;6592,286;6596,272;\r\nBuffer sent in 0.973 secondsreturn;buffer;965\r\n'), 10:35:13
bytearray(b'received from UR: measure -> measure (0,1)\r\nSTEPPER: Moving to mstep: 6600 with speed [msteps/sec]: 1000 in StealthChop.\r\n'), 10:35:14
bytearray(b'STEPPER: Moving to mstep: 2400 with speed [msteps/sec]: 4000 in SpreadCycle.\r\n'), 10:35:18
bytearray(b'STEPPER: Moved 4200.00 msteps (ramp: 35%) in 1324.888 ms -> average speed [msteps/sec]: 3170.08\r\nreturn;measure;965\r\n'), 10:35:20
bytearray(b'received from UR: buffer -> buffer (0,1)\r\nSending buffer of size 965data;2400,306;2404,464;2408,134;2413,276;2417,318;2421,324;2426,338;2430,322;2434,338;2439,322;2443,314;2447,328;2452,314;2456,326;2460,326;2465,326;2469,332;2473,332;2478,316;2482,330;2487,330;2491,322;2495,320;2500,320;2504,320;2508,318;2513,332;2517,324;2521,336;2526,322;2530,336;2534,320;2539,334;2543,340;2548,312;2552,324;2556,324;2561,338;2565,316;2569,328;2574,328;2578,342;2582,312;2587,340;2591,332;2595,316;2600,330;2604,316;2608,328;2613,312;2617,334;2622,318;2626,332;2630,330;2635,330;2639,322;2643,320;2648,334;2652,318;2656,332;2661,330;2665,338;2669,322;2674,336;2678,322;2682,320;2687,320;2691,326;2696,326;2700,310;2704,324;2709,322;2713,328;2717,328;2722,328;2726,326;2730,326;2735,326;2739,318;2743,330;2748,316;2752,330;2757,316;2761,330;2765,322;2770,334;2774,320;2778,334;2783,318;2787,326;2791,326;2796,324;2800,338;2804,308;2809,336;2813,328;2817,342;2822,312;2826,340;2831,324;2835,318;2839,330;2844,316;2848,330;2852,328;2857,328;2861,320;2865,332;2870,318;2874,332;2878,330;2883,330;2887,322;2891,322;2896,334;2900,318;2905,320;2909,324;2913,324;2918,324;2922,338;2926,336;2931,336;2935,328;2939,314;2944,326;2948,312;2952,326;2957,312;2961,318;2965,316;2970,316;2974,314;2979,328;2983,320;2987,306;2992,318;2996,304;3000,318;3005,304;3009,324;3013,322;3018,322;3022,306;3026,322;3031,320;3035,312;3039,312;3044,310;3048,310;3053,310;3057,316;3061,316;3066,316;3070,314;3074,328;3079,314;3083,320;3087,318;3092,304;3096,316;3100,316;3105,316;3109,308;3113,322;3118,320;3122,320;3127,318;3131,310;3135,324;3140,308;3144,322;3148,306;3153,320;3157,310;3161,324;3166,322;3170,336;3174,320;3179,334;3183,326;3187,312;3192,324;3196,296;3201,322;3205,314;3209,328;3214,314;3218,328;3222,312;3227,326;3231,330;3235,314;3240,316;3244,316;3248,314;3253,314;3257,334;3261,318;3266,332;3270,316;3275,330;3279,322;3283,320;3288,320;3292,320;3296,318;3301,318;3305,324;3309,322;3314,324;3318,322;3322,336;3327,320;3331,312;3336,324;3340,310;3344,324;3349,294;3353,330;3357,314;3362,328;3366,314;3370,326;3375,312;3379,318;3383,318;3388,302;3392,316;3396,316;3401,330;3405,306;3410,322;3414,320;3418,332;3423,318;3427,298;3431,310;3436,310;3440,308;3444,308;3449,322;3453,314;3457,328;3462,312;3466,326;3470,310;3475,302;3479,316;3484,300;3488,314;3492,312;3497,312;3501,304;3505,318;3510,316;3514,330;3518,316;3523,314;3527,320;3531,304;3536,318;3540,304;3544,318;3549,310;3553,322;3558,322;3562,322;3566,320;3571,320;3575,326;3579,310;3584,324;3588,310;3592,324;3597,308;3601,328;3605,314;3610,328;3614,314;3619,326;3623,326;3627,316;3632,316;3636,316;3640,328;3645,314;3649,320;3653,318;3658,332;3662,316;3666,330;3671,316;3675,308;3679,320;3684,320;3688,306;3693,318;3697,318;3701,324;3706,324;3710,310;3714,322;3719,320;3723,314;3727,326;3732,312;3736,312;3740,310;3745,324;3749,316;3753,330;3758,314;3762,328;3767,312;3771,320;3775,318;3780,304;3784,318;3788,316;3793,328;3797,308;3801,322;3806,308;3810,322;3814,320;3819,320;3823,312;3827,312;3832,312;3836,310;3841,310;3845,316;3849,330;3854,314;3858,314;3862,314;3867,314;3871,320;3875,306;3880,318;3884,304;3888,304;3893,304;3897,322;3901,308;3906,308;3910,306;3915,320;3919,312;3923,312;3928,326;3932,310;3936,310;3941,310;3945,318;3949,316;3954,316;3958,316;3962,328;3967,314;3971,320;3976,334;3980,304;3984,318;3989,316;3993,324;3997,322;4002,336;4006,318;4010,336;4015,320;4019,312;4023,312;4028,312;4032,324;4036,310;4041,324;4045,316;4050,330;4054,314;4058,328;4063,312;4067,320;4071,320;4076,304;4080,318;4084,318;4089,316;4093,324;4097,324;4102,322;4106,336;4110,322;4115,322;4119,328;4124,312;4128,312;4132,312;4137,324;4141,316;4145,316;4150,316;4154,316;4158,316;4163,314;4167,308;4171,306;4176,320;4180,304;4184,306;4189,310;4193,324;4198,310;4202,324;4206,322;4211,322;4215,314;4219,314;4224,314;4228,314;4232,298;4237,312;4241,320;4245,304;4250,318;4254,304;4258,318;4263,310;4267,308;4272,294;4276,308;4280,308;4285,306;4289,314;4293,312;4298,312;4302,310;4306,310;4311,310;4315,302;4319,316;4324,302;4328,328;4332,300;4337,312;4341,320;4346,318;4350,318;4354,318;4359,316;4363,310;4367,322;4372,308;4376,320;4380,306;4385,320;4389,326;4393,312;4398,310;4402,324;4407,324;4411,316;4415,316;4420,314;4424,328;4428,314;4433,312;4437,320;4441,332;4446,318;4450,318;4454,316;4459,316;4463,308;4467,308;4472,320;4476,320;4481,320;4485,326;4489,326;4494,324;4498,324;4502,322;4507,322;4511,314;4515,312;4520,310;4524,310;4528,324;4533,310;4537,314;4542,314;4546,328;4550,312;4555,326;4559,318;4563,302;4568,316;4572,302;4576,314;4581,314;4585,320;4589,306;4594,318;4598,318;4602,332;4607,316;4611,308;4616,322;4620,306;4624,306;4629,306;4633,326;4637,324;4642,310;4646,310;4650,322;4655,308;4659,300;4663,312;4668,312;4672,310;4676,310;4681,324;4685,314;4690,314;4694,314;4698,326;4703,312;4707,304;4711,316;4716,302;4720,314;4724,314;4729,314;4733,320;4737,318;4742,318;4746,318;4750,316;4755,310;4759,322;4764,308;4768,320;4772,306;4777,316;4781,312;4785,338;4790,310;4794,336;4798,322;4803,336;4807,312;4811,298;4816,310;4820,310;4824,322;4829,322;4833,326;4838,312;4842,326;4846,310;4851,324;4855,314;4859,314;4864,326;4868,312;4872,324;4877,324;4881,328;4885,314;4890,326;4894,312;4898,326;4903,310;4907,316;4912,314;4916,314;4920,314;4925,314;4929,320;4933,318;4938,318;4942,316;4946,316;4951,316;4955,306;4959,320;4964,318;4968,318;4973,318;4977,318;4981,308;4986,322;4990,320;4994,320;4999,318;5003,310;5007,310;5012,308;5016,322;5020,308;5025,306;5029,312;5033,326;5038,310;5042,324;5047,308;5051,314;5055,314;5060,312;5064,312;5068,310;5073,310;5077,316;5081,316;5086,314;5090,314;5094,314;5099,314;5103,318;5107,304;5112,304;5116,302;5121,314;5125,320;5129,320;5134,306;5138,318;5142,318;5147,330;5151,322;5155,308;5160,320;5164,306;5168,320;5173,318;5177,310;5182,308;5186,324;5190,308;5195,322;5199,328;5203,312;5208,326;5212,310;5216,324;5221,310;5225,328;5229,314;5234,328;5238,312;5242,326;5247,324;5251,302;5255,316;5260,314;5264,314;5269,314;5273,320;5277,318;5282,318;5286,318;5290,318;5295,316;5299,308;5303,308;5308,306;5312,306;5316,304;5321,318;5325,310;5330,324;5334,322;5338,322;5343,308;5347,314;5351,312;5356,312;5360,312;5364,310;5369,324;5373,302;5377,316;5382,314;5386,314;5390,312;5395,326;5399,318;5404,302;5408,316;5412,316;5417,316;5421,306;5425,320;5430,318;5434,332;5438,318;5443,318;5447,308;5451,308;5456,320;5460,306;5464,306;5469,304;5473,324;5478,322;5482,322;5486,306;5491,320;5495,312;5499,312;5504,310;5508,310;5512,322;5517,308;5521,314;5525,314;5530,312;5534,312;5538,326;5543,310;5547,302;5552,330;5556,300;5560,314;5565,314;5569,320;5573,304;5578,320;5582,318;5586,330;5591,316;5595,308;5599,322;5604,306;5608,320;5612,320;5617,320;5621,310;5626,324;5630,308;5634,322;5639,306;5643,312;5647,312;5652,310;5656,324;5660,308;5665,308;5669,314;5673,314;5678,312;5682,326;5687,310;5691,316;5695,316;5700,314;5704,314;5708,312;5713,326;5717,318;5721,318;5726,316;5730,316;5734,316;5739,314;5743,320;5747,306;5752,318;5756,318;5761,318;5765,308;5769,322;5774,308;5778,320;5782,304;5787,320;5791,324;5795,310;5800,310;5804,308;5808,322;5813,306;5817,314;5821,312;5826,326;5830,310;5835,324;5839,316;5843,302;5848,314;5852,314;5856,312;5861,312;5865,318;5869,304;5874,304;5878,302;5882,316;5887,316;5891,308;5895,306;5900,306;5904,306;5909,306;5913,326;5917,310;5922,324;5926,324;5930,310;5935,308;5939,300;5943,314;5948,300;5952,326;5956,312;5961,312;5965,318;5969,332;5974,316;5978,330;5983,314;5987,292;5991,320;5996,304;6000,318;6004,302;6009,318;6013,306;6017,322;6022,320;6026,334;6030,318;6035,332;6039,324;6043,308;6048,308;6052,308;6057,306;6061,312;6065,326;6070,310;6074,310;6078,310;6083,324;6087,316;6091,316;6096,314;6100,314;6104,314;6109,312;6113,320;6118,318;6122,304;6126,304;6131,318;6135,310;6139,310;6144,322;6148,308;6152,306;6157,306;6161,312;6165,296;6170,282;6174,280;6179,296;6183,286;6187,286;6192,284;6196,284;6200,284;6205,284;6209,304;6213,288;6218,302;6222,286;6226,286;6231,278;6235,276;6239,276;6244,276;6248,274;6253,274;6257,292;6261,292;6266,292;6270,290;6274,290;6279,288;6283,268;6287,266;6292,280;6296,278;6300,292;6305,284;6309,282;6313,282;6318,282;6322,280;6327,280;6331,286;6335,270;6340,284;6344,284;6348,282;6353,260;6357,288;6361,290;6366,288;6370,288;6374,272;6379,278;6383,278;6387,276;6392,276;6396,276;6401,274;6405,280;6409,280;6414,280;6418,252;6422,278;6427,280;6431,284;6435,284;6440,268;6444,282;6448,266;6453,286;6457,286;6461,286;6466,284;6470,284;6475,284;6479,260;6483,274;6488,274;6492,288;6496,286;6501,272;6505,292;6509,292;6514,290;6518,276;6522,290;6527,282;6531,268;6535,280;6540,266;6544,264;6549,266;6553,286;6557,286;6562,284;6566,284;6570,298;6575,262;6579,274;6583,274;6588,274;6592,272;6596,272;\r\nBuffer sent in 0.973 secondsreturn;buffer;965\r\n'), 10:35:22
bytearray(b'received from UR: measure -> measure (0,1)\r\nSTEPPER: Moving to mstep: 6600 with speed [msteps/sec]: 1000 in StealthChop.\r\n'), 10:35:23
bytearray(b'STEPPER: Moving to mstep: 2400 with speed [msteps/sec]: 4000 in SpreadCycle.\r\n'), 10:35:27
bytearray(b'STEPPER: Moved 4200.00 msteps (ramp: 35%) in 1324.880 ms -> average speed [msteps/sec]: 3170.10\r\nreturn;measure;965\r\n'), 10:35:28
bytearray(b'received from UR: buffer -> buffer (0,1)\r\nSending buffer of size 965data;2400,298;2404,448;2408,160;2413,272;2417,314;2421,320;2426,334;2430,318;2434,332;2439,316;2443,322;2447,322;2452,320;2456,320;2460,318;2465,318;2469,324;2474,338;2478,322;2482,336;2487,320;2491,326;2495,326;2500,324;2504,324;2508,310;2513,322;2517,328;2521,328;2526,314;2530,326;2534,326;2539,338;2543,330;2548,316;2552,328;2556,314;2561,326;2565,332;2569,332;2574,330;2578,330;2582,316;2587,330;2591,334;2595,320;2600,332;2604,318;2608,330;2613,316;2617,336;2622,320;2626,334;2630,318;2635,332;2639,324;2643,324;2648,322;2652,322;2656,322;2661,320;2665,338;2669,326;2674,338;2678,324;2682,336;2687,322;2691,328;2696,328;2700,326;2704,326;2709,310;2713,332;2717,330;2722,330;2726,328;2730,328;2735,326;2739,318;2743,332;2748,318;2752,330;2756,316;2761,330;2765,322;2770,336;2774,320;2778,334;2783,318;2787,312;2791,338;2796,310;2800,322;2804,308;2809,322;2813,326;2817,340;2822,324;2826,338;2830,322;2835,336;2839,328;2844,314;2848,326;2852,326;2857,324;2861,318;2865,332;2870,330;2874,330;2878,330;2883,344;2887,320;2891,320;2896,320;2900,318;2904,318;2909,316;2913,336;2918,322;2922,336;2926,320;2931,334;2935,340;2939,324;2944,324;2948,322;2952,322;2957,320;2961,328;2965,326;2970,326;2974,312;2979,324;2983,316;2987,302;2992,314;2996,300;3000,312;3005,312;3009,318;3013,304;3018,316;3022,316;3026,316;3031,314;3035,320;3039,320;3044,304;3048,318;3053,318;3057,322;3061,308;3066,322;3070,306;3074,320;3079,318;3083,310;3087,310;3092,308;3096,308;3100,306;3105,306;3109,312;3113,326;3118,310;3122,324;3127,308;3131,300;3135,314;3140,312;3144,326;3148,310;3153,324;3157,316;3161,330;3166,328;3170,328;3174,326;3179,326;3183,318;3187,302;3192,330;3196,316;3201,316;3205,320;3209,334;3214,320;3218,332;3222,316;3227,332;3231,308;3235,308;3240,308;3244,308;3248,320;3253,306;3257,340;3261,326;3266,328;3270,324;3275,324;3279,316;3283,316;3288,328;3292,316;3296,326;3301,312;3305,318;3309,318;3314,330;3318,316;3322,316;3327,314;3331,320;3335,332;3340,318;3344,318;3349,304;3353,322;3357,322;3362,320;3366,320;3370,320;3375,304;3379,310;3383,310;3388,322;3392,322;3396,306;3401,320;3405,312;3410,326;3414,312;3418,324;3423,310;3427,316;3431,314;3436,312;3440,312;3444,312;3449,312;3453,318;3457,332;3462,316;3466,314;3470,314;3475,306;3479,304;3484,304;3488,304;3492,302;3497,316;3501,308;3505,320;3510,320;3514,320;3518,318;3523,318;3527,324;3531,308;3536,322;3540,308;3545,320;3549,312;3553,326;3558,312;3562,326;3566,324;3571,324;3575,316;3579,314;3584,328;3588,312;3592,326;3597,310;3601,330;3605,316;3610,330;3614,314;3619,328;3623,318;3627,304;3632,316;3636,316;3640,330;3645,314;3649,332;3653,320;3658,332;3662,318;3666,332;3671,316;3675,308;3679,320;3684,320;3688,320;3693,318;3697,324;3701,322;3706,322;3710,308;3714,320;3719,318;3723,310;3727,310;3732,308;3736,322;3740,306;3745,320;3749,312;3753,326;3758,310;3762,324;3767,308;3771,300;3775,328;3780,312;3784,312;3788,310;3793,324;3797,314;3801,314;3806,312;3810,326;3814,310;3819,324;3823,316;3827,314;3832,312;3836,312;3841,312;3845,318;3849,316;3854,316;3858,316;3862,314;3867,314;3871,306;3875,318;3880,318;3884,316;3888,316;3893,300;3897,320;3901,320;3906,320;3910,318;3915,318;3919,310;3923,308;3928,308;3932,306;3936,320;3941,304;3945,324;3949,310;3954,324;3958,322;3962,322;3967,322;3971,300;3976,314;3980,312;3984,326;3989,310;3993,330;3997,316;4002,328;4006,314;4010,328;4015,312;4019,304;4023,318;4028,302;4032,316;4036,318;4041,328;4045,306;4050,320;4054,318;4058,332;4063,316;4067,322;4071,322;4076,306;4080,320;4084,304;4089,318;4093,324;4097,322;4102,308;4106,320;4111,320;4115,320;4119,326;4124,310;4128,324;4132,308;4137,310;4141,314;4145,328;4150,312;4154,326;4158,310;4163,324;4167,330;4171,314;4176,314;4180,298;4185,312;4189,306;4193,318;4198,302;4202,316;4206,314;4211,316;4215,322;4219,308;4224,320;4228,304;4232,304;4237,318;4241,310;4245,308;4250,322;4254,308;4259,320;4263,312;4267,312;4272,310;4276,308;4280,308;4285,308;4289,314;4293,298;4298,312;4302,310;4306,310;4311,308;4315,316;4319,314;4324,298;4328,314;4333,314;4337,320;4341,304;4346,318;4350,318;4354,332;4359,316;4363,308;4367,322;4372,306;4376,320;4380,304;4385,332;4389,310;4393,324;4398,308;4402,322;4407,320;4411,312;4415,312;4420,308;4424,308;4428,308;4433,320;4437,312;4441,326;4446,310;4450,324;4454,308;4459,322;4463,314;4467,326;4472,326;4476,312;4481,324;4485,316;4489,330;4494,314;4498,328;4502,312;4507,326;4511,330;4515,316;4520,330;4524,314;4528,326;4533,312;4537,318;4541,316;4546,316;4550,316;4555,314;4559,320;4563,320;4568,318;4572,304;4576,316;4581,316;4585,320;4589,306;4594,320;4598,318;4602,330;4607,316;4611,308;4616,306;4620,306;4624,304;4629,304;4633,324;4637,308;4642,322;4646,306;4650,320;4655,306;4659,310;4663,324;4668,308;4672,308;4676,320;4681,312;4685,312;4690,312;4694,310;4698,310;4703,308;4707,314;4711,312;4716,310;4720,310;4724,296;4729,308;4733,314;4737,314;4742,312;4746,324;4750,310;4755,302;4759,328;4764,312;4768,326;4772,296;4777,310;4781,314;4785,328;4790,314;4794,326;4798,310;4803,324;4807,316;4811,314;4816,314;4820,312;4824,310;4829,316;4833,330;4838,314;4842,328;4846,312;4851,326;4855,316;4859,302;4864,314;4868,314;4872,312;4877,312;4881,318;4885,318;4890,330;4894,316;4898,328;4903,306;4907,318;4912,318;4916,316;4920,316;4925,302;4929,320;4933,320;4938,318;4942,318;4946,318;4951,316;4955,308;4959,320;4964,304;4968,318;4973,304;4977,314;4981,308;4986,322;4990,306;4994,320;4999,318;5003,310;5007,324;5012,308;5016,320;5020,306;5025,320;5029,310;5033,324;5038,308;5042,322;5047,306;5051,312;5055,310;5060,310;5064,308;5068,308;5073,320;5077,312;5081,312;5086,310;5090,310;5094,308;5099,322;5103,314;5107,312;5112,312;5116,296;5121,310;5125,316;5129,328;5134,314;5138,326;5142,312;5147,326;5151,318;5155,316;5160,314;5164,298;5168,312;5173,310;5177,330;5181,314;5186,328;5190,312;5195,326;5199,318;5203,302;5208,314;5212,300;5216,312;5221,312;5225,318;5229,316;5234,330;5238,314;5242,328;5247,312;5251,318;5256,316;5260,316;5264,316;5269,314;5273,320;5277,320;5282,318;5286,318;5290,318;5295,316;5299,322;5303,320;5308,306;5312,318;5316,304;5321,330;5325,308;5330,322;5334,320;5338,322;5343,318;5347,310;5351,324;5356,310;5360,308;5364,306;5369,306;5373,312;5377,326;5382,310;5386,324;5390,310;5395,302;5399,314;5404,300;5408,314;5412,300;5417,326;5421,304;5425,318;5430,304;5434,318;5438,316;5443,330;5447,308;5451,306;5456,306;5460,306;5464,306;5469,310;5473,310;5478,310;5482,310;5486,308;5491,308;5495,300;5499,300;5504,312;5508,298;5512,312;5517,296;5521,316;5525,316;5530,316;5534,314;5538,314;5543,306;5547,304;5552,318;5556,316;5560,316;5565,316;5569,322;5573,320;5578,334;5582,318;5586,318;5591,316;5595,308;5599,322;5604,306;5608,320;5612,292;5617,306;5621,310;5626,324;5630,308;5634,322;5639,306;5643,312;5647,312;5652,310;5656,310;5660,310;5665,308;5669,314;5673,326;5678,312;5682,312;5687,310;5691,316;5695,316;5700,302;5704,314;5708,314;5713,312;5717,318;5721,318;5726,316;5730,316;5734,314;5739,314;5743,320;5747,318;5752,316;5756,302;5761,316;5765,306;5769,320;5774,318;5778,318;5782,302;5787,316;5791,322;5795,306;5800,318;5804,304;5808,316;5813,316;5817,320;5822,306;5826,318;5830,318;5835,330;5839,308;5843,306;5848,306;5852,318;5856,302;5861,302;5865,322;5869,320;5874,306;5878,304;5882,316;5887,308;5891,306;5896,318;5900,304;5904,302;5909,300;5913,320;5917,318;5922,318;5926,302;5930,316;5935,314;5939,304;5943,316;5948,302;5952,314;5956,300;5961,310;5965,318;5970,332;5974,316;5978,330;5983,314;5987,304;5991,318;5996,302;6000,316;6004,300;6009,314;6013,318;6017,318;6022,302;6026,316;6030,314;6035,328;6039,320;6044,318;6048,316;6052,302;6057,302;6061,320;6065,334;6070,318;6074,318;6078,316;6083,316;6087,322;6091,322;6096,320;6100,306;6104,306;6109,310;6113,324;6118,310;6122,310;6126,308;6131,320;6135,314;6139,312;6144,312;6148,296;6152,310;6157,294;6161,314;6165,300;6170,286;6174,284;6178,298;6183,288;6187,288;6192,288;6196,286;6200,286;6205,284;6209,292;6213,290;6218,290;6222,290;6226,288;6231,280;6235,280;6239,280;6244,278;6248,278;6253,276;6257,298;6261,296;6266,280;6270,294;6274,294;6279,292;6283,270;6287,270;6292,254;6296,282;6300,280;6305,286;6309,286;6313,270;6318,284;6322,282;6327,296;6331,272;6335,286;6340,284;6344,284;6348,270;6353,282;6357,286;6361,300;6366,286;6370,286;6374,282;6379,288;6383,302;6387,286;6392,286;6396,286;6401,284;6405,276;6409,290;6414,288;6418,288;6422,286;6427,264;6431,278;6435,276;6440,288;6444,274;6448,272;6453,292;6457,292;6462,290;6466,276;6470,290;6475,288;6479,280;6483,282;6488,292;6492,264;6496,276;6501,276;6505,282;6509,280;6514,280;6518,280;6522,292;6527,284;6531,270;6536,282;6540,282;6544,282;6549,280;6553,288;6557,286;6562,300;6566,286;6570,284;6575,276;6579,262;6583,274;6588,272;6592,286;6596,284;\r\nBuffer sent in 0.973 secondsreturn;buffer;965\r\n'), 10:35:30
bytearray(b'received from UR: measure -> measure (0,1)\r\nSTEPPER: Moving to mstep: 6600 with speed [msteps/sec]: 1000 in StealthChop.\r\n'), 10:35:31
bytearray(b'STEPPER: Moving to mstep: 2400 with speed [msteps/sec]: 4000 in SpreadCycle.\r\n'), 10:35:36
bytearray(b'STEPPER: Moved 4200.00 msteps (ramp: 35%) in 1324.880 ms -> average speed [msteps/sec]: 3170.10\r\nreturn;measure;965\r\n'), 10:35:37
bytearray(b'received from UR: buffer -> buffer (0,1)\r\nSending buffer of size 965data;2400,298;2404,458;2408,170;2413,284;2417,312;2421,318;2426,344;2430,316;2434,330;2439,314;2443,320;2447,320;2452,318;2456,330;2460,330;2465,330;2469,320;2474,334;2478,318;2482,332;2487,318;2491,322;2495,322;2500,322;2504,334;2508,320;2513,332;2517,324;2521,338;2526,322;2530,336;2534,320;2539,312;2543,324;2548,310;2552,324;2556,308;2561,322;2565,326;2569,340;2574,324;2578,338;2582,310;2587,324;2591,330;2595,314;2600,326;2604,312;2609,326;2613,316;2617,330;2622,316;2626,342;2630,328;2635,328;2639,318;2643,316;2648,330;2652,316;2656,328;2661,314;2665,334;2669,318;2674,332;2678,318;2683,330;2687,322;2691,320;2696,334;2700,320;2704,332;2709,332;2713,324;2717,322;2722,336;2726,322;2730,336;2735,320;2739,312;2743,326;2748,310;2752,324;2757,308;2761,322;2765,328;2770,328;2774,312;2778,340;2783,324;2787,330;2791,330;2796,314;2800,328;2804,314;2809,340;2813,318;2817,332;2822,316;2826,332;2831,330;2835,320;2839,320;2844,318;2848,332;2852,318;2857,332;2861,322;2865,322;2870,320;2874,334;2878,318;2883,332;2887,324;2891,322;2896,334;2900,320;2905,334;2909,324;2913,324;2918,324;2922,336;2926,336;2931,336;2935,326;2939,312;2944,324;2948,324;2952,336;2957,322;2961,314;2965,312;2970,326;2974,310;2979,324;2983,314;2987,314;2992,326;2996,312;3000,326;3005,312;3009,316;3013,314;3018,328;3022,312;3026,312;3031,310;3035,316;3040,316;3044,314;3048,314;3053,312;3057,320;3061,318;3066,316;3070,316;3074,314;3079,314;3083,304;3087,318;3092,304;3096,316;3100,302;3105,314;3109,320;3114,318;3118,318;3122,316;3127,316;3131,308;3135,320;3140,306;3144,320;3148,304;3153,318;3157,310;3161,322;3166,322;3170,334;3174,320;3179,298;3183,326;3188,310;3192,324;3196,308;3201,322;3205,314;3209,326;3214,310;3218,338;3222,322;3227,336;3231,328;3235,312;3240,324;3244,324;3249,324;3253,314;3257,328;3262,314;3266,326;3270,310;3275,324;3279,330;3283,314;3288,314;3292,312;3296,326;3301,324;3305,330;3309,316;3314,328;3318,326;3323,326;3327,318;3331,316;3336,316;3340,314;3344,326;3349,312;3353,318;3357,316;3362,328;3366,314;3370,326;3375,312;3379,302;3383,330;3388,316;3392,314;3397,312;3401,320;3405,304;3410,332;3414,316;3418,316;3423,314;3427,306;3431,320;3436,304;3440,304;3444,302;3449,316;3453,308;3457,322;3462,320;3466,318;3471,318;3475,296;3479,322;3484,306;3488,320;3492,304;3497,302;3501,308;3505,322;3510,306;3514,320;3518,318;3523,318;3527,308;3531,294;3536,320;3540,306;3545,320;3549,312;3553,324;3558,322;3562,322;3566,320;3571,334;3575,326;3579,310;3584,324;3588,308;3592,322;3597,306;3601,326;3605,312;3610,338;3614,310;3619,338;3623,316;3627,314;3632,312;3636,298;3640,312;3645,310;3649,330;3653,314;3658,328;3662,314;3666,328;3671,312;3675,318;3680,316;3684,316;3688,330;3693,314;3697,320;3701,318;3706,318;3710,318;3714,330;3719,316;3723,322;3727,320;3732,306;3736,318;3740,304;3745,330;3749,308;3754,306;3758,320;3762,318;3767,316;3771,322;3775,320;3780,306;3784,320;3788,304;3793,332;3797,308;3801,322;3806,308;3810,320;3814,306;3819,312;3823,310;3828,310;3832,310;3836,308;3841,322;3845,300;3849,312;3854,312;3858,324;3862,310;3867,310;3871,314;3875,300;3880,314;3884,312;3888,326;3893,302;3897,316;3902,316;3906,314;3910,314;3915,326;3919,318;3923,302;3928,316;3932,300;3936,328;3941,300;3945,320;3949,318;3954,318;3958,316;3962,316;3967,314;3971,306;3976,334;3980,304;3984,318;3989,304;3993,324;3997,308;4002,322;4006,306;4010,320;4015,318;4019,310;4023,324;4028,322;4032,322;4036,308;4041,320;4045,312;4050,326;4054,310;4058,324;4063,308;4067,314;4071,326;4076,326;4080,310;4084,310;4089,322;4093,314;4097,328;4102,312;4106,324;4110,324;4115,316;4119,314;4124,312;4128,326;4132,310;4137,310;4141,314;4145,328;4150,312;4154,326;4158,310;4163,324;4167,314;4171,314;4176,326;4180,312;4184,310;4189,316;4193,316;4198,314;4202,314;4206,298;4211,312;4215,316;4219,302;4224,328;4228,314;4232,312;4237,312;4241,316;4245,302;4250,316;4254,300;4259,312;4263,318;4267,302;4272,316;4276,316;4280,314;4285,300;4289,320;4293,304;4298,318;4302,302;4306,316;4311,314;4315,306;4319,320;4324,306;4328,318;4333,304;4337,324;4341,308;4346,322;4350,308;4354,320;4359,320;4363,310;4367,310;4372,308;4376,322;4380,306;4385,334;4389,324;4394,324;4398,308;4402,336;4407,318;4411,310;4415,324;4420,308;4424,322;4428,308;4433,320;4437,310;4441,324;4446,310;4450,324;4454,308;4459,322;4463,312;4468,310;4472,324;4476,310;4481,322;4485,314;4489,314;4494,312;4498,326;4502,312;4507,324;4511,316;4515,314;4520,328;4524,312;4528,326;4533,312;4537,318;4542,316;4546,316;4550,314;4555,326;4559,318;4563,302;4568,316;4572,302;4576,316;4581,300;4585,334;4589,318;4594,318;4598,316;4602,330;4607,314;4611,306;4616,318;4620,304;4624,316;4629,302;4633,322;4637,306;4642,320;4646,304;4650,318;4655,302;4659,322;4663,308;4668,306;4672,320;4676,304;4681,318;4685,308;4690,308;4694,308;4698,320;4703,306;4707,312;4711,310;4716,308;4720,322;4724,306;4729,334;4733,310;4737,310;4742,308;4746,322;4750,320;4755,320;4759,312;4764,296;4768,322;4772,308;4777,320;4781,312;4785,326;4790,310;4794,324;4798,308;4803,322;4807,326;4811,310;4816,310;4820,308;4825,322;4829,314;4833,326;4838,312;4842,324;4846,310;4851,322;4855,328;4859,328;4864,312;4868,310;4872,310;4877,310;4881,330;4885,316;4890,314;4894,312;4899,326;4903,310;4907,316;4912,314;4916,314;4920,326;4925,312;4929,316;4933,316;4938,314;4942,314;4946,326;4951,310;4955,316;4959,314;4964,314;4968,326;4973,312;4977,318;4981,302;4986,316;4990,314;4994,328;4999,312;5003,304;5007,316;5012,302;5016,316;5020,314;5025,328;5029,304;5033,318;5038,304;5042,318;5047,316;5051,320;5055,304;5060,306;5064,318;5068,302;5073,316;5077,308;5081,306;5086,306;5090,318;5094,316;5099,316;5103,308;5107,306;5112,318;5116,304;5121,332;5125,308;5129,308;5134,306;5138,320;5142,318;5147,316;5151,308;5155,306;5160,320;5164,304;5168,332;5173,316;5177,322;5182,306;5186,322;5190,306;5195,318;5199,324;5203,308;5208,322;5212,308;5216,320;5221,306;5225,326;5229,310;5234,324;5238,308;5242,322;5247,320;5251,312;5256,312;5260,310;5264,324;5269,308;5273,328;5277,312;5282,326;5286,310;5290,324;5295,308;5299,314;5303,326;5308,312;5312,310;5316,308;5321,322;5325,314;5330,326;5334,312;5338,324;5343,310;5347,300;5351,314;5356,312;5360,326;5364,310;5369,310;5373,316;5377,314;5382,314;5386,326;5390,310;5395,324;5399,316;5404,302;5408,314;5412,314;5417,312;5421,316;5425,316;5430,314;5434,328;5438,312;5443,312;5447,316;5451,302;5456,314;5460,312;5464,312;5469,312;5473,316;5478,316;5482,314;5486,312;5491,312;5495,318;5499,316;5504,316;5508,300;5512,314;5517,312;5521,318;5525,316;5530,316;5534,314;5539,314;5543,320;5547,306;5552,320;5556,318;5560,316;5565,302;5569,322;5573,306;5578,320;5582,306;5586,332;5591,316;5595,308;5599,322;5604,306;5608,320;5613,304;5617,324;5621,310;5626,322;5630,308;5634,320;5639,306;5643,312;5647,310;5652,308;5656,322;5660,308;5665,320;5669,312;5673,312;5678,310;5682,322;5687,308;5691,320;5695,312;5700,312;5704,310;5708,310;5713,322;5717,314;5721,312;5726,312;5730,324;5734,310;5739,324;5743,314;5747,312;5752,326;5756,310;5761,324;5765,300;5769,314;5774,312;5778,324;5782,310;5787,322;5791,314;5795,300;5800,326;5804,310;5808,324;5813,308;5817,328;5821,312;5826,324;5830,310;5835,310;5839,314;5843,314;5848,312;5852,312;5856,324;5861,324;5865,314;5869,314;5874,312;5878,310;5882,310;5887,308;5891,300;5895,314;5900,312;5904,324;5909,310;5913,316;5917,314;5922,314;5926,312;5930,312;5935,310;5939,302;5943,328;5948,312;5952,326;5956,310;5961,310;5965,314;5970,328;5974,312;5978,326;5983,310;5987,302;5991,314;5996,300;6000,312;6004,298;6009,310;6013,316;6017,330;6022,314;6026,328;6030,312;6035,304;6039,316;6044,302;6048,314;6052,314;6057,312;6061,318;6065,318;6070,316;6074,316;6078,314;6083,312;6087,318;6091,304;6096,316;6100,314;6105,328;6109,306;6113,318;6118,316;6122,316;6126,316;6131,328;6135,306;6139,304;6144,318;6148,302;6152,328;6157,292;6161,304;6165,290;6170,290;6174,288;6179,272;6183,280;6187,278;6192,290;6196,276;6200,288;6205,274;6209,294;6213,292;6218,292;6222,290;6226,290;6231,280;6235,294;6239,278;6244,276;6248,276;6253,274;6257,294;6261,292;6266,278;6270,290;6274,290;6279,288;6283,294;6287,278;6292,292;6296,276;6300,274;6305,280;6309,280;6313,278;6318,276;6322,290;6327,290;6331,266;6335,280;6340,278;6344,278;6348,262;6353,290;6357,296;6361,294;6366,294;6370,292;6374,292;6379,268;6383,280;6387,266;6392,280;6396,264;6401,276;6405,282;6409,282;6414,280;6418,250;6422,276;6427,292;6431,282;6435,280;6440,292;6444,292;6448,276;6453,282;6457,282;6462,280;6466,250;6470,276;6475,292;6479,282;6483,282;6488,294;6492,280;6496,278;6501,278;6505,284;6509,282;6514,282;6518,280;6522,266;6527,272;6531,270;6536,284;6540,270;6544,282;6549,268;6553,260;6557,286;6562,300;6566,284;6570,298;6575,276;6579,262;6583,274;6588,258;6592,286;6596,284;\r\nBuffer sent in 0.973 secondsreturn;buffer;965\r\n'), 10:35:39
bytearray(b'received from UR: measure -> measure (0,1)\r\nSTEPPER: Moving to mstep: 6600 with speed [msteps/sec]: 1000 in StealthChop.\r\n'), 10:35:40
bytearray(b'STEPPER: Moving to mstep: 2400 with speed [msteps/sec]: 4000 in SpreadCycle.\r\n'), 10:35:44
bytearray(b'STEPPER: Moved 4200.00 msteps (ramp: 35%) in 1324.880 ms -> average speed [msteps/sec]: 3170.10\r\nreturn;measure;965\r\n'), 10:35:46
bytearray(b'received from UR: buffer -> buffer (0,1)\r\nSending buffer of size 965data;2400,302;2404,462;2408,144;2413,274;2417,314;2421,322;2426,334;2430,320;2434,334;2439,318;2443,324;2447,322;2452,322;2456,322;2460,306;2465,320;2469,326;2473,338;2478,324;2482,338;2487,322;2491,314;2495,326;2500,312;2504,324;2508,310;2513,324;2517,330;2521,330;2526,328;2530,342;2534,326;2539,304;2543,332;2548,316;2552,330;2556,314;2561,328;2565,314;2569,334;2574,318;2578,332;2582,332;2587,344;2591,322;2595,308;2600,334;2604,304;2608,332;2613,318;2617,338;2622,322;2626,336;2630,320;2635,334;2639,324;2643,322;2648,322;2652,306;2656,320;2661,320;2665,326;2669,324;2674,324;2678,322;2682,336;2687,320;2691,326;2696,324;2700,324;2704,324;2709,322;2713,334;2717,326;2722,340;2726,324;2730,338;2735,322;2739,312;2743,326;2748,310;2752,322;2756,308;2761,336;2765,326;2770,340;2774,324;2778,338;2783,322;2787,314;2791,328;2796,312;2800,326;2804,310;2809,324;2813,328;2817,342;2822,326;2826,340;2830,324;2835,338;2839,330;2844,314;2848,326;2852,312;2857,324;2861,316;2865,344;2870,328;2874,342;2878,326;2883,340;2887,332;2891,316;2896,330;2900,314;2904,328;2909,312;2913,334;2918,330;2922,330;2926,328;2931,342;2935,332;2939,304;2944,330;2948,316;2952,328;2957,298;2961,332;2965,316;2970,330;2974,314;2978,328;2983,312;2987,304;2992,316;2996,302;3000,314;3005,300;3009,334;3013,318;3018,330;3022,314;3026,328;3031,314;3035,304;3039,316;3044,302;3048,314;3053,300;3057,312;3061,318;3066,330;3070,316;3074,328;3079,314;3083,304;3087,318;3092,302;3096,316;3100,300;3105,314;3109,320;3113,320;3118,318;3122,330;3127,316;3131,292;3135,320;3140,304;3144,318;3148,302;3153,316;3157,320;3161,334;3166,318;3170,332;3174,316;3179,330;3183,320;3187,306;3192,318;3196,304;3201,330;3205,322;3209,336;3214,320;3218,334;3222,318;3227,332;3231,322;3235,308;3240,320;3244,304;3248,318;3253,316;3257,336;3261,320;3266,334;3270,318;3275,330;3279,322;3283,308;3288,320;3292,304;3296,318;3301,316;3305,336;3309,320;3314,334;3318,318;3322,332;3327,316;3331,306;3335,320;3340,304;3344,318;3349,304;3353,324;3357,322;3362,322;3366,320;3370,332;3375,318;3379,310;3383,322;3388,294;3392,320;3396,306;3401,320;3405,310;3409,324;3414,322;3418,322;3423,320;3427,300;3431,312;3436,296;3440,310;3444,308;3449,308;3453,312;3457,326;3462,310;3466,324;3470,310;3475,300;3479,314;3483,298;3488,312;3492,298;3497,310;3501,316;3505,330;3510,314;3514,328;3518,312;3523,324;3527,316;3531,302;3536,316;3540,300;3544,314;3549,298;3553,332;3558,318;3562,330;3566,316;3571,328;3575,320;3579,306;3584,318;3588,304;3592,318;3597,302;3601,336;3605,320;3610,334;3614,318;3618,332;3623,316;3627,308;3632,322;3636,306;3640,320;3645,304;3649,338;3653,322;3658,336;3662,322;3666,336;3671,320;3675,310;3679,324;3684,308;3688,322;3692,306;3697,320;3701,326;3706,324;3710,322;3714,336;3719,320;3723,298;3727,324;3732,308;3736,320;3740,306;3745,320;3749,326;3753,324;3758,310;3762,322;3767,320;3771,298;3775,312;3780,296;3784,310;3788,294;3793,320;3797,312;3801,324;3806,310;3810,324;3814,320;3819,320;3823,310;3827,310;3832,308;3836,294;3841,306;3845,312;3849,310;3854,308;3858,308;3862,306;3867,320;3871,312;3875,296;3880,308;3884,308;3888,306;3893,304;3897,324;3901,310;3906,322;3910,322;3915,320;3919,310;3923,296;3928,322;3932,296;3936,320;3941,292;3945,326;3949,324;3954,322;3958,322;3962,334;3967,320;3971,296;3975,324;3980,308;3984,322;3989,306;3993,320;3997,326;4002,338;4006,322;4010,336;4015,320;4019,298;4023,324;4028,310;4032,324;4036,308;4041,322;4045,314;4049,328;4054,312;4058,338;4063,322;4067,302;4071,314;4076,312;4080,312;4084,310;4089,324;4093,316;4097,328;4102,312;4106,326;4110,324;4115,302;4119,316;4124,314;4128,328;4132,298;4137,326;4141,316;4145,330;4150,314;4154,328;4158,312;4163,326;4167,316;4171,302;4176,314;4180,300;4184,312;4189,298;4193,332;4198,316;4202,330;4206,314;4211,328;4215,320;4219,304;4224,318;4228,302;4232,316;4237,300;4241,320;4245,306;4250,320;4254,316;4258,316;4263,306;4267,306;4272,306;4276,304;4280,316;4285,302;4289,322;4293,306;4298,318;4302,318;4306,316;4311,314;4315,306;4319,318;4324,304;4328,316;4333,302;4337,314;4341,318;4346,332;4350,316;4354,330;4359,314;4363,304;4367,318;4372,302;4376,316;4380,300;4385,328;4389,318;4393,332;4398,316;4402,328;4407,312;4411,304;4415,318;4420,302;4424,314;4428,314;4433,312;4437,316;4441,330;4446,314;4450,328;4454,312;4459,340;4463,316;4467,300;4472,314;4476,312;4481,312;4485,316;4489,328;4494,314;4498,328;4502,312;4507,322;4511,316;4515,300;4520,326;4524,312;4528,324;4533,296;4537,328;4541,328;4546,326;4550,312;4555,324;4559,314;4563,300;4568,314;4572,298;4576,310;4581,294;4585,328;4589,312;4594,326;4598,310;4602,324;4607,322;4611,298;4615,312;4620,310;4624,310;4629,308;4633,328;4637,312;4642,326;4646,310;4650,324;4655,308;4659,298;4663,312;4668,298;4672,310;4676,294;4681,308;4685,312;4689,312;4694,310;4698,310;4703,308;4707,314;4711,312;4716,312;4720,322;4724,310;4729,322;4733,314;4737,312;4742,312;4746,324;4750,324;4755,300;4759,328;4764,300;4768,326;4772,296;4777,324;4781,314;4785,328;4790,312;4794,326;4798,310;4803,324;4807,316;4811,312;4816,312;4820,298;4824,324;4829,308;4833,328;4838,312;4842,340;4846,312;4851,338;4855,314;4859,314;4864,314;4868,298;4872,312;4877,310;4881,330;4885,314;4890,328;4894,312;4898,326;4903,310;4907,314;4912,314;4916,298;4920,326;4925,310;4929,330;4933,314;4938,328;4942,326;4946,326;4951,310;4955,300;4959,314;4964,298;4968,312;4972,296;4977,310;4981,314;4986,328;4990,312;4994,326;4999,310;5003,302;5007,316;5012,300;5016,314;5020,298;5025,310;5029,316;5033,330;5038,314;5042,328;5046,312;5051,304;5055,304;5060,302;5064,314;5068,300;5073,312;5077,318;5081,318;5086,316;5090,316;5094,314;5099,326;5103,304;5107,304;5112,316;5116,302;5120,314;5125,300;5129,332;5134,318;5138,318;5142,316;5147,328;5151,320;5155,304;5160,318;5164,302;5168,316;5173,302;5177,334;5181,320;5186,332;5190,318;5195,330;5199,322;5203,294;5208,320;5212,304;5216,318;5221,302;5225,336;5229,320;5234,334;5238,318;5242,332;5247,316;5251,308;5255,320;5260,306;5264,318;5269,304;5273,324;5277,322;5282,320;5286,318;5290,332;5295,318;5299,308;5303,320;5308,306;5312,318;5316,304;5321,316;5325,322;5330,322;5334,320;5338,320;5343,318;5347,294;5351,322;5356,306;5360,320;5364,304;5369,318;5373,310;5377,322;5382,308;5386,334;5390,318;5395,296;5399,310;5404,306;5408,320;5412,304;5417,318;5421,310;5425,322;5430,318;5434,332;5438,316;5443,330;5447,308;5451,306;5456,304;5460,302;5464,316;5469,300;5473,320;5478,306;5482,318;5486,316;5491,312;5495,306;5499,304;5504,304;5508,302;5512,314;5517,300;5521,320;5525,318;5530,330;5534,316;5538,328;5543,314;5547,304;5552,318;5556,302;5560,314;5565,300;5569,334;5573,318;5578,330;5582,314;5586,328;5591,312;5595,304;5599,316;5604,300;5608,314;5612,298;5617,312;5621,316;5626,330;5630,314;5634,328;5639,312;5643,302;5647,316;5652,300;5656,314;5660,312;5665,310;5669,316;5673,330;5678,314;5682,326;5686,312;5691,302;5695,316;5700,300;5704,312;5708,312;5713,312;5717,316;5721,330;5726,314;5730,326;5734,312;5739,324;5743,316;5747,300;5752,314;5756,298;5761,312;5765,316;5769,330;5774,314;5778,328;5782,312;5787,326;5791,316;5795,300;5800,314;5804,298;5808,312;5813,296;5817,330;5822,316;5826,328;5830,312;5835,326;5839,318;5843,318;5848,316;5852,300;5856,314;5861,312;5865,318;5869,316;5874,316;5878,314;5882,314;5887,312;5891,304;5896,302;5900,300;5904,314;5909,300;5913,318;5917,316;5922,330;5926,316;5930,328;5935,314;5939,304;5943,318;5948,302;5952,314;5956,300;5961,312;5965,316;5970,330;5974,314;5978,328;5983,312;5987,304;5991,316;5996,300;6000,314;6004,300;6009,312;6013,316;6017,330;6022,316;6026,328;6030,312;6035,304;6039,316;6044,302;6048,314;6052,300;6057,312;6061,318;6065,330;6070,316;6074,328;6078,312;6083,326;6087,316;6091,302;6096,316;6100,300;6104,312;6109,298;6113,332;6118,316;6122,328;6126,314;6131,326;6135,316;6139,302;6144,316;6148,300;6152,314;6157,286;6161,318;6165,302;6170,302;6174,288;6178,300;6183,278;6187,262;6192,290;6196,288;6200,288;6205,288;6209,266;6213,278;6218,278;6222,290;6226,290;6231,268;6235,268;6239,280;6244,280;6248,278;6252,262;6257,296;6261,282;6266,296;6270,280;6274,264;6279,278;6283,270;6287,284;6292,268;6296,268;6300,266;6305,286;6309,286;6313,284;6318,284;6322,296;6326,296;6331,258;6335,286;6340,270;6344,284;6348,268;6353,282;6357,288;6361,288;6366,286;6370,298;6374,284;6379,290;6383,290;6387,288;6392,288;6396,286;6401,300;6405,276;6409,276;6414,274;6418,260;6422,286;6427,300;6431,278;6435,276;6440,274;6444,274;6448,272;6453,278;6457,292;6461,276;6466,276;6470,274;6475,288;6479,292;6483,278;6488,290;6492,276;6496,274;6501,272;6505,278;6509,292;6514,290;6518,290;6522,288;6527,294;6531,278;6535,292;6540,276;6544,290;6549,288;6553,250;6557,278;6562,290;6566,290;6570,288;6575,274;6579,278;6583,292;6588,276;6592,288;6596,274;\r\nBuffer sent in 0.973 secondsreturn;buffer;965\r\n'), 10:35:48
bytearray(b'received from UR: measure -> measure (0,1)\r\nSTEPPER: Moving to mstep: 6600 with speed [msteps/sec]: 1000 in StealthChop.\r\n'), 10:35:49
bytearray(b'STEPPER: Moving to mstep: 2400 with speed [msteps/sec]: 4000 in SpreadCycle.\r\n'), 10:35:53
bytearray(b'STEPPER: Moved 4200.00 msteps (ramp: 35%) in 1324.888 ms -> average speed [msteps/sec]: 3170.08\r\nreturn;measure;965\r\n'), 10:35:54
bytearray(b'received from UR: buffer -> buffer (0,1)\r\nSending buffer of size 965data;2400,300;2404,456;2408,166;2413,280;2417,322;2421,328;2426,342;2430,314;2434,328;2439,326;2443,318;2447,332;2452,316;2456,316;2460,330;2465,328;2469,320;2474,334;2478,318;2482,332;2487,330;2491,324;2495,322;2500,308;2504,322;2508,320;2513,334;2517,326;2521,340;2526,324;2530,338;2534,322;2539,322;2543,330;2548,314;2552,326;2556,312;2561,326;2565,316;2569,344;2574,330;2578,344;2582,328;2587,328;2591,320;2595,320;2600,332;2604,318;2609,330;2613,316;2617,336;2622,322;2626,336;2630,318;2635,334;2639,326;2643,324;2648,324;2652,310;2656,322;2661,322;2665,342;2669,328;2674,328;2678,326;2683,340;2687,318;2691,330;2696,330;2700,328;2704,328;2709,312;2713,332;2717,332;2722,332;2726,316;2730,330;2735,330;2739,320;2743,334;2748,320;2752,332;2757,318;2761,332;2765,324;2770,338;2774,322;2778,336;2783,320;2787,314;2791,328;2796,326;2800,326;2804,310;2809,324;2813,316;2817,330;2822,330;2826,330;2831,314;2835,320;2839,320;2844,316;2848,332;2852,316;2857,316;2861,322;2865,336;2870,320;2874,334;2878,320;2883,332;2887,338;2891,324;2896,324;2900,324;2905,322;2909,324;2913,328;2918,314;2922,328;2926,326;2931,328;2935,332;2939,318;2944,330;2948,316;2952,330;2957,316;2961,322;2965,306;2970,320;2974,306;2979,320;2983,324;2987,310;2992,324;2996,308;3000,322;3005,322;3009,326;3013,312;3018,326;3022,310;3026,324;3031,310;3035,316;3039,316;3044,314;3048,314;3053,314;3057,318;3061,302;3066,316;3070,316;3074,316;3079,314;3083,320;3087,320;3092,306;3096,306;3100,304;3105,318;3109,324;3114,322;3118,322;3122,322;3127,320;3131,312;3135,326;3140,312;3144,310;3148,296;3153,310;3157,328;3161,328;3166,314;3170,328;3174,312;3179,304;3183,332;3188,304;3192,318;3196,316;3201,330;3205,322;3209,336;3214,320;3218,334;3222,318;3227,334;3231,324;3235,310;3240,310;3244,308;3248,322;3253,314;3257,328;3262,312;3266,326;3270,310;3275,324;3279,330;3283,316;3288,328;3292,314;3296,314;3301,326;3305,320;3309,318;3314,332;3318,316;3322,330;3327,328;3331,320;3336,320;3340,304;3344,318;3349,316;3353,322;3357,308;3362,320;3366,306;3370,320;3375,318;3379,310;3383,324;3388,294;3392,308;3397,308;3401,318;3405,312;3410,326;3414,324;3418,324;3423,308;3427,314;3431,312;3436,312;3440,312;3444,310;3449,308;3453,314;3457,316;3462,314;3466,328;3471,312;3475,304;3479,304;3484,316;3488,316;3492,316;3497,314;3501,320;3505,320;3510,318;3514,318;3518,316;3523,330;3527,322;3531,292;3536,320;3540,320;3545,320;3549,310;3553,324;3558,310;3562,322;3566,320;3571,334;3575,326;3579,312;3584,324;3588,310;3592,322;3597,308;3601,328;3605,312;3610,326;3614,310;3619,324;3623,314;3627,314;3632,328;3636,314;3640,326;3645,312;3649,332;3653,316;3658,330;3662,316;3666,330;3671,314;3675,320;3680,320;3684,306;3688,318;3693,318;3697,324;3701,324;3706,322;3710,322;3714,334;3719,320;3723,310;3727,324;3732,296;3736,308;3740,308;3745,320;3749,312;3754,324;3758,324;3762,324;3767,308;3771,314;3775,326;3780,312;3784,324;3788,308;3793,308;3797,314;3801,314;3806,312;3810,326;3814,312;3819,324;3823,316;3828,316;3832,314;3836,312;3841,312;3845,304;3849,318;3854,302;3858,316;3862,302;3867,314;3871,320;3875,306;3880,318;3884,302;3888,302;3893,310;3897,308;3902,306;3906,320;3910,306;3915,318;3919,324;3923,310;3928,322;3932,294;3936,306;3941,320;3945,312;3949,310;3954,324;3958,310;3962,322;3967,320;3971,312;3976,326;3980,312;3984,324;3989,296;3993,330;3997,314;4002,342;4006,312;4010,326;4015,310;4019,302;4023,314;4028,314;4032,326;4036,312;4041,326;4045,302;4050,330;4054,314;4058,328;4063,312;4067,318;4071,318;4076,316;4080,314;4084,328;4089,326;4093,318;4097,318;4102,316;4106,330;4111,316;4115,328;4119,320;4124,304;4128,318;4132,316;4137,330;4141,308;4145,320;4150,320;4154,318;4158,318;4163,316;4167,322;4171,306;4176,306;4180,306;4185,318;4189,310;4193,324;4198,308;4202,322;4206,306;4211,320;4215,312;4219,310;4224,310;4228,294;4232,308;4237,308;4241,328;4246,310;4250,324;4254,310;4259,322;4263,300;4267,300;4272,312;4276,298;4280,310;4285,310;4289,316;4293,314;4298,314;4302,314;4306,326;4311,304;4315,304;4320,316;4324,314;4328,314;4333,298;4337,320;4341,318;4346,318;4350,302;4354,316;4359,314;4363,320;4367,334;4372,318;4376,318;4380,302;4385,312;4389,322;4394,320;4398,318;4402,332;4407,316;4411,308;4415,322;4420,320;4424,320;4428,320;4433,318;4437,310;4441,324;4446,308;4450,334;4454,318;4459,332;4463,310;4468,308;4472,322;4476,306;4481,320;4485,326;4489,324;4494,322;4498,322;4502,322;4507,320;4511,312;4515,298;4520,310;4524,308;4528,322;4533,308;4537,314;4542,312;4546,326;4550,312;4555,324;4559,316;4563,302;4568,314;4572,300;4576,314;4581,298;4585,332;4589,314;4594,316;4598,300;4602,314;4607,312;4611,318;4616,318;4620,316;4624,316;4629,302;4633,322;4637,320;4642,320;4646,318;4650,330;4655,316;4659,308;4663,320;4668,306;4672,304;4676,318;4681,310;4685,308;4690,322;4694,320;4698,320;4703,318;4707,310;4711,310;4716,294;4720,306;4724,304;4729,318;4733,310;4737,324;4742,322;4746,322;4751,320;4755,310;4759,324;4764,296;4768,308;4772,308;4777,320;4781,312;4785,326;4790,324;4794,338;4798,310;4803,336;4807,326;4811,312;4816,310;4820,296;4825,308;4829,314;4833,328;4838,312;4842,326;4846,310;4851,324;4855,314;4859,314;4864,326;4868,312;4872,310;4877,310;4881,330;4885,314;4890,328;4894,312;4899,326;4903,316;4907,316;4912,330;4916,314;4920,326;4925,298;4929,332;4933,316;4938,316;4942,314;4946,328;4951,314;4955,318;4959,318;4964,316;4968,314;4973,300;4977,318;4981,316;4986,316;4990,300;4994,328;4999,312;5003,304;5007,316;5012,302;5016,314;5020,312;5025,312;5029,318;5033,332;5038,316;5042,316;5047,300;5051,306;5055,304;5060,318;5064,318;5068,316;5073,314;5077,320;5081,318;5086,318;5090,318;5094,316;5099,316;5103,308;5108,292;5112,306;5116,304;5121,318;5125,310;5129,322;5134,322;5138,320;5142,320;5147,320;5151,324;5155,296;5160,310;5164,308;5168,322;5173,306;5177,326;5182,312;5186,324;5190,310;5195,336;5199,328;5203,312;5208,326;5212,310;5216,310;5221,322;5225,328;5229,312;5234,326;5238,310;5242,324;5247,310;5251,316;5256,328;5260,312;5264,312;5269,326;5273,318;5277,316;5282,314;5286,314;5290,314;5295,312;5299,318;5303,316;5308,316;5312,314;5316,314;5321,326;5325,320;5330,318;5334,316;5338,316;5343,314;5347,306;5351,320;5356,304;5360,316;5364,316;5369,316;5373,306;5377,320;5382,306;5386,332;5391,318;5395,296;5399,308;5404,308;5408,308;5412,292;5417,306;5421,312;5425,324;5430,310;5434,322;5438,322;5443,320;5447,312;5451,310;5456,310;5460,294;5465,308;5469,312;5473,312;5478,310;5482,324;5486,308;5491,308;5495,312;5499,298;5504,312;5508,310;5512,324;5517,308;5521,314;5525,314;5530,312;5534,312;5539,312;5543,316;5547,302;5552,314;5556,314;5560,328;5565,312;5569,318;5573,316;5578,330;5582,316;5586,328;5591,314;5595,306;5599,318;5604,316;5608,318;5613,316;5617,322;5621,306;5626,320;5630,318;5634,332;5639,318;5643,310;5647,322;5652,308;5656,308;5660,320;5665,320;5669,310;5673,324;5678,310;5682,324;5687,322;5691,300;5695,312;5700,312;5704,326;5708,310;5713,310;5717,314;5721,328;5726,326;5730,326;5734,312;5739,324;5743,316;5747,300;5752,314;5756,300;5761,312;5765,316;5769,330;5774,316;5778,316;5782,300;5787,328;5791,318;5795,318;5800,318;5804,316;5808,314;5813,298;5817,320;5821,318;5826,332;5830,316;5835,316;5839,320;5843,306;5848,306;5852,318;5856,316;5861,318;5865,322;5869,308;5874,320;5878,318;5882,306;5887,304;5891,310;5896,310;5900,310;5904,322;5909,308;5913,328;5917,312;5922,326;5926,324;5930,324;5935,310;5939,300;5943,314;5948,298;5952,312;5957,312;5961,312;5965,316;5970,330;5974,314;5978,328;5983,314;5987,306;5991,318;5996,304;6000,318;6004,316;6009,316;6013,306;6017,322;6022,306;6026,320;6031,318;6035,310;6039,324;6044,308;6048,308;6052,320;6057,320;6061,300;6065,326;6070,310;6074,324;6078,310;6083,308;6087,314;6091,314;6096,314;6100,312;6105,324;6109,302;6113,316;6118,314;6122,314;6126,314;6131,312;6135,318;6139,304;6144,316;6148,302;6152,316;6157,286;6161,306;6165,292;6170,276;6174,290;6179,304;6183,294;6187,292;6192,278;6196,278;6200,290;6205,276;6209,296;6213,294;6218,294;6222,292;6226,292;6231,284;6235,296;6239,282;6244,282;6248,280;6253,264;6257,300;6261,284;6266,296;6270,282;6274,268;6279,280;6283,272;6287,272;6292,270;6296,270;6300,254;6305,290;6309,290;6313,288;6318,286;6322,272;6327,272;6331,278;6335,290;6340,290;6344,290;6348,276;6353,288;6357,280;6361,294;6366,278;6370,278;6374,276;6379,282;6383,296;6387,282;6392,294;6396,280;6401,278;6405,284;6409,296;6414,282;6418,296;6422,280;6427,280;6431,270;6435,256;6440,282;6444,284;6448,282;6453,288;6457,272;6462,272;6466,272;6470,284;6475,284;6479,272;6483,260;6488,288;6492,288;6496,286;6501,286;6505,264;6509,278;6514,290;6518,288;6522,288;6527,294;6531,280;6536,292;6540,264;6544,276;6549,276;6553,282;6557,294;6562,294;6566,292;6570,278;6575,284;6579,282;6583,296;6588,282;6592,294;6596,280;\r\nBuffer sent in 0.973 secondsreturn;buffer;965\r\n'), 10:35:56
bytearray(b'received from UR: measure -> measure (0,1)\r\nSTEPPER: Moving to mstep: 6600 with speed [msteps/sec]: 1000 in StealthChop.\r\n'), 10:35:57
bytearray(b'STEPPER: Moving to mstep: 2400 with speed [msteps/sec]: 4000 in SpreadCycle.\r\n'), 10:36:01
bytearray(b'STEPPER: Moved 4200.00 msteps (ramp: 35%) in 1324.884 ms -> average speed [msteps/sec]: 3170.09\r\nreturn;measure;965\r\n'), 10:36:03
bytearray(b'received from UR: buffer -> buffer (0,1)\r\nSending buffer of size 965data;2400,300;2404,472;2408,140;2413,282;2417,310;2421,316;2426,344;2430,314;2434,328;2439,326;2443,318;2447,330;2452,314;2456,328;2460,328;2465,326;2469,316;2474,332;2478,316;2482,328;2487,328;2491,320;2495,332;2500,318;2504,318;2508,330;2513,330;2517,318;2521,334;2526,320;2530,332;2534,332;2539,330;2543,336;2548,306;2552,320;2556,320;2561,332;2565,322;2569,336;2574,320;2578,334;2582,318;2587,332;2591,324;2595,308;2600,322;2604,306;2608,334;2613,318;2617,338;2622,324;2626,336;2630,322;2635,336;2639,326;2643,324;2648,324;2652,310;2656,322;2661,322;2665,326;2669,312;2674,324;2678,322;2682,322;2687,336;2691,326;2696,324;2700,310;2704,322;2709,308;2713,334;2717,326;2722,338;2726,324;2730,336;2735,322;2739,328;2743,340;2748,324;2752,324;2756,308;2761,322;2765,326;2770,340;2774,326;2778,338;2783,322;2787,328;2791,342;2796,314;2800,326;2804,310;2809,324;2813,316;2817,344;2822,328;2826,342;2830,312;2835,340;2839,316;2844,330;2848,330;2852,328;2857,328;2861,318;2865,332;2870,332;2874,330;2878,316;2883,330;2887,320;2891,334;2896,332;2900,318;2905,318;2909,316;2913,336;2918,322;2922,334;2926,320;2931,332;2935,324;2939,324;2944,336;2948,322;2952,334;2957,306;2961,326;2965,324;2970,324;2974,308;2979,322;2983,312;2987,298;2992,324;2996,308;3000,322;3005,306;3009,328;3013,312;3018,324;3022,310;3026,322;3031,308;3035,302;3040,312;3044,326;3048,324;3053,310;3057,316;3061,314;3066,314;3070,310;3074,310;3079,310;3083,300;3087,314;3092,314;3096,326;3100,312;3105,310;3109,316;3114,330;3118,314;3122,314;3127,312;3131,304;3135,316;3140,316;3144,328;3148,314;3153,326;3157,318;3161,332;3166,316;3170,330;3174,314;3179,328;3183,318;3188,304;3192,330;3196,316;3201,328;3205,306;3209,320;3214,304;3218,332;3222,316;3227,330;3231,320;3235,306;3240,318;3244,318;3248,316;3253,302;3257,334;3262,320;3266,334;3270,318;3275,332;3279,322;3283,322;3288,320;3292,306;3296,318;3301,318;3305,324;3309,322;3314,334;3318,320;3322,332;3327,316;3331,322;3336,322;3340,320;3344,320;3349,304;3353,324;3357,324;3362,322;3366,306;3370,322;3375,320;3379,312;3383,310;3388,296;3392,310;3396,308;3401,322;3405,312;3410,326;3414,312;3418,324;3423,308;3427,314;3431,314;3436,312;3440,312;3444,312;3449,312;3453,302;3457,330;3462,314;3466,328;3470,314;3475,304;3479,304;3484,316;3488,314;3492,314;3497,314;3501,304;3505,318;3510,316;3514,316;3518,302;3523,314;3527,306;3531,306;3536,318;3540,304;3545,318;3549,310;3553,322;3558,320;3562,322;3566,320;3571,334;3575,310;3579,324;3584,324;3588,322;3592,322;3597,306;3601,326;3605,312;3610,326;3614,310;3619,324;3623,314;3627,328;3632,326;3636,312;3640,326;3645,310;3649,330;3653,316;3658,328;3662,314;3666,326;3671,312;3675,318;3679,330;3684,316;3688,316;3693,314;3697,322;3701,320;3706,320;3710,318;3714,318;3719,316;3723,322;3727,322;3732,308;3736,320;3740,306;3745,320;3749,324;3753,324;3758,322;3762,322;3767,320;3771,298;3775,312;3780,310;3784,324;3788,308;3793,322;3797,312;3801,326;3806,312;3810,324;3814,308;3819,302;3823,314;3827,314;3832,312;3836,312;3841,310;3845,302;3849,314;3854,312;3858,312;3862,296;3867,310;3871,314;3875,314;3880,314;3884,312;3888,312;3893,310;3897,316;3902,314;3906,314;3910,312;3915,312;3919,318;3923,316;3928,318;3932,316;3936,316;3941,300;3945,320;3949,320;3954,318;3958,304;3962,318;3967,314;3971,320;3976,334;3980,320;3984,318;3989,302;3993,322;3997,308;4002,336;4006,320;4010,334;4015,318;4019,310;4023,308;4028,308;4032,320;4036,320;4041,320;4045,310;4050,324;4054,308;4058,322;4063,320;4067,314;4071,326;4076,312;4080,310;4084,310;4089,322;4093,314;4097,328;4102,326;4106,324;4111,310;4115,316;4119,314;4124,314;4128,328;4132,312;4137,312;4141,318;4145,318;4150,316;4154,328;4158,314;4163,328;4167,306;4171,304;4176,318;4180,302;4185,316;4189,308;4193,320;4198,304;4202,318;4206,304;4211,318;4215,322;4219,308;4224,320;4228,306;4232,306;4237,318;4241,310;4245,308;4250,322;4254,308;4259,320;4263,312;4267,296;4272,310;4276,310;4280,308;4285,294;4289,314;4293,314;4298,312;4302,312;4306,324;4311,310;4315,300;4319,314;4324,300;4328,312;4333,298;4337,318;4341,316;4346,316;4350,314;4354,314;4359,314;4363,304;4367,318;4372,302;4376,316;4380,316;4385,328;4389,320;4393,320;4398,318;4402,332;4407,316;4411,294;4415,308;4420,306;4424,320;4428,320;4433,318;4437,310;4441,324;4446,308;4450,322;4454,320;4459,334;4463,312;4467,310;4472,310;4476,308;4481,308;4485,314;4489,328;4494,312;4498,324;4502,324;4507,324;4511,330;4515,314;4520,328;4524,314;4528,312;4533,312;4537,318;4542,316;4546,330;4550,314;4555,328;4559,318;4563,318;4568,318;4572,302;4576,316;4581,316;4585,322;4589,306;4594,320;4598,304;4602,318;4607,316;4611,308;4616,322;4620,306;4624,320;4629,318;4633,324;4637,310;4642,322;4646,308;4650,322;4655,306;4659,312;4663,310;4668,296;4672,308;4676,308;4681,320;4685,312;4690,312;4694,310;4698,324;4703,310;4707,314;4711,314;4716,298;4720,312;4724,310;4729,310;4733,314;4737,328;4742,314;4746,326;4750,312;4755,324;4759,330;4764,314;4768,314;4772,298;4777,312;4781,318;4785,332;4790,316;4794,314;4798,314;4803,328;4807,318;4811,318;4816,330;4820,316;4824,328;4829,306;4833,334;4838,318;4842,332;4846,318;4851,330;4855,308;4859,322;4864,320;4868,320;4872,320;4877,304;4881,324;4885,324;4890,322;4894,308;4898,322;4903,314;4907,328;4912,326;4916,312;4920,310;4925,296;4929,330;4933,316;4938,328;4942,314;4946,326;4951,312;4955,304;4959,316;4964,302;4968,314;4973,300;4977,314;4981,318;4986,332;4990,318;4994,332;4999,316;5003,308;5007,320;5012,306;5016,318;5020,304;5025,304;5029,322;5033,324;5038,308;5042,320;5047,306;5051,310;5055,310;5060,310;5064,322;5068,308;5073,308;5077,312;5081,314;5086,312;5090,312;5094,310;5099,322;5103,312;5107,312;5112,312;5116,298;5121,310;5125,316;5129,314;5134,312;5138,314;5142,310;5147,324;5151,330;5155,314;5160,326;5164,298;5168,312;5173,310;5177,330;5181,314;5186,328;5190,312;5195,326;5199,316;5203,302;5208,328;5212,314;5216,326;5221,312;5225,332;5229,316;5234,330;5238,314;5242,328;5247,312;5251,304;5256,316;5260,316;5264,314;5269,300;5273,320;5277,318;5282,318;5286,316;5290,330;5295,314;5299,320;5303,318;5308,304;5312,316;5316,316;5321,316;5325,306;5330,320;5334,318;5338,318;5343,318;5347,308;5351,322;5356,306;5360,306;5364,318;5369,318;5373,308;5377,322;5382,306;5386,320;5390,304;5395,310;5399,310;5404,294;5408,306;5412,306;5417,318;5421,310;5425,322;5430,308;5434,322;5438,306;5443,320;5447,312;5451,312;5456,324;5460,308;5464,308;5469,314;5473,326;5478,312;5482,310;5486,310;5491,324;5495,314;5499,298;5504,312;5508,310;5512,310;5517,294;5521,328;5525,314;5530,314;5534,312;5538,326;5543,310;5547,302;5552,316;5556,314;5560,314;5565,298;5569,318;5573,316;5578,330;5582,314;5586,328;5591,312;5595,306;5599,316;5604,302;5608,316;5612,316;5617,328;5621,306;5626,320;5630,304;5634,318;5639,316;5643,310;5647,322;5652,306;5656,306;5660,304;5665,318;5669,310;5673,322;5678,322;5682,322;5687,320;5691,312;5695,312;5700,298;5704,312;5708,310;5713,322;5717,314;5721,314;5726,314;5730,326;5734,326;5739,326;5743,316;5747,316;5752,316;5756,314;5761,314;5765,306;5769,320;5774,318;5778,318;5782,302;5787,316;5791,308;5795,320;5800,320;5804,306;5808,318;5813,302;5817,322;5821,308;5826,322;5830,306;5835,320;5839,310;5843,310;5848,310;5852,294;5856,308;5861,308;5865,312;5869,298;5874,324;5878,310;5882,324;5887,308;5891,314;5896,314;5900,298;5904,310;5909,310;5913,316;5917,300;5922,314;5926,312;5930,326;5935,324;5939,302;5943,316;5948,314;5952,328;5956,312;5961,326;5965,318;5970,330;5974,314;5978,316;5983,300;5987,304;5991,318;5996,316;6000,318;6004,314;6009,314;6013,306;6017,320;6022,318;6026,330;6030,316;6035,316;6039,320;6044,306;6048,304;6052,304;6057,304;6061,308;6065,322;6070,320;6074,320;6078,304;6083,318;6087,308;6091,322;6096,322;6100,320;6104,320;6109,304;6113,324;6118,310;6122,322;6126,306;6131,320;6135,312;6139,310;6144,324;6148,308;6152,322;6157,292;6161,312;6165,296;6170,268;6174,280;6178,294;6183,298;6187,284;6192,296;6196,282;6200,280;6205,266;6209,300;6213,298;6218,284;6222,282;6226,296;6231,294;6235,286;6239,284;6244,270;6248,270;6253,282;6257,288;6261,286;6266,288;6270,286;6274,284;6279,284;6283,274;6287,274;6292,258;6296,286;6300,286;6305,290;6309,276;6313,274;6318,274;6322,272;6327,286;6331,276;6335,276;6340,262;6344,274;6348,272;6353,274;6357,292;6361,292;6366,290;6370,288;6374,288;6379,292;6383,278;6387,290;6392,288;6396,288;6401,288;6405,278;6409,278;6414,290;6418,302;6422,288;6427,264;6431,278;6435,276;6440,290;6444,290;6448,288;6453,280;6457,294;6461,292;6466,292;6470,276;6475,276;6479,282;6483,280;6488,294;6492,280;6496,278;6501,276;6505,282;6509,280;6514,252;6518,278;6522,292;6527,284;6531,282;6536,282;6540,282;6544,280;6549,266;6553,300;6557,284;6562,284;6566,282;6570,296;6575,280;6579,286;6583,286;6588,284;6592,298;6596,282;\r\nBuffer sent in 0.973 secondsreturn;buffer;965\r\n'), 10:36:05
bytearray(b'received from UR: measure -> measure (0,1)\r\nSTEPPER: Moving to mstep: 6600 with speed [msteps/sec]: 1000 in StealthChop.\r\n'), 10:36:06
bytearray(b'STEPPER: Moving to mstep: 2400 with speed [msteps/sec]: 4000 in SpreadCycle.\r\n'), 10:36:10
bytearray(b'STEPPER: Moved 4200.00 msteps (ramp: 35%) in 1324.888 ms -> average speed [msteps/sec]: 3170.08\r\nreturn;measure;965\r\n'), 10:36:11
bytearray(b'received from UR: buffer -> buffer (0,1)\r\nSending buffer of size 965data;2400,304;2404,446;2408,170;2413,270;2417,312;2421,318;2426,346;2430,316;2434,344;2439,328;2443,320;2447,318;2452,318;2456,332;2460,316;2465,330;2469,322;2474,334;2478,318;2482,332;2487,318;2491,330;2495,322;2500,320;2504,334;2508,320;2513,332;2517,324;2521,324;2526,322;2530,336;2534,320;2539,334;2543,326;2547,310;2552,324;2556,322;2561,336;2565,326;2569,326;2574,324;2578,338;2582,324;2587,336;2591,328;2595,312;2600,326;2604,312;2608,338;2613,324;2617,330;2621,314;2626,342;2630,326;2635,326;2639,318;2643,316;2648,330;2652,314;2656,328;2661,312;2665,332;2669,316;2674,330;2678,328;2682,328;2687,328;2691,318;2696,332;2700,316;2704,330;2709,314;2713,334;2717,320;2722,332;2726,318;2730,330;2735,316;2739,320;2743,334;2748,318;2752,332;2756,318;2761,330;2765,322;2770,336;2774,318;2778,334;2783,318;2787,310;2791,338;2796,322;2800,336;2804,306;2809,334;2813,324;2817,338;2822,322;2826,322;2830,320;2835,314;2839,340;2844,324;2848,322;2852,322;2857,322;2861,326;2865,340;2870,324;2874,324;2878,322;2883,336;2887,328;2891,326;2896,326;2900,310;2905,324;2909,316;2913,328;2918,328;2922,326;2926,326;2931,326;2935,330;2939,314;2944,328;2948,312;2952,326;2957,310;2961,330;2965,316;2970,330;2974,314;2979,328;2983,318;2987,304;2992,316;2996,314;3000,328;3005,312;3009,318;3013,316;3018,316;3022,314;3026,328;3031,314;3035,304;3039,318;3044,302;3048,300;3053,300;3057,320;3061,306;3066,318;3070,302;3074,316;3079,314;3083,306;3087,320;3092,318;3096,316;3100,316;3105,314;3109,320;3113,320;3118,318;3122,318;3127,316;3131,308;3135,320;3140,306;3144,320;3148,304;3153,318;3157,322;3161,322;3166,320;3170,334;3174,318;3179,332;3183,324;3187,308;3192,322;3196,306;3201,320;3205,312;3209,338;3214,310;3218,324;3222,308;3227,322;3231,326;3235,312;3240,324;3244,324;3248,322;3253,308;3257,328;3261,312;3266,326;3270,324;3275,338;3279,314;3283,314;3288,326;3292,312;3296,326;3301,324;3305,316;3309,314;3314,328;3318,312;3322,326;3327,310;3331,316;3336,330;3340,316;3344,328;3349,314;3353,320;3357,318;3362,318;3366,316;3370,330;3375,314;3379,306;3383,318;3388,304;3392,316;3396,302;3401,316;3405,308;3410,322;3414,306;3418,320;3423,318;3427,296;3431,308;3436,308;3440,308;3444,308;3449,306;3453,312;3457,326;3462,310;3466,324;3470,308;3475,314;3479,312;3484,312;3488,310;3492,310;3497,322;3501,300;3505,312;3510,310;3514,324;3518,310;3523,322;3527,314;3531,312;3536,326;3540,310;3544,310;3549,314;3553,328;3558,314;3562,326;3566,312;3571,324;3575,330;3579,314;3584,326;3588,312;3592,326;3597,296;3601,330;3605,314;3610,328;3614,312;3618,326;3623,310;3627,316;3632,330;3636,314;3640,314;3645,312;3649,332;3653,316;3658,330;3662,314;3666,328;3671,312;3675,318;3679,318;3684,316;3688,330;3692,314;3697,328;3701,320;3706,318;3710,318;3714,330;3719,316;3723,306;3727,322;3732,306;3736,318;3740,304;3745,318;3749,308;3753,308;3758,308;3762,320;3767,318;3771,310;3775,310;3780,294;3784,308;3788,306;3793,320;3797,312;3801,324;3806,310;3810,324;3814,308;3819,322;3823,312;3827,312;3832,312;3836,310;3841,310;3845,316;3849,316;3854,300;3858,314;3862,312;3867,312;3871,318;3875,316;3880,316;3884,300;3888,314;3893,298;3897,318;3901,316;3906,316;3910,316;3915,328;3919,306;3923,304;3928,318;3932,302;3936,330;3941,314;3945,320;3949,320;3954,318;3958,318;3962,316;3967,314;3971,308;3975,320;3980,306;3984,332;3989,304;3993,324;3997,308;4002,336;4006,320;4010,334;4015,320;4019,296;4023,310;4028,310;4032,322;4036,322;4041,322;4045,314;4050,326;4054,312;4058,326;4063,310;4067,316;4071,328;4076,314;4080,312;4084,312;4089,324;4093,316;4097,328;4102,314;4106,326;4110,312;4115,324;4119,316;4124,316;4128,330;4132,314;4137,328;4141,320;4145,318;4150,318;4154,318;4158,316;4163,316;4167,320;4171,306;4176,320;4180,304;4184,332;4189,308;4193,308;4198,306;4202,320;4206,306;4211,318;4215,310;4219,310;4224,322;4228,308;4232,320;4237,306;4241,326;4245,310;4250,310;4254,308;4258,322;4263,308;4267,298;4272,312;4276,296;4280,310;4285,308;4289,314;4293,314;4298,314;4302,312;4306,312;4311,310;4315,302;4319,314;4324,300;4328,314;4332,298;4337,312;4341,316;4346,330;4350,316;4354,328;4359,314;4363,306;4367,318;4372,302;4376,316;4380,302;4385,328;4389,320;4393,334;4398,318;4402,332;4406,316;4411,308;4415,320;4420,306;4424,320;4428,304;4433,316;4437,308;4441,336;4446,320;4450,334;4454,318;4459,332;4463,324;4467,308;4472,322;4476,322;4481,320;4485,312;4489,326;4494,310;4498,324;4502,308;4507,322;4511,328;4515,312;4520,326;4524,310;4528,310;4533,308;4537,328;4541,314;4546,328;4550,312;4555,326;4559,318;4563,302;4568,316;4572,316;4576,316;4581,300;4585,320;4589,306;4594,318;4598,318;4602,318;4607,316;4611,308;4616,320;4620,306;4624,306;4629,304;4633,324;4637,308;4642,322;4646,308;4650,322;4655,306;4659,312;4663,310;4668,310;4672,310;4676,308;4681,320;4685,312;4690,312;4694,310;4698,310;4703,308;4707,300;4711,316;4716,300;4720,312;4724,296;4729,312;4733,316;4737,330;4742,316;4746,330;4750,316;4755,306;4759,320;4764,304;4768,332;4772,304;4777,316;4781,322;4785,336;4790,320;4794,332;4798,306;4803,332;4807,324;4811,310;4816,308;4820,308;4824,320;4829,310;4833,326;4838,310;4842,324;4846,308;4851,322;4855,314;4859,312;4864,326;4868,326;4872,310;4877,310;4881,328;4885,314;4890,326;4894,312;4898,324;4903,308;4907,314;4912,328;4916,326;4920,312;4925,312;4929,318;4933,316;4938,330;4942,314;4946,328;4951,312;4955,304;4959,330;4964,316;4968,314;4972,312;4977,326;4981,304;4986,318;4990,302;4994,314;4999,314;5003,306;5007,320;5012,318;5016,316;5020,302;5025,316;5029,306;5033,318;5038,304;5042,318;5047,304;5051,310;5055,308;5060,308;5064,320;5068,306;5073,304;5077,310;5081,324;5086,308;5090,308;5094,306;5099,320;5103,312;5107,310;5112,310;5116,296;5121,322;5125,314;5129,328;5134,312;5138,326;5142,310;5147,324;5151,316;5155,300;5160,314;5164,300;5168,312;5173,298;5177,332;5182,316;5186,330;5190,302;5195,316;5199,320;5203,306;5208,334;5212,318;5216,318;5221,302;5225,322;5229,308;5234,322;5238,306;5242,320;5247,318;5251,310;5256,324;5260,324;5264,308;5269,308;5273,328;5277,312;5282,326;5286,312;5290,326;5295,310;5299,316;5303,314;5308,314;5312,328;5316,312;5321,312;5325,318;5330,318;5334,316;5338,330;5343,314;5347,306;5351,320;5356,304;5360,332;5364,316;5369,314;5373,306;5377,320;5382,304;5386,318;5390,316;5395,296;5399,322;5404,306;5408,320;5412,304;5417,318;5421,310;5425,322;5430,308;5434,320;5438,306;5443,318;5447,310;5451,308;5456,308;5460,306;5464,306;5469,304;5473,310;5478,308;5482,310;5486,306;5491,320;5495,312;5499,312;5504,310;5508,308;5512,308;5517,308;5521,312;5525,310;5530,324;5534,310;5538,322;5543,308;5547,312;5552,326;5556,310;5560,310;5565,308;5569,330;5573,314;5578,328;5582,312;5586,326;5591,312;5595,302;5599,316;5604,302;5608,314;5613,300;5617,312;5621,318;5626,330;5630,316;5634,330;5639,314;5643,306;5647,304;5652,302;5656,316;5660,316;5665,330;5669,306;5673,320;5678,318;5682,318;5687,316;5691,322;5695,308;5700,306;5704,318;5708,318;5713,332;5717,308;5721,308;5726,308;5730,320;5734,320;5739,318;5743,310;5747,308;5752,308;5756,306;5761,320;5765,312;5769,310;5774,308;5778,310;5782,308;5787,320;5791,326;5795,312;5800,310;5804,296;5808,322;5813,308;5817,328;5822,312;5826,326;5830,310;5835,324;5839,316;5843,302;5848,314;5852,312;5856,326;5861,312;5865,314;5869,314;5874,314;5878,312;5882,312;5887,304;5891,302;5896,316;5900,302;5904,314;5909,298;5913,318;5917,316;5922,316;5926,314;5930,316;5935,314;5939,290;5943,318;5948,302;5952,316;5956,300;5961,314;5965,320;5970,320;5974,304;5978,318;5983,302;5987,308;5991,308;5996,292;6000,320;6004,304;6009,318;6013,310;6017,324;6022,320;6026,322;6030,318;6035,332;6039,310;6044,308;6048,308;6052,306;6057,306;6061,312;6065,324;6070,308;6074,308;6078,306;6083,306;6087,312;6091,310;6096,324;6100,322;6104,306;6109,312;6113,326;6118,310;6122,310;6126,308;6131,308;6135,326;6139,312;6144,324;6148,308;6152,308;6157,292;6161,312;6165,298;6170,282;6174,280;6179,280;6183,300;6187,284;6192,284;6196,282;6200,282;6205,266;6209,300;6213,298;6218,298;6222,284;6226,282;6231,286;6235,286;6239,286;6244,284;6248,284;6253,284;6257,288;6261,288;6266,274;6270,272;6274,284;6279,284;6283,276;6287,274;6292,288;6296,288;6300,286;6305,294;6309,292;6313,278;6318,278;6322,276;6327,290;6331,266;6335,280;6340,266;6344,280;6348,278;6353,292;6357,284;6361,284;6366,282;6370,268;6374,282;6379,274;6383,286;6387,272;6392,284;6396,270;6401,284;6405,290;6409,304;6414,288;6418,290;6422,286;6427,266;6431,264;6435,264;6440,278;6444,278;6448,276;6453,268;6457,266;6461,280;6466,250;6470,278;6475,292;6479,270;6483,282;6488,282;6492,266;6496,294;6501,278;6505,270;6509,270;6514,268;6518,282;6522,282;6527,288;6531,258;6535,286;6540,270;6544,284;6549,268;6553,288;6557,288;6562,274;6566,286;6570,284;6575,284;6579,276;6583,288;6588,274;6592,274;6596,272;\r\nBuffer sent in 0.973 secondsreturn;buffer;965\r\n'), 10:36:13
bytearray(b'received from UR: home -> home (0,1)\r\nSTEPPER: Moving to mstep: 0 with speed [msteps/sec]: 4000 in SpreadCycle.\r\n'), 10:36:14
bytearray(b'STEPPER: Moved 2400.00 msteps (ramp: 35%) in 813.416 ms -> average speed [msteps/sec]: 2950.52\r\nreturn;home;1\r\n'), 10:36:15
