bytearray(b'received from UR: home -> home (0,1)\r\nreturn;home;1\r\n'), 10:30:39
bytearray(b'STEPPER: Moving to mstep: 2400 with speed [msteps/sec]: 4000 in SpreadCycle.\r\n'), 10:30:49
bytearray(b'STEPPER: Moved 2400.00 msteps (ramp: 35%) in 812.836 ms -> average speed [msteps/sec]: 2952.63\r\n'), 10:30:50
bytearray(b'received from UR: status -> status (0,1)\r\n*** STATUS ***\r\nid        :         3 -\r\nstep      :      2400 steps\r\nspeed     :      1500 msteps/s\r\nmspeed    :      1000 msteps/s\r\nsg-thrs   :        80 -\r\ndefault   :     12000 \xc2\xb5m\r\ndispense  :     30350 \xc2\xb5m\r\nblowout   :     33000 \xc2\xb5m\r\nd-offset  :        20 \xc2\xb5m\r\nur0       :         0 -\r\nur1       :         1 -\r\nhomed     :         1 -\r\nreturn;status;2400\r\n'), 10:30:52
bytearray(b'received from UR: measure -> measure (0,1)\r\nSTEPPER: Moving to mstep: 6600 with speed [msteps/sec]: 1000 in StealthChop.\r\n'), 10:30:53
bytearray(b'STEPPER: Moving to mstep: 2400 with speed [msteps/sec]: 4000 in SpreadCycle.\r\n'), 10:30:57
bytearray(b'STEPPER: Moved 4200.00 msteps (ramp: 35%) in 1324.888 ms -> average speed [msteps/sec]: 3170.08\r\nreturn;measure;965\r\n'), 10:30:58
bytearray(b'received from UR: buffer -> buffer (0,1)\r\nSending buffer of size 965data;2400,126;2404,456;2408,196;2413,280;2417,332;2421,316;2426,330;2430,316;2434,330;2439,330;2443,322;2447,336;2452,322;2456,320;2460,322;2465,334;2469,314;2474,326;2478,326;2482,326;2487,324;2491,332;2495,330;2500,316;2504,328;2508,330;2513,328;2517,320;2521,334;2526,318;2530,332;2534,332;2539,332;2543,324;2548,310;2552,322;2556,322;2561,336;2565,312;2569,328;2574,326;2578,326;2582,324;2587,338;2591,330;2595,316;2600,330;2604,314;2608,328;2613,328;2617,334;2622,318;2626,332;2630,318;2635,332;2639,332;2643,322;2648,336;2652,322;2656,322;2661,322;2665,326;2669,312;2674,340;2678,324;2682,326;2687,324;2691,316;2696,330;2700,314;2704,326;2709,328;2713,334;2717,318;2722,332;2726,318;2730,330;2735,330;2739,322;2743,336;2748,306;2752,320;2756,320;2761,334;2765,324;2770,338;2774,322;2778,338;2783,322;2787,316;2791,328;2796,312;2800,328;2804,312;2809,328;2813,332;2817,348;2822,318;2826,332;2831,316;2835,310;2839,336;2844,322;2848,322;2852,306;2857,320;2861,326;2865,340;2870,324;2874,324;2878,324;2883,322;2887,330;2891,314;2896,314;2900,328;2905,328;2909,318;2913,332;2918,318;2922,332;2926,330;2931,316;2935,322;2939,308;2944,320;2948,306;2952,320;2957,320;2961,326;2965,310;2970,324;2974,310;2979,324;2983,308;2987,312;2992,328;2996,300;3000,314;3005,312;3009,318;3013,304;3018,318;3022,316;3026,316;3031,316;3035,322;3039,320;3044,306;3048,306;3053,306;3057,326;3061,310;3066,324;3070,310;3074,310;3079,308;3083,314;3087,314;3092,314;3096,328;3100,312;3105,312;3109,318;3113,318;3118,316;3122,316;3127,316;3131,306;3135,320;3140,306;3144,320;3148,304;3153,318;3157,324;3161,324;3166,308;3170,322;3174,308;3179,322;3183,326;3187,312;3192,324;3196,310;3201,324;3205,316;3209,344;3214,314;3218,328;3222,312;3227,326;3231,318;3235,318;3240,330;3244,316;3248,330;3253,314;3257,320;3262,318;3266,332;3270,318;3275,318;3279,322;3283,322;3288,322;3292,320;3296,320;3301,318;3305,326;3309,324;3314,324;3318,308;3322,322;3327,320;3331,314;3336,328;3340,312;3344,324;3349,310;3353,318;3357,316;3362,316;3366,314;3370,314;3375,314;3379,320;3383,320;3388,320;3392,318;3396,304;3401,318;3405,310;3410,336;3414,308;3418,322;3423,306;3427,312;3431,312;3436,312;3440,324;3444,310;3449,324;3453,302;3457,316;3462,314;3466,314;3471,312;3475,304;3479,304;3484,304;3488,318;3492,302;3497,316;3501,322;3505,322;3510,320;3514,320;3518,320;3523,320;3527,324;3531,310;3536,324;3540,322;3545,322;3549,314;3553,328;3558,312;3562,326;3566,312;3571,326;3575,330;3579,316;3584,316;3588,316;3592,328;3597,314;3601,334;3605,320;3610,332;3614,318;3619,332;3623,322;3627,308;3632,320;3636,320;3640,320;3645,318;3649,324;3653,308;3658,322;3662,322;3666,320;3671,306;3675,312;3679,324;3684,324;3688,322;3693,322;3697,316;3701,312;3706,326;3710,324;3714,324;3719,310;3723,314;3727,314;3732,314;3736,326;3740,312;3745,326;3749,316;3753,330;3758,314;3762,314;3767,314;3771,306;3775,318;3780,318;3784,318;3788,316;3793,314;3797,320;3801,334;3806,318;3810,318;3814,302;3819,330;3823,308;3827,306;3832,306;3836,304;3841,304;3845,310;3849,322;3854,308;3858,320;3862,320;3867,318;3871,324;3875,308;3880,308;3884,322;3888,320;3893,320;3897,312;3901,310;3906,324;3910,308;3915,322;3919,314;3923,298;3928,312;3932,312;3936,324;3941,310;3945,330;3949,314;3954,328;3958,326;3962,326;3967,312;3971,304;3976,318;3980,302;3984,316;3989,316;3993,336;3997,320;4002,334;4006,318;4010,332;4015,318;4019,310;4023,322;4028,308;4032,308;4036,320;4041,320;4045,312;4050,326;4054,324;4058,338;4063,322;4067,314;4071,314;4076,300;4080,312;4084,310;4089,324;4093,316;4097,328;4102,328;4106,326;4110,312;4115,318;4119,316;4124,316;4128,328;4132,314;4137,328;4141,320;4145,334;4150,318;4154,318;4158,316;4163,316;4167,322;4171,320;4176,320;4180,318;4184,318;4189,310;4193,324;4198,308;4202,322;4206,308;4211,320;4215,312;4219,310;4224,310;4228,308;4232,308;4237,306;4241,326;4245,312;4250,326;4254,310;4259,324;4263,316;4267,314;4272,314;4276,298;4280,312;4285,312;4289,316;4293,302;4298,316;4302,314;4306,328;4311,314;4315,292;4319,304;4324,302;4328,316;4333,300;4337,314;4341,320;4346,320;4350,304;4354,318;4359,318;4363,308;4367,320;4372,306;4376,320;4380,304;4385,318;4389,322;4393,322;4398,306;4402,334;4407,318;4411,310;4415,324;4420,322;4424,322;4428,308;4433,320;4437,324;4441,338;4446,310;4450,336;4454,322;4459,336;4463,312;4467,312;4472,312;4476,310;4481,310;4485,316;4489,328;4494,312;4498,326;4502,312;4507,324;4511,316;4515,302;4520,314;4524,314;4528,324;4533,312;4537,318;4542,316;4546,330;4550,316;4555,314;4559,320;4563,304;4568,318;4572,304;4576,316;4581,302;4585,322;4589,322;4594,322;4598,306;4602,320;4607,312;4611,312;4616,324;4620,310;4624,324;4629,310;4633,316;4637,314;4642,314;4646,312;4650,326;4655,312;4659,318;4663,318;4668,316;4672,316;4676,302;4681,314;4685,320;4690,320;4694,304;4698,318;4703,318;4707,324;4711,322;4716,308;4720,322;4724,306;4729,320;4733,312;4737,326;4742,310;4746,324;4750,322;4755,314;4759,314;4764,300;4768,314;4772,300;4777,326;4781,318;4785,316;4790,316;4794,330;4798,314;4803,328;4807,322;4811,320;4816,320;4820,304;4824,318;4829,318;4833,338;4838,310;4842,336;4846,322;4851,322;4855,314;4859,312;4864,310;4868,310;4872,310;4877,310;4881,330;4885,330;4890,328;4894,314;4898,328;4903,326;4907,304;4912,316;4916,316;4920,316;4925,300;4929,334;4933,320;4938,320;4942,318;4946,318;4951,318;4955,324;4959,322;4964,308;4968,322;4972,306;4977,320;4981,312;4986,326;4990,310;4994,324;4999,310;5003,316;5007,316;5012,300;5016,314;5020,300;5025,314;5029,318;5033,318;5038,302;5042,318;5047,304;5051,322;5055,322;5060,322;5064,320;5068,306;5073,304;5077,310;5081,324;5086,310;5090,310;5094,308;5099,322;5103,314;5107,314;5112,326;5116,312;5121,312;5125,318;5129,332;5134,316;5138,316;5142,314;5147,328;5151,320;5155,320;5160,334;5164,318;5168,318;5173,304;5177,324;5181,310;5186,324;5190,308;5195,322;5199,314;5203,298;5208,326;5212,312;5216,324;5221,296;5225,330;5229,316;5234,330;5238,314;5242,328;5247,306;5251,318;5256,318;5260,302;5264,316;5269,316;5273,322;5277,320;5282,322;5286,320;5290,320;5295,318;5299,310;5303,310;5308,308;5312,308;5316,308;5321,320;5325,312;5330,326;5334,324;5338,324;5343,310;5347,302;5351,314;5356,314;5360,328;5364,312;5369,326;5373,304;5377,318;5382,316;5386,316;5390,300;5395,306;5399,320;5404,306;5408,320;5412,318;5417,318;5421,310;5425,324;5430,322;5434,322;5438,306;5443,320;5447,312;5451,326;5456,324;5460,310;5464,324;5469,308;5473,314;5478,314;5482,314;5486,312;5491,326;5495,316;5499,316;5504,316;5508,314;5512,314;5517,300;5521,320;5525,318;5530,332;5534,318;5538,332;5543,316;5547,308;5552,322;5556,306;5560,320;5565,320;5569,326;5573,310;5578,324;5582,308;5586,322;5591,308;5595,314;5599,328;5604,300;5608,312;5613,312;5617,318;5621,302;5626,316;5630,316;5634,328;5639,314;5643,320;5647,320;5652,306;5656,318;5660,318;5665,318;5669,308;5673,322;5678,308;5682,322;5687,320;5691,314;5695,312;5700,310;5704,310;5708,310;5713,310;5717,316;5721,328;5726,314;5730,328;5734,312;5739,304;5743,318;5748,318;5752,332;5756,316;5761,316;5765,322;5769,322;5774,320;5778,320;5782,306;5787,320;5791,312;5795,312;5800,324;5804,310;5808,322;5813,308;5817,328;5822,314;5826,326;5830,312;5835,312;5839,318;5843,316;5848,316;5852,316;5856,316;5861,302;5865,320;5869,320;5874,306;5878,306;5882,306;5887,304;5891,312;5896,324;5900,310;5904,310;5909,308;5913,328;5917,328;5922,328;5926,312;5930,326;5935,326;5939,304;5943,318;5948,316;5952,330;5956,316;5961,316;5965,320;5970,320;5974,320;5978,334;5983,318;5987,296;5991,310;5996,308;6000,322;6004,294;6009,308;6013,314;6017,326;6022,312;6026,326;6030,324;6035,302;6039,316;6044,316;6048,314;6052,300;6057,314;6061,320;6065,320;6070,304;6074,318;6078,304;6083,282;6087,280;6091,280;6096,280;6100,264;6105,292;6109,284;6113,298;6118,284;6122,282;6126,282;6131,282;6135,286;6139,272;6144,284;6148,270;6152,284;6157,290;6161,288;6165,288;6170,300;6174,300;6179,298;6183,276;6187,276;6192,274;6196,274;6200,286;6205,272;6209,292;6213,292;6218,304;6222,290;6226,288;6231,280;6235,280;6239,278;6244,278;6248,276;6253,276;6257,282;6261,294;6266,292;6270,292;6274,276;6279,290;6283,282;6287,280;6292,266;6296,278;6300,278;6305,284;6309,296;6313,296;6318,294;6322,280;6327,292;6331,284;6335,298;6340,282;6344,296;6348,280;6353,280;6357,286;6361,300;6366,286;6370,284;6374,282;6379,288;6383,288;6388,288;6392,286;6396,286;6401,284;6405,290;6409,304;6414,288;6418,288;6422,286;6427,300;6431,290;6435,290;6440,290;6444,288;6448,288;6453,280;6457,294;6462,292;6466,292;6470,290;6475,276;6479,280;6483,282;6488,280;6492,294;6496,292;6501,278;6505,284;6509,282;6514,268;6518,280;6522,280;6527,286;6531,286;6536,286;6540,284;6544,298;6549,282;6553,274;6557,288;6562,288;6566,286;6570,286;6575,284;6579,276;6583,290;6588,288;6592,288;6596,288;\r\nBuffer sent in 0.973 secondsreturn;buffer;965\r\n'), 10:31:00
bytearray(b'received from UR: measure -> measure (0,1)\r\nSTEPPER: Moving to mstep: 6600 with speed [msteps/sec]: 1000 in StealthChop.\r\n'), 10:31:01
bytearray(b'STEPPER: Moving to mstep: 2400 with speed [msteps/sec]: 4000 in SpreadCycle.\r\n'), 10:31:05
bytearray(b'STEPPER: Moved 4200.00 msteps (ramp: 35%) in 1324.888 ms -> average speed [msteps/sec]: 3170.08\r\nreturn;measure;965\r\n'), 10:31:07
bytearray(b'received from UR: buffer -> buffer (0,1)\r\nSending buffer of size 965data;2400,298;2404,448;2408,160;2413,274;2417,316;2421,322;2426,336;2430,320;2434,348;2439,316;2443,310;2447,324;2452,308;2456,322;2460,322;2465,334;2469,326;2474,326;2478,324;2482,326;2487,324;2491,330;2495,328;2500,314;2504,328;2508,326;2513,340;2517,318;2521,318;2526,316;2530,330;2534,330;2539,330;2543,320;2548,306;2552,334;2556,318;2561,332;2565,324;2569,322;2574,320;2578,336;2582,320;2587,334;2591,326;2595,312;2600,326;2604,310;2609,324;2613,308;2617,328;2622,314;2626,340;2630,326;2635,340;2639,330;2643,316;2648,316;2652,316;2656,328;2661,314;2665,334;2669,320;2674,332;2678,318;2683,332;2687,316;2691,336;2696,322;2700,320;2704,334;2709,320;2713,326;2717,326;2722,324;2726,324;2730,338;2735,324;2739,314;2743,328;2748,312;2752,326;2757,312;2761,340;2765,318;2770,330;2774,316;2778,330;2783,314;2787,320;2791,334;2796,318;2800,332;2804,316;2809,330;2813,322;2817,336;2822,320;2826,334;2831,320;2835,334;2839,326;2844,312;2848,324;2852,322;2857,336;2861,314;2865,328;2870,312;2874,326;2878,324;2883,324;2887,316;2891,316;2896,330;2900,314;2905,328;2909,320;2913,334;2918,318;2922,332;2926,318;2931,330;2935,322;2939,308;2944,322;2948,306;2952,318;2957,304;2961,324;2965,322;2970,322;2974,320;2979,334;2983,326;2987,310;2992,324;2996,308;3000,322;3005,306;3009,326;3013,312;3018,326;3022,310;3026,338;3031,322;3035,300;3040,312;3044,298;3048,312;3053,310;3057,316;3061,302;3066,316;3070,314;3074,314;3079,314;3083,306;3087,318;3092,318;3096,318;3100,304;3105,316;3109,310;3114,322;3118,308;3122,322;3127,320;3131,298;3135,312;3140,312;3144,324;3148,310;3153,324;3157,316;3161,330;3166,314;3170,328;3174,314;3179,328;3183,332;3188,304;3192,318;3196,302;3201,330;3205,322;3209,336;3214,320;3218,334;3222,318;3227,332;3231,324;3235,310;3240,322;3244,308;3248,322;3253,314;3257,340;3262,312;3266,340;3270,324;3275,336;3279,316;3283,328;3288,326;3292,312;3296,326;3301,326;3305,318;3309,316;3314,330;3318,314;3322,328;3327,314;3331,306;3336,332;3340,304;3344,316;3349,302;3353,322;3357,322;3362,322;3366,320;3370,320;3375,318;3379,312;3383,324;3388,310;3392,322;3396,308;3401,320;3405,312;3410,328;3414,326;3418,312;3423,310;3427,318;3431,316;3436,316;3440,314;3444,314;3449,328;3453,306;3457,318;3462,304;3466,318;3470,316;3475,308;3479,308;3484,308;3488,322;3492,306;3497,306;3501,312;3505,326;3510,310;3514,324;3518,308;3523,322;3527,314;3531,298;3536,314;3540,312;3545,324;3549,316;3553,330;3558,316;3562,330;3566,314;3571,328;3575,334;3579,306;3584,318;3588,304;3592,318;3597,302;3601,336;3605,322;3610,336;3614,320;3619,334;3623,326;3627,326;3632,310;3636,310;3640,322;3645,308;3649,328;3653,314;3658,328;3662,312;3666,326;3671,312;3675,332;3679,316;3684,316;3688,330;3693,314;3697,322;3701,320;3706,320;3710,318;3714,332;3719,318;3723,324;3727,322;3732,308;3736,322;3740,308;3745,322;3749,314;3754,326;3758,312;3762,326;3767,310;3771,302;3775,316;3780,302;3784,314;3788,300;3793,314;3797,320;3801,320;3806,320;3810,320;3814,304;3819,310;3823,310;3828,310;3832,308;3836,294;3841,308;3845,314;3849,328;3854,312;3858,326;3862,312;3867,326;3871,318;3875,316;3880,316;3884,314;3888,314;3893,306;3897,318;3902,318;3906,318;3910,316;3915,330;3919,322;3923,306;3928,318;3932,304;3936,318;3941,302;3945,322;3949,322;3954,322;3958,320;3962,318;3967,318;3971,310;3976,322;3980,308;3984,322;3989,306;3993,326;3997,312;4002,338;4006,324;4010,336;4015,322;4019,300;4023,326;4028,312;4032,326;4036,312;4041,324;4045,316;4050,330;4054,314;4058,328;4063,314;4067,318;4071,318;4076,318;4080,330;4084,330;4089,314;4093,320;4097,320;4102,318;4106,332;4110,316;4115,308;4119,322;4124,308;4128,334;4132,306;4137,318;4141,310;4145,322;4150,322;4154,322;4158,320;4163,320;4167,326;4171,310;4176,310;4180,294;4185,308;4189,314;4193,328;4198,312;4202,326;4206,312;4211,324;4215,316;4219,302;4224,316;4228,314;4232,314;4237,300;4241,320;4245,304;4250,318;4254,302;4259,316;4263,322;4267,308;4272,320;4276,306;4280,306;4285,304;4289,324;4293,308;4298,308;4302,308;4306,322;4311,308;4315,300;4319,312;4324,298;4328,312;4333,296;4337,332;4341,316;4346,330;4350,316;4354,330;4359,316;4363,308;4367,320;4372,318;4376,332;4380,304;4385,318;4389,310;4394,336;4398,322;4402,334;4407,320;4411,310;4415,324;4420,312;4424,324;4428,308;4433,308;4437,314;4441,326;4446,312;4450,324;4454,310;4459,324;4463,328;4468,328;4472,314;4476,312;4481,326;4485,318;4489,318;4494,316;4498,316;4502,314;4507,328;4511,320;4515,320;4520,318;4524,318;4528,330;4533,316;4537,322;4542,322;4546,334;4550,320;4555,320;4559,324;4563,310;4568,322;4572,308;4576,320;4581,306;4585,324;4589,312;4594,326;4598,310;4602,324;4607,322;4611,300;4616,328;4620,312;4624,326;4629,324;4633,316;4637,316;4642,330;4646,314;4650,314;4655,300;4659,306;4663,318;4668,304;4672,330;4676,316;4681,308;4685,306;4690,320;4694,318;4698,318;4703,304;4707,310;4711,322;4716,308;4720,322;4724,306;4729,320;4733,312;4737,326;4742,324;4746,324;4751,322;4755,300;4759,312;4764,298;4768,324;4772,310;4777,322;4781,314;4785,328;4790,312;4794,326;4798,310;4803,338;4807,316;4811,300;4816,328;4820,314;4825,326;4829,304;4833,318;4838,316;4842,330;4846,314;4851,328;4855,318;4859,318;4864,318;4868,316;4872,330;4877,330;4881,322;4885,320;4890,320;4894,318;4899,332;4903,324;4907,308;4912,322;4916,306;4920,322;4925,306;4929,324;4933,310;4938,324;4942,322;4946,322;4951,308;4955,314;4960,328;4964,312;4968,326;4973,312;4977,318;4981,316;4986,330;4990,316;4994,330;4999,314;5003,306;5007,320;5012,306;5016,320;5020,304;5025,318;5029,310;5034,324;5038,308;5042,322;5047,308;5051,314;5055,314;5060,312;5064,326;5068,314;5073,312;5077,316;5081,316;5086,316;5090,314;5094,314;5099,314;5103,320;5108,306;5112,318;5116,304;5121,318;5125,310;5129,324;5134,310;5138,322;5142,322;5147,336;5151,314;5155,298;5160,314;5164,300;5168,326;5173,310;5177,332;5182,316;5186,330;5190,314;5195,330;5199,320;5203,320;5208,320;5212,306;5216,318;5221,318;5225,324;5229,310;5234,324;5238,308;5242,322;5247,314;5251,314;5256,314;5260,312;5264,312;5269,310;5273,330;5277,316;5282,328;5286,314;5290,328;5295,312;5299,318;5303,316;5308,316;5312,330;5317,328;5321,320;5325,320;5330,320;5334,318;5338,316;5343,316;5347,308;5351,320;5356,306;5360,318;5364,304;5369,316;5373,308;5377,322;5382,308;5386,320;5391,320;5395,312;5399,324;5404,310;5408,322;5412,308;5417,322;5421,312;5425,328;5430,312;5434,326;5438,310;5443,324;5447,316;5451,316;5456,316;5460,314;5465,312;5469,318;5473,318;5478,318;5482,318;5486,316;5491,316;5495,322;5499,322;5504,308;5508,306;5512,320;5517,306;5521,312;5525,310;5530,310;5534,310;5539,324;5543,308;5547,314;5552,314;5556,314;5560,326;5565,312;5569,332;5573,316;5578,330;5582,316;5586,330;5591,314;5595,320;5599,320;5604,304;5608,318;5613,304;5617,316;5621,322;5626,336;5630,308;5634,336;5639,306;5643,312;5647,326;5652,324;5656,310;5660,310;5665,322;5669,314;5673,314;5678,314;5682,312;5687,312;5691,318;5695,332;5700,318;5704,316;5708,316;5713,316;5717,320;5721,320;5726,320;5730,320;5734,320;5739,320;5743,310;5748,296;5752,322;5756,308;5761,322;5765,314;5769,328;5774,312;5778,326;5782,310;5787,324;5791,316;5795,316;5800,316;5804,300;5808,314;5813,312;5817,318;5822,316;5826,330;5830,314;5835,330;5839,308;5843,306;5848,306;5852,304;5856,318;5861,302;5865,324;5869,322;5874,322;5878,306;5883,320;5887,320;5891,310;5896,310;5900,310;5904,324;5909,308;5913,314;5917,314;5922,312;5926,312;5930,326;5935,310;5939,316;5943,316;5948,302;5952,328;5957,312;5961,320;5965,318;5970,318;5974,316;5978,330;5983,316;5987,322;5991,320;5996,306;6000,318;6004,304;6009,332;6013,308;6017,322;6022,308;6026,322;6031,306;6035,312;6039,312;6044,312;6048,312;6052,310;6057,324;6061,302;6065,316;6070,302;6074,300;6078,300;6083,278;6087,278;6091,292;6096,290;6100,290;6105,274;6109,294;6113,294;6118,294;6122,294;6126,292;6131,292;6135,284;6139,268;6144,282;6148,280;6152,294;6157,278;6161,284;6165,298;6170,296;6174,296;6179,294;6183,300;6187,272;6192,286;6196,284;6200,284;6205,270;6209,304;6213,288;6218,288;6222,286;6226,286;6231,278;6235,278;6239,278;6244,276;6248,276;6253,288;6257,266;6261,280;6266,292;6270,292;6274,290;6279,290;6283,266;6287,278;6292,266;6296,292;6300,292;6305,284;6309,284;6313,282;6318,282;6322,280;6327,280;6331,286;6335,284;6340,270;6344,284;6348,268;6353,282;6357,288;6361,286;6366,286;6370,300;6374,286;6379,276;6383,276;6388,274;6392,272;6396,258;6401,286;6405,278;6409,290;6414,276;6418,276;6422,274;6427,280;6431,280;6435,278;6440,278;6444,278;6449,276;6453,284;6457,296;6462,282;6466,280;6470,280;6475,280;6479,286;6483,286;6488,284;6492,284;6496,282;6501,288;6505,274;6509,272;6514,274;6518,286;6523,256;6527,292;6531,290;6536,290;6540,276;6544,290;6549,288;6553,280;6557,294;6562,292;6566,278;6570,292;6575,284;6579,268;6583,282;6588,268;6592,268;6597,254;\r\nBuffer sent in 0.973 secondsreturn;buffer;965\r\n'), 10:31:09
bytearray(b'received from UR: measure -> measure (0,1)\r\nSTEPPER: Moving to mstep: 6600 with speed [msteps/sec]: 1000 in StealthChop.\r\n'), 10:31:10
bytearray(b'STEPPER: Moving to mstep: 2400 with speed [msteps/sec]: 4000 in SpreadCycle.\r\n'), 10:31:14
bytearray(b'STEPPER: Moved 4200.00 msteps (ramp: 35%) in 1324.888 ms -> average speed [msteps/sec]: 3170.08\r\nreturn;measure;965\r\n'), 10:31:15
bytearray(b'received from UR: buffer -> buffer (0,1)\r\nSending buffer of size 965data;2400,308;2404,468;2408,136;2413,278;2417,322;2421,326;2426,328;2430,324;2434,338;2439,324;2443,330;2447,330;2452,328;2456,328;2460,314;2465,326;2469,318;2474,332;2478,330;2482,330;2487,328;2491,320;2495,320;2500,332;2504,330;2508,316;2513,316;2517,322;2521,334;2526,320;2530,332;2534,318;2539,332;2543,322;2548,308;2552,318;2556,306;2561,318;2565,324;2569,338;2574,324;2578,336;2582,322;2587,334;2591,326;2595,326;2600,324;2604,324;2608,322;2613,306;2617,342;2622,326;2626,340;2630,324;2635,338;2639,330;2643,314;2648,314;2652,326;2656,326;2661,326;2665,332;2669,330;2674,330;2678,328;2682,328;2687,328;2691,318;2696,332;2700,316;2704,316;2709,316;2713,336;2717,320;2722,334;2726,318;2730,332;2735,316;2739,322;2743,334;2748,320;2752,320;2756,318;2761,332;2765,324;2770,324;2774,322;2778,336;2783,320;2787,314;2791,326;2796,312;2800,324;2804,310;2809,322;2813,316;2817,342;2822,314;2826,326;2830,326;2835,340;2839,332;2844,316;2848,330;2852,330;2857,330;2861,320;2865,334;2870,320;2874,334;2878,318;2883,332;2887,324;2891,324;2896,322;2900,322;2905,322;2909,314;2913,328;2918,312;2922,326;2926,324;2931,324;2935,330;2939,316;2944,328;2948,314;2952,314;2957,300;2961,334;2965,318;2970,318;2974,318;2979,332;2983,308;2987,308;2992,322;2996,308;3000,320;3005,306;3009,326;3013,312;3018,326;3022,310;3026,324;3031,310;3035,316;3039,316;3044,314;3048,314;3053,300;3057,312;3061,316;3066,318;3070,316;3074,330;3079,314;3083,308;3087,306;3092,306;3096,320;3100,318;3105,318;3109,310;3113,322;3118,322;3122,322;3127,320;3131,298;3135,312;3140,310;3144,324;3148,310;3153,322;3157,314;3161,328;3166,314;3170,326;3174,312;3179,340;3183,330;3187,316;3192,330;3196,314;3201,328;3205,320;3209,334;3214,318;3218,332;3222,318;3227,330;3231,322;3235,322;3240,322;3244,320;3248,320;3253,306;3257,340;3261,310;3266,324;3270,324;3275,324;3279,328;3283,314;3288,314;3292,312;3296,326;3301,326;3305,318;3309,316;3314,330;3318,316;3322,328;3327,314;3331,320;3336,320;3340,318;3344,318;3349,316;3353,322;3357,322;3362,322;3366,320;3370,320;3375,320;3379,312;3383,310;3388,296;3392,308;3396,294;3401,322;3405,312;3410,326;3414,312;3418,324;3423,308;3427,316;3431,314;3436,314;3440,312;3444,298;3449,310;3453,316;3457,330;3462,314;3466,314;3470,312;3475,304;3479,318;3484,316;3488,316;3492,314;3497,314;3501,320;3505,318;3510,304;3514,318;3518,316;3523,316;3527,308;3531,308;3536,306;3540,306;3545,334;3549,312;3553,326;3558,310;3562,324;3566,324;3571,336;3575,314;3579,300;3584,328;3588,326;3592,324;3597,308;3601,332;3605,330;3610,330;3614,328;3619,328;3623,320;3627,318;3632,318;3636,316;3640,316;3645,314;3649,336;3653,320;3658,334;3662,318;3666,318;3671,316;3675,324;3679,322;3684,322;3688,320;3693,306;3697,326;3701,312;3706,324;3710,310;3714,324;3719,322;3723,314;3727,314;3732,300;3736,326;3740,312;3745,326;3749,318;3753,318;3758,316;3762,330;3767,316;3771,294;3775,306;3780,306;3784,318;3788,304;3793,318;3797,310;3801,324;3806,308;3810,322;3814,320;3819,322;3823,312;3827,312;3832,310;3836,296;3841,308;3845,314;3849,328;3854,314;3858,314;3862,312;3867,326;3871,304;3875,302;3880,316;3884,316;3888,314;3893,314;3897,320;3901,306;3906,318;3910,318;3915,318;3919,324;3923,310;3928,322;3932,306;3936,320;3941,304;3945,326;3949,310;3954,322;3958,308;3962,322;3967,320;3971,312;3975,312;3980,310;3984,324;3989,308;3993,330;3997,314;4002,328;4006,312;4010,326;4015,324;4019,316;4023,316;4028,314;4032,300;4036,300;4041,312;4045,318;4050,332;4054,316;4058,330;4063,316;4067,322;4071,320;4076,320;4080,320;4084,318;4089,332;4093,310;4097,324;4102,324;4106,324;4110,322;4115,316;4119,328;4124,314;4128,326;4132,312;4137,312;4141,316;4145,330;4150,316;4154,314;4158,312;4163,328;4167,320;4171,306;4176,318;4180,304;4185,316;4189,308;4193,322;4198,306;4202,320;4206,304;4211,318;4215,310;4219,308;4224,308;4228,308;4232,308;4237,306;4241,326;4245,310;4250,324;4254,310;4259,324;4263,316;4267,302;4272,314;4276,314;4280,314;4285,312;4289,318;4293,318;4298,318;4302,302;4306,316;4311,316;4315,308;4319,308;4324,306;4328,306;4333,290;4337,306;4341,326;4346,324;4350,310;4354,324;4359,310;4363,302;4367,316;4372,316;4376,330;4380,314;4385,314;4389,320;4393,334;4398,320;4402,334;4407,318;4411,310;4415,310;4420,310;4424,308;4428,308;4433,308;4437,328;4441,328;4446,312;4450,326;4454,312;4459,326;4463,316;4467,316;4472,316;4476,316;4481,314;4485,320;4489,320;4494,318;4498,318;4502,316;4507,330;4511,322;4515,308;4520,320;4524,306;4528,334;4533,320;4537,326;4541,312;4546,324;4550,324;4555,322;4559,314;4563,300;4568,328;4572,314;4576,326;4581,312;4585,318;4589,318;4594,332;4598,316;4602,330;4607,316;4611,306;4616,306;4620,306;4624,320;4629,320;4633,326;4637,310;4642,324;4646,310;4650,322;4655,308;4659,300;4663,314;4668,314;4672,312;4676,312;4681,312;4685,316;4690,316;4694,316;4698,316;4703,314;4707,306;4711,320;4716,320;4720,320;4724,304;4729,318;4733,310;4737,324;4742,322;4746,322;4750,322;4755,314;4759,328;4764,312;4768,326;4772,312;4777,324;4781,316;4785,332;4790,316;4794,330;4798,314;4803,328;4807,320;4811,306;4816,320;4820,318;4824,318;4829,318;4833,338;4838,322;4842,336;4846,322;4851,322;4855,312;4859,312;4864,312;4868,310;4872,310;4877,310;4881,330;4885,328;4890,328;4894,314;4898,326;4903,312;4907,318;4912,318;4916,316;4920,316;4925,316;4929,322;4933,320;4938,322;4942,320;4946,320;4951,318;4955,310;4959,322;4964,308;4968,322;4972,306;4977,320;4981,312;4986,326;4990,312;4994,326;4999,310;5003,302;5007,316;5012,316;5016,314;5020,314;5025,314;5029,320;5033,320;5038,318;5042,330;5047,316;5051,308;5055,308;5060,294;5064,306;5068,306;5073,318;5077,310;5081,310;5086,308;5090,322;5094,310;5099,308;5103,314;5107,298;5112,326;5116,312;5121,324;5125,316;5129,316;5134,314;5138,330;5142,314;5147,312;5151,320;5155,306;5160,332;5164,318;5168,318;5173,302;5177,338;5181,308;5186,322;5190,320;5195,334;5199,312;5203,312;5208,326;5212,310;5216,324;5221,310;5225,330;5229,314;5234,328;5238,314;5242,328;5247,314;5251,318;5255,318;5260,304;5264,318;5269,318;5273,324;5277,322;5282,322;5286,322;5290,322;5295,320;5299,312;5303,312;5308,312;5312,312;5316,310;5321,324;5325,316;5330,330;5334,316;5338,330;5343,314;5347,322;5351,320;5356,306;5360,320;5364,306;5369,320;5373,310;5377,324;5382,310;5386,324;5390,308;5395,322;5399,314;5404,300;5408,328;5412,314;5417,314;5421,318;5425,320;5430,318;5434,318;5438,316;5443,316;5447,308;5451,308;5456,308;5460,308;5464,320;5469,306;5473,326;5478,312;5482,312;5486,310;5491,310;5495,316;5499,316;5504,316;5508,314;5512,314;5517,298;5521,320;5525,318;5530,318;5534,318;5538,318;5543,316;5547,310;5552,322;5556,308;5560,322;5565,320;5569,328;5573,312;5578,326;5582,310;5586,324;5591,324;5595,316;5599,314;5604,300;5608,314;5612,298;5617,312;5621,318;5626,332;5630,316;5634,330;5639,316;5643,308;5647,308;5652,322;5656,320;5660,320;5665,320;5669,312;5673,326;5678,312;5682,326;5686,310;5691,312;5695,316;5700,302;5704,316;5708,316;5713,314;5717,320;5721,320;5726,320;5730,320;5734,318;5739,318;5743,324;5747,310;5752,324;5756,308;5761,322;5765,314;5769,316;5774,314;5778,328;5782,312;5787,326;5791,318;5795,304;5800,318;5804,304;5808,316;5813,316;5817,324;5821,322;5826,322;5830,322;5835,322;5839,312;5843,312;5848,298;5852,298;5856,324;5861,312;5865,316;5869,316;5874,316;5878,314;5882,314;5887,314;5891,306;5896,320;5900,320;5904,318;5909,304;5913,324;5917,324;5922,324;5926,322;5930,322;5935,322;5939,314;5943,328;5948,312;5952,312;5956,298;5961,310;5965,316;5970,330;5974,316;5978,330;5983,314;5987,306;5991,306;5996,292;6000,306;6004,304;6009,318;6013,324;6017,338;6022,322;6026,336;6030,320;6035,322;6039,312;6044,312;6048,310;6052,310;6057,310;6061,316;6065,316;6070,300;6074,300;6078,300;6083,298;6087,290;6091,276;6096,288;6100,288;6104,288;6109,294;6113,266;6118,292;6122,292;6126,290;6131,304;6135,280;6139,280;6144,294;6148,278;6152,292;6157,276;6161,284;6165,268;6170,282;6174,280;6178,294;6183,286;6187,284;6192,284;6196,284;6200,282;6205,282;6209,288;6213,286;6218,286;6222,286;6226,300;6231,276;6235,290;6239,276;6244,274;6248,288;6252,288;6257,280;6261,294;6266,292;6270,292;6274,292;6279,290;6283,282;6287,268;6292,268;6296,294;6300,280;6305,272;6309,284;6313,284;6318,298;6322,298;6327,296;6331,274;6335,288;6340,272;6344,286;6348,270;6353,284;6357,290;6361,290;6366,276;6370,288;6374,288;6379,280;6383,280;6387,278;6392,278;6396,264;6401,290;6405,282;6409,282;6414,282;6418,294;6422,280;6427,292;6431,284;6435,270;6440,282;6444,282;6448,280;6453,288;6457,274;6462,284;6466,284;6470,284;6475,282;6479,288;6483,288;6488,286;6492,286;6496,284;6501,270;6505,276;6509,274;6514,288;6518,288;6522,300;6527,278;6531,278;6536,276;6540,262;6544,276;6549,274;6553,280;6557,278;6562,278;6566,278;6570,276;6575,290;6579,282;6583,280;6588,280;6592,278;6596,278;\r\nBuffer sent in 0.973 secondsreturn;buffer;965\r\n'), 10:31:17
bytearray(b'received from UR: measure -> measure (0,1)\r\nSTEPPER: Moving to mstep: 6600 with speed [msteps/sec]: 1000 in StealthChop.\r\n'), 10:31:18
bytearray(b'STEPPER: Moving to mstep: 2400 with speed [msteps/sec]: 4000 in SpreadCycle.\r\n'), 10:31:23
bytearray(b'STEPPER: Moved 4200.00 msteps (ramp: 35%) in 1324.888 ms -> average speed [msteps/sec]: 3170.08\r\nreturn;measure;965\r\n'), 10:31:24
bytearray(b'received from UR: buffer -> buffer (0,1)\r\nSending buffer of size 965data;2400,292;2404,446;2408,200;2413,272;2417,314;2421,320;2426,334;2430,320;2434,332;2439,318;2443,324;2447,324;2452,312;2456,324;2460,310;2465,322;2469,330;2474,330;2478,328;2482,328;2487,314;2491,320;2495,320;2500,332;2504,332;2508,318;2513,332;2517,324;2521,336;2526,322;2530,336;2534,320;2539,334;2543,328;2548,312;2552,324;2556,310;2561,324;2565,330;2569,330;2574,312;2578,328;2582,326;2587,340;2591,318;2595,318;2600,330;2604,316;2608,328;2613,328;2617,334;2622,318;2626,332;2630,330;2635,330;2639,334;2643,320;2648,332;2652,318;2656,316;2661,330;2665,336;2669,320;2674,334;2678,318;2682,330;2687,330;2691,320;2696,320;2700,320;2704,332;2709,318;2713,336;2717,322;2722,334;2726,320;2730,332;2735,332;2739,322;2743,336;2748,320;2752,320;2757,318;2761,332;2765,324;2770,322;2774,322;2778,334;2783,320;2787,308;2791,338;2796,322;2800,336;2804,322;2809,334;2813,326;2817,340;2822,324;2826,338;2831,322;2835,336;2839,328;2844,312;2848,326;2852,324;2857,324;2861,316;2865,328;2870,328;2874,326;2878,312;2883,326;2887,316;2891,316;2896,328;2900,314;2905,326;2909,318;2913,318;2918,316;2922,330;2926,314;2931,328;2935,320;2939,318;2944,332;2948,316;2952,316;2957,314;2961,320;2965,318;2970,318;2974,316;2979,330;2983,322;2987,306;2992,318;2996,304;3000,318;3005,316;3009,308;3013,306;3018,320;3022,318;3026,318;3031,316;3035,322;3039,322;3044,320;3048,306;3053,306;3057,326;3061,310;3066,310;3070,308;3074,322;3079,322;3083,312;3087,326;3092,310;3096,310;3100,310;3105,322;3109,314;3113,326;3118,312;3122,324;3127,310;3131,300;3135,328;3140,314;3144,326;3148,298;3153,324;3157,316;3161,328;3166,314;3170,328;3174,312;3179,340;3183,330;3187,302;3192,316;3196,314;3201,312;3205,318;3209,332;3214,316;3218,330;3222,314;3227,328;3231,318;3235,318;3240,316;3244,302;3248,314;3253,314;3257,320;3262,318;3266,332;3270,316;3275,330;3279,322;3283,322;3288,320;3292,318;3296,318;3301,318;3305,322;3309,322;3314,336;3318,320;3322,334;3327,320;3331,310;3336,324;3340,324;3344,320;3349,308;3353,328;3357,314;3362,326;3366,312;3370,326;3375,310;3379,316;3383,316;3388,300;3392,314;3396,314;3401,314;3405,306;3410,320;3414,316;3418,316;3423,316;3427,308;3431,306;3436,306;3440,318;3444,318;3449,318;3453,308;3457,322;3462,308;3466,322;3471,320;3475,312;3479,310;3484,310;3488,310;3492,308;3497,320;3501,312;3505,312;3510,312;3514,326;3518,310;3523,324;3527,316;3531,314;3536,328;3540,312;3545,326;3549,318;3553,330;3558,316;3562,330;3566,314;3571,328;3575,318;3579,318;3584,330;3588,316;3592,330;3597,314;3601,334;3605,318;3610,332;3614,318;3619,330;3623,316;3627,308;3632,320;3636,320;3640,320;3645,318;3649,338;3653,324;3658,338;3662,322;3666,322;3671,320;3675,326;3679,326;3684,310;3688,324;3693,324;3697,322;3701,314;3706,328;3710,312;3714,326;3719,324;3723,316;3727,328;3732,314;3736,328;3740,312;3745,326;3749,318;3753,316;3758,316;3762,330;3767,314;3771,306;3775,306;3780,304;3784,318;3788,302;3793,316;3797,322;3801,322;3806,320;3810,332;3814,318;3819,330;3823,322;3827,306;3832,320;3836,320;3841,318;3845,308;3849,322;3854,308;3858,322;3862,306;3867,320;3871,324;3875,310;3880,308;3884,308;3888,308;3893,306;3897,326;3902,312;3906,326;3910,310;3915,310;3919,316;3923,302;3928,314;3932,314;3936,328;3941,312;3945,318;3949,318;3954,318;3958,316;3962,330;3967,316;3971,308;3976,320;3980,320;3984,320;3989,318;3993,326;3997,310;4002,324;4006,322;4010,336;4015,320;4019,314;4023,326;4028,310;4032,324;4036,324;4041,322;4045,314;4050,328;4054,312;4058,324;4063,324;4067,316;4071,316;4076,314;4080,326;4084,312;4089,324;4093,316;4097,316;4102,314;4106,328;4110,314;4115,324;4119,332;4124,316;4128,316;4132,314;4137,328;4141,320;4145,318;4150,318;4154,330;4158,330;4163,328;4167,320;4171,304;4176,318;4180,318;4184,316;4189,308;4193,322;4198,320;4202,320;4206,318;4211,318;4215,322;4219,308;4224,306;4228,306;4232,304;4237,304;4241,324;4245,308;4250,322;4254,306;4258,320;4263,312;4267,310;4272,312;4276,310;4280,308;4285,308;4289,314;4293,312;4298,326;4302,310;4306,324;4311,308;4315,300;4319,312;4324,310;4328,324;4333,310;4337,322;4341,314;4346,326;4350,312;4354,324;4359,324;4363,314;4367,328;4372,312;4376,312;4380,310;4385,324;4389,316;4393,328;4398,314;4402,326;4407,312;4411,304;4415,316;4420,316;4424,328;4428,314;4433,312;4437,318;4441,332;4446,316;4450,330;4454,314;4459,328;4463,306;4467,318;4472,318;4476,316;4481,316;4485,306;4489,320;4494,320;4498,318;4502,316;4507,318;4511,322;4515,308;4520,320;4524,306;4528,318;4533,318;4537,324;4542,324;4546,322;4550,322;4555,320;4559,326;4563,310;4568,324;4572,310;4576,310;4581,308;4585,316;4589,314;4594,328;4598,312;4602,326;4607,310;4611,316;4616,314;4620,314;4624,328;4629,312;4633,318;4637,318;4642,316;4646,316;4650,330;4655,314;4659,306;4663,318;4668,318;4672,316;4676,302;4681,314;4685,322;4690,320;4694,318;4698,318;4703,316;4707,322;4711,308;4716,306;4720,320;4724,318;4729,318;4733,310;4737,322;4742,322;4746,320;4750,320;4755,320;4759,326;4764,310;4768,324;4772,308;4777,322;4781,314;4785,328;4790,312;4794,326;4798,310;4803,324;4807,316;4811,314;4816,326;4820,312;4824,326;4829,310;4833,330;4838,316;4842,328;4846,314;4851,326;4855,318;4859,318;4864,316;4868,316;4872,314;4877,300;4881,320;4885,318;4890,318;4894,318;4898,316;4903,316;4907,308;4912,320;4916,320;4920,318;4925,318;4929,310;4933,322;4938,322;4942,320;4946,320;4951,320;4955,312;4959,324;4964,310;4968,324;4973,308;4977,320;4981,312;4986,326;4990,310;4994,324;4999,322;5003,300;5007,314;5012,314;5016,312;5020,312;5025,324;5029,316;5033,330;5038,316;5042,328;5047,314;5051,318;5055,318;5060,304;5064,316;5068,316;5073,314;5077,320;5081,320;5086,304;5090,318;5094,316;5099,326;5103,322;5107,306;5112,306;5116,304;5121,318;5125,324;5129,322;5134,322;5138,322;5142,320;5147,320;5151,326;5155,310;5160,324;5164,322;5168,322;5173,306;5177,326;5181,312;5186,326;5190,324;5195,324;5199,314;5203,314;5208,314;5212,312;5216,326;5221,310;5225,330;5229,316;5234,328;5238,314;5242,328;5247,312;5251,318;5255,318;5260,304;5264,316;5269,316;5273,322;5277,308;5282,320;5286,320;5290,334;5295,318;5299,310;5303,322;5308,308;5312,308;5316,306;5321,320;5325,312;5330,324;5334,310;5338,324;5343,322;5347,314;5351,328;5356,312;5360,312;5364,312;5369,312;5373,316;5377,302;5382,302;5386,314;5390,314;5395,328;5399,320;5404,318;5408,318;5412,302;5417,316;5421,322;5425,322;5430,320;5434,320;5438,304;5443,318;5447,310;5451,308;5456,322;5460,306;5464,306;5469,304;5473,324;5478,310;5482,322;5486,322;5491,320;5495,326;5499,310;5504,310;5508,310;5512,322;5517,308;5521,326;5525,312;5530,326;5534,310;5538,324;5543,310;5547,314;5552,326;5556,312;5560,324;5565,310;5569,330;5573,314;5578,328;5582,312;5586,326;5591,312;5595,304;5599,316;5604,316;5608,316;5613,314;5617,320;5621,306;5626,320;5630,318;5634,330;5639,316;5643,322;5647,320;5652,306;5656,306;5660,318;5665,316;5669,308;5673,322;5678,320;5682,320;5687,318;5691,310;5695,310;5700,308;5704,322;5708,322;5713,320;5717,312;5721,326;5726,312;5730,324;5734,310;5739,322;5743,314;5747,300;5752,312;5756,312;5761,312;5765,318;5769,330;5774,316;5778,330;5782,314;5787,328;5791,320;5795,304;5800,318;5804,316;5808,316;5813,316;5817,322;5821,306;5826,334;5830,318;5835,332;5839,322;5843,308;5848,306;5852,306;5856,306;5861,304;5865,324;5869,310;5874,324;5878,310;5882,308;5887,322;5891,312;5895,312;5900,310;5904,324;5909,310;5913,310;5917,314;5922,328;5926,312;5930,326;5935,312;5939,304;5943,316;5948,300;5952,314;5956,312;5961,324;5965,316;5969,318;5974,314;5978,328;5983,312;5987,304;5991,316;5996,316;6000,330;6004,300;6009,314;6013,320;6017,320;6022,316;6026,332;6030,316;6035,330;6039,308;6044,320;6048,318;6052,304;6057,316;6061,310;6065,308;6070,308;6074,306;6078,306;6083,304;6087,284;6091,268;6096,294;6100,280;6104,278;6109,300;6113,298;6118,284;6122,298;6126,296;6131,296;6135,288;6139,286;6144,300;6148,286;6152,298;6157,284;6161,304;6165,302;6170,302;6174,286;6178,300;6183,276;6187,276;6192,274;6196,274;6200,274;6205,274;6209,292;6213,292;6218,262;6222,290;6226,304;6231,282;6235,280;6239,280;6244,278;6248,278;6253,292;6257,282;6261,282;6266,294;6270,294;6274,292;6279,292;6283,270;6287,268;6292,268;6296,280;6300,280;6305,286;6309,284;6313,256;6318,284;6322,296;6327,282;6331,288;6335,286;6340,286;6344,286;6348,284;6353,284;6357,290;6361,302;6366,288;6370,300;6374,286;6379,278;6383,276;6387,276;6392,274;6396,274;6401,272;6405,292;6409,292;6414,290;6418,292;6422,290;6427,290;6431,266;6435,280;6440,264;6444,278;6448,278;6453,282;6457,296;6461,282;6466,282;6470,280;6475,264;6479,284;6483,284;6488,284;6492,284;6496,282;6501,282;6505,288;6509,288;6514,288;6518,286;6522,284;6527,276;6531,276;6535,276;6540,274;6544,274;6549,272;6553,292;6557,278;6562,250;6566,276;6570,290;6575,288;6579,280;6583,294;6588,280;6592,278;6596,278;\r\nBuffer sent in 0.973 secondsreturn;buffer;965\r\n'), 10:31:26
bytearray(b'received from UR: measure -> measure (0,1)\r\nSTEPPER: Moving to mstep: 6600 with speed [msteps/sec]: 1000 in StealthChop.\r\n'), 10:31:27
bytearray(b'STEPPER: Moving to mstep: 2400 with speed [msteps/sec]: 4000 in SpreadCycle.\r\n'), 10:31:31
bytearray(b'STEPPER: Moved 4200.00 msteps (ramp: 35%) in 1324.888 ms -> average speed [msteps/sec]: 3170.08\r\nreturn;measure;965\r\n'), 10:31:33
bytearray(b'received from UR: buffer -> buffer (0,1)\r\nSending buffer of size 965data;2400,300;2404,460;2408,158;2413,272;2417,314;2421,320;2426,334;2430,320;2434,334;2439,318;2443,324;2447,324;2452,324;2456,324;2460,324;2465,336;2469,316;2474,328;2478,328;2482,328;2487,326;2491,334;2495,318;2500,318;2504,332;2508,318;2513,332;2517,324;2521,324;2526,322;2530,336;2534,322;2539,314;2543,328;2548,312;2552,326;2556,312;2561,338;2565,318;2569,330;2574,316;2578,330;2582,328;2587,342;2591,320;2595,306;2600,332;2604,318;2609,332;2613,332;2617,324;2622,322;2626,336;2630,322;2635,336;2639,328;2643,314;2648,326;2652,326;2656,340;2661,326;2665,332;2669,316;2674,330;2678,330;2683,330;2687,322;2691,320;2696,334;2700,320;2704,334;2709,332;2713,324;2717,324;2722,338;2726,322;2730,336;2735,320;2739,312;2743,326;2748,312;2752,340;2757,310;2761,324;2765,316;2770,330;2774,316;2778,328;2783,314;2787,318;2791,332;2796,316;2800,346;2804,330;2809,328;2813,320;2817,334;2822,320;2826,334;2831,318;2835,310;2839,324;2844,322;2848,336;2852,336;2857,320;2861,326;2865,326;2870,324;2874,324;2878,310;2883,322;2887,328;2891,314;2896,326;2900,312;2905,324;2909,318;2913,330;2918,316;2922,330;2926,314;2931,314;2935,320;2939,318;2944,332;2948,304;2952,316;2957,302;2961,322;2965,320;2970,320;2974,320;2979,318;2983,324;2987,310;2992,324;2996,322;3000,322;3005,306;3009,328;3013,312;3018,326;3022,310;3026,324;3031,322;3035,300;3039,314;3044,314;3048,312;3053,312;3057,318;3061,316;3066,316;3070,316;3074,316;3079,314;3083,306;3087,320;3092,304;3096,318;3100,304;3105,318;3109,308;3114,322;3118,308;3122,322;3127,320;3131,312;3135,326;3140,310;3144,324;3148,310;3153,324;3157,328;3161,328;3166,314;3170,328;3174,312;3179,306;3183,320;3188,304;3192,318;3196,302;3201,316;3205,308;3209,336;3214,322;3218,336;3222,320;3227,334;3231,326;3235,312;3240,324;3244,296;3248,324;3253,314;3257,328;3262,314;3266,328;3270,312;3275,326;3279,318;3283,318;3288,330;3292,316;3296,328;3301,314;3305,334;3309,320;3314,334;3318,318;3323,332;3327,318;3331,308;3336,322;3340,322;3344,322;3349,306;3353,326;3357,312;3362,326;3366,310;3370,324;3375,308;3379,302;3383,314;3388,312;3392,326;3397,312;3401,318;3405,316;3410,330;3414,316;3418,328;3423,314;3427,306;3431,320;3436,320;3440,318;3444,304;3449,318;3453,310;3457,324;3462,310;3466,324;3471,322;3475,300;3479,314;3484,314;3488,314;3492,314;3497,312;3501,320;3505,320;3510,304;3514,318;3518,316;3523,318;3527,324;3531,308;3536,322;3540,308;3545,322;3549,312;3553,326;3558,312;3562,324;3566,308;3571,324;3575,330;3579,314;3584,328;3588,314;3592,326;3597,298;3601,332;3605,318;3610,332;3614,316;3619,330;3623,320;3627,306;3632,320;3636,318;3640,332;3645,318;3649,324;3653,322;3658,336;3662,322;3666,334;3671,320;3675,310;3679,310;3684,310;3688,322;3693,322;3697,328;3701,312;3706,326;3710,324;3714,324;3719,310;3723,314;3727,328;3732,314;3736,312;3740,310;3745,324;3749,316;3754,330;3758,314;3762,314;3767,314;3771,306;3775,334;3780,318;3784,316;3788,302;3793,318;3797,308;3801,322;3806,306;3810,320;3814,318;3819,320;3823,324;3828,324;3832,308;3836,308;3841,322;3845,312;3849,326;3854,312;3858,326;3862,310;3867,324;3871,314;3875,314;3880,312;3884,298;3888,312;3893,312;3897,318;3902,316;3906,316;3910,314;3915,328;3919,320;3923,304;3928,318;3932,290;3936,318;3941,302;3945,322;3949,322;3954,322;3958,306;3962,320;3967,320;3971,312;3976,324;3980,308;3984,322;3989,322;3993,314;3997,312;4002,326;4006,310;4010,324;4015,324;4019,316;4023,316;4028,316;4032,314;4036,314;4041,328;4045,320;4050,334;4054,304;4058,318;4063,316;4067,322;4071,322;4076,308;4080,320;4084,320;4089,318;4093,310;4097,324;4102,322;4106,322;4110,320;4115,312;4119,326;4124,312;4128,324;4132,296;4137,322;4141,314;4145,328;4150,314;4154,314;4158,312;4163,326;4167,330;4171,316;4176,316;4180,314;4184,328;4189,306;4193,320;4198,318;4202,318;4206,318;4211,318;4215,324;4219,322;4224,308;4228,308;4232,320;4237,306;4241,314;4245,298;4250,312;4254,312;4259,324;4263,318;4267,316;4272,316;4276,302;4280,314;4285,314;4289,320;4293,306;4298,320;4302,318;4306,330;4311,316;4315,308;4319,308;4324,306;4328,320;4333,304;4337,324;4341,324;4346,324;4350,322;4354,322;4359,320;4363,312;4367,326;4372,326;4376,324;4380,310;4385,322;4389,314;4394,328;4398,312;4402,326;4407,312;4411,316;4415,316;4420,302;4424,314;4428,314;4433,314;4437,318;4441,332;4446,318;4450,332;4454,316;4459,330;4463,322;4468,308;4472,320;4476,320;4481,318;4485,324;4489,324;4494,310;4498,322;4502,320;4507,322;4511,312;4515,312;4520,326;4524,310;4528,324;4533,310;4537,330;4542,330;4546,328;4550,314;4555,328;4559,318;4563,304;4568,332;4572,316;4576,316;4581,314;4585,320;4589,318;4594,318;4598,302;4602,316;4607,316;4611,306;4616,320;4620,306;4624,318;4629,304;4633,324;4637,322;4642,336;4646,320;4650,322;4655,320;4659,296;4663,312;4668,310;4672,310;4676,308;4681,322;4685,314;4690,328;4694,312;4698,326;4703,310;4707,302;4711,316;4716,314;4720,328;4724,312;4729,312;4733,318;4737,330;4742,316;4746,330;4750,328;4755,306;4759,320;4764,304;4768,318;4772,316;4777,330;4781,320;4785,334;4790,318;4794,332;4798,316;4803,330;4807,322;4811,306;4816,320;4820,304;4824,318;4829,310;4833,336;4838,322;4842,334;4846,306;4851,332;4855,310;4859,310;4864,322;4868,306;4872,308;4877,306;4881,324;4885,310;4890,324;4894,322;4899,322;4903,314;4907,312;4912,326;4916,310;4920,310;4925,310;4929,328;4933,314;4938,312;4942,312;4946,324;4951,310;4955,316;4959,316;4964,314;4968,328;4973,312;4977,320;4981,318;4986,332;4990,316;4994,330;4999,316;5003,308;5007,322;5012,306;5016,308;5020,306;5025,318;5029,310;5033,324;5038,310;5042,310;5047,310;5051,314;5055,328;5060,314;5064,312;5068,312;5073,312;5077,316;5081,316;5086,302;5090,314;5094,314;5099,314;5103,318;5107,304;5112,318;5116,304;5121,316;5125,310;5129,322;5134,308;5138,322;5142,320;5147,334;5151,326;5155,310;5160,310;5164,310;5168,322;5173,308;5177,328;5181,312;5186,328;5190,312;5195,326;5199,318;5203,304;5208,330;5212,316;5216,314;5221,314;5225,322;5229,320;5234,334;5238,306;5242,332;5247,318;5251,308;5256,308;5260,308;5264,320;5269,320;5273,326;5277,312;5282,324;5286,310;5290,324;5295,308;5299,314;5303,312;5308,298;5312,312;5316,310;5321,322;5325,314;5330,328;5334,312;5338,326;5343,310;5347,316;5351,314;5356,314;5360,328;5364,312;5369,326;5373,318;5377,330;5382,316;5386,328;5390,314;5395,306;5399,318;5404,304;5408,318;5412,304;5417,330;5421,308;5425,322;5430,318;5434,320;5438,318;5443,318;5447,310;5451,310;5456,324;5460,308;5464,322;5469,314;5473,328;5478,312;5482,312;5486,312;5491,312;5495,318;5499,316;5504,316;5508,314;5512,314;5517,314;5521,320;5525,318;5530,318;5534,318;5539,330;5543,322;5547,306;5552,320;5556,306;5560,318;5565,304;5569,324;5573,310;5578,322;5582,308;5586,320;5591,306;5595,312;5599,324;5604,324;5608,322;5613,308;5617,322;5621,312;5626,326;5630,312;5634,324;5639,310;5643,314;5647,330;5652,328;5656,314;5660,312;5665,326;5669,318;5673,318;5678,302;5682,316;5687,314;5691,320;5695,320;5700,320;5704,318;5708,316;5713,316;5717,322;5721,322;5726,322;5730,320;5734,320;5739,320;5743,324;5747,310;5752,310;5756,308;5761,322;5765,314;5769,314;5774,312;5778,326;5782,310;5787,324;5791,316;5795,302;5800,316;5804,314;5808,328;5813,312;5817,334;5821,318;5826,332;5830,316;5835,330;5839,308;5843,308;5848,306;5852,306;5856,320;5861,306;5865,326;5869,310;5874,324;5878,308;5882,322;5887,306;5891,314;5895,314;5900,312;5904,312;5909,312;5913,318;5917,316;5922,330;5926,314;5930,328;5935,314;5939,320;5943,318;5948,304;5952,318;5956,302;5961,316;5965,322;5970,320;5974,320;5978,334;5983,318;5987,310;5991,310;5996,308;6000,308;6004,308;6009,320;6013,312;6017,326;6022,310;6026,324;6030,310;6035,324;6039,330;6044,328;6048,312;6052,298;6057,312;6061,316;6065,318;6070,316;6074,302;6078,300;6083,278;6087,276;6091,276;6096,274;6100,274;6105,288;6109,294;6113,278;6118,292;6122,292;6126,290;6131,304;6135,296;6139,266;6144,294;6148,280;6152,278;6157,278;6161,284;6165,284;6170,270;6174,268;6179,282;6183,288;6187,286;6192,300;6196,286;6200,284;6205,284;6209,290;6213,288;6218,274;6222,286;6226,300;6231,278;6235,276;6239,276;6244,276;6248,274;6253,272;6257,294;6261,292;6266,292;6270,276;6274,276;6279,274;6283,266;6287,280;6292,266;6296,278;6300,278;6305,270;6309,284;6313,284;6318,282;6322,268;6327,266;6331,286;6335,288;6340,272;6344,298;6348,270;6353,284;6357,290;6361,304;6366,288;6370,302;6374,286;6379,278;6383,278;6387,264;6392,278;6396,276;6401,276;6405,282;6409,282;6414,280;6418,294;6422,294;6427,294;6431,272;6435,270;6440,284;6444,268;6448,282;6453,288;6457,288;6461,288;6466,286;6470,286;6475,272;6479,276;6483,276;6488,276;6492,274;6496,274;6501,272;6505,292;6509,292;6514,292;6518,290;6522,276;6527,282;6531,280;6536,280;6540,292;6544,278;6549,292;6553,282;6557,296;6562,296;6566,294;6570,292;6575,272;6579,270;6583,282;6588,282;6592,268;6596,268;\r\nBuffer sent in 0.973 secondsreturn;buffer;965\r\n'), 10:31:35
bytearray(b'received from UR: measure -> measure (0,1)\r\nSTEPPER: Moving to mstep: 6600 with speed [msteps/sec]: 1000 in StealthChop.\r\n'), 10:31:36
bytearray(b'STEPPER: Moving to mstep: 2400 with speed [msteps/sec]: 4000 in SpreadCycle.\r\n'), 10:31:40
bytearray(b'STEPPER: Moved 4200.00 msteps (ramp: 35%) in 1324.892 ms -> average speed [msteps/sec]: 3170.07\r\nreturn;measure;965\r\n'), 10:31:41
bytearray(b'received from UR: buffer -> buffer (0,1)\r\nSending buffer of size 965data;2400,292;2404,466;2408,136;2413,276;2417,318;2421,324;2426,338;2430,322;2434,336;2439,322;2443,314;2447,326;2452,326;2456,324;2460,324;2465,322;2469,316;2474,328;2478,328;2482,326;2487,326;2491,318;2495,330;2500,316;2504,330;2508,330;2513,328;2517,320;2521,332;2526,318;2530,332;2534,318;2539,330;2543,336;2548,322;2552,334;2556,306;2561,334;2565,324;2569,338;2574,324;2578,336;2582,322;2587,336;2591,328;2595,312;2600,326;2604,310;2608,324;2613,310;2617,344;2622,328;2626,342;2630,328;2635,340;2639,330;2643,318;2648,330;2652,316;2656,330;2661,314;2665,336;2669,320;2674,334;2678,332;2682,332;2687,330;2691,322;2696,334;2700,306;2704,334;2709,318;2713,332;2717,324;2722,336;2726,322;2730,336;2735,322;2739,312;2743,326;2748,310;2752,324;2756,308;2761,336;2765,326;2770,342;2774,326;2778,340;2783,324;2787,316;2791,330;2796,302;2800,328;2804,314;2809,328;2813,318;2817,346;2822,330;2826,344;2830,316;2835,344;2839,322;2844,306;2848,320;2852,318;2857,332;2861,324;2865,324;2870,322;2874,336;2878,320;2883,334;2887,326;2891,312;2896,324;2900,310;2904,322;2909,308;2913,328;2918,328;2922,328;2926,326;2931,326;2935,318;2939,316;2944,316;2948,300;2952,328;2957,314;2961,334;2965,318;2970,332;2974,316;2979,330;2983,314;2987,306;2992,320;2996,304;3000,318;3005,304;3009,324;3013,310;3018,338;3022,322;3026,322;3031,320;3035,300;3039,312;3044,298;3048,312;3053,310;3057,308;3061,316;3066,328;3070,314;3074,328;3079,312;3083,304;3087,316;3092,302;3096,316;3100,300;3105,314;3109,318;3113,332;3118,318;3122,330;3127,316;3131,306;3135,320;3140,304;3144,318;3148,302;3153,316;3157,322;3161,336;3166,320;3170,334;3174,318;3179,332;3183,322;3187,308;3192,320;3196,306;3201,318;3205,324;3209,338;3214,322;3218,336;3222,320;3227,334;3231,326;3235,310;3240,324;3244,308;3248,322;3253,308;3257,342;3261,326;3266,328;3270,312;3275,340;3279,318;3283,316;3288,316;3292,316;3296,328;3301,314;3305,334;3309,320;3314,334;3318,318;3322,332;3327,318;3331,308;3335,322;3340,306;3344,320;3349,306;3353,326;3357,326;3362,326;3366,310;3370,324;3375,322;3379,300;3383,316;3388,314;3392,326;3396,298;3401,326;3405,316;3409,316;3414,302;3418,314;3423,314;3427,306;3431,320;3436,318;3440,318;3444,304;3449,316;3453,308;3457,322;3462,306;3466,320;3470,306;3475,318;3479,324;3484,310;3488,310;3492,308;3497,308;3501,312;3505,326;3510,312;3514,324;3518,310;3523,324;3527,316;3531,300;3536,314;3540,312;3544,326;3549,310;3553,328;3558,316;3562,328;3566,314;3571,328;3575,320;3579,304;3584,318;3588,302;3592,318;3597,302;3601,336;3605,322;3610,336;3614,320;3618,334;3623,320;3627,310;3632,324;3636,310;3640,322;3645,308;3649,342;3653,314;3658,328;3662,312;3666,340;3671,326;3675,304;3679,316;3684,316;3688,316;3693,314;3697,328;3701,320;3706,334;3710,318;3714,332;3719,316;3723,308;3727,322;3732,306;3736,320;3740,304;3745,318;3749,324;3753,324;3758,322;3762,324;3767,322;3771,298;3775,312;3780,310;3784,310;3788,296;3793,322;3797,314;3801,328;3806,312;3810,326;3814,312;3819,324;3823,316;3827,300;3832,314;3836,300;3841,312;3845,318;3849,318;3854,316;3858,330;3862,316;3867,316;3871,320;3875,304;3880,318;3884,304;3888,316;3893,302;3897,322;3901,322;3906,320;3910,320;3915,320;3919,310;3923,296;3928,322;3932,292;3936,320;3941,306;3945,326;3949,312;3954,324;3958,322;3962,324;3967,322;3971,314;3975,326;3980,298;3984,326;3989,310;3993,324;3997,316;4002,330;4006,314;4010,328;4015,312;4019,304;4023,316;4028,302;4032,314;4036,314;4041,314;4045,318;4050,332;4054,316;4058,330;4063,316;4067,308;4071,320;4076,306;4080,318;4084,318;4089,316;4093,322;4097,336;4102,320;4106,334;4110,318;4115,332;4119,322;4124,308;4128,320;4132,306;4137,318;4141,324;4145,324;4150,322;4154,322;4158,320;4163,332;4167,310;4171,296;4176,322;4180,306;4184,320;4189,312;4193,326;4198,310;4202,324;4206,308;4211,336;4215,314;4219,298;4224,312;4228,310;4232,310;4237,294;4241,328;4245,314;4250,326;4254,312;4258,326;4263,310;4267,302;4272,314;4276,300;4280,314;4285,298;4289,318;4293,318;4298,316;4302,316;4306,328;4311,314;4315,292;4319,318;4324,302;4328,316;4332,302;4337,316;4341,320;4346,320;4350,318;4354,332;4359,316;4363,308;4367,322;4372,306;4376,320;4380,304;4385,318;4389,322;4393,336;4398,320;4402,334;4406,318;4411,296;4415,324;4420,310;4424,322;4428,306;4433,320;4437,312;4441,326;4446,310;4450,338;4454,324;4459,338;4463,314;4467,314;4472,314;4476,312;4480,324;4485,310;4489,330;4494,314;4498,326;4502,326;4507,326;4511,318;4515,316;4520,316;4524,300;4528,328;4533,312;4537,330;4541,318;4546,332;4550,316;4555,330;4559,314;4563,306;4568,320;4572,304;4576,318;4581,302;4585,324;4589,320;4594,334;4598,320;4602,332;4607,318;4611,308;4615,322;4620,306;4624,320;4629,304;4633,324;4637,308;4642,336;4646,318;4650,332;4655,316;4659,308;4663,308;4668,306;4672,320;4676,304;4681,318;4685,310;4689,322;4694,320;4698,320;4703,318;4707,310;4711,310;4716,294;4720,322;4724,304;4729,320;4733,324;4737,324;4742,322;4746,322;4750,320;4755,334;4759,326;4764,298;4768,324;4772,310;4777,322;4781,314;4785,328;4790,314;4794,326;4798,312;4803,340;4807,316;4811,300;4816,328;4820,312;4824,324;4829,304;4833,316;4838,314;4842,328;4846,312;4851,326;4855,318;4859,316;4864,316;4868,314;4872,328;4877,312;4881,332;4885,316;4890,330;4894,314;4898,328;4903,326;4907,304;4912,316;4916,302;4920,316;4925,302;4929,334;4933,320;4938,332;4942,318;4946,332;4951,316;4955,294;4959,320;4964,306;4968,320;4972,304;4977,318;4981,310;4986,324;4990,320;4994,336;4999,320;5003,298;5007,312;5012,310;5016,310;5020,294;5025,322;5029,314;5033,326;5038,312;5042,326;5046,310;5051,302;5055,314;5060,300;5064,312;5068,298;5073,312;5077,316;5081,316;5086,314;5090,328;5094,312;5099,326;5103,318;5107,302;5112,316;5116,300;5120,314;5125,312;5129,318;5134,316;5138,332;5142,314;5147,328;5151,320;5155,304;5160,318;5164,302;5168,316;5173,302;5177,334;5181,320;5186,334;5190,318;5194,332;5199,316;5203,308;5208,322;5212,306;5216,320;5221,304;5225,324;5229,310;5234,322;5238,308;5242,322;5247,320;5251,326;5255,312;5260,310;5264,324;5269,308;5273,314;5277,314;5282,312;5286,312;5290,326;5295,310;5299,316;5303,316;5308,312;5312,314;5316,298;5321,324;5325,318;5329,330;5334,316;5338,328;5343,328;5347,306;5351,320;5356,304;5360,318;5364,304;5369,316;5373,322;5377,322;5382,320;5386,334;5390,320;5395,298;5399,312;5403,296;5408,310;5412,294;5417,322;5421,314;5425,328;5430,312;5434,326;5438,312;5443,324;5447,316;5451,302;5456,314;5460,300;5464,314;5469,300;5473,318;5477,318;5482,318;5486,316;5491,316;5495,322;5499,306;5504,320;5508,304;5512,318;5517,304;5521,324;5525,322;5530,322;5534,322;5538,322;5543,320;5547,298;5552,324;5556,296;5560,324;5565,308;5569,328;5573,314;5578,328;5582,312;5586,324;5591,310;5595,300;5599,314;5604,298;5608,326;5612,312;5617,310;5621,316;5626,330;5630,314;5634,328;5639,314;5643,304;5647,318;5652,318;5656,316;5660,316;5665,314;5669,320;5673,320;5678,318;5682,330;5686,316;5691,330;5695,320;5700,306;5704,318;5708,304;5713,316;5717,322;5721,322;5726,318;5730,332;5734,318;5739,330;5743,320;5747,306;5752,318;5756,304;5760,316;5765,302;5769,322;5774,320;5778,334;5782,318;5787,332;5791,322;5795,308;5800,320;5804,306;5808,318;5813,304;5817,324;5821,308;5826,336;5830,320;5834,320;5839,312;5843,310;5848,310;5852,296;5856,308;5861,306;5865,326;5869,312;5874,324;5878,310;5882,322;5887,308;5891,300;5895,312;5900,298;5904,310;5909,310;5913,308;5917,314;5922,328;5926,312;5930,326;5935,310;5939,302;5943,316;5948,300;5952,328;5956,298;5961,326;5965,316;5969,330;5974,314;5978,328;5983,312;5987,304;5991,318;5996,302;6000,316;6004,300;6009,314;6013,318;6017,332;6022,316;6026,330;6030,314;6035,328;6039,320;6043,304;6048,318;6052,304;6057,316;6061,308;6065,322;6070,306;6074,306;6078,302;6083,304;6087,280;6091,280;6096,280;6100,278;6104,278;6109,298;6113,296;6117,296;6122,294;6126,294;6131,294;6135,284;6139,270;6144,282;6148,268;6152,280;6157,266;6161,300;6165,284;6170,298;6174,282;6178,268;6183,288;6187,272;6191,286;6196,270;6200,284;6205,268;6209,302;6213,288;6218,288;6222,288;6226,300;6231,298;6235,274;6239,276;6244,274;6248,272;6252,272;6257,292;6261,290;6266,290;6270,288;6274,288;6279,288;6283,264;6287,278;6292,274;6296,276;6300,274;6305,276;6309,294;6313,280;6318,292;6322,292;6326,290;6331,268;6335,280;6340,266;6344,278;6348,264;6353,290;6357,296;6361,294;6366,294;6370,294;6374,292;6379,256;6383,296;6387,282;6392,282;6396,294;6401,294;6405,284;6409,298;6414,296;6418,296;6422,282;6427,258;6431,286;6435,284;6440,284;6444,268;6448,296;6453,288;6457,272;6461,286;6466,298;6470,286;6475,298;6479,274;6483,274;6488,272;6492,258;6496,286;6501,286;6505,290;6509,276;6514,260;6518,274;6522,258;6527,278;6531,276;6535,278;6540,262;6544,274;6549,274;6553,278;6557,292;6562,278;6566,290;6570,290;6575,288;6579,266;6583,280;6588,264;6592,276;6596,262;\r\nBuffer sent in 0.973 secondsreturn;buffer;965\r\n'), 10:31:43
bytearray(b'received from UR: measure -> measure (0,1)\r\nSTEPPER: Moving to mstep: 6600 with speed [msteps/sec]: 1000 in StealthChop.\r\n'), 10:31:44
bytearray(b'STEPPER: Moving to mstep: 2400 with speed [msteps/sec]: 4000 in SpreadCycle.\r\n'), 10:31:48
bytearray(b'STEPPER: Moved 4200.00 msteps (ramp: 35%) in 1324.888 ms -> average speed [msteps/sec]: 3170.08\r\nreturn;measure;965\r\n'), 10:31:50
bytearray(b'received from UR: buffer -> buffer (0,1)\r\nSending buffer of size 965data;2400,302;2404,458;2408,170;2413,282;2417,310;2421,330;2426,344;2430,328;2434,342;2439,328;2443,318;2447,332;2452,316;2456,330;2460,314;2465,328;2469,320;2474,334;2478,318;2482,332;2487,330;2491,308;2495,322;2500,320;2504,332;2508,318;2513,330;2517,322;2521,336;2526,320;2530,334;2534,334;2539,332;2543,324;2548,310;2552,336;2556,308;2561,334;2565,326;2569,340;2574,326;2578,340;2582,324;2587,338;2591,330;2595,314;2600,328;2604,312;2608,326;2613,312;2617,332;2622,316;2626,344;2630,328;2635,342;2639,334;2643,318;2648,332;2652,316;2656,330;2661,314;2665,334;2669,320;2674,334;2678,332;2682,332;2687,330;2691,322;2696,334;2700,306;2704,334;2709,320;2713,340;2717,324;2722,338;2726,324;2730,336;2735,322;2739,314;2743,328;2748,312;2752,324;2756,310;2761,326;2765,330;2770,344;2774,328;2778,342;2783,326;2787,318;2791,332;2796,302;2800,330;2804,316;2809,328;2813,320;2817,348;2822,320;2826,346;2831,316;2835,310;2839,322;2844,306;2848,320;2852,318;2857,332;2861,322;2865,336;2870,322;2874,334;2878,318;2883,332;2887,324;2891,308;2896,322;2900,308;2905,320;2909,326;2913,340;2918,324;2922,338;2926,322;2931,336;2935,328;2939,298;2944,326;2948,312;2952,324;2957,296;2961,330;2965,316;2970,328;2974,314;2979,328;2983,318;2987,302;2992,316;2996,302;3000,314;3005,300;3009,334;3013,318;3018,332;3022,314;3026,330;3031,316;3035,306;3039,320;3044,304;3048,318;3053,304;3057,324;3061,322;3066,322;3070,320;3074,334;3079,318;3083,296;3087,310;3092,308;3096,320;3100,306;3105,320;3109,324;3113,324;3118,324;3122,324;3127,322;3131,298;3135,326;3140,310;3144,324;3148,294;3153,322;3157,328;3161,326;3166,312;3170,338;3174,324;3179,338;3183,328;3187,314;3192,326;3196,298;3201,324;3205,316;3209,330;3214,314;3218,342;3222,326;3227,340;3231,318;3235,316;3240,316;3244,302;3248,314;3253,312;3257,332;3262,318;3266,332;3270,316;3275,330;3279,322;3283,322;3288,320;3292,306;3296,320;3301,318;3305,326;3309,324;3314,338;3318,324;3322,336;3327,322;3331,314;3336,326;3340,298;3344,326;3349,310;3353,330;3357,316;3362,330;3366,314;3370,328;3375,312;3379,304;3383,316;3388,302;3392,316;3397,300;3401,314;3405,320;3410,334;3414,318;3418,330;3423,316;3427,308;3431,308;3436,306;3440,318;3444,304;3449,318;3453,310;3457,324;3462,322;3466,322;3471,320;3475,312;3479,310;3484,296;3488,310;3492,308;3497,308;3501,312;3505,326;3510,312;3514,326;3518,310;3523,324;3527,316;3531,300;3536,314;3540,298;3545,326;3549,316;3553,330;3558,316;3562,328;3566,312;3571,328;3575,332;3579,318;3584,316;3588,316;3592,328;3597,314;3601,334;3605,318;3610,332;3614,318;3619,330;3623,322;3627,308;3632,320;3636,306;3640,318;3645,318;3649,338;3653,322;3658,336;3662,320;3666,334;3671,318;3675,310;3679,324;3684,308;3688,322;3693,306;3697,320;3701,312;3706,326;3710,324;3714,324;3719,322;3723,314;3727,328;3732,298;3736,326;3740,312;3745,324;3749,318;3753,330;3758,316;3762,328;3767,314;3771,304;3775,318;3780,304;3784,316;3788,302;3793,312;3797,320;3801,334;3806,318;3810,332;3814,318;3819,330;3823,308;3828,306;3832,320;3836,306;3841,318;3845,310;3849,324;3854,308;3858,322;3862,306;3867,322;3871,310;3875,296;3880,308;3884,308;3888,308;3893,292;3897,326;3902,324;3906,324;3910,322;3915,322;3919,312;3923,298;3928,324;3932,296;3936,322;3941,294;3945,328;3949,326;3954,326;3958,312;3962,326;3967,324;3971,300;3976,328;3980,312;3984,326;3989,298;3993,332;3997,316;4002,328;4006,312;4010,340;4015,324;4019,302;4023,314;4028,312;4032,312;4036,312;4041,324;4045,316;4050,330;4054,314;4058,328;4063,326;4067,304;4071,316;4076,316;4080,316;4084,314;4089,326;4093,318;4097,332;4102,316;4106,330;4110,328;4115,306;4119,320;4124,304;4128,318;4132,302;4137,316;4141,320;4145,320;4150,318;4154,332;4158,316;4163,330;4167,320;4171,306;4176,320;4180,304;4184,318;4189,310;4193,322;4198,320;4202,334;4206,320;4211,332;4215,310;4219,308;4224,308;4228,306;4232,320;4237,304;4241,324;4245,308;4250,322;4254,320;4259,320;4263,310;4267,296;4272,308;4276,294;4280,306;4285,306;4289,324;4293,310;4298,322;4302,320;4306,320;4311,320;4315,298;4319,310;4324,294;4328,322;4333,306;4337,320;4341,312;4346,324;4350,322;4354,322;4359,320;4363,312;4367,324;4372,310;4376,322;4380,308;4385,320;4389,312;4393,338;4398,324;4402,336;4407,322;4411,312;4415,326;4420,298;4424,324;4428,308;4433,322;4437,314;4441,340;4446,324;4450,338;4454,310;4459,336;4463,314;4468,300;4472,326;4476,310;4481,324;4485,316;4489,328;4494,328;4498,326;4502,312;4507,326;4511,316;4515,300;4520,328;4524,312;4528,326;4533,298;4537,332;4542,316;4546,330;4550,314;4555,328;4559,318;4563,304;4568,316;4572,302;4576,316;4581,300;4585,334;4589,318;4594,332;4598,316;4602,330;4607,316;4611,306;4616,320;4620,306;4624,318;4629,304;4633,326;4637,322;4642,322;4646,320;4650,334;4655,318;4659,296;4663,308;4668,306;4672,320;4676,304;4681,318;4685,322;4690,322;4694,322;4698,320;4703,320;4707,298;4711,310;4716,308;4720,320;4724,294;4729,320;4733,326;4737,324;4742,324;4746,336;4750,322;4755,300;4759,326;4764,312;4768,324;4772,308;4777,322;4781,314;4785,328;4790,312;4794,338;4798,322;4803,324;4807,314;4811,312;4816,326;4820,310;4824,324;4829,314;4833,328;4838,312;4842,326;4846,312;4851,324;4855,316;4859,314;4864,328;4868,312;4872,326;4877,324;4881,316;4885,314;4890,328;4894,312;4899,326;4903,316;4907,316;4912,328;4916,314;4920,326;4925,298;4929,332;4933,316;4938,330;4942,314;4946,328;4951,326;4955,304;4959,318;4964,302;4968,316;4973,300;4977,314;4981,318;4986,332;4990,318;4994,330;4999,316;5003,294;5007,320;5012,304;5016,318;5020,304;5025,316;5029,322;5033,322;5038,320;5042,334;5047,318;5051,296;5055,310;5060,308;5064,308;5068,294;5073,318;5077,310;5081,324;5086,310;5090,322;5094,320;5099,298;5103,310;5108,310;5112,310;5116,294;5121,322;5125,314;5129,326;5134,312;5138,324;5142,322;5147,322;5151,328;5155,300;5160,326;5164,296;5168,324;5173,308;5177,330;5182,314;5186,328;5190,312;5195,326;5199,318;5203,302;5208,316;5212,300;5216,314;5221,312;5225,332;5229,318;5234,330;5238,316;5242,328;5247,314;5251,306;5256,318;5260,304;5264,316;5269,316;5273,322;5277,320;5282,334;5286,318;5290,332;5295,318;5299,308;5303,322;5308,306;5312,320;5316,306;5321,318;5325,324;5330,324;5334,322;5338,322;5343,320;5347,298;5351,312;5356,296;5360,322;5364,308;5369,322;5373,314;5377,328;5382,312;5386,326;5390,310;5395,302;5399,316;5404,300;5408,314;5412,298;5417,312;5421,318;5425,332;5430,316;5434,330;5438,314;5443,328;5447,318;5451,304;5456,318;5460,304;5464,316;5469,308;5473,322;5478,320;5482,320;5486,320;5491,320;5495,310;5499,294;5504,310;5508,308;5512,320;5517,292;5521,326;5525,324;5530,324;5534,322;5539,322;5543,314;5547,298;5552,326;5556,310;5560,324;5565,296;5569,330;5573,314;5578,328;5582,314;5586,328;5591,312;5595,302;5599,316;5604,302;5608,316;5613,300;5617,314;5621,318;5626,332;5630,318;5634,330;5639,316;5643,306;5647,320;5652,306;5656,318;5660,304;5665,316;5669,322;5673,322;5678,320;5682,334;5687,320;5691,312;5695,312;5700,310;5704,310;5708,308;5713,322;5717,328;5721,326;5726,312;5730,326;5734,324;5739,302;5743,316;5748,300;5752,314;5756,298;5761,312;5765,318;5769,332;5774,316;5778,330;5782,314;5787,328;5791,320;5795,304;5800,318;5804,302;5808,316;5813,300;5817,322;5822,320;5826,332;5830,318;5835,332;5839,308;5843,308;5848,308;5852,306;5856,320;5861,306;5865,310;5869,308;5874,308;5878,308;5882,320;5887,306;5891,326;5896,310;5900,310;5904,322;5909,308;5913,326;5917,312;5922,326;5926,324;5930,324;5935,322;5939,300;5943,314;5948,298;5952,326;5956,298;5961,322;5965,314;5970,328;5974,314;5978,326;5983,312;5987,304;5991,316;5996,300;6000,314;6004,300;6009,312;6013,318;6017,332;6022,316;6026,330;6030,314;6035,306;6039,318;6044,302;6048,316;6052,302;6057,314;6061,320;6065,318;6070,304;6074,302;6078,300;6083,278;6087,278;6091,276;6096,290;6100,274;6105,274;6109,294;6113,292;6118,292;6122,290;6126,290;6131,274;6135,294;6139,278;6144,292;6148,276;6152,290;6157,296;6161,294;6165,294;6170,292;6174,292;6179,304;6183,282;6187,268;6192,280;6196,280;6200,278;6205,278;6209,298;6213,296;6218,296;6222,294;6226,294;6231,272;6235,256;6239,298;6244,282;6248,282;6253,294;6257,272;6261,286;6266,298;6270,298;6274,298;6279,282;6283,274;6287,274;6292,272;6296,284;6300,284;6305,276;6309,288;6314,288;6318,286;6322,286;6327,298;6331,262;6335,276;6340,260;6344,288;6348,272;6353,286;6357,292;6361,290;6366,290;6370,288;6374,288;6379,266;6383,278;6388,262;6392,290;6396,276;6401,288;6405,280;6409,250;6414,276;6418,290;6422,288;6427,288;6431,280;6435,292;6440,292;6444,290;6448,290;6453,280;6457,250;6462,278;6466,292;6470,276;6475,276;6479,280;6483,294;6488,280;6492,276;6496,290;6501,274;6505,280;6509,280;6514,292;6518,290;6522,290;6527,296;6531,266;6536,292;6540,278;6544,276;6549,276;6553,282;6557,282;6562,280;6566,292;6570,292;6575,270;6579,254;6583,296;6588,282;6592,282;6596,282;\r\nBuffer sent in 0.973 secondsreturn;buffer;965\r\n'), 10:31:52
bytearray(b'received from UR: measure -> measure (0,1)\r\nSTEPPER: Moving to mstep: 6600 with speed [msteps/sec]: 1000 in StealthChop.\r\n'), 10:31:53
bytearray(b'STEPPER: Moving to mstep: 2400 with speed [msteps/sec]: 4000 in SpreadCycle.\r\n'), 10:31:57
bytearray(b'STEPPER: Moved 4200.00 msteps (ramp: 35%) in 1324.888 ms -> average speed [msteps/sec]: 3170.08\r\nreturn;measure;965\r\n'), 10:31:58
bytearray(b'received from UR: buffer -> buffer (0,1)\r\nSending buffer of size 965data;2400,296;2404,456;2408,138;2413,266;2417,322;2421,328;2426,328;2430,326;2434,340;2439,326;2443,316;2447,330;2452,328;2456,328;2460,314;2465,328;2469,320;2474,332;2478,318;2482,330;2487,330;2491,322;2495,322;2500,320;2504,334;2508,318;2513,332;2517,324;2521,336;2526,334;2530,336;2534,320;2539,334;2543,326;2548,324;2552,324;2556,310;2561,322;2565,314;2569,342;2574,326;2578,326;2582,324;2587,338;2591,330;2595,314;2600,314;2604,314;2608,342;2613,326;2617,332;2622,316;2626,332;2630,330;2635,330;2639,320;2643,320;2648,334;2652,332;2656,332;2661,316;2665,336;2669,322;2674,336;2678,320;2682,334;2687,318;2691,324;2696,324;2700,322;2704,322;2709,320;2713,340;2717,326;2722,338;2726,322;2730,324;2735,322;2739,314;2743,342;2748,326;2752,326;2756,310;2761,324;2765,328;2770,342;2774,326;2778,326;2783,324;2787,330;2791,330;2796,314;2800,326;2804,312;2809,324;2813,330;2817,344;2822,328;2826,340;2830,326;2835,340;2839,330;2844,314;2848,314;2852,312;2857,326;2861,332;2865,332;2870,330;2874,330;2878,328;2883,328;2887,334;2891,334;2896,318;2900,318;2905,318;2909,322;2913,322;2918,320;2922,334;2926,320;2931,332;2935,324;2939,310;2944,322;2948,308;2952,320;2957,306;2961,326;2965,310;2970,324;2974,310;2979,322;2983,314;2987,312;2992,314;2996,312;3000,310;3005,296;3009,330;3013,316;3018,328;3022,314;3026,328;3031,312;3035,304;3039,318;3044,316;3048,316;3053,314;3057,320;3061,320;3066,320;3070,318;3074,318;3079,304;3083,310;3087,308;3092,308;3096,322;3100,320;3105,320;3109,312;3114,324;3118,310;3122,324;3127,310;3131,300;3135,314;3140,314;3144,328;3148,314;3153,312;3157,318;3161,332;3166,316;3170,316;3174,314;3179,330;3183,320;3188,320;3192,320;3196,318;3201,318;3205,324;3209,338;3214,322;3218,336;3222,320;3227,336;3231,326;3235,312;3240,324;3244,310;3248,310;3253,324;3257,330;3262,314;3266,328;3270,312;3275,326;3279,332;3283,330;3288,316;3292,316;3296,326;3301,328;3305,334;3309,320;3314,334;3318,318;3322,318;3327,318;3331,308;3336,324;3340,322;3344,322;3349,308;3353,328;3357,312;3362,326;3366,310;3370,324;3375,310;3379,316;3383,316;3388,314;3392,314;3396,298;3401,326;3405,304;3410,316;3414,316;3418,328;3423,314;3427,306;3431,318;3436,318;3440,316;3444,316;3449,316;3453,308;3457,320;3462,306;3466,320;3470,318;3475,310;3479,310;3484,308;3488,322;3492,308;3497,320;3501,312;3505,326;3510,310;3514,310;3518,310;3523,322;3527,328;3531,314;3536,312;3540,298;3545,326;3549,316;3553,316;3558,314;3562,328;3566,314;3571,326;3575,318;3579,302;3584,316;3588,316;3592,328;3597,314;3601,334;3605,318;3610,332;3614,316;3619,328;3623,320;3627,320;3632,318;3636,318;3640,316;3645,316;3649,336;3653,320;3658,334;3662,320;3666,332;3671,318;3675,322;3679,322;3684,320;3688,320;3693,318;3697,324;3701,324;3706,324;3710,322;3714,322;3719,320;3723,312;3727,326;3732,324;3736,324;3740,308;3745,322;3749,314;3753,314;3758,312;3762,326;3767,310;3771,316;3775,316;3780,314;3784,314;3788,300;3793,312;3797,318;3801,332;3806,316;3810,330;3814,316;3819,316;3823,320;3827,320;3832,320;3836,306;3841,318;3845,310;3849,310;3854,308;3858,322;3862,306;3867,320;3871,312;3875,310;3880,310;3884,310;3888,308;3893,308;3897,314;3901,312;3906,326;3910,310;3915,324;3919,328;3923,314;3928,328;3932,312;3936,312;3941,298;3945,330;3949,316;3954,316;3958,314;3962,328;3967,312;3971,318;3976,332;3980,316;3984,330;3989,314;3993,322;3997,320;4002,332;4006,318;4010,332;4015,316;4019,308;4023,320;4028,306;4032,320;4036,318;4041,318;4045,310;4050,336;4054,320;4058,334;4063,320;4067,312;4071,310;4076,308;4080,308;4084,308;4089,306;4093,326;4097,326;4102,324;4106,324;4110,324;4115,316;4119,328;4124,314;4128,312;4132,312;4137,326;4141,316;4145,316;4150,314;4154,314;4158,312;4163,326;4167,316;4171,316;4176,314;4180,300;4185,312;4189,318;4193,332;4198,316;4202,330;4206,314;4211,314;4215,306;4219,304;4224,316;4228,316;4232,314;4237,314;4241,318;4245,304;4250,318;4254,316;4259,316;4263,308;4267,306;4272,320;4276,304;4280,314;4285,304;4289,322;4293,320;4298,320;4302,320;4306,318;4311,318;4315,308;4319,322;4324,308;4328,320;4333,306;4337,326;4341,312;4346,324;4350,308;4354,322;4359,308;4363,300;4367,328;4372,326;4376,326;4380,310;4385,324;4389,316;4393,328;4398,314;4402,328;4407,326;4411,304;4415,316;4420,300;4424,314;4428,314;4433,314;4437,318;4441,332;4446,318;4450,332;4454,316;4459,330;4463,320;4467,320;4472,320;4476,320;4481,318;4485,324;4489,324;4494,322;4498,322;4502,320;4507,322;4511,326;4515,312;4520,324;4524,310;4528,310;4533,310;4537,328;4541,314;4546,314;4550,312;4555,326;4559,318;4563,316;4568,316;4572,316;4576,314;4581,300;4585,334;4589,318;4594,320;4598,318;4602,332;4607,316;4611,308;4616,308;4620,294;4624,306;4629,320;4633,326;4637,312;4642,324;4646,310;4650,324;4655,308;4659,314;4663,312;4668,298;4672,326;4676,310;4681,312;4685,316;4690,316;4694,314;4698,314;4703,314;4707,304;4711,306;4716,316;4720,316;4724,316;4729,316;4733,322;4737,322;4742,320;4746,320;4751,318;4755,310;4759,322;4764,308;4768,306;4772,306;4777,320;4781,324;4785,326;4790,324;4794,336;4798,322;4803,336;4807,312;4811,312;4816,324;4820,310;4825,310;4829,316;4833,328;4838,314;4842,340;4846,326;4851,326;4855,316;4859,302;4864,300;4868,300;4872,328;4877,326;4881,318;4885,316;4890,318;4894,316;4899,328;4903,328;4907,320;4912,304;4916,304;4920,332;4925,316;4929,322;4933,320;4938,320;4942,320;4946,320;4951,306;4955,310;4959,324;4964,310;4968,322;4973,308;4977,320;4981,312;4986,326;4990,310;4994,324;4999,308;5003,314;5007,314;5012,312;5016,312;5020,310;5025,310;5029,316;5033,314;5038,314;5042,326;5047,312;5051,304;5055,316;5060,316;5064,314;5068,314;5073,312;5077,318;5081,318;5086,304;5090,316;5094,316;5099,316;5103,320;5107,306;5112,318;5116,304;5121,318;5125,324;5129,322;5134,322;5138,322;5142,320;5147,320;5151,312;5155,312;5160,324;5164,310;5168,310;5173,308;5177,328;5182,314;5186,328;5190,312;5195,326;5199,316;5203,316;5208,316;5212,314;5216,314;5221,312;5225,332;5229,304;5234,330;5238,314;5242,328;5247,314;5251,318;5256,318;5260,304;5264,316;5269,316;5273,322;5277,320;5282,320;5286,318;5290,318;5295,316;5299,322;5303,322;5308,322;5312,306;5316,306;5321,332;5325,310;5330,322;5334,308;5338,322;5343,320;5347,310;5351,310;5356,296;5360,308;5364,292;5369,308;5373,312;5377,326;5382,310;5386,324;5391,308;5395,300;5399,314;5404,312;5408,312;5412,310;5417,308;5421,316;5425,328;5430,314;5434,326;5438,326;5443,326;5447,302;5451,302;5456,300;5460,300;5465,312;5469,320;5473,318;5478,318;5482,318;5486,316;5491,316;5495,322;5499,306;5504,320;5508,318;5512,318;5517,304;5521,322;5525,322;5530,320;5534,318;5539,318;5543,310;5547,308;5552,322;5556,306;5560,320;5565,304;5569,324;5573,310;5578,324;5582,308;5586,320;5591,320;5595,296;5599,324;5604,308;5608,322;5613,306;5617,320;5621,312;5626,324;5630,322;5634,336;5639,320;5643,298;5647,312;5652,310;5656,310;5660,310;5665,322;5669,314;5673,328;5678,312;5682,324;5687,310;5691,316;5695,314;5700,314;5704,312;5708,310;5713,324;5717,316;5721,314;5726,314;5730,326;5734,326;5739,324;5743,316;5748,314;5752,316;5756,298;5761,312;5765,318;5769,330;5774,316;5778,330;5782,314;5787,328;5791,318;5795,304;5800,316;5804,314;5808,314;5813,300;5817,332;5822,318;5826,318;5830,316;5835,330;5839,320;5843,306;5848,318;5852,304;5856,304;5861,316;5865,308;5869,306;5874,306;5878,304;5882,318;5887,318;5891,322;5896,322;5900,306;5904,320;5909,318;5913,310;5917,308;5922,322;5926,320;5930,320;5935,318;5939,310;5943,322;5948,308;5952,320;5956,306;5961,320;5965,324;5970,324;5974,308;5978,320;5983,306;5987,296;5991,310;5996,308;6000,322;6004,306;6009,320;6013,310;6017,324;6022,308;6026,322;6031,320;6035,298;6039,310;6044,310;6048,308;6052,308;6057,320;6061,312;6065,312;6070,310;6074,296;6078,294;6083,286;6087,270;6091,270;6096,282;6100,282;6105,280;6109,286;6113,298;6118,298;6122,298;6126,282;6131,268;6135,288;6139,286;6144,284;6148,270;6152,282;6157,282;6161,288;6165,286;6170,286;6174,284;6179,298;6183,288;6187,288;6192,286;6196,286;6200,284;6205,284;6209,288;6213,288;6218,300;6222,300;6226,284;6231,290;6235,288;6239,288;6244,286;6248,286;6253,270;6257,292;6261,290;6266,302;6270,288;6274,286;6279,286;6283,278;6287,290;6292,288;6296,288;6300,274;6305,294;6309,290;6314,276;6318,290;6322,302;6327,288;6331,278;6335,278;6340,276;6344,290;6348,276;6353,288;6357,294;6361,306;6366,292;6370,290;6374,276;6379,280;6383,280;6388,280;6392,278;6396,278;6401,276;6405,282;6409,282;6414,280;6418,282;6422,280;6427,278;6431,284;6435,284;6440,268;6444,268;6448,268;6453,286;6457,286;6462,284;6466,298;6470,296;6475,296;6479,272;6483,258;6488,286;6492,284;6496,284;6501,276;6505,260;6509,288;6514,288;6518,286;6522,298;6527,276;6531,260;6536,288;6540,274;6544,284;6549,284;6553,276;6557,274;6562,288;6566,288;6570,272;6575,278;6579,278;6583,276;6588,276;6592,274;6596,274;\r\nBuffer sent in 0.973 secondsreturn;buffer;965\r\n'), 10:32:00
bytearray(b'received from UR: measure -> measure (0,1)\r\nSTEPPER: Moving to mstep: 6600 with speed [msteps/sec]: 1000 in StealthChop.\r\n'), 10:32:01
bytearray(b'STEPPER: Moving to mstep: 2400 with speed [msteps/sec]: 4000 in SpreadCycle.\r\n'), 10:32:06
bytearray(b'STEPPER: Moved 4200.00 msteps (ramp: 35%) in 1324.892 ms -> average speed [msteps/sec]: 3170.07\r\nreturn;measure;965\r\n'), 10:32:07
bytearray(b'received from UR: buffer -> buffer (0,1)\r\nSending buffer of size 965data;2400,298;2404,452;2408,162;2413,276;2417,318;2421,322;2426,338;2430,322;2434,336;2439,320;2443,312;2447,324;2452,324;2456,336;2460,336;2465,320;2469,326;2474,340;2478,324;2482,324;2487,324;2491,314;2495,328;2500,326;2504,326;2508,312;2513,324;2517,316;2521,328;2526,326;2530,328;2534,326;2539,324;2543,330;2548,316;2552,328;2556,312;2561,326;2565,318;2569,332;2574,316;2578,330;2582,314;2587,328;2591,332;2595,318;2600,332;2604,316;2608,328;2613,314;2617,334;2622,332;2626,332;2630,330;2635,330;2639,336;2643,320;2648,334;2652,332;2656,318;2661,316;2665,336;2669,322;2674,334;2678,332;2683,332;2687,316;2691,322;2696,336;2700,334;2704,320;2709,318;2713,338;2717,324;2722,336;2726,322;2730,334;2735,320;2739,310;2743,338;2748,322;2752,322;2757,320;2761,332;2765,324;2770,336;2774,322;2778,322;2783,320;2787,312;2791,326;2796,310;2800,324;2804,308;2809,322;2813,314;2817,340;2822,324;2826,338;2831,322;2835,314;2839,326;2844,326;2848,338;2852,324;2857,322;2861,314;2865,328;2870,312;2874,326;2878,310;2883,324;2887,328;2891,314;2896,326;2900,312;2905,324;2909,316;2913,330;2918,314;2922,328;2926,326;2931,326;2935,330;2939,316;2944,330;2948,314;2952,312;2957,298;2961,332;2965,316;2970,330;2974,314;2979,328;2983,320;2987,318;2992,318;2996,302;3000,314;3005,300;3009,320;3013,318;3018,318;3022,316;3026,330;3031,316;3035,320;3039,318;3044,304;3048,318;3053,316;3057,322;3061,304;3066,320;3070,318;3074,318;3079,316;3083,322;3087,320;3092,306;3096,318;3100,304;3105,316;3109,322;3114,320;3118,320;3122,318;3127,318;3131,322;3135,322;3140,306;3144,320;3148,306;3153,332;3157,324;3161,324;3166,322;3170,334;3174,320;3179,334;3183,324;3188,310;3192,324;3196,322;3201,336;3205,312;3209,326;3214,324;3218,324;3222,308;3227,336;3231,328;3235,312;3240,324;3244,324;3248,322;3253,308;3257,328;3262,312;3266,326;3270,324;3275,322;3279,314;3283,312;3288,326;3292,312;3296,326;3301,324;3305,316;3309,314;3314,326;3318,312;3322,326;3327,324;3331,302;3336,330;3340,314;3344,328;3349,300;3353,320;3357,318;3362,318;3366,302;3370,316;3375,314;3379,306;3383,334;3388,318;3392,316;3396,302;3401,316;3405,308;3410,320;3414,306;3418,320;3423,318;3427,310;3431,324;3436,308;3440,308;3444,308;3449,320;3453,312;3457,326;3462,310;3466,324;3470,308;3475,302;3479,314;3484,314;3488,312;3492,298;3497,312;3501,316;3505,316;3510,302;3514,314;3518,314;3523,328;3527,320;3531,304;3536,316;3540,300;3545,316;3549,320;3553,320;3558,320;3562,318;3566,318;3571,330;3575,336;3579,322;3584,320;3588,304;3592,318;3597,318;3601,338;3605,322;3610,336;3614,320;3619,334;3623,318;3627,310;3632,322;3636,308;3640,320;3645,306;3649,326;3653,310;3658,324;3662,308;3666,322;3671,318;3675,312;3679,324;3684,324;3688,322;3693,320;3697,326;3701,312;3706,324;3710,310;3714,322;3719,322;3723,314;3727,326;3732,312;3736,312;3740,296;3745,324;3749,316;3754,328;3758,314;3762,314;3767,312;3771,318;3775,318;3780,302;3784,316;3788,300;3793,314;3797,318;3801,318;3806,304;3810,330;3814,316;3819,330;3823,320;3828,306;3832,306;3836,318;3841,318;3845,324;3849,308;3854,308;3858,322;3862,306;3867,320;3871,324;3875,310;3880,308;3884,308;3888,320;3893,320;3897,312;3902,310;3906,324;3910,310;3915,322;3919,314;3923,298;3928,312;3932,310;3936,310;3941,310;3945,330;3949,314;3954,328;3958,326;3962,326;3967,310;3971,316;3976,330;3980,314;3984,328;3989,298;3993,318;3997,316;4002,330;4006,314;4010,328;4015,314;4019,304;4023,318;4028,316;4032,316;4036,314;4041,314;4045,320;4050,332;4054,318;4058,332;4063,316;4067,308;4071,320;4076,320;4080,320;4084,316;4089,316;4093,310;4097,322;4102,320;4106,322;4110,318;4115,310;4119,324;4124,308;4128,322;4132,306;4137,318;4141,312;4145,324;4150,310;4154,322;4158,320;4163,320;4167,326;4171,310;4176,310;4180,308;4185,322;4189,314;4193,314;4198,312;4202,324;4206,310;4211,322;4215,314;4219,314;4224,312;4228,298;4232,310;4237,310;4241,316;4245,314;4250,314;4254,298;4259,312;4263,318;4267,318;4272,316;4276,302;4280,314;4285,314;4289,306;4293,304;4298,318;4302,316;4306,330;4311,312;4315,306;4319,320;4324,306;4328,318;4333,316;4337,322;4341,308;4346,322;4350,320;4354,334;4359,318;4363,310;4367,324;4372,308;4376,336;4380,320;4385,320;4389,312;4393,324;4398,324;4402,324;4407,308;4411,312;4415,326;4420,312;4424,326;4428,324;4433,310;4437,316;4441,328;4446,314;4450,326;4454,312;4459,324;4463,316;4467,316;4472,314;4476,314;4481,326;4485,318;4489,332;4494,316;4498,316;4502,316;4507,316;4511,322;4515,320;4520,320;4524,304;4528,318;4533,302;4537,322;4541,322;4546,320;4550,320;4555,318;4559,312;4563,310;4568,322;4572,308;4576,322;4581,294;4585,312;4589,312;4594,324;4598,310;4602,324;4607,308;4611,314;4615,326;4620,312;4624,312;4629,312;4633,318;4637,316;4642,330;4646,314;4650,328;4655,314;4659,306;4663,320;4668,318;4672,318;4676,302;4681,314;4685,320;4690,320;4694,320;4698,318;4703,318;4707,310;4711,322;4716,308;4720,322;4724,294;4729,320;4733,312;4737,326;4742,310;4746,324;4750,324;4755,324;4759,328;4764,314;4768,312;4772,312;4777,324;4781,316;4785,330;4790,316;4794,316;4798,314;4803,328;4807,332;4811,318;4816,318;4820,316;4825,316;4829,322;4833,336;4838,306;4842,320;4846,318;4851,332;4855,324;4859,324;4864,310;4868,308;4872,322;4877,320;4881,326;4885,326;4890,324;4894,310;4899,324;4903,322;4907,328;4912,314;4916,312;4920,326;4925,310;4929,316;4933,316;4938,314;4942,314;4946,328;4951,312;4955,318;4959,316;4964,302;4968,316;4973,314;4977,320;4981,320;4986,320;4990,316;4994,330;4999,314;5003,306;5007,318;5012,304;5016,318;5020,302;5025,316;5029,322;5033,336;5038,320;5042,320;5047,304;5051,310;5055,322;5060,308;5064,308;5068,306;5073,320;5077,312;5081,312;5086,310;5090,310;5094,308;5099,308;5103,314;5107,312;5112,326;5116,310;5121,310;5125,316;5129,330;5134,314;5138,314;5142,312;5147,326;5151,332;5155,304;5160,316;5164,302;5168,330;5173,314;5177,322;5181,306;5186,320;5190,320;5195,332;5199,324;5203,310;5208,322;5212,308;5216,322;5221,306;5225,326;5229,312;5234,324;5238,310;5242,324;5247,308;5251,330;5255,314;5260,314;5264,326;5269,312;5273,318;5277,304;5282,316;5286,316;5290,328;5295,312;5299,306;5303,320;5308,318;5312,318;5316,304;5321,316;5325,324;5330,322;5334,308;5338,322;5343,320;5347,312;5351,312;5356,296;5360,324;5364,310;5369,324;5373,302;5377,316;5382,314;5386,328;5390,314;5395,306;5399,318;5404,292;5408,318;5412,304;5417,316;5421,322;5425,322;5430,320;5434,320;5438,320;5443,332;5447,310;5451,310;5456,308;5460,308;5465,308;5469,314;5473,328;5478,312;5482,326;5486,310;5491,324;5495,316;5499,302;5504,314;5508,314;5512,326;5517,312;5521,320;5525,318;5530,332;5534,316;5539,330;5543,314;5547,308;5552,320;5556,306;5560,334;5565,304;5569,324;5573,310;5578,324;5582,308;5586,322;5591,306;5595,312;5599,326;5604,310;5608,324;5613,310;5617,324;5621,316;5626,330;5630,314;5634,328;5639,312;5643,304;5647,318;5652,316;5656,316;5660,316;5665,316;5669,308;5673,320;5678,320;5682,332;5687,316;5691,310;5695,322;5700,320;5704,320;5708,306;5713,318;5717,312;5721,324;5726,310;5730,322;5734,322;5739,320;5743,312;5747,312;5752,326;5756,310;5761,310;5765,316;5769,330;5774,314;5778,328;5782,314;5787,326;5791,318;5795,304;5800,316;5804,302;5808,316;5813,300;5817,322;5821,306;5826,320;5830,306;5835,318;5839,310;5843,310;5848,322;5852,308;5856,322;5861,320;5865,312;5869,312;5874,324;5878,310;5882,310;5887,308;5891,314;5896,314;5900,312;5904,326;5909,326;5913,318;5917,316;5922,316;5926,314;5930,314;5935,312;5939,304;5943,318;5948,304;5952,316;5956,302;5961,330;5965,308;5970,322;5974,320;5978,334;5983,318;5987,298;5991,324;5996,310;6000,322;6004,308;6009,308;6013,314;6017,328;6022,312;6026,326;6030,310;6035,302;6039,302;6044,300;6048,314;6052,314;6057,328;6061,304;6065,318;6070,304;6074,302;6078,302;6083,280;6087,278;6091,278;6096,276;6100,276;6105,276;6109,296;6113,296;6118,294;6122,294;6126,294;6131,294;6135,284;6139,284;6144,298;6148,282;6152,282;6157,268;6161,302;6165,300;6170,300;6174,300;6179,298;6183,290;6187,290;6192,288;6196,288;6200,286;6205,286;6209,264;6213,290;6218,304;6222,290;6226,304;6231,280;6235,266;6239,280;6244,278;6248,278;6253,276;6257,296;6261,282;6266,252;6270,280;6274,294;6279,292;6283,286;6287,284;6292,282;6296,282;6300,266;6305,288;6309,286;6313,286;6318,284;6322,282;6327,284;6331,262;6335,288;6340,274;6344,286;6348,272;6353,286;6357,292;6361,292;6366,290;6370,304;6374,290;6379,266;6383,280;6387,266;6392,292;6396,280;6401,278;6405,282;6409,282;6414,282;6418,254;6422,280;6427,294;6431,286;6435,286;6440,270;6444,284;6448,284;6453,290;6457,288;6462,274;6466,258;6470,286;6475,300;6479,278;6483,278;6488,290;6492,276;6496,276;6501,274;6505,282;6509,280;6514,250;6518,278;6522,292;6527,284;6531,282;6536,296;6540,282;6544,280;6549,266;6553,286;6557,284;6562,284;6566,298;6570,298;6575,274;6579,274;6583,286;6588,272;6592,272;6596,270;\r\nBuffer sent in 0.973 secondsreturn;buffer;965\r\n'), 10:32:09
bytearray(b'received from UR: measure -> measure (0,1)\r\nSTEPPER: Moving to mstep: 6600 with speed [msteps/sec]: 1000 in StealthChop.\r\n'), 10:32:10
bytearray(b'STEPPER: Moving to mstep: 2400 with speed [msteps/sec]: 4000 in SpreadCycle.\r\n'), 10:32:14
bytearray(b'STEPPER: Moved 4200.00 msteps (ramp: 35%) in 1324.884 ms -> average speed [msteps/sec]: 3170.09\r\nreturn;measure;965\r\n'), 10:32:16
bytearray(b'received from UR: buffer -> buffer (0,1)\r\nSending buffer of size 965data;2400,304;2404,460;2408,142;2413,272;2417,328;2421,320;2426,334;2430,320;2434,334;2439,318;2443,312;2447,324;2452,324;2456,324;2460,310;2465,322;2469,330;2474,330;2478,314;2482,328;2487,326;2491,320;2495,332;2500,318;2504,318;2508,316;2513,316;2517,322;2521,336;2526,320;2530,334;2534,334;2539,334;2543,340;2548,312;2552,324;2556,324;2561,338;2565,330;2569,330;2574,328;2578,330;2582,328;2587,328;2591,320;2595,320;2600,332;2604,318;2608,332;2613,316;2617,336;2622,324;2626,336;2630,320;2635,334;2639,326;2643,326;2648,326;2652,324;2656,324;2661,324;2665,330;2669,316;2674,330;2678,328;2682,328;2687,328;2691,320;2696,334;2700,320;2704,332;2709,318;2713,324;2717,324;2722,338;2726,322;2730,336;2735,336;2739,314;2743,342;2748,312;2752,326;2756,312;2761,326;2765,320;2770,332;2774,318;2778,332;2783,316;2787,322;2791,336;2796,308;2800,322;2804,320;2809,334;2813,326;2817,340;2822,326;2826,340;2830,324;2835,338;2839,330;2844,330;2848,330;2852,316;2857,328;2861,322;2865,334;2870,320;2874,334;2878,320;2883,334;2887,326;2891,310;2896,324;2900,324;2905,322;2909,314;2913,328;2918,328;2922,326;2926,326;2931,326;2935,318;2939,318;2944,330;2948,316;2952,330;2957,316;2961,322;2965,320;2970,320;2974,320;2979,320;2983,312;2987,312;2992,310;2996,296;3000,310;3005,310;3009,316;3013,314;3018,316;3022,300;3026,314;3031,312;3035,318;3039,304;3044,318;3048,316;3053,316;3057,322;3061,308;3066,322;3070,320;3074,320;3079,320;3083,312;3087,312;3092,298;3096,310;3100,310;3105,310;3109,316;3113,316;3118,314;3122,328;3127,314;3131,308;3135,322;3140,306;3144,320;3148,306;3153,318;3157,324;3161,324;3166,310;3170,324;3174,322;3179,338;3183,314;3187,314;3192,328;3196,312;3201,326;3205,318;3209,332;3214,318;3218,332;3222,316;3227,332;3231,322;3235,322;3240,322;3244,308;3248,320;3253,320;3257,340;3261,326;3266,338;3270,310;3275,324;3279,322;3283,316;3288,328;3292,328;3296,328;3301,314;3305,334;3309,320;3314,332;3318,318;3322,332;3327,316;3331,322;3335,322;3340,308;3344,320;3349,306;3353,326;3357,324;3362,324;3366,310;3370,324;3375,322;3379,300;3383,314;3388,312;3392,312;3396,312;3401,324;3405,316;3410,330;3414,316;3418,316;3423,314;3427,320;3431,306;3436,306;3440,318;3444,318;3449,316;3453,308;3457,322;3462,308;3466,320;3470,306;3475,312;3479,310;3484,310;3488,310;3492,310;3497,322;3501,316;3505,328;3510,314;3514,328;3518,312;3523,326;3527,318;3531,304;3536,316;3540,302;3545,314;3549,314;3553,320;3558,318;3562,320;3566,318;3571,332;3575,324;3579,322;3584,336;3588,308;3592,320;3597,306;3601,340;3605,324;3610,310;3614,324;3619,338;3623,314;3627,314;3632,314;3636,314;3640,326;3645,312;3649,332;3653,316;3658,330;3662,316;3666,330;3671,328;3675,320;3679,320;3684,306;3688,318;3693,318;3697,318;3701,324;3706,322;3710,322;3714,322;3719,320;3723,312;3727,326;3732,312;3736,324;3740,282;3745,324;3749,316;3753,316;3758,316;3762,314;3767,314;3771,306;3775,318;3780,304;3784,318;3788,304;3793,316;3797,308;3801,320;3806,306;3810,320;3814,306;3819,318;3823,310;3827,322;3832,322;3836,308;3841,308;3845,312;3849,326;3854,310;3858,310;3862,310;3867,310;3871,314;3875,314;3880,314;3884,312;3888,312;3893,310;3897,318;3901,316;3906,302;3910,316;3915,316;3919,320;3923,306;3928,320;3932,318;3936,318;3941,318;3945,324;3949,308;3954,322;3958,320;3962,320;3967,320;3971,312;3976,324;3980,310;3984,322;3989,322;3993,328;3997,312;4002,328;4006,312;4010,326;4015,310;4019,316;4023,330;4028,314;4032,314;4036,312;4041,326;4045,318;4050,332;4054,316;4058,330;4063,314;4067,320;4071,320;4076,318;4080,318;4084,318;4089,330;4093,322;4097,320;4102,320;4106,320;4110,318;4115,330;4119,322;4124,308;4128,320;4132,320;4137,320;4141,312;4145,324;4150,308;4154,322;4158,320;4163,320;4167,324;4171,312;4176,324;4180,310;4185,322;4189,314;4193,328;4198,312;4202,326;4206,310;4211,324;4215,316;4219,314;4224,314;4228,312;4232,312;4237,312;4241,332;4245,316;4250,314;4254,302;4259,314;4263,306;4267,304;4272,318;4276,304;4280,316;4285,302;4289,322;4293,322;4298,320;4302,320;4306,318;4311,318;4315,310;4319,322;4324,308;4328,320;4333,306;4337,320;4341,312;4346,324;4350,310;4354,324;4359,310;4363,314;4367,328;4372,300;4376,312;4380,312;4385,324;4389,316;4393,330;4398,314;4402,328;4407,314;4411,306;4415,318;4420,318;4424,318;4428,316;4433,316;4437,322;4441,322;4446,320;4450,320;4454,318;4459,332;4463,322;4467,310;4472,308;4476,308;4481,322;4485,314;4489,328;4494,326;4498,326;4502,324;4507,324;4511,330;4515,316;4520,314;4524,314;4528,328;4533,314;4537,320;4541,318;4546,320;4550,318;4555,332;4559,310;4563,308;4568,322;4572,294;4576,306;4581,306;4585,326;4589,310;4594,326;4598,310;4602,324;4607,310;4611,302;4616,314;4620,300;4624,312;4629,312;4633,318;4637,318;4642,316;4646,316;4650,330;4655,314;4659,308;4663,304;4668,306;4672,318;4676,318;4681,310;4685,308;4690,322;4694,322;4698,320;4703,320;4707,312;4711,326;4716,310;4720,310;4724,308;4729,322;4733,314;4737,328;4742,312;4746,326;4750,312;4755,326;4759,330;4764,316;4768,328;4772,314;4777,328;4781,306;4785,332;4790,316;4794,330;4798,316;4803,328;4807,334;4811,306;4816,318;4820,318;4824,318;4829,310;4833,324;4838,322;4842,322;4846,306;4851,336;4855,326;4859,310;4864,324;4868,324;4872,322;4877,308;4881,328;4885,314;4890,326;4894,312;4898,324;4903,310;4907,316;4912,330;4916,314;4920,314;4925,314;4929,320;4933,318;4938,318;4942,316;4946,316;4951,316;4955,308;4959,320;4964,306;4968,318;4972,304;4977,318;4981,310;4986,324;4990,322;4994,308;4999,306;5003,312;5007,312;5012,310;5016,324;5020,322;5025,322;5029,314;5033,314;5038,312;5042,324;5047,310;5051,316;5055,316;5060,314;5064,312;5068,312;5073,310;5077,316;5081,316;5086,314;5090,314;5094,312;5099,312;5103,316;5107,316;5112,328;5116,300;5121,314;5125,318;5129,318;5134,318;5138,330;5142,316;5147,316;5151,322;5155,306;5160,320;5164,318;5168,332;5173,316;5177,322;5182,308;5186,322;5190,320;5195,332;5199,310;5203,310;5208,308;5212,308;5216,322;5221,320;5225,326;5229,310;5234,324;5238,310;5242,324;5247,308;5251,314;5256,314;5260,314;5264,312;5269,312;5273,332;5277,316;5282,316;5286,314;5290,328;5295,314;5299,306;5303,318;5308,318;5312,318;5316,316;5321,314;5325,320;5330,320;5334,318;5338,318;5343,316;5347,310;5351,322;5356,294;5360,306;5364,306;5369,320;5373,310;5377,324;5382,310;5386,324;5390,308;5395,336;5399,328;5404,312;5408,312;5412,312;5417,310;5421,316;5425,302;5430,314;5434,314;5438,312;5443,314;5447,318;5451,318;5456,304;5460,302;5464,304;5469,316;5473,308;5478,308;5482,322;5486,320;5491,320;5495,312;5499,312;5504,310;5508,310;5512,324;5517,308;5521,316;5525,314;5530,314;5534,314;5538,326;5543,312;5547,304;5552,332;5556,302;5560,316;5565,316;5569,322;5573,308;5578,322;5582,320;5586,320;5591,304;5595,310;5599,324;5604,308;5608,322;5612,294;5617,306;5621,310;5626,326;5630,310;5634,324;5639,310;5643,316;5647,328;5652,314;5656,314;5660,312;5665,326;5669,318;5673,318;5678,316;5682,316;5687,314;5691,316;5695,306;5700,306;5704,320;5708,318;5713,318;5717,310;5721,322;5726,322;5730,336;5734,320;5739,320;5743,324;5747,310;5752,322;5756,306;5761,320;5765,312;5769,324;5774,310;5778,324;5782,308;5787,322;5791,312;5795,312;5800,312;5804,310;5808,324;5813,310;5817,330;5821,314;5826,328;5830,312;5835,326;5839,318;5843,318;5848,316;5852,316;5856,314;5861,314;5865,320;5869,320;5874,320;5878,304;5882,318;5887,316;5891,310;5895,322;5900,308;5904,308;5909,306;5913,326;5917,312;5922,324;5926,310;5930,324;5935,322;5939,300;5943,314;5948,312;5952,326;5956,310;5961,324;5965,316;5969,330;5974,314;5978,328;5983,312;5987,318;5991,332;5996,302;6000,316;6004,314;6009,316;6013,306;6017,320;6022,318;6026,318;6030,316;6035,330;6039,322;6044,320;6048,320;6052,306;6057,318;6061,310;6065,324;6070,308;6074,308;6078,292;6083,306;6087,284;6091,296;6096,280;6100,294;6104,278;6109,298;6113,284;6118,284;6122,268;6126,280;6131,294;6135,286;6139,286;6144,284;6148,284;6152,282;6157,282;6161,288;6165,288;6170,272;6174,286;6178,300;6183,290;6187,290;6192,304;6196,288;6200,288;6205,274;6209,308;6213,292;6218,292;6222,290;6226,262;6231,290;6235,280;6239,280;6244,280;6248,292;6252,278;6257,284;6261,298;6266,296;6270,296;6274,282;6279,280;6283,286;6287,286;6292,284;6296,284;6300,282;6305,276;6309,274;6313,274;6318,286;6322,286;6327,286;6331,278;6335,278;6340,276;6344,276;6348,274;6353,276;6357,280;6361,280;6366,280;6370,292;6374,292;6379,284;6383,270;6387,268;6392,282;6396,282;6401,266;6405,286;6409,258;6414,286;6418,298;6422,284;6427,298;6431,288;6435,288;6440,272;6444,272;6448,272;6453,292;6457,292;6461,276;6466,290;6470,288;6475,288;6479,266;6483,268;6488,266;6492,280;6496,278;6501,292;6505,284;6509,284;6514,282;6518,282;6522,252;6527,286;6531,272;6535,286;6540,270;6544,284;6549,270;6553,290;6557,290;6562,288;6566,274;6570,274;6575,266;6579,264;6583,278;6588,278;6592,276;6596,274;\r\nBuffer sent in 0.973 secondsreturn;buffer;965\r\n'), 10:32:17
bytearray(b'received from UR: home -> home (0,1)\r\nSTEPPER: Moving to mstep: 0 with speed [msteps/sec]: 4000 in SpreadCycle.\r\n'), 10:32:19
bytearray(b'STEPPER: Moved 2400.00 msteps (ramp: 35%) in 813.424 ms -> average speed [msteps/sec]: 2950.49\r\nreturn;home;1\r\n'), 10:32:19
