bytearray(b'STEPPER: Moving to mstep: 2400 with speed [msteps/sec]: 4000 in SpreadCycle.\r\n'), 10:32:46
bytearray(b'STEPPER: Moved 2400.00 msteps (ramp: 35%) in 812.836 ms -> average speed [msteps/sec]: 2952.63\r\n'), 10:32:47
bytearray(b'received from UR: status -> status (0,1)\r\n*** STATUS ***\r\nid        :         3 -\r\nstep      :      2400 steps\r\nspeed     :      1500 msteps/s\r\nmspeed    :      1000 msteps/s\r\nsg-thrs   :        80 -\r\ndefault   :     12000 \xc2\xb5m\r\ndispense  :     30350 \xc2\xb5m\r\nblowout   :     33000 \xc2\xb5m\r\nd-offset  :        20 \xc2\xb5m\r\nur0       :         0 -\r\nur1       :         1 -\r\nhomed     :         1 -\r\nreturn;status;2400\r\n'), 10:32:49
bytearray(b'received from UR: measure -> measure (0,1)\r\nSTEPPER: Moving to mstep: 6600 with speed [msteps/sec]: 1000 in StealthChop.\r\n'), 10:32:50
bytearray(b'STEPPER: Moving to mstep: 2400 with speed [msteps/sec]: 4000 in SpreadCycle.\r\n'), 10:32:54
bytearray(b'STEPPER: Moved 4200.00 msteps (ramp: 35%) in 1324.880 ms -> average speed [msteps/sec]: 3170.10\r\nreturn;measure;965\r\n'), 10:32:56
bytearray(b'received from UR: buffer -> buffer (0,1)\r\nSending buffer of size 965data;2400,126;2404,458;2408,194;2413,282;2417,324;2421,316;2426,330;2430,330;2434,330;2439,314;2443,320;2447,320;2452,332;2456,332;2460,318;2465,330;2469,322;2474,336;2478,334;2482,334;2487,318;2491,324;2495,324;2500,324;2504,336;2508,322;2513,334;2517,326;2521,324;2526,324;2530,338;2534,322;2539,334;2543,326;2548,326;2552,338;2556,324;2561,324;2565,328;2569,328;2574,326;2578,340;2582,324;2587,338;2591,330;2595,314;2600,328;2604,328;2608,340;2613,326;2617,332;2622,318;2626,330;2630,328;2635,328;2639,320;2643,318;2648,318;2652,318;2656,330;2661,316;2665,336;2669,320;2674,334;2678,318;2682,332;2687,318;2691,324;2696,336;2700,322;2704,322;2709,320;2713,326;2717,324;2722,324;2726,322;2730,336;2735,322;2739,314;2743,342;2748,314;2752,326;2756,310;2761,324;2765,318;2770,344;2774,328;2778,342;2783,328;2787,318;2791,332;2796,332;2800,332;2804,316;2809,330;2813,322;2817,336;2822,322;2826,336;2830,320;2835,336;2839,326;2844,310;2848,324;2852,310;2857,324;2861,328;2865,342;2870,314;2874,328;2878,326;2883,326;2887,332;2891,330;2896,330;2900,316;2905,328;2909,328;2913,334;2918,320;2922,332;2926,318;2931,332;2935,338;2939,322;2944,322;2948,308;2952,320;2957,320;2961,326;2965,312;2970,324;2974,310;2979,324;2983,308;2987,314;2992,314;2996,300;3000,312;3005,312;3009,318;3013,302;3018,316;3022,316;3026,316;3031,314;3035,320;3040,318;3044,304;3048,318;3053,318;3057,322;3061,308;3066,322;3070,306;3074,320;3079,320;3083,312;3087,324;3092,310;3096,310;3100,322;3105,322;3109,314;3114,328;3118,312;3122,326;3127,312;3131,304;3135,318;3140,302;3144,316;3148,300;3153,314;3157,320;3161,334;3166,318;3170,332;3174,318;3179,328;3183,322;3188,322;3192,334;3196,320;3201,332;3205,310;3209,324;3214,324;3218,336;3222,322;3227,336;3231,314;3235,326;3240,326;3244,326;3248,324;3253,310;3257,330;3262,314;3266,328;3270,314;3275,328;3279,318;3283,318;3288,316;3292,316;3296,314;3301,328;3305,320;3309,320;3314,332;3318,318;3322,330;3327,316;3331,322;3336,320;3340,306;3344,318;3349,318;3353,324;3357,308;3362,322;3366,322;3370,334;3375,320;3379,296;3383,310;3388,310;3392,322;3396,308;3401,322;3405,312;3410,326;3414,310;3418,324;3423,308;3427,314;3431,314;3436,312;3440,312;3444,326;3449,324;3453,302;3457,316;3462,314;3466,314;3470,314;3475,314;3479,318;3484,304;3488,318;3492,316;3497,316;3501,308;3505,322;3510,306;3514,320;3518,318;3523,318;3527,324;3531,296;3536,308;3540,308;3545,322;3549,312;3553,326;3558,312;3562,324;3566,324;3571,324;3575,316;3579,300;3584,314;3588,314;3592,326;3597,312;3601,332;3605,316;3610,330;3614,314;3619,328;3623,322;3627,320;3632,320;3636,318;3640,318;3645,302;3649,324;3653,322;3658,336;3662,320;3666,334;3671,320;3675,312;3679,324;3684,310;3688,310;3693,324;3697,330;3701,314;3706,328;3710,312;3714,326;3719,324;3723,316;3727,330;3732,314;3736,314;3740,314;3745,326;3749,318;3753,318;3758,316;3762,316;3767,314;3771,320;3775,320;3780,304;3784,318;3788,318;3793,330;3797,308;3801,322;3806,306;3810,320;3814,318;3819,318;3823,310;3827,310;3832,308;3836,322;3841,322;3845,300;3849,314;3854,312;3858,326;3862,310;3867,310;3871,316;3875,300;3880,312;3884,314;3888,326;3893,312;3897,318;3902,318;3906,318;3910,316;3915,316;3919,322;3923,306;3928,320;3932,320;3936,334;3941,318;3945,324;3949,308;3954,322;3958,322;3962,320;3967,306;3971,312;3976,324;3980,324;3984,338;3989,322;3993,328;3997,314;4002,326;4006,312;4010,340;4015,326;4019,302;4023,316;4028,302;4032,314;4036,314;4041,328;4045,318;4050,334;4054,318;4058,332;4063,316;4067,322;4071,322;4076,322;4080,320;4084,306;4089,320;4093,326;4097,324;4102,324;4106,324;4110,324;4115,302;4119,316;4124,314;4128,328;4132,314;4137,326;4141,318;4145,320;4150,318;4154,330;4158,316;4163,326;4167,322;4171,306;4176,318;4180,304;4185,318;4189,304;4193,338;4198,322;4202,336;4206,320;4211,320;4215,312;4219,310;4224,324;4228,310;4232,322;4237,308;4241,326;4245,312;4250,326;4254,310;4259,310;4263,316;4267,300;4272,314;4276,312;4280,312;4285,312;4289,316;4293,316;4298,316;4302,314;4306,314;4311,312;4315,304;4319,318;4324,318;4328,330;4333,316;4337,322;4341,322;4346,320;4350,320;4354,320;4359,318;4363,310;4367,324;4372,322;4376,336;4380,322;4385,322;4389,312;4393,324;4398,312;4402,326;4407,310;4411,300;4415,314;4420,314;4424,326;4428,312;4433,324;4437,316;4441,330;4446,314;4450,328;4454,314;4459,326;4463,318;4467,302;4472,316;4476,314;4481,328;4485,320;4489,332;4494,318;4498,332;4502,316;4507,316;4511,322;4515,306;4520,320;4524,318;4528,318;4533,302;4537,322;4541,322;4546,320;4550,318;4555,332;4559,324;4563,308;4568,320;4572,306;4576,320;4581,318;4585,324;4589,310;4594,324;4598,308;4602,322;4607,320;4611,312;4616,326;4620,310;4624,310;4629,310;4633,330;4637,314;4642,314;4646,312;4650,326;4655,312;4659,318;4663,316;4668,302;4672,314;4676,300;4681,314;4685,318;4690,318;4694,316;4698,330;4703,314;4707,320;4711,318;4716,304;4720,316;4724,316;4729,328;4733,306;4737,320;4742,318;4746,318;4750,316;4755,316;4759,320;4764,304;4768,318;4772,318;4777,330;4781,322;4785,334;4790,320;4794,332;4798,318;4803,332;4807,322;4811,308;4816,320;4820,320;4825,320;4829,310;4833,324;4838,308;4842,322;4846,320;4851,320;4855,326;4859,310;4864,324;4868,322;4872,322;4877,322;4881,326;4885,312;4890,326;4894,324;4899,324;4903,314;4907,314;4912,326;4916,312;4920,312;4925,310;4929,316;4933,316;4938,314;4942,312;4946,326;4951,312;4955,316;4959,316;4964,300;4968,314;4973,298;4977,318;4981,316;4986,316;4990,300;4994,328;4999,312;5003,304;5007,318;5012,316;5016,316;5020,300;5025,314;5029,304;5033,318;5038,316;5042,330;5047,314;5051,306;5055,306;5060,304;5064,318;5068,302;5073,314;5077,320;5081,320;5086,304;5090,318;5094,316;5099,316;5103,322;5107,318;5112,318;5116,302;5121,314;5125,320;5129,320;5134,318;5138,318;5142,316;5147,316;5151,334;5155,320;5160,320;5164,304;5168,318;5173,316;5177,322;5181,306;5186,334;5190,318;5195,332;5199,324;5203,308;5208,322;5212,306;5216,320;5221,318;5225,324;5229,308;5234,324;5238,322;5242,322;5247,320;5251,312;5255,310;5260,310;5264,308;5269,308;5273,326;5277,312;5282,324;5286,324;5290,322;5295,308;5299,312;5303,312;5308,310;5312,324;5316,308;5321,320;5325,326;5330,326;5334,310;5338,324;5343,322;5347,300;5351,312;5356,298;5360,310;5364,310;5369,310;5373,314;5377,328;5382,312;5386,326;5390,310;5395,324;5399,316;5404,314;5408,314;5412,300;5417,312;5421,318;5425,318;5430,304;5434,316;5438,302;5443,316;5447,320;5451,320;5456,320;5460,304;5464,318;5469,310;5473,308;5478,308;5482,320;5486,306;5491,318;5495,324;5499,310;5504,310;5508,308;5512,306;5517,306;5521,326;5525,312;5530,324;5534,322;5538,322;5543,308;5547,298;5552,312;5556,310;5560,324;5565,308;5569,328;5573,312;5578,326;5582,310;5586,338;5591,322;5595,300;5599,314;5604,312;5608,324;5613,310;5617,324;5621,314;5626,328;5630,314;5634,326;5639,326;5643,302;5647,316;5652,314;5656,314;5660,300;5665,312;5669,318;5673,332;5678,318;5682,330;5687,316;5691,314;5695,320;5700,304;5704,318;5708,316;5713,316;5717,322;5721,322;5726,320;5730,320;5734,318;5739,320;5743,310;5747,294;5752,308;5756,308;5761,320;5765,312;5769,326;5774,310;5778,324;5782,308;5787,322;5791,314;5795,312;5800,312;5804,296;5808,310;5813,296;5817,330;5821,314;5826,314;5830,312;5835,326;5839,316;5843,316;5848,316;5852,314;5856,314;5861,300;5865,318;5869,304;5874,304;5878,302;5882,316;5887,314;5891,306;5896,306;5900,304;5904,304;5909,304;5913,324;5917,322;5922,322;5926,320;5930,320;5935,320;5939,298;5943,310;5948,310;5952,322;5956,308;5961,322;5965,312;5970,326;5974,312;5978,324;5983,310;5987,316;5991,328;5996,298;6000,312;6004,298;6009,326;6013,316;6017,330;6022,316;6026,328;6030,314;6035,306;6039,318;6044,302;6048,316;6052,316;6057,316;6061,320;6065,334;6070,320;6074,332;6078,318;6083,332;6087,324;6091,322;6096,320;6100,306;6104,306;6109,318;6113,324;6118,322;6122,322;6126,320;6131,320;6135,326;6139,310;6144,310;6148,308;6152,322;6157,294;6161,328;6165,312;6170,326;6174,310;6178,324;6183,300;6187,300;6192,298;6196,284;6200,282;6205,282;6209,302;6213,286;6218,286;6222,300;6226,298;6231,276;6235,276;6239,274;6244,274;6248,274;6252,272;6257,304;6261,290;6266,290;6270,288;6274,302;6279,288;6283,292;6287,292;6292,290;6296,290;6300,274;6305,274;6309,294;6313,280;6318,292;6322,306;6327,290;6331,282;6335,294;6340,294;6344,292;6348,278;6353,276;6357,296;6361,294;6366,294;6370,308;6374,292;6379,256;6383,296;6387,296;6392,294;6396,294;6401,294;6405,270;6409,282;6414,282;6418,296;6422,294;6427,272;6431,270;6435,284;6440,268;6444,268;6448,280;6453,286;6457,286;6462,284;6466,298;6470,284;6475,282;6479,274;6483,272;6488,272;6492,270;6496,270;6501,282;6505,274;6509,288;6514,302;6518,286;6522,286;6527,306;6531,290;6536,290;6540,274;6544,276;6549,274;6553,280;6557,294;6562,294;6566,292;6570,292;6575,276;6579,282;6583,296;6588,282;6592,280;6596,280;\r\nBuffer sent in 0.973 secondsreturn;buffer;965\r\n'), 10:32:58
bytearray(b'received from UR: measure -> measure (0,1)\r\nSTEPPER: Moving to mstep: 6600 with speed [msteps/sec]: 1000 in StealthChop.\r\n'), 10:32:59
bytearray(b'STEPPER: Moving to mstep: 2400 with speed [msteps/sec]: 4000 in SpreadCycle.\r\n'), 10:33:03
bytearray(b'STEPPER: Moved 4200.00 msteps (ramp: 35%) in 1324.888 ms -> average speed [msteps/sec]: 3170.08\r\nreturn;measure;965\r\n'), 10:33:04
bytearray(b'received from UR: buffer -> buffer (0,1)\r\nSending buffer of size 965data;2400,302;2404,440;2408,194;2413,280;2417,308;2421,326;2426,328;2430,326;2434,340;2439,324;2443,316;2447,328;2452,328;2456,328;2460,314;2465,326;2469,332;2474,332;2478,316;2482,330;2487,330;2491,320;2495,320;2500,320;2504,332;2508,318;2513,330;2517,336;2521,336;2526,336;2530,334;2534,318;2539,332;2543,324;2548,322;2552,336;2556,320;2561,334;2565,326;2569,338;2574,324;2578,338;2582,322;2587,336;2591,328;2595,312;2600,326;2604,310;2608,324;2613,324;2617,342;2622,328;2626,328;2630,326;2635,340;2639,332;2643,316;2648,328;2652,328;2656,328;2661,314;2665,332;2669,318;2674,330;2678,330;2682,330;2687,328;2691,320;2696,334;2700,318;2704,330;2709,316;2713,336;2717,334;2722,334;2726,332;2730,332;2735,330;2739,322;2743,336;2748,320;2752,332;2756,318;2761,330;2765,322;2770,336;2774,320;2778,334;2783,318;2787,310;2791,324;2796,322;2800,334;2804,320;2809,332;2813,324;2817,338;2822,322;2826,336;2830,320;2835,312;2839,324;2844,324;2848,322;2852,322;2857,320;2861,326;2865,338;2870,324;2874,338;2878,322;2883,324;2887,328;2891,326;2896,326;2900,326;2905,324;2909,324;2913,330;2918,328;2922,328;2926,326;2931,340;2935,332;2939,316;2944,330;2948,330;2952,328;2957,314;2961,334;2965,318;2970,332;2974,316;2979,316;2983,322;2987,306;2992,306;2996,306;3000,318;3005,304;3009,324;3013,322;3018,336;3022,308;3026,322;3031,306;3035,312;3039,312;3044,298;3048,310;3053,310;3057,330;3061,314;3066,314;3070,314;3074,326;3079,312;3083,318;3087,316;3092,316;3096,314;3100,314;3105,314;3109,320;3114,320;3118,318;3122,318;3127,316;3131,308;3135,320;3140,306;3144,320;3148,304;3153,332;3157,308;3161,322;3166,308;3170,322;3174,320;3179,312;3183,326;3188,310;3192,310;3196,308;3201,336;3205,314;3209,328;3214,312;3218,326;3222,312;3227,326;3231,316;3235,316;3240,314;3244,314;3248,314;3253,300;3257,332;3262,318;3266,330;3270,330;3275,328;3279,320;3283,306;3288,318;3292,318;3296,318;3301,316;3305,322;3309,320;3314,322;3318,318;3322,332;3327,318;3331,310;3336,322;3340,322;3344,322;3349,306;3353,326;3357,324;3362,324;3366,310;3370,324;3375,308;3379,314;3383,314;3388,312;3392,326;3396,310;3401,324;3405,316;3410,316;3414,314;3418,328;3423,312;3427,318;3431,318;3436,318;3440,316;3444,316;3449,316;3453,308;3457,320;3462,306;3466,320;3470,318;3475,310;3479,322;3484,308;3488,308;3492,306;3497,320;3501,312;3505,312;3510,310;3514,324;3518,310;3523,322;3527,314;3531,298;3536,328;3540,312;3545,326;3549,318;3553,318;3558,316;3562,330;3566,314;3571,328;3575,320;3579,306;3584,334;3588,318;3592,318;3597,302;3601,338;3605,322;3610,336;3614,320;3619,334;3623,320;3627,310;3632,310;3636,322;3640,322;3645,322;3649,328;3653,314;3658,328;3662,312;3666,326;3671,326;3675,316;3679,316;3684,314;3688,314;3693,314;3697,326;3701,318;3706,318;3710,316;3714,328;3719,328;3723,306;3727,318;3732,304;3736,332;3740,316;3745,316;3749,322;3754,320;3758,320;3762,320;3767,318;3771,308;3775,322;3780,306;3784,320;3788,306;3793,320;3797,310;3801,324;3806,308;3810,322;3814,308;3819,322;3823,312;3828,312;3832,310;3836,310;3841,310;3845,314;3849,326;3854,314;3858,326;3862,312;3867,326;3871,304;3875,302;3880,302;3884,314;3888,314;3893,312;3897,320;3902,318;3906,318;3910,304;3915,316;3919,320;3923,292;3928,320;3932,304;3936,318;3941,304;3945,322;3949,322;3954,322;3958,320;3962,320;3967,318;3971,310;3976,324;3980,308;3984,322;3989,320;3993,328;3997,326;4002,338;4006,324;4010,338;4015,310;4019,316;4023,328;4028,314;4032,326;4036,326;4041,326;4045,318;4050,332;4054,316;4058,330;4063,328;4067,320;4071,306;4076,318;4080,332;4084,330;4089,330;4093,320;4097,320;4102,320;4106,318;4110,318;4115,330;4119,322;4124,308;4128,308;4132,306;4137,318;4141,324;4145,324;4150,322;4154,322;4158,322;4163,322;4167,312;4171,312;4176,326;4180,310;4185,310;4189,314;4193,328;4198,314;4202,326;4206,312;4211,326;4215,316;4219,302;4224,316;4228,314;4232,314;4237,314;4241,320;4245,318;4250,318;4254,316;4259,316;4263,322;4267,306;4272,306;4276,304;4280,318;4285,318;4289,308;4293,308;4298,322;4302,320;4306,320;4311,318;4315,310;4319,310;4324,294;4328,306;4333,294;4337,326;4341,312;4346,326;4350,310;4354,324;4359,308;4363,314;4367,328;4372,312;4376,326;4380,310;4385,338;4389,316;4393,328;4398,314;4402,326;4407,310;4411,318;4415,318;4420,316;4424,314;4428,300;4433,314;4437,320;4441,334;4446,318;4450,334;4454,316;4459,330;4463,322;4467,308;4472,320;4476,306;4481,320;4485,326;4489,326;4494,324;4498,324;4502,324;4507,322;4511,328;4515,314;4520,314;4524,312;4528,326;4533,326;4537,318;4541,316;4546,330;4550,314;4555,328;4559,320;4563,306;4568,318;4572,304;4576,318;4581,316;4585,322;4589,308;4594,322;4598,320;4602,332;4607,318;4611,310;4616,322;4620,320;4624,320;4629,306;4633,326;4637,312;4642,324;4646,310;4650,324;4655,308;4659,314;4663,312;4668,298;4672,326;4676,324;4681,310;4685,316;4690,314;4694,314;4698,312;4703,312;4707,318;4711,302;4716,302;4720,330;4724,314;4729,328;4733,320;4737,320;4742,318;4746,318;4750,316;4755,308;4759,322;4764,306;4768,320;4772,304;4777,332;4781,324;4785,338;4790,322;4794,322;4798,320;4803,334;4807,312;4811,312;4816,324;4820,310;4825,310;4829,316;4833,328;4838,312;4842,326;4846,326;4851,338;4855,316;4859,316;4864,314;4868,300;4872,314;4877,312;4881,332;4885,318;4890,318;4894,316;4899,330;4903,320;4907,320;4912,320;4916,318;4920,318;4925,316;4929,322;4933,322;4938,322;4942,320;4946,320;4951,318;4955,312;4959,324;4964,308;4968,322;4973,320;4977,320;4981,312;4986,324;4990,310;4994,322;4999,322;5003,312;5007,326;5012,310;5016,324;5020,322;5025,322;5029,312;5033,326;5038,310;5042,324;5047,310;5051,300;5055,314;5060,314;5064,312;5068,312;5073,310;5077,316;5081,316;5086,316;5090,328;5094,314;5099,326;5103,304;5107,304;5112,316;5116,314;5121,314;5125,320;5129,332;5134,318;5138,330;5142,316;5147,314;5151,320;5155,304;5160,318;5164,316;5168,316;5173,316;5177,336;5181,320;5186,334;5190,318;5195,332;5199,324;5203,308;5208,322;5212,306;5216,320;5221,320;5225,326;5229,324;5234,338;5238,322;5242,336;5247,320;5251,312;5256,312;5260,310;5264,322;5269,308;5273,328;5277,312;5282,326;5286,310;5290,324;5295,310;5299,314;5303,328;5308,328;5312,326;5316,312;5321,324;5325,316;5330,330;5334,314;5338,314;5343,312;5347,318;5351,316;5356,302;5360,316;5364,300;5369,312;5373,318;5377,332;5382,316;5386,330;5390,312;5395,292;5399,304;5404,304;5408,318;5412,316;5417,316;5421,320;5425,334;5430,320;5434,318;5438,304;5443,316;5447,308;5451,320;5456,320;5460,304;5465,318;5469,310;5473,322;5478,322;5482,320;5486,320;5491,320;5495,324;5499,324;5504,322;5508,306;5512,320;5517,304;5521,324;5525,324;5530,324;5534,322;5539,322;5543,312;5547,298;5552,312;5556,310;5560,324;5565,308;5569,328;5573,314;5578,328;5582,312;5586,326;5591,310;5595,316;5599,316;5604,300;5608,314;5613,312;5617,312;5621,318;5626,332;5630,316;5634,330;5639,314;5643,320;5647,318;5652,318;5656,318;5660,304;5665,302;5669,322;5673,320;5678,320;5682,320;5687,318;5691,310;5695,322;5700,322;5704,306;5708,306;5713,332;5717,310;5721,324;5726,322;5730,322;5734,320;5739,320;5743,326;5747,312;5752,312;5756,296;5761,310;5765,316;5769,328;5774,314;5778,314;5782,312;5787,326;5791,316;5795,302;5800,316;5804,300;5808,312;5813,312;5817,332;5821,316;5826,316;5830,314;5835,314;5839,306;5843,304;5848,318;5852,318;5856,316;5861,316;5865,322;5869,306;5874,320;5878,320;5882,320;5887,318;5891,310;5896,310;5900,310;5904,308;5909,308;5913,328;5917,312;5922,326;5926,312;5930,312;5935,310;5939,316;5943,316;5948,300;5952,314;5956,298;5961,312;5965,318;5970,332;5974,318;5978,318;5983,316;5987,308;5991,322;5996,306;6000,320;6004,304;6009,332;6013,310;6017,322;6022,308;6026,322;6030,306;6035,312;6039,310;6044,310;6048,310;6052,310;6057,308;6061,314;6065,328;6070,312;6074,326;6078,312;6083,324;6087,316;6091,314;6096,314;6100,312;6104,312;6109,312;6113,330;6118,316;6122,316;6126,314;6131,328;6135,306;6139,320;6144,318;6148,304;6152,316;6157,302;6161,322;6165,320;6170,320;6174,306;6178,318;6183,296;6187,294;6192,294;6196,278;6200,278;6205,276;6209,298;6213,296;6218,296;6222,294;6226,294;6231,286;6235,298;6239,298;6244,298;6248,282;6253,282;6257,288;6261,286;6266,286;6270,286;6274,270;6279,284;6283,262;6287,276;6292,288;6296,274;6300,274;6305,272;6309,292;6313,278;6318,278;6322,276;6327,290;6331,282;6335,296;6340,280;6344,294;6348,278;6353,292;6357,298;6361,298;6366,296;6370,296;6374,278;6379,286;6383,286;6387,270;6392,284;6396,284;6401,282;6405,274;6409,302;6414,286;6418,286;6422,286;6427,298;6431,290;6435,290;6440,290;6444,288;6448,302;6453,280;6457,294;6461,278;6466,248;6470,276;6475,290;6479,296;6483,294;6488,280;6492,278;6496,292;6501,290;6505,296;6509,282;6514,252;6518,280;6522,294;6527,300;6531,286;6536,284;6540,284;6544,284;6549,282;6553,274;6557,286;6562,300;6566,300;6570,300;6575,276;6579,276;6583,274;6588,274;6592,286;6596,272;\r\nBuffer sent in 0.973 secondsreturn;buffer;965\r\n'), 10:33:06
bytearray(b'received from UR: measure -> measure (0,1)\r\nSTEPPER: Moving to mstep: 6600 with speed [msteps/sec]: 1000 in StealthChop.\r\n'), 10:33:07
bytearray(b'STEPPER: Moving to mstep: 2400 with speed [msteps/sec]: 4000 in SpreadCycle.\r\n'), 10:33:11
bytearray(b'STEPPER: Moved 4200.00 msteps (ramp: 35%) in 1324.888 ms -> average speed [msteps/sec]: 3170.08\r\nreturn;measure;965\r\n'), 10:33:13
bytearray(b'received from UR: buffer -> buffer (0,1)\r\nSending buffer of size 965data;2400,292;2404,450;2408,160;2413,274;2417,316;2421,322;2426,336;2430,320;2434,336;2439,320;2443,312;2447,324;2452,310;2456,324;2460,322;2465,336;2469,314;2474,328;2478,326;2482,328;2487,326;2491,332;2495,318;2500,316;2504,330;2508,316;2513,328;2517,320;2521,334;2526,318;2530,332;2534,318;2539,332;2543,324;2548,322;2552,336;2556,322;2561,334;2565,326;2569,340;2574,324;2578,338;2582,324;2587,336;2591,344;2595,314;2600,328;2604,326;2608,340;2613,310;2617,332;2622,330;2626,344;2630,328;2635,342;2639,334;2643,318;2648,332;2652,332;2656,330;2661,316;2665,336;2669,320;2674,334;2678,318;2683,332;2687,330;2691,322;2696,320;2700,320;2704,334;2709,318;2713,338;2717,324;2722,336;2726,322;2730,334;2735,320;2739,312;2743,324;2748,308;2752,336;2757,320;2761,334;2765,326;2770,340;2774,324;2778,338;2783,322;2787,314;2791,328;2796,312;2800,324;2804,310;2809,324;2813,316;2817,342;2822,314;2826,326;2831,326;2835,318;2839,332;2844,330;2848,328;2852,314;2857,326;2861,320;2865,334;2870,318;2874,332;2878,316;2883,330;2887,334;2891,334;2896,320;2900,318;2904,332;2909,316;2913,336;2918,320;2922,320;2926,318;2931,332;2935,324;2939,310;2944,322;2948,306;2952,334;2957,318;2961,324;2965,324;2970,324;2974,322;2979,322;2983,326;2987,312;2992,324;2996,308;3000,322;3005,308;3009,328;3013,312;3018,326;3022,310;3026,324;3031,310;3035,314;3039,312;3044,312;3048,324;3053,310;3057,316;3061,314;3066,314;3070,312;3074,326;3079,312;3083,316;3087,316;3092,316;3096,314;3100,314;3105,326;3109,318;3114,318;3118,316;3122,330;3127,316;3131,308;3135,306;3140,306;3144,320;3148,304;3153,332;3157,310;3161,324;3166,308;3170,322;3174,322;3179,334;3183,326;3188,298;3192,326;3196,310;3201,324;3205,316;3209,332;3214,328;3218,328;3222,314;3227,328;3231,318;3235,318;3240,318;3244,316;3248,316;3253,314;3257,334;3262,320;3266,334;3270,318;3275,332;3279,324;3283,324;3288,338;3292,324;3296,322;3301,322;3305,328;3309,312;3314,326;3318,312;3322,326;3327,312;3331,316;3336,330;3340,316;3344,314;3349,314;3353,320;3357,318;3362,318;3366,318;3370,330;3375,316;3379,308;3383,322;3388,308;3392,320;3396,306;3401,320;3405,312;3410,326;3414,312;3418,324;3423,310;3427,316;3431,330;3436,316;3440,314;3444,314;3449,314;3453,306;3457,320;3462,304;3466,318;3470,318;3475,310;3479,324;3484,322;3488,308;3492,308;3497,322;3501,314;3505,326;3510,312;3514,326;3518,312;3523,324;3527,316;3531,302;3536,314;3540,300;3544,328;3549,314;3553,320;3558,318;3562,332;3566,318;3571,332;3575,322;3579,308;3584,322;3588,306;3592,320;3597,304;3601,326;3605,310;3610,324;3614,308;3619,322;3623,322;3627,314;3632,328;3636,326;3640,312;3645,310;3649,332;3653,316;3658,330;3662,328;3666,328;3671,314;3675,320;3679,332;3684,332;3688,316;3693,316;3697,322;3701,320;3706,334;3710,320;3714,332;3719,318;3723,310;3727,322;3732,322;3736,322;3740,306;3745,306;3749,312;3753,324;3758,310;3762,324;3767,322;3771,300;3775,314;3780,300;3784,312;3788,312;3793,326;3797,318;3801,330;3806,316;3810,330;3814,314;3819,314;3823,320;3827,306;3832,318;3836,304;3841,318;3845,310;3849,310;3854,308;3858,322;3862,308;3867,320;3871,312;3875,296;3880,312;3884,310;3888,310;3893,310;3897,316;3902,314;3906,328;3910,314;3915,326;3919,332;3923,318;3928,316;3932,302;3936,328;3941,314;3945,320;3949,320;3954,320;3958,318;3962,332;3967,316;3971,308;3976,322;3980,306;3984,320;3989,304;3993,318;3997,324;4002,338;4006,322;4010,336;4015,322;4019,314;4023,326;4028,312;4032,324;4036,310;4041,324;4045,314;4050,328;4054,314;4058,328;4063,314;4067,306;4071,318;4076,318;4080,316;4084,316;4089,330;4093,320;4097,320;4102,320;4106,320;4110,318;4115,318;4119,324;4124,310;4128,336;4132,322;4137,322;4141,312;4145,326;4150,326;4154,326;4158,324;4163,324;4167,316;4171,302;4176,316;4180,314;4184,328;4189,306;4193,320;4198,320;4202,334;4206,318;4211,304;4215,310;4219,310;4224,308;4228,322;4232,320;4237,320;4241,326;4245,312;4250,326;4254,310;4259,324;4263,316;4267,302;4272,314;4276,300;4280,314;4285,312;4289,320;4293,318;4298,318;4302,318;4306,318;4311,316;4315,322;4319,322;4324,308;4328,322;4333,306;4337,320;4341,314;4346,326;4350,312;4354,326;4359,324;4363,302;4367,330;4372,302;4376,314;4380,300;4385,328;4389,320;4393,334;4398,320;4402,334;4407,318;4411,296;4415,324;4420,310;4424,322;4428,322;4433,322;4437,314;4441,328;4446,314;4450,328;4454,312;4459,326;4463,318;4467,318;4472,318;4476,316;4481,330;4485,308;4489,322;4494,320;4498,320;4502,320;4507,320;4511,326;4515,312;4520,324;4524,310;4528,324;4533,308;4537,330;4541,314;4546,328;4550,314;4555,328;4559,320;4563,306;4568,320;4572,304;4576,318;4581,316;4585,324;4589,322;4594,322;4598,320;4602,334;4607,320;4611,312;4615,326;4620,312;4624,312;4629,310;4633,310;4637,316;4642,316;4646,314;4650,328;4655,314;4659,306;4663,318;4668,304;4672,318;4676,302;4681,316;4685,322;4690,322;4694,308;4698,320;4703,318;4707,326;4711,310;4716,310;4720,324;4724,308;4729,322;4733,316;4737,328;4742,314;4746,328;4750,314;4755,304;4759,318;4764,304;4768,316;4772,302;4777,330;4781,322;4785,336;4790,320;4794,334;4798,320;4803,334;4807,326;4811,310;4816,324;4820,310;4824,324;4829,316;4833,330;4838,314;4842,328;4846,312;4851,328;4855,320;4859,318;4864,332;4868,332;4872,316;4877,316;4881,322;4885,322;4890,322;4894,320;4899,320;4903,318;4907,312;4912,324;4916,324;4920,324;4925,308;4929,328;4933,314;4938,328;4942,312;4946,326;4951,324;4955,304;4959,316;4964,316;4968,328;4973,314;4977,320;4981,318;4986,318;4990,316;4994,330;4999,314;5003,306;5007,320;5012,306;5016,318;5020,304;5025,332;5029,308;5033,322;5038,308;5042,322;5047,308;5051,312;5055,312;5060,312;5064,326;5068,310;5073,310;5077,316;5081,316;5086,314;5090,314;5094,312;5099,312;5103,318;5107,304;5112,330;5116,316;5121,316;5125,320;5129,320;5134,318;5138,320;5142,318;5147,316;5151,322;5155,306;5160,334;5164,306;5168,318;5173,302;5177,336;5181,322;5186,336;5190,320;5195,334;5199,324;5203,310;5208,324;5212,308;5216,336;5221,320;5225,326;5229,310;5234,324;5238,308;5242,322;5247,306;5251,312;5255,326;5260,312;5264,326;5269,324;5273,316;5277,314;5282,328;5286,314;5290,326;5295,312;5299,318;5303,316;5308,316;5312,316;5316,314;5321,312;5325,318;5330,332;5334,316;5338,318;5343,314;5347,306;5351,320;5356,304;5360,332;5364,318;5369,316;5373,308;5377,322;5382,306;5386,320;5390,318;5395,296;5399,310;5404,308;5408,320;5412,306;5417,320;5421,310;5425,324;5430,310;5434,322;5438,308;5443,322;5447,314;5451,312;5456,310;5460,296;5464,308;5469,314;5473,328;5478,314;5482,326;5486,326;5491,324;5495,316;5499,316;5504,316;5508,312;5512,314;5517,312;5521,318;5525,316;5530,330;5534,316;5539,330;5543,314;5547,306;5552,320;5556,304;5560,318;5565,302;5569,336;5573,322;5578,336;5582,320;5586,332;5591,318;5595,310;5599,322;5604,308;5608,322;5613,306;5617,320;5621,312;5626,326;5630,310;5634,324;5639,310;5643,316;5647,328;5652,314;5656,314;5660,314;5665,326;5669,318;5673,332;5678,318;5682,332;5687,316;5691,308;5695,322;5700,308;5704,322;5708,306;5713,320;5717,312;5721,324;5726,310;5730,324;5734,322;5739,308;5743,314;5747,312;5752,312;5756,310;5761,324;5765,316;5769,328;5774,312;5778,326;5782,312;5787,326;5791,316;5795,302;5800,316;5804,300;5808,314;5813,298;5817,334;5821,318;5826,332;5830,316;5835,330;5839,308;5843,306;5848,320;5852,306;5856,318;5861,304;5865,324;5869,310;5874,308;5878,308;5882,322;5887,320;5891,312;5895,312;5900,298;5904,312;5909,310;5913,316;5917,316;5922,316;5926,314;5930,328;5935,314;5939,318;5943,318;5948,304;5952,330;5956,316;5961,330;5965,306;5970,320;5974,306;5978,334;5983,318;5987,324;5991,324;5996,310;6000,324;6004,308;6009,324;6013,314;6017,328;6022,312;6026,326;6030,312;6035,326;6039,318;6044,318;6048,318;6052,318;6057,330;6061,310;6065,324;6070,308;6074,322;6078,308;6083,322;6087,312;6091,312;6096,326;6100,310;6104,324;6109,324;6113,314;6118,314;6122,328;6126,312;6131,312;6135,318;6139,304;6144,318;6148,304;6152,328;6157,300;6161,320;6165,320;6170,318;6174,306;6178,318;6183,296;6187,280;6192,280;6196,278;6200,292;6205,290;6209,284;6213,282;6218,294;6222,280;6226,264;6231,278;6235,284;6239,284;6244,282;6248,296;6252,294;6257,286;6261,286;6266,286;6270,298;6274,298;6279,296;6283,274;6287,274;6292,274;6296,272;6300,272;6305,278;6309,292;6313,276;6318,290;6322,304;6326,288;6331,294;6335,280;6340,280;6344,278;6348,276;6353,290;6357,296;6361,296;6366,282;6370,294;6374,280;6379,272;6383,286;6387,284;6392,284;6396,284;6401,298;6405,288;6409,302;6414,288;6418,286;6422,286;6427,270;6431,276;6435,276;6440,274;6444,274;6448,274;6453,280;6457,294;6461,278;6466,278;6470,290;6475,290;6479,282;6483,280;6488,266;6492,278;6496,278;6501,276;6505,298;6509,296;6514,296;6518,282;6522,280;6527,286;6531,284;6535,298;6540,282;6544,284;6549,268;6553,288;6557,300;6562,300;6566,284;6570,284;6575,296;6579,274;6583,274;6588,272;6592,272;6596,256;\r\nBuffer sent in 0.973 secondsreturn;buffer;965\r\n'), 10:33:15
bytearray(b'received from UR: measure -> measure (0,1)\r\nSTEPPER: Moving to mstep: 6600 with speed [msteps/sec]: 1000 in StealthChop.\r\n'), 10:33:16
bytearray(b'STEPPER: Moving to mstep: 2400 with speed [msteps/sec]: 4000 in SpreadCycle.\r\n'), 10:33:20
bytearray(b'STEPPER: Moved 4200.00 msteps (ramp: 35%) in 1324.888 ms -> average speed [msteps/sec]: 3170.08\r\nreturn;measure;965\r\n'), 10:33:21
bytearray(b'received from UR: buffer -> buffer (0,1)\r\nSending buffer of size 965data;2400,304;2404,446;2408,170;2413,270;2417,312;2421,318;2426,332;2430,316;2434,330;2439,330;2443,320;2447,320;2452,318;2456,318;2460,330;2465,330;2469,322;2474,334;2478,318;2482,334;2487,318;2491,324;2495,338;2500,322;2504,320;2508,320;2513,320;2517,326;2521,326;2526,324;2530,338;2534,322;2539,322;2543,342;2548,326;2552,326;2556,310;2561,324;2565,328;2569,342;2574,326;2578,340;2582,324;2587,338;2591,328;2595,328;2600,342;2604,314;2609,324;2613,316;2617,330;2622,328;2626,328;2630,312;2635,326;2639,318;2643,330;2648,330;2652,328;2656,326;2661,312;2665,332;2669,330;2674,330;2678,328;2683,328;2687,328;2691,320;2696,318;2700,316;2704,330;2709,330;2713,334;2717,320;2722,334;2726,318;2730,332;2735,330;2739,308;2743,322;2748,306;2752,320;2757,320;2761,332;2765,324;2770,336;2774,322;2778,336;2783,320;2787,326;2791,326;2796,310;2800,322;2804,308;2809,322;2813,326;2817,340;2822,322;2826,338;2831,322;2835,314;2839,328;2844,328;2848,326;2852,326;2857,326;2861,316;2865,330;2870,314;2874,328;2878,328;2883,326;2887,318;2891,318;2896,316;2900,316;2905,328;2909,322;2913,334;2918,320;2922,332;2926,318;2931,332;2935,338;2939,322;2944,322;2948,308;2952,322;2957,320;2961,326;2965,324;2970,326;2974,310;2979,324;2983,322;2987,314;2992,326;2996,312;3000,312;3005,312;3009,318;3013,302;3018,316;3022,314;3026,328;3031,312;3035,318;3039,318;3044,316;3048,316;3053,316;3057,322;3061,306;3066,320;3070,320;3074,320;3079,318;3083,310;3087,310;3092,310;3096,308;3100,308;3105,320;3109,314;3114,326;3118,312;3122,324;3127,310;3131,302;3135,314;3140,300;3144,326;3148,312;3153,326;3157,316;3161,330;3166,316;3170,328;3174,314;3179,342;3183,334;3188,304;3192,316;3196,302;3201,330;3205,320;3209,334;3214,320;3218,334;3222,318;3227,332;3231,324;3235,322;3240,322;3244,308;3248,320;3253,320;3257,340;3262,312;3266,326;3270,324;3275,336;3279,314;3283,314;3288,326;3292,312;3296,312;3301,324;3305,330;3309,314;3314,328;3318,328;3322,328;3327,326;3331,318;3336,316;3340,302;3344,316;3349,316;3353,320;3357,306;3362,320;3366,318;3370,318;3375,316;3379,310;3383,322;3388,308;3392,320;3396,306;3401,306;3405,312;3410,338;3414,324;3418,324;3423,322;3427,300;3431,312;3436,326;3440,324;3444,310;3449,324;3453,314;3457,314;3462,312;3466,312;3470,312;3475,304;3479,316;3484,302;3488,314;3492,300;3497,314;3501,320;3505,318;3510,304;3514,318;3518,316;3523,316;3527,322;3531,306;3536,320;3540,306;3545,318;3549,312;3553,324;3558,324;3562,338;3566,322;3571,322;3575,314;3579,312;3584,326;3588,312;3592,322;3597,310;3601,330;3605,314;3610,328;3614,314;3619,328;3623,312;3627,318;3632,316;3636,318;3640,330;3645,314;3649,336;3653,320;3658,334;3662,318;3666,332;3671,318;3675,322;3679,322;3684,322;3688,322;3693,306;3697,326;3701,326;3706,324;3710,324;3714,324;3719,322;3723,314;3727,328;3732,300;3736,312;3740,312;3745,326;3749,316;3754,316;3758,314;3762,316;3767,312;3771,318;3775,318;3780,316;3784,316;3788,302;3793,316;3797,308;3801,336;3806,320;3810,320;3814,318;3819,332;3823,310;3828,296;3832,308;3836,308;3841,308;3845,312;3849,326;3854,312;3858,324;3862,310;3867,324;3871,316;3875,314;3880,314;3884,298;3888,312;3893,312;3897,318;3902,316;3906,330;3910,316;3915,330;3919,306;3923,306;3928,320;3932,304;3936,318;3941,318;3945,324;3949,322;3954,320;3958,320;3962,320;3967,318;3971,310;3976,324;3980,308;3984,322;3989,306;3993,328;3997,312;4002,326;4006,310;4010,324;4015,322;4019,300;4023,314;4028,312;4032,326;4036,312;4041,324;4045,316;4050,330;4054,314;4058,326;4063,326;4067,318;4071,330;4076,316;4080,316;4084,316;4089,328;4093,318;4097,318;4102,318;4106,318;4110,316;4115,330;4119,322;4124,306;4128,320;4132,320;4137,332;4141,310;4145,324;4150,322;4154,320;4158,320;4163,320;4167,310;4171,308;4176,308;4180,322;4185,320;4189,312;4193,326;4198,310;4202,324;4206,308;4211,322;4215,312;4219,298;4224,310;4228,310;4232,322;4237,308;4241,326;4245,310;4250,324;4254,310;4259,322;4263,314;4267,300;4272,312;4276,298;4280,310;4285,310;4289,316;4293,302;4298,314;4302,312;4306,312;4311,312;4315,316;4319,316;4324,300;4328,314;4333,312;4337,318;4341,316;4346,318;4350,314;4354,328;4359,314;4363,320;4367,318;4372,304;4376,316;4380,302;4385,316;4389,320;4394,334;4398,304;4402,332;4407,316;4411,322;4415,322;4420,320;4424,320;4428,304;4433,318;4437,324;4441,338;4446,322;4450,336;4454,320;4459,334;4463,310;4468,310;4472,324;4476,308;4481,320;4485,328;4489,326;4494,326;4498,324;4502,324;4507,324;4511,330;4515,314;4520,328;4524,312;4528,326;4533,310;4537,318;4542,316;4546,314;4550,314;4555,328;4559,318;4563,304;4568,318;4572,316;4576,316;4581,300;4585,320;4589,304;4594,318;4598,316;4602,330;4607,314;4611,306;4616,320;4620,304;4624,318;4629,302;4633,324;4637,320;4642,320;4646,304;4650,318;4655,318;4659,308;4663,320;4668,304;4672,304;4676,304;4681,316;4685,322;4690,322;4694,320;4698,320;4703,304;4707,310;4711,310;4716,322;4720,322;4724,306;4729,320;4733,312;4737,324;4742,322;4746,322;4750,306;4755,320;4759,324;4764,324;4768,336;4772,322;4777,320;4781,312;4785,324;4790,324;4794,324;4798,322;4803,336;4807,326;4811,326;4816,326;4820,312;4824,322;4829,316;4833,328;4838,314;4842,342;4846,312;4851,326;4855,318;4859,316;4864,316;4868,328;4872,328;4877,314;4881,320;4885,320;4890,320;4894,318;4899,318;4903,316;4907,308;4912,322;4916,322;4920,322;4925,320;4929,328;4933,312;4938,326;4942,324;4946,324;4951,310;4955,300;4959,314;4964,314;4968,326;4973,312;4977,318;4981,316;4986,330;4990,316;4994,328;4999,314;5003,306;5007,318;5012,304;5016,318;5020,316;5025,316;5029,308;5033,320;5038,306;5042,320;5047,318;5051,310;5055,324;5060,308;5064,308;5068,322;5073,320;5077,312;5081,312;5086,310;5090,324;5094,308;5099,322;5103,314;5107,312;5112,312;5116,310;5121,324;5125,314;5129,328;5134,314;5138,326;5142,312;5147,324;5151,318;5155,302;5160,314;5164,300;5168,314;5173,312;5177,332;5181,318;5186,316;5190,316;5195,328;5199,322;5203,308;5208,334;5212,320;5216,320;5221,304;5225,326;5229,310;5234,324;5238,308;5242,324;5247,308;5251,328;5255,326;5260,312;5264,310;5269,310;5273,330;5277,314;5282,328;5286,312;5290,326;5295,312;5299,316;5303,330;5308,314;5312,314;5316,298;5321,312;5325,316;5330,330;5334,314;5338,328;5343,328;5347,304;5351,316;5356,302;5360,316;5364,300;5369,314;5373,318;5377,318;5382,304;5386,330;5390,316;5395,308;5399,320;5404,306;5408,318;5412,304;5417,316;5421,308;5425,322;5430,306;5434,320;5438,306;5443,318;5447,324;5451,310;5456,322;5460,308;5465,308;5469,314;5473,312;5478,312;5482,326;5486,310;5491,324;5495,316;5499,314;5504,314;5508,300;5512,312;5517,312;5521,318;5525,316;5530,316;5534,314;5539,316;5543,314;5547,320;5552,318;5556,304;5560,316;5565,302;5569,336;5573,322;5578,308;5582,306;5586,320;5591,304;5595,310;5599,324;5604,324;5608,324;5613,308;5617,322;5621,312;5626,326;5630,324;5634,326;5639,310;5643,314;5647,314;5652,300;5656,312;5660,312;5665,312;5669,318;5673,330;5678,316;5682,330;5687,314;5691,320;5695,320;5700,318;5704,318;5708,302;5713,316;5717,322;5721,322;5726,320;5730,334;5734,320;5739,320;5743,312;5747,310;5752,324;5756,322;5761,322;5765,314;5769,326;5774,312;5778,326;5782,310;5787,324;5791,314;5795,314;5800,326;5804,312;5808,324;5813,310;5817,330;5821,314;5826,314;5830,312;5835,312;5839,316;5843,316;5848,314;5852,300;5856,312;5861,312;5865,318;5869,316;5874,316;5878,314;5882,314;5887,312;5891,304;5896,304;5900,302;5904,316;5909,300;5913,320;5917,320;5922,332;5926,318;5930,330;5935,316;5939,306;5943,320;5948,306;5952,318;5956,304;5961,318;5965,322;5970,324;5974,322;5978,334;5983,320;5987,310;5991,324;5996,296;6000,308;6004,308;6009,320;6013,312;6017,326;6022,324;6026,338;6030,322;6035,314;6039,312;6044,298;6048,310;6052,310;6057,310;6061,314;6065,328;6070,326;6074,326;6078,310;6083,324;6087,316;6091,314;6096,314;6100,312;6105,312;6109,318;6113,330;6118,316;6122,328;6126,328;6131,326;6135,318;6139,316;6144,330;6148,314;6152,314;6157,298;6161,320;6165,318;6170,316;6174,302;6179,314;6183,292;6187,290;6192,290;6196,288;6200,288;6205,286;6209,306;6213,290;6218,304;6222,288;6226,286;6231,286;6235,290;6239,290;6244,288;6248,286;6253,272;6257,292;6261,290;6266,290;6270,288;6274,288;6279,286;6283,264;6287,278;6292,290;6296,274;6300,274;6305,272;6309,292;6313,278;6318,290;6322,304;6327,288;6331,266;6335,278;6340,278;6344,278;6348,276;6353,288;6357,294;6361,294;6366,292;6370,306;6374,292;6379,268;6383,280;6387,280;6392,280;6396,264;6401,292;6405,298;6409,298;6414,282;6418,266;6422,266;6427,250;6431,284;6435,284;6440,296;6444,296;6448,294;6453,272;6457,282;6461,284;6466,298;6470,282;6475,282;6479,272;6483,272;6488,270;6492,256;6496,282;6501,282;6505,288;6509,286;6514,272;6518,284;6522,284;6527,276;6531,274;6536,274;6540,272;6544,272;6549,284;6553,260;6557,288;6562,302;6566,286;6570,286;6575,278;6579,276;6583,276;6588,274;6592,274;6596,258;\r\nBuffer sent in 0.973 secondsreturn;buffer;965\r\n'), 10:33:23
bytearray(b'received from UR: measure -> measure (0,1)\r\nSTEPPER: Moving to mstep: 6600 with speed [msteps/sec]: 1000 in StealthChop.\r\n'), 10:33:24
bytearray(b'STEPPER: Moving to mstep: 2400 with speed [msteps/sec]: 4000 in SpreadCycle.\r\n'), 10:33:29
bytearray(b'STEPPER: Moved 4200.00 msteps (ramp: 35%) in 1324.888 ms -> average speed [msteps/sec]: 3170.08\r\nreturn;measure;965\r\n'), 10:33:30
bytearray(b'received from UR: buffer -> buffer (0,1)\r\nSending buffer of size 965data;2400,302;2404,444;2408,198;2413,284;2417,334;2421,320;2426,332;2430,330;2434,344;2439,330;2443,308;2447,320;2452,320;2456,332;2460,320;2465,332;2469,324;2474,338;2478,322;2482,336;2487,320;2491,326;2495,326;2500,324;2504,324;2508,310;2513,324;2517,330;2521,344;2526,328;2530,328;2534,326;2539,340;2543,332;2548,304;2552,330;2556,316;2561,330;2565,336;2569,336;2574,320;2578,334;2582,318;2587,334;2591,324;2595,308;2600,322;2604,308;2609,320;2613,320;2617,326;2622,324;2626,338;2630,322;2635,336;2639,328;2643,312;2648,326;2652,324;2656,338;2661,324;2665,328;2669,328;2674,342;2678,326;2683,326;2687,324;2691,330;2696,328;2700,314;2704,326;2709,326;2713,332;2717,330;2722,344;2726,328;2730,328;2735,326;2739,318;2743,330;2748,302;2752,316;2757,314;2761,328;2765,320;2770,334;2774,318;2778,332;2783,330;2787,308;2791,320;2796,306;2800,320;2804,318;2809,332;2813,324;2817,336;2822,322;2826,334;2831,320;2835,312;2839,324;2844,324;2848,324;2852,308;2857,320;2861,326;2865,340;2870,324;2874,336;2878,322;2883,334;2887,326;2891,326;2896,324;2900,324;2905,336;2909,316;2913,328;2918,326;2922,324;2926,324;2931,338;2935,330;2939,314;2944,328;2948,312;2952,326;2957,324;2961,344;2965,316;2970,328;2974,328;2979,312;2983,318;2987,302;2992,316;2996,300;3000,328;3005,312;3009,318;3013,316;3018,316;3022,314;3026,328;3031,314;3035,318;3040,318;3044,304;3048,316;3053,302;3057,322;3061,320;3066,320;3070,318;3074,316;3079,316;3083,308;3087,320;3092,318;3096,304;3100,302;3105,314;3109,320;3114,318;3118,318;3122,318;3127,316;3131,294;3135,306;3140,306;3144,318;3148,318;3153,316;3157,322;3161,322;3166,320;3170,334;3174,318;3179,332;3183,322;3188,306;3192,320;3196,320;3201,318;3205,310;3209,338;3214,322;3218,336;3222,320;3227,334;3231,324;3235,324;3240,322;3244,308;3248,320;3253,306;3257,340;3262,324;3266,324;3270,322;3275,322;3279,314;3283,326;3288,324;3292,324;3296,322;3301,322;3305,328;3309,326;3314,326;3318,324;3322,324;3327,322;3331,314;3336,326;3340,312;3344,310;3349,310;3353,330;3357,314;3362,326;3366,312;3370,324;3375,324;3379,300;3383,314;3388,312;3392,326;3396,312;3401,324;3405,316;3410,328;3414,312;3418,326;3423,310;3427,316;3431,316;3436,314;3440,312;3444,310;3449,324;3453,316;3457,314;3462,314;3466,328;3470,312;3475,304;3479,316;3484,302;3488,314;3492,314;3497,312;3501,318;3505,318;3510,316;3514,330;3518,314;3523,328;3527,320;3531,304;3536,316;3540,316;3545,330;3549,308;3553,320;3558,318;3562,320;3566,316;3571,330;3575,322;3579,320;3584,334;3588,304;3592,318;3597,316;3601,322;3605,322;3610,334;3614,320;3619,334;3623,324;3627,324;3632,324;3636,308;3640,322;3645,320;3649,328;3653,312;3658,324;3662,322;3666,322;3671,320;3675,326;3680,326;3684,310;3688,324;3693,322;3697,328;3701,314;3706,326;3710,326;3714,324;3719,324;3723,316;3727,328;3732,314;3736,326;3740,312;3745,324;3749,316;3754,330;3758,314;3762,328;3767,312;3771,318;3775,318;3780,302;3784,316;3788,314;3793,314;3797,320;3801,318;3806,318;3810,318;3814,316;3819,330;3823,322;3828,306;3832,306;3836,306;3841,318;3845,310;3849,324;3854,308;3858,322;3862,306;3867,320;3871,310;3875,310;3880,324;3884,308;3888,308;3893,308;3897,328;3902,312;3906,312;3910,310;3915,324;3919,316;3923,314;3928,328;3932,300;3936,312;3941,312;3945,318;3949,316;3954,316;3958,314;3962,328;3967,314;3971,318;3976,332;3980,316;3984,330;3989,314;3993,320;3997,306;4002,318;4006,316;4010,330;4015,314;4019,320;4023,320;4028,318;4032,332;4036,316;4041,316;4045,320;4050,334;4054,320;4058,332;4063,318;4067,310;4071,322;4076,322;4080,320;4084,306;4089,320;4093,324;4097,324;4102,310;4106,322;4110,322;4115,314;4119,326;4124,310;4128,324;4132,310;4137,310;4141,316;4145,314;4150,312;4154,326;4158,312;4163,324;4167,316;4171,300;4176,314;4180,314;4185,312;4189,318;4193,318;4198,316;4202,330;4206,314;4211,314;4215,306;4219,304;4224,318;4228,302;4232,316;4237,316;4241,320;4245,306;4250,318;4254,304;4259,316;4263,322;4267,292;4272,306;4276,306;4280,318;4285,318;4289,310;4293,308;4298,308;4302,306;4306,320;4311,318;4315,312;4320,324;4324,308;4328,322;4333,308;4337,328;4341,312;4346,326;4350,310;4354,324;4359,322;4363,300;4367,314;4372,300;4376,312;4380,312;4385,324;4389,316;4394,330;4398,314;4402,328;4407,314;4411,304;4415,318;4420,316;4424,330;4428,314;4433,314;4437,318;4441,332;4446,316;4450,332;4454,300;4459,328;4463,320;4468,320;4472,318;4476,316;4481,330;4485,322;4489,334;4494,318;4498,332;4502,318;4507,330;4511,322;4515,322;4520,320;4524,306;4528,318;4533,318;4537,324;4542,322;4546,322;4550,320;4555,322;4559,326;4563,312;4568,324;4572,308;4576,322;4581,322;4585,326;4589,312;4594,324;4598,310;4602,324;4607,308;4611,314;4616,326;4620,312;4624,312;4629,310;4633,316;4637,314;4642,314;4646,312;4650,326;4655,310;4659,316;4663,316;4668,300;4672,314;4676,314;4681,312;4685,306;4690,318;4694,316;4698,316;4703,316;4707,308;4711,320;4716,320;4720,320;4724,304;4729,318;4733,324;4737,324;4742,322;4746,320;4751,320;4755,312;4759,324;4764,324;4768,322;4772,308;4777,320;4781,312;4785,326;4790,310;4794,324;4798,310;4803,324;4807,328;4811,312;4816,326;4820,312;4825,324;4829,314;4833,330;4838,314;4842,328;4846,312;4851,326;4855,318;4859,316;4864,314;4868,314;4872,312;4877,312;4881,332;4885,316;4890,330;4894,314;4899,328;4903,318;4907,318;4912,330;4916,316;4920,328;4925,314;4929,320;4933,318;4938,332;4942,330;4946,330;4951,314;4955,306;4960,318;4964,316;4968,316;4973,300;4977,314;4981,318;4986,332;4990,316;4994,316;4999,314;5003,304;5007,320;5012,304;5016,318;5020,316;5025,316;5029,320;5034,306;5038,304;5042,318;5047,316;5051,308;5055,320;5060,320;5064,318;5068,318;5073,316;5077,308;5081,320;5086,320;5090,318;5094,318;5099,316;5103,308;5108,306;5112,320;5116,306;5121,318;5125,308;5129,322;5134,320;5138,320;5142,318;5147,318;5151,322;5155,308;5160,320;5164,306;5168,318;5173,318;5177,324;5182,322;5186,322;5190,320;5195,332;5199,324;5203,324;5208,324;5212,306;5216,320;5221,320;5225,326;5229,308;5234,338;5238,308;5242,322;5247,320;5251,312;5256,310;5260,310;5264,322;5269,294;5273,328;5277,312;5282,326;5286,324;5290,324;5295,322;5299,314;5303,312;5308,312;5312,324;5316,310;5321,322;5325,314;5330,328;5334,312;5338,326;5343,324;5347,302;5351,314;5356,300;5360,312;5364,312;5369,324;5373,316;5377,316;5382,314;5386,328;5391,312;5395,318;5399,318;5404,316;5408,330;5412,314;5417,314;5421,318;5425,318;5430,316;5434,330;5438,316;5443,314;5447,306;5451,318;5456,318;5460,318;5465,316;5469,308;5473,320;5478,318;5482,318;5486,316;5491,330;5495,322;5499,306;5504,306;5508,304;5512,316;5517,316;5521,322;5525,320;5530,320;5534,318;5539,318;5543,324;5547,308;5552,322;5556,308;5560,320;5565,318;5569,324;5573,310;5578,322;5582,322;5586,322;5591,320;5595,310;5599,310;5604,310;5608,322;5613,308;5617,326;5621,312;5626,326;5630,310;5634,324;5639,308;5643,314;5647,328;5652,312;5656,326;5660,324;5665,324;5669,316;5673,328;5678,314;5682,314;5687,312;5691,318;5695,316;5700,316;5704,328;5708,314;5713,312;5717,316;5721,332;5726,330;5730,330;5734,314;5739,328;5743,320;5747,318;5752,332;5756,302;5761,316;5765,320;5769,334;5774,316;5778,332;5782,302;5787,316;5791,320;5795,320;5800,318;5804,318;5808,330;5813,302;5817,322;5822,318;5826,318;5830,318;5835,316;5839,308;5843,306;5848,320;5852,318;5856,318;5861,302;5865,322;5869,308;5874,320;5878,320;5882,318;5887,318;5891,310;5896,310;5900,308;5904,322;5909,308;5913,326;5917,312;5922,324;5926,310;5930,324;5935,322;5939,300;5943,312;5948,312;5952,324;5956,310;5961,316;5965,314;5970,328;5974,312;5978,326;5983,310;5987,314;5991,330;5996,300;6000,314;6004,312;6009,312;6013,316;6017,330;6022,314;6026,328;6031,314;6035,306;6039,318;6044,316;6048,314;6052,314;6057,328;6061,304;6065,320;6070,316;6074,316;6078,314;6083,328;6087,320;6091,304;6096,318;6100,316;6105,314;6109,320;6113,320;6118,318;6122,318;6126,318;6131,316;6135,322;6139,308;6144,320;6148,320;6152,306;6157,304;6161,324;6165,324;6170,308;6174,306;6179,308;6183,298;6187,298;6192,298;6196,296;6200,280;6205,280;6209,300;6213,298;6218,298;6222,296;6226,296;6231,272;6235,286;6239,270;6244,284;6248,296;6253,296;6257,288;6261,286;6266,272;6270,272;6274,284;6279,284;6283,288;6287,274;6292,272;6296,272;6300,284;6305,290;6309,290;6313,302;6318,288;6322,286;6327,300;6331,276;6335,276;6340,274;6344,288;6348,272;6353,286;6357,290;6361,304;6366,288;6370,300;6374,288;6379,278;6383,276;6388,276;6392,274;6396,286;6401,272;6405,290;6409,304;6414,288;6418,302;6422,286;6427,258;6431,290;6435,290;6440,274;6444,274;6448,286;6453,278;6457,290;6462,290;6466,290;6470,288;6475,286;6479,278;6483,262;6488,290;6492,288;6496,274;6501,272;6505,292;6509,290;6514,290;6518,288;6523,302;6527,278;6531,278;6536,290;6540,290;6544,300;6549,288;6553,294;6557,278;6562,276;6566,276;6570,260;6575,288;6579,294;6583,292;6588,278;6592,290;6597,290;\r\nBuffer sent in 0.973 secondsreturn;buffer;965\r\n'), 10:33:32
bytearray(b'received from UR: measure -> measure (0,1)\r\nSTEPPER: Moving to mstep: 6600 with speed [msteps/sec]: 1000 in StealthChop.\r\n'), 10:33:33
bytearray(b'STEPPER: Moving to mstep: 2400 with speed [msteps/sec]: 4000 in SpreadCycle.\r\n'), 10:33:37
bytearray(b'STEPPER: Moved 4200.00 msteps (ramp: 35%) in 1324.880 ms -> average speed [msteps/sec]: 3170.10\r\nreturn;measure;965\r\n'), 10:33:39
bytearray(b'received from UR: buffer -> buffer (0,1)\r\nSending buffer of size 965data;2400,304;2404,432;2408,200;2413,270;2417,312;2421,318;2426,332;2430,316;2434,330;2439,328;2443,320;2447,320;2452,318;2456,318;2460,330;2465,330;2469,320;2474,334;2478,318;2482,332;2487,318;2491,322;2495,322;2500,320;2504,318;2508,318;2513,330;2517,322;2521,336;2526,334;2530,334;2534,318;2539,332;2543,338;2547,308;2552,322;2556,306;2561,320;2565,326;2569,338;2574,322;2578,336;2582,320;2587,334;2591,326;2595,324;2600,324;2604,322;2608,322;2613,306;2617,326;2622,326;2626,338;2630,322;2635,336;2639,328;2643,326;2648,326;2652,326;2656,324;2661,310;2665,330;2669,328;2674,328;2678,314;2682,326;2687,324;2691,330;2696,330;2700,328;2704,328;2709,312;2713,332;2717,330;2722,330;2726,316;2730,342;2735,326;2739,318;2743,332;2748,318;2752,330;2756,302;2761,328;2765,320;2770,334;2774,332;2778,346;2783,316;2787,308;2791,336;2796,306;2800,320;2804,320;2809,332;2813,324;2817,338;2822,322;2826,336;2830,320;2835,348;2839,326;2844,312;2848,322;2852,308;2857,322;2861,328;2865,342;2870,326;2874,326;2878,324;2883,324;2887,328;2891,328;2896,326;2900,326;2904,324;2909,324;2913,330;2918,314;2922,342;2926,326;2931,328;2935,332;2939,318;2944,330;2948,314;2952,328;2957,328;2961,334;2965,318;2970,332;2974,316;2978,330;2983,316;2987,320;2992,320;2996,304;3000,318;3005,316;3009,324;3013,308;3018,320;3022,320;3026,332;3031,318;3035,310;3039,308;3044,308;3048,320;3053,306;3057,304;3061,324;3066,324;3070,310;3074,322;3079,320;3083,298;3087,310;3092,310;3096,324;3100,308;3105,322;3109,314;3113,328;3118,314;3122,326;3127,312;3131,302;3135,316;3140,300;3144,328;3148,312;3153,326;3157,306;3161,320;3166,316;3170,330;3174,316;3179,330;3183,322;3187,306;3192,320;3196,304;3201,332;3205,318;3209,336;3214,322;3218,336;3222,320;3227,334;3231,326;3235,324;3240,324;3244,310;3248,310;3253,308;3257,328;3261,328;3266,328;3270,312;3275,326;3279,318;3283,318;3288,316;3292,316;3296,316;3301,316;3305,320;3309,320;3314,332;3318,318;3322,332;3327,318;3331,308;3335,324;3340,322;3344,322;3349,308;3353,320;3357,312;3362,326;3366,324;3370,324;3375,310;3379,302;3383,314;3388,300;3392,312;3396,312;3401,312;3405,318;3409,330;3414,316;3418,316;3423,314;3427,306;3431,320;3436,320;3440,320;3444,318;3449,318;3453,310;3457,324;3462,308;3466,310;3470,308;3475,300;3479,312;3483,312;3488,326;3492,310;3497,324;3501,316;3505,316;3510,314;3514,314;3518,312;3523,326;3527,318;3531,318;3536,330;3540,314;3544,328;3549,300;3553,334;3558,318;3562,320;3566,316;3571,330;3575,322;3579,308;3584,334;3588,320;3592,334;3597,318;3601,326;3605,310;3610,324;3614,322;3618,324;3623,306;3627,314;3632,312;3636,312;3640,324;3645,310;3649,330;3653,328;3658,328;3662,312;3666,326;3671,310;3675,330;3679,330;3684,328;3688,328;3692,312;3697,312;3701,318;3706,330;3710,316;3714,328;3719,328;3723,306;3727,318;3732,318;3736,332;3740,318;3745,316;3749,310;3753,322;3758,322;3762,320;3766,306;3771,312;3775,312;3780,312;3784,324;3788,308;3793,322;3797,314;3801,328;3806,312;3810,326;3814,310;3819,324;3823,314;3827,314;3832,328;3836,312;3841,312;3845,304;3849,316;3854,314;3858,314;3862,300;3867,326;3871,304;3875,304;3880,316;3884,302;3888,314;3893,314;3897,320;3901,304;3906,318;3910,318;3915,318;3919,316;3923,308;3928,322;3932,306;3936,320;3941,304;3945,324;3949,310;3954,324;3958,322;3962,322;3967,306;3971,312;3975,326;3980,324;3984,338;3989,322;3993,322;3997,312;4002,326;4006,312;4010,338;4015,322;4019,314;4023,314;4028,298;4032,312;4036,310;4041,324;4045,316;4049,328;4054,314;4058,328;4063,312;4067,318;4071,330;4076,316;4080,316;4084,314;4089,314;4093,320;4097,320;4102,318;4106,332;4110,316;4115,330;4119,322;4123,320;4128,320;4132,304;4137,318;4141,324;4145,322;4150,308;4154,320;4158,318;4163,318;4167,324;4171,310;4176,322;4180,308;4184,320;4189,320;4193,326;4198,310;4202,324;4206,308;4211,322;4215,328;4219,312;4224,312;4228,310;4232,310;4237,324;4241,316;4245,300;4250,314;4254,312;4258,326;4263,310;4267,302;4272,302;4276,302;4280,314;4285,298;4289,320;4293,318;4298,318;4302,316;4306,330;4311,316;4315,308;4319,320;4324,306;4328,318;4332,318;4337,332;4341,310;4346,322;4350,322;4354,320;4359,320;4363,312;4367,324;4372,310;4376,322;4380,308;4385,320;4389,312;4393,340;4398,324;4402,310;4406,308;4411,314;4415,328;4420,326;4424,326;4428,310;4433,310;4437,316;4441,330;4446,314;4450,328;4454,312;4459,326;4463,318;4467,302;4472,316;4476,314;4480,328;4485,312;4489,332;4494,318;4498,330;4502,316;4507,328;4511,320;4515,318;4520,318;4524,304;4528,316;4533,316;4537,322;4541,306;4546,318;4550,318;4554,318;4559,318;4563,308;4568,322;4572,308;4576,320;4581,306;4585,326;4589,312;4594,324;4598,310;4602,324;4607,322;4611,314;4615,328;4620,312;4624,326;4629,310;4633,318;4637,316;4642,316;4646,302;4650,316;4655,312;4659,318;4663,318;4668,316;4672,316;4676,302;4681,314;4685,320;4689,320;4694,306;4698,320;4703,318;4707,324;4711,322;4716,308;4720,320;4724,306;4729,320;4733,324;4737,324;4742,310;4746,322;4750,322;4755,300;4759,326;4764,312;4768,326;4772,310;4777,324;4781,314;4785,328;4790,314;4794,326;4798,310;4803,324;4807,316;4811,302;4816,328;4820,314;4824,326;4829,304;4833,332;4838,318;4842,330;4846,316;4851,330;4855,320;4859,306;4864,318;4868,318;4872,318;4877,302;4881,322;4885,322;4890,320;4894,306;4898,320;4903,318;4907,324;4912,324;4916,322;4920,322;4925,306;4929,328;4933,324;4938,326;4942,310;4946,324;4951,322;4955,314;4959,328;4964,312;4968,326;4972,312;4977,312;4981,316;4986,316;4990,302;4994,316;4999,314;5003,320;5007,320;5012,318;5016,318;5020,302;5025,316;5029,322;5033,320;5038,306;5042,318;5046,318;5051,308;5055,322;5060,308;5064,320;5068,306;5073,304;5077,324;5081,324;5086,322;5090,322;5094,320;5099,320;5103,312;5107,310;5112,310;5116,322;5120,322;5125,308;5129,328;5134,312;5138,326;5142,324;5147,324;5151,316;5155,314;5160,328;5164,314;5168,326;5173,312;5177,332;5181,316;5186,330;5190,314;5195,328;5199,320;5203,320;5208,332;5212,318;5216,316;5221,302;5225,322;5229,320;5234,334;5238,318;5242,332;5247,318;5251,324;5255,322;5260,322;5264,320;5269,306;5273,320;5277,324;5282,324;5286,310;5290,322;5295,308;5299,328;5303,326;5308,326;5312,326;5316,310;5321,324;5325,314;5329,328;5334,312;5338,326;5343,312;5347,316;5351,330;5356,316;5360,314;5364,300;5369,312;5373,318;5377,332;5382,316;5386,316;5390,316;5395,328;5399,320;5403,306;5408,318;5412,318;5417,318;5421,308;5425,322;5430,308;5434,322;5438,320;5443,334;5447,312;5451,310;5456,310;5460,308;5464,308;5469,306;5473,326;5478,324;5482,324;5486,310;5491,322;5495,316;5499,314;5504,314;5508,300;5512,312;5517,312;5521,316;5525,316;5530,330;5534,316;5538,328;5543,312;5547,318;5552,332;5556,318;5560,318;5565,302;5569,322;5573,322;5578,322;5582,306;5586,334;5591,318;5595,310;5599,324;5604,310;5608,322;5612,294;5617,320;5621,312;5625,326;5630,312;5634,326;5639,310;5643,316;5647,330;5652,314;5656,314;5660,326;5665,326;5669,318;5673,332;5678,316;5682,330;5686,314;5691,328;5695,320;5700,304;5704,316;5708,318;5713,316;5717,322;5721,322;5726,322;5730,320;5734,306;5739,332;5743,310;5747,310;5752,322;5756,308;5760,320;5765,304;5769,326;5774,310;5778,324;5782,308;5787,322;5791,312;5795,298;5800,324;5804,310;5808,324;5813,310;5817,330;5821,314;5826,328;5830,312;5834,326;5839,318;5843,304;5848,316;5852,316;5856,316;5861,300;5865,322;5869,320;5874,320;5878,320;5882,320;5887,318;5891,296;5895,310;5900,310;5904,322;5909,322;5913,320;5917,312;5922,328;5926,326;5930,326;5935,312;5939,318;5943,330;5948,316;5952,316;5956,300;5961,314;5965,320;5969,334;5974,318;5978,320;5983,318;5987,296;5991,308;5996,308;6000,322;6004,306;6009,322;6013,312;6017,326;6022,312;6026,324;6030,310;6035,324;6039,330;6043,314;6048,314;6052,314;6057,326;6061,318;6065,318;6070,318;6074,318;6078,316;6083,316;6087,320;6091,306;6096,306;6100,306;6104,318;6109,318;6113,324;6117,310;6122,322;6126,322;6131,322;6135,320;6139,312;6144,326;6148,310;6152,310;6157,310;6161,316;6165,314;6170,314;6174,300;6178,328;6183,312;6187,290;6191,288;6196,274;6200,288;6205,286;6209,292;6213,292;6218,304;6222,290;6226,288;6231,288;6235,280;6239,278;6244,276;6248,276;6252,276;6257,282;6261,294;6265,294;6270,292;6274,292;6279,292;6283,284;6287,296;6292,280;6296,280;6300,280;6305,280;6309,298;6313,298;6318,298;6322,284;6326,296;6331,274;6335,288;6340,272;6344,286;6348,270;6353,284;6357,290;6361,304;6366,288;6370,288;6374,286;6379,278;6383,276;6387,276;6392,276;6396,274;6400,274;6405,294;6409,308;6414,292;6418,292;6422,290;6427,276;6431,296;6435,296;6440,280;6444,280;6448,278;6453,286;6457,284;6461,284;6466,284;6470,284;6474,296;6479,288;6483,288;6488,286;6492,286;6496,284;6501,270;6505,290;6509,288;6514,288;6518,286;6522,300;6527,278;6531,262;6535,276;6540,274;6544,274;6549,272;6553,294;6557,292;6562,292;6566,290;6570,304;6575,288;6579,266;6583,278;6588,278;6592,276;6596,262;\r\nBuffer sent in 0.973 secondsreturn;buffer;965\r\n'), 10:33:40
bytearray(b'received from UR: measure -> measure (0,1)\r\nSTEPPER: Moving to mstep: 6600 with speed [msteps/sec]: 1000 in StealthChop.\r\n'), 10:33:42
bytearray(b'STEPPER: Moving to mstep: 2400 with speed [msteps/sec]: 4000 in SpreadCycle.\r\n'), 10:33:46
bytearray(b'STEPPER: Moved 4200.00 msteps (ramp: 35%) in 1324.888 ms -> average speed [msteps/sec]: 3170.08\r\nreturn;measure;965\r\n'), 10:33:47
bytearray(b'received from UR: buffer -> buffer (0,1)\r\nSending buffer of size 965data;2400,294;2404,440;2408,194;2413,280;2417,306;2421,326;2426,328;2430,324;2434,338;2439,324;2443,316;2447,328;2452,314;2456,312;2460,312;2465,324;2469,332;2474,330;2478,330;2482,328;2487,328;2491,320;2495,334;2500,332;2504,332;2508,316;2513,330;2517,322;2521,336;2526,322;2530,336;2534,320;2539,334;2543,326;2548,312;2552,324;2556,308;2561,336;2565,328;2569,328;2574,326;2578,340;2582,324;2587,338;2591,330;2595,312;2600,328;2604,312;2608,314;2613,312;2617,332;2622,316;2626,330;2630,316;2635,328;2639,334;2643,320;2648,320;2652,330;2656,330;2661,316;2665,336;2669,322;2674,334;2678,320;2683,332;2687,318;2691,324;2696,322;2700,320;2704,320;2709,320;2713,340;2717,324;2722,324;2726,322;2730,336;2735,336;2739,312;2743,326;2748,312;2752,340;2757,324;2761,326;2765,316;2770,330;2774,328;2778,342;2783,328;2787,318;2791,332;2796,318;2800,330;2804,316;2809,330;2813,322;2817,334;2822,334;2826,334;2831,332;2835,310;2839,308;2844,308;2848,334;2852,334;2857,334;2861,324;2865,338;2870,324;2874,336;2878,320;2883,334;2887,326;2891,324;2896,324;2900,324;2905,322;2909,322;2913,328;2918,326;2922,326;2926,324;2931,324;2935,328;2939,328;2944,328;2948,312;2952,324;2957,324;2961,330;2965,328;2970,328;2974,312;2979,326;2983,318;2987,316;2992,314;2996,300;3000,328;3005,312;3009,318;3013,316;3018,330;3022,316;3026,314;3031,314;3035,320;3039,318;3044,316;3048,316;3053,316;3057,320;3061,306;3066,318;3070,318;3074,316;3079,316;3083,322;3087,320;3092,306;3096,318;3100,302;3105,330;3109,308;3113,320;3118,320;3122,318;3127,316;3131,322;3135,322;3140,306;3144,320;3148,304;3153,330;3157,308;3161,322;3166,320;3170,334;3174,318;3179,332;3183,322;3188,308;3192,320;3196,306;3201,318;3205,312;3209,324;3214,322;3218,336;3222,320;3227,334;3231,324;3235,324;3240,310;3244,308;3248,306;3253,312;3257,324;3262,322;3266,336;3270,320;3275,334;3279,326;3283,324;3288,324;3292,322;3296,322;3301,320;3305,326;3309,324;3314,324;3318,322;3322,322;3327,314;3331,312;3336,326;3340,310;3344,324;3349,308;3353,328;3357,312;3362,326;3366,310;3370,326;3375,310;3379,316;3383,316;3388,314;3392,312;3397,298;3401,310;3405,316;3410,330;3414,314;3418,326;3423,312;3427,302;3431,302;3436,314;3440,314;3444,312;3449,312;3453,316;3457,330;3462,314;3466,328;3471,312;3475,304;3479,316;3484,316;3488,316;3492,300;3497,300;3501,320;3505,318;3510,318;3514,318;3518,316;3523,314;3527,320;3531,306;3536,332;3540,318;3545,318;3549,310;3553,322;3558,320;3562,320;3566,318;3571,332;3575,322;3579,306;3584,320;3588,306;3592,320;3597,318;3601,338;3605,322;3610,336;3614,320;3619,334;3623,318;3627,310;3632,324;3636,322;3640,322;3645,306;3649,340;3653,312;3658,324;3662,324;3666,336;3671,322;3675,314;3679,312;3684,310;3688,324;3693,324;3697,316;3701,314;3706,326;3710,312;3714,326;3719,310;3723,316;3727,328;3732,300;3736,312;3740,312;3745,324;3749,318;3753,330;3758,328;3762,326;3767,312;3771,316;3775,316;3780,314;3784,314;3788,298;3793,326;3797,302;3801,316;3806,314;3810,328;3814,312;3819,326;3823,316;3828,316;3832,314;3836,300;3841,312;3845,318;3849,318;3854,316;3858,314;3862,312;3867,312;3871,318;3875,304;3880,316;3884,316;3888,314;3893,306;3897,320;3902,318;3906,318;3910,316;3915,316;3919,322;3923,306;3928,320;3932,318;3936,318;3941,304;3945,322;3949,322;3954,320;3958,320;3962,332;3967,318;3971,310;3976,322;3980,308;3984,322;3989,306;3993,326;3997,324;4002,324;4006,322;4010,336;4015,320;4019,312;4023,324;4028,310;4032,310;4036,308;4041,306;4045,312;4050,326;4054,324;4058,338;4063,324;4067,314;4071,314;4076,312;4080,326;4084,324;4089,324;4093,316;4097,328;4102,328;4106,328;4110,312;4115,326;4119,316;4124,316;4128,314;4132,300;4137,324;4141,318;4145,316;4150,316;4154,316;4158,314;4163,328;4167,320;4171,306;4176,318;4180,302;4184,302;4189,308;4193,320;4198,320;4202,332;4206,318;4211,318;4215,308;4219,308;4224,322;4228,320;4232,320;4237,306;4241,324;4245,310;4250,324;4254,322;4259,322;4263,314;4267,312;4272,312;4276,298;4280,324;4285,310;4289,314;4293,314;4298,314;4302,312;4306,326;4311,310;4315,316;4319,316;4324,302;4328,314;4333,300;4337,320;4341,318;4346,332;4350,328;4354,330;4359,314;4363,320;4367,320;4372,320;4376,320;4380,304;4385,318;4389,322;4394,322;4398,320;4402,334;4407,318;4411,324;4415,322;4420,308;4424,320;4428,320;4433,320;4437,312;4441,324;4446,310;4450,338;4454,322;4459,336;4463,326;4468,312;4472,312;4476,310;4481,310;4485,328;4489,328;4494,314;4498,326;4502,312;4507,324;4511,316;4515,316;4520,314;4524,314;4528,326;4533,326;4537,318;4542,316;4546,316;4550,328;4555,328;4559,306;4563,304;4568,318;4572,316;4576,316;4581,316;4585,322;4589,320;4594,320;4598,318;4602,332;4607,318;4611,310;4616,308;4620,308;4624,306;4629,306;4633,326;4637,310;4642,324;4646,308;4650,322;4655,320;4659,312;4663,312;4668,312;4672,310;4676,310;4681,322;4685,314;4690,314;4694,312;4698,326;4703,312;4707,318;4711,316;4716,316;4720,316;4724,300;4729,314;4733,318;4737,332;4742,318;4746,330;4750,330;4755,308;4759,308;4764,306;4768,320;4772,318;4777,318;4781,310;4785,324;4790,310;4794,336;4798,308;4803,322;4807,326;4811,312;4816,310;4820,310;4824,308;4829,314;4833,342;4838,326;4842,340;4846,324;4851,338;4855,302;4859,302;4864,328;4868,328;4872,326;4877,312;4881,330;4885,316;4890,316;4894,316;4899,328;4903,314;4907,320;4912,318;4916,304;4920,332;4925,318;4929,322;4933,322;4938,322;4942,320;4946,320;4951,318;4955,310;4959,324;4964,310;4968,322;4973,308;4977,320;4981,312;4986,326;4990,310;4994,324;4999,310;5003,316;5007,316;5012,314;5016,314;5020,300;5025,328;5029,304;5033,318;5038,318;5042,330;5047,316;5051,308;5055,320;5060,306;5064,318;5068,304;5073,316;5077,324;5081,322;5086,320;5090,320;5094,320;5099,320;5103,310;5108,310;5112,322;5116,308;5121,318;5125,312;5129,326;5134,310;5138,324;5142,308;5147,322;5151,314;5155,312;5160,326;5164,310;5168,324;5173,308;5177,328;5182,314;5186,328;5190,312;5195,326;5199,318;5203,302;5208,316;5212,314;5216,328;5221,314;5225,332;5229,318;5234,332;5238,316;5242,330;5247,314;5251,320;5256,318;5260,318;5264,318;5269,316;5273,322;5277,322;5282,322;5286,320;5290,320;5295,320;5299,310;5303,324;5308,324;5312,308;5316,308;5321,306;5325,312;5330,326;5334,312;5338,326;5343,310;5347,316;5351,316;5356,300;5360,314;5364,300;5369,326;5373,304;5377,318;5382,316;5386,330;5390,316;5395,308;5399,320;5404,306;5408,318;5412,304;5417,318;5421,324;5425,324;5430,322;5434,336;5438,320;5443,320;5447,312;5451,312;5456,310;5460,310;5464,310;5469,314;5473,314;5478,312;5482,326;5486,312;5491,324;5495,316;5499,316;5504,314;5508,300;5512,328;5517,312;5521,318;5525,316;5530,318;5534,316;5539,330;5543,322;5547,308;5552,320;5556,306;5560,334;5565,320;5569,326;5573,310;5578,324;5582,310;5586,322;5591,322;5595,300;5599,314;5604,312;5608,326;5613,310;5617,310;5621,316;5626,330;5630,314;5634,328;5639,314;5643,320;5647,318;5652,304;5656,304;5660,302;5665,330;5669,308;5673,322;5678,320;5682,320;5687,318;5691,312;5695,312;5700,310;5704,310;5708,310;5713,322;5717,316;5721,316;5726,314;5730,328;5734,326;5739,326;5743,318;5747,316;5752,316;5756,302;5761,330;5765,308;5769,322;5774,320;5778,320;5782,318;5787,320;5791,312;5795,310;5800,310;5804,308;5808,308;5813,306;5817,326;5821,312;5826,324;5830,310;5835,322;5839,314;5843,312;5848,312;5852,312;5856,310;5861,308;5865,316;5869,314;5874,314;5878,312;5882,312;5887,312;5891,316;5895,316;5900,316;5904,314;5909,314;5913,320;5917,320;5922,318;5926,318;5930,318;5935,318;5939,324;5943,322;5948,308;5952,320;5956,306;5961,334;5965,312;5970,324;5974,310;5978,322;5983,308;5987,314;5991,326;5996,310;6000,310;6004,310;6009,308;6013,314;6017,328;6022,312;6026,326;6031,312;6035,318;6039,316;6044,316;6048,314;6052,314;6057,312;6061,320;6065,332;6070,316;6074,316;6078,314;6083,328;6087,306;6091,306;6096,318;6100,318;6105,316;6109,308;6113,322;6118,320;6122,320;6126,318;6131,318;6135,324;6139,308;6144,322;6148,322;6152,320;6157,306;6161,326;6165,310;6170,324;6174,308;6179,322;6183,314;6187,300;6192,298;6196,284;6200,296;6205,282;6209,302;6213,300;6218,300;6222,286;6226,298;6231,288;6235,288;6239,288;6244,286;6248,286;6253,284;6257,290;6261,290;6266,274;6270,274;6274,272;6279,286;6283,292;6287,276;6292,276;6296,290;6300,274;6305,296;6309,294;6313,294;6318,280;6322,278;6327,276;6331,282;6335,282;6340,268;6344,294;6348,280;6353,292;6357,286;6361,286;6366,298;6370,298;6374,282;6379,276;6383,288;6387,288;6392,286;6396,272;6401,286;6405,278;6409,290;6414,276;6418,302;6422,286;6427,286;6431,278;6435,292;6440,278;6444,290;6448,276;6453,282;6457,282;6461,280;6466,280;6470,280;6475,278;6479,270;6483,270;6488,284;6492,268;6496,280;6501,280;6505,300;6509,286;6514,284;6518,284;6522,284;6527,288;6531,288;6536,288;6540,286;6544,286;6549,270;6553,292;6557,290;6562,276;6566,276;6570,302;6575,280;6579,280;6583,278;6588,264;6592,290;6597,276;\r\nBuffer sent in 0.973 secondsreturn;buffer;965\r\n'), 10:33:49
bytearray(b'received from UR: measure -> measure (0,1)\r\nSTEPPER: Moving to mstep: 6600 with speed [msteps/sec]: 1000 in StealthChop.\r\n'), 10:33:50
bytearray(b'STEPPER: Moving to mstep: 2400 with speed [msteps/sec]: 4000 in SpreadCycle.\r\n'), 10:33:54
bytearray(b'STEPPER: Moved 4200.00 msteps (ramp: 35%) in 1324.888 ms -> average speed [msteps/sec]: 3170.08\r\nreturn;measure;965\r\n'), 10:33:56
bytearray(b'received from UR: buffer -> buffer (0,1)\r\nSending buffer of size 965data;2400,296;2404,466;2408,134;2413,276;2417,318;2421,324;2426,338;2430,322;2434,336;2439,322;2443,314;2447,326;2452,312;2456,324;2460,324;2465,322;2469,328;2474,342;2478,326;2482,340;2487,324;2491,330;2495,330;2500,314;2504,314;2508,314;2513,340;2517,318;2521,332;2526,318;2530,330;2534,316;2539,330;2543,334;2548,320;2552,318;2556,318;2561,330;2565,324;2569,324;2574,322;2578,336;2582,320;2587,336;2591,340;2595,326;2600,326;2604,310;2608,324;2613,322;2617,344;2622,328;2626,342;2630,326;2635,340;2639,332;2643,316;2648,330;2652,328;2656,328;2661,314;2665,334;2669,318;2674,330;2678,330;2682,330;2687,328;2691,320;2696,334;2700,304;2704,318;2709,316;2713,330;2717,336;2722,334;2726,334;2730,332;2735,318;2739,324;2743,336;2748,320;2752,320;2756,306;2761,332;2765,324;2770,324;2774,322;2778,336;2783,320;2787,326;2791,328;2796,312;2800,324;2804,310;2809,336;2813,314;2817,328;2822,326;2826,340;2830,324;2835,326;2839,330;2844,328;2848,328;2852,314;2857,326;2861,318;2865,332;2870,330;2874,342;2878,328;2883,328;2887,332;2891,332;2896,330;2900,316;2904,328;2909,328;2913,332;2918,318;2922,332;2926,330;2931,330;2935,320;2939,306;2944,334;2948,332;2952,332;2957,316;2961,336;2965,336;2970,334;2974,320;2979,332;2983,324;2987,310;2992,322;2996,308;3000,320;3005,306;3009,326;3013,312;3018,324;3022,310;3026,322;3031,308;3035,314;3039,312;3044,312;3048,310;3053,310;3057,310;3061,314;3066,314;3070,314;3074,326;3079,312;3083,318;3087,316;3092,316;3096,314;3100,314;3105,314;3109,318;3113,318;3118,318;3122,330;3127,316;3131,306;3135,306;3140,292;3144,320;3148,318;3153,318;3157,324;3161,324;3166,322;3170,336;3174,320;3179,334;3183,326;3187,312;3192,324;3196,310;3201,322;3205,322;3209,330;3214,314;3218,326;3222,312;3227,326;3231,316;3235,316;3240,316;3244,314;3248,328;3253,314;3257,332;3261,318;3266,332;3270,330;3275,330;3279,322;3283,308;3288,308;3292,306;3296,318;3301,318;3305,326;3309,324;3314,338;3318,322;3322,336;3327,320;3331,314;3335,326;3340,312;3344,326;3349,310;3353,324;3357,316;3362,330;3366,316;3370,330;3375,314;3379,320;3383,320;3388,304;3392,320;3396,304;3401,332;3405,310;3410,324;3414,308;3418,322;3423,308;3427,314;3431,312;3436,312;3440,312;3444,312;3449,324;3453,302;3457,316;3462,316;3466,316;3470,314;3475,308;3479,320;3484,306;3488,304;3492,304;3497,304;3501,326;3505,324;3510,324;3514,324;3518,322;3523,322;3527,328;3531,314;3536,326;3540,312;3545,324;3549,316;3553,330;3558,316;3562,328;3566,328;3571,328;3575,320;3579,304;3584,318;3588,318;3592,330;3597,316;3601,336;3605,320;3610,334;3614,318;3619,334;3623,318;3627,310;3632,322;3636,322;3640,322;3645,320;3649,328;3653,326;3658,326;3662,310;3666,324;3671,322;3675,314;3679,314;3684,312;3688,326;3693,326;3697,318;3701,316;3706,330;3710,316;3714,328;3719,314;3723,306;3727,334;3732,318;3736,318;3740,316;3745,316;3749,308;3753,322;3758,308;3762,320;3767,320;3771,298;3775,326;3780,312;3784,310;3788,310;3793,324;3797,314;3801,316;3806,314;3810,328;3814,312;3819,326;3823,318;3827,318;3832,316;3836,316;3841,316;3845,308;3849,322;3854,306;3858,320;3862,306;3867,320;3871,312;3875,310;3880,310;3884,308;3888,322;3893,308;3897,316;3901,314;3906,328;3910,312;3915,326;3919,318;3923,304;3928,316;3932,302;3936,330;3941,316;3945,322;3949,322;3954,320;3958,306;3962,320;3967,318;3971,310;3975,338;3980,324;3984,324;3989,308;3993,328;3997,314;4002,328;4006,328;4010,340;4015,312;4019,318;4023,318;4028,318;4032,316;4036,316;4041,316;4045,320;4050,334;4054,320;4058,334;4063,318;4067,310;4071,324;4076,324;4080,322;4084,322;4089,322;4093,326;4097,326;4102,312;4106,324;4110,310;4115,324;4119,316;4124,314;4128,314;4132,312;4137,312;4141,318;4145,332;4150,316;4154,316;4158,316;4163,316;4167,320;4171,306;4176,320;4180,306;4184,320;4189,312;4193,326;4198,310;4202,324;4206,310;4211,324;4215,316;4219,314;4224,314;4228,314;4232,314;4237,300;4241,320;4245,304;4250,318;4254,304;4259,318;4263,310;4267,308;4272,308;4276,308;4280,308;4285,306;4289,326;4293,312;4298,326;4302,310;4306,310;4311,310;4315,316;4319,316;4324,302;4328,302;4333,300;4337,314;4341,322;4346,322;4350,320;4354,320;4359,318;4363,312;4367,310;4372,310;4376,324;4380,324;4385,324;4389,316;4393,330;4398,314;4402,330;4407,314;4411,306;4415,320;4420,320;4424,320;4428,320;4433,318;4437,326;4441,338;4446,310;4450,338;4454,310;4459,324;4463,316;4467,316;4472,328;4476,314;4481,328;4485,320;4489,334;4494,318;4498,332;4502,318;4507,318;4511,324;4515,324;4520,322;4524,308;4528,322;4533,322;4537,328;4541,314;4546,326;4550,314;4555,326;4559,318;4563,304;4568,316;4572,316;4576,316;4581,314;4585,322;4589,306;4594,320;4598,320;4602,334;4607,318;4611,310;4615,310;4620,310;4624,324;4629,322;4633,316;4637,314;4642,328;4646,312;4650,326;4655,312;4659,304;4663,318;4668,318;4672,318;4676,316;4681,316;4685,310;4690,310;4694,308;4698,322;4703,322;4707,314;4711,314;4716,314;4720,312;4724,312;4729,326;4733,318;4737,332;4742,316;4746,330;4750,316;4755,308;4759,322;4764,306;4768,334;4772,320;4777,320;4781,312;4785,326;4790,310;4794,324;4798,310;4803,324;4807,328;4811,314;4816,328;4820,300;4824,312;4829,314;4833,332;4838,318;4842,332;4846,318;4851,332;4855,310;4859,322;4864,322;4868,322;4872,322;4877,308;4881,328;4885,312;4890,326;4894,312;4898,326;4903,310;4907,318;4912,316;4916,316;4920,314;4925,300;4929,322;4933,320;4938,320;4942,318;4946,318;4951,318;4955,310;4959,324;4964,308;4968,322;4972,308;4977,320;4981,312;4986,326;4990,312;4994,324;4999,310;5003,316;5007,316;5012,314;5016,314;5020,300;5025,326;5029,304;5033,318;5038,316;5042,318;5046,316;5051,308;5055,320;5060,306;5064,306;5068,318;5073,318;5077,312;5081,310;5086,310;5090,324;5094,310;5099,322;5103,314;5107,314;5112,314;5116,298;5121,326;5125,306;5129,320;5134,318;5138,318;5142,318;5147,330;5151,322;5155,308;5160,322;5164,306;5168,334;5173,320;5177,326;5181,312;5186,326;5190,310;5195,324;5199,316;5203,302;5208,314;5212,314;5216,328;5221,312;5225,332;5229,318;5234,332;5238,318;5242,330;5247,318;5251,322;5255,322;5260,308;5264,320;5269,306;5273,326;5277,326;5282,326;5286,312;5290,324;5295,310;5299,316;5303,314;5308,314;5312,312;5316,312;5321,326;5325,318;5330,316;5334,316;5338,328;5343,314;5347,320;5351,320;5356,306;5360,320;5364,304;5369,332;5373,310;5377,324;5382,310;5386,324;5390,308;5395,322;5399,314;5404,314;5408,312;5412,298;5417,326;5421,304;5425,316;5430,316;5434,318;5438,316;5443,318;5447,322;5451,322;5456,320;5460,306;5464,320;5469,304;5473,324;5478,324;5482,324;5486,310;5491,322;5495,314;5499,300;5504,314;5508,312;5512,312;5517,312;5521,318;5525,316;5530,330;5534,316;5538,316;5543,314;5547,306;5552,334;5556,320;5560,320;5565,306;5569,326;5573,310;5578,324;5582,310;5586,324;5591,310;5595,314;5599,328;5604,300;5608,312;5612,312;5617,326;5621,318;5626,332;5630,316;5634,330;5639,314;5643,322;5647,320;5652,320;5656,320;5660,320;5665,318;5669,310;5673,324;5678,324;5682,324;5686,322;5691,314;5695,314;5700,298;5704,312;5708,312;5713,324;5717,316;5721,316;5726,316;5730,330;5734,314;5739,328;5743,322;5747,320;5752,320;5756,304;5761,318;5765,310;5769,324;5774,308;5778,322;5782,322;5787,322;5791,312;5795,298;5800,312;5804,312;5808,324;5813,310;5817,330;5821,316;5826,330;5830,314;5835,328;5839,320;5843,320;5848,320;5852,306;5856,318;5861,318;5865,310;5869,310;5874,324;5878,308;5882,308;5887,308;5891,300;5895,326;5900,312;5904,312;5909,312;5913,318;5917,316;5922,316;5926,316;5930,330;5935,314;5939,322;5943,320;5948,306;5952,320;5956,304;5961,332;5965,310;5969,324;5974,310;5978,324;5983,308;5987,316;5991,328;5996,314;6000,314;6004,298;6009,326;6013,304;6017,318;6022,316;6026,332;6030,316;6035,330;6039,322;6043,320;6048,306;6052,306;6057,306;6061,324;6065,326;6070,310;6074,324;6078,310;6083,322;6087,314;6091,314;6096,314;6100,314;6104,312;6109,312;6113,320;6117,318;6122,318;6126,318;6131,318;6135,324;6139,324;6144,322;6148,308;6152,322;6157,308;6161,328;6165,314;6170,328;6174,312;6178,312;6183,298;6187,290;6192,290;6196,274;6200,288;6205,288;6209,294;6213,294;6218,294;6222,292;6226,292;6231,292;6235,284;6239,282;6244,282;6248,282;6252,280;6257,288;6261,288;6266,288;6270,286;6274,272;6279,272;6283,278;6287,290;6292,276;6296,274;6300,274;6305,274;6309,294;6313,280;6318,292;6322,292;6326,292;6331,284;6335,284;6340,284;6344,296;6348,282;6353,282;6357,288;6361,288;6366,272;6370,286;6374,286;6379,278;6383,276;6387,290;6392,276;6396,276;6401,276;6405,280;6409,292;6414,294;6418,308;6422,292;6427,292;6431,270;6435,270;6440,282;6444,282;6448,268;6453,288;6457,288;6461,286;6466,286;6470,284;6475,272;6479,276;6483,276;6488,276;6492,276;6496,274;6501,274;6505,294;6509,294;6514,280;6518,278;6522,292;6527,292;6531,284;6535,270;6540,282;6544,296;6549,282;6553,302;6557,288;6562,286;6566,272;6570,272;6575,284;6579,290;6583,276;6588,276;6592,288;6596,288;\r\nBuffer sent in 0.973 secondsreturn;buffer;965\r\n'), 10:33:58
bytearray(b'received from UR: measure -> measure (0,1)\r\nSTEPPER: Moving to mstep: 6600 with speed [msteps/sec]: 1000 in StealthChop.\r\n'), 10:33:59
bytearray(b'STEPPER: Moving to mstep: 2400 with speed [msteps/sec]: 4000 in SpreadCycle.\r\n'), 10:34:03
bytearray(b'STEPPER: Moved 4200.00 msteps (ramp: 35%) in 1324.880 ms -> average speed [msteps/sec]: 3170.10\r\nreturn;measure;965\r\n'), 10:34:04
bytearray(b'received from UR: buffer -> buffer (0,1)\r\nSending buffer of size 965data;2400,296;2404,450;2408,160;2413,274;2417,316;2421,324;2426,338;2430,322;2434,336;2439,322;2443,328;2447,326;2452,312;2456,326;2460,326;2465,340;2469,318;2474,330;2478,316;2482,330;2487,316;2491,330;2495,322;2500,320;2504,334;2508,320;2513,332;2517,324;2521,324;2526,324;2530,338;2534,322;2539,336;2543,328;2547,312;2552,326;2556,312;2561,338;2565,332;2569,332;2574,316;2578,330;2582,316;2587,330;2591,322;2595,320;2600,334;2604,318;2608,332;2613,332;2617,324;2622,322;2626,336;2630,320;2635,334;2639,326;2643,312;2648,324;2652,324;2656,338;2661,336;2665,328;2669,316;2674,328;2678,326;2682,326;2687,326;2691,318;2696,330;2700,316;2704,328;2709,314;2713,334;2717,318;2722,332;2726,318;2730,330;2735,316;2739,308;2743,334;2748,320;2752,334;2756,318;2761,318;2765,322;2770,338;2774,322;2778,336;2783,320;2787,312;2791,326;2796,312;2800,326;2804,310;2809,324;2813,316;2817,344;2822,316;2826,330;2831,314;2835,320;2839,332;2844,318;2848,332;2852,332;2857,318;2861,322;2865,336;2870,320;2874,336;2878,320;2883,320;2887,326;2891,324;2896,338;2900,338;2905,322;2909,316;2913,328;2918,326;2922,326;2926,326;2931,324;2935,330;2939,316;2944,328;2948,314;2952,326;2957,312;2961,332;2965,330;2970,330;2974,316;2979,328;2983,320;2987,306;2992,318;2996,304;3000,316;3005,302;3009,322;3013,308;3018,322;3022,320;3026,320;3031,318;3035,310;3039,324;3044,310;3048,324;3053,322;3057,314;3061,314;3066,328;3070,312;3074,326;3079,312;3083,302;3087,316;3092,314;3096,328;3100,314;3105,312;3109,318;3113,318;3118,316;3122,316;3127,314;3131,306;3135,320;3140,304;3144,318;3148,302;3153,316;3157,322;3161,334;3166,320;3170,332;3174,318;3179,332;3183,322;3187,308;3192,320;3196,306;3201,320;3205,326;3209,340;3214,324;3218,338;3222,322;3227,336;3231,328;3235,314;3240,328;3244,326;3248,314;3253,312;3257,332;3261,318;3266,330;3270,316;3275,330;3279,322;3283,322;3288,334;3292,320;3296,320;3301,320;3305,326;3309,324;3314,324;3318,324;3322,324;3327,322;3331,316;3336,328;3340,314;3344,326;3349,312;3353,320;3357,316;3362,318;3366,316;3370,330;3375,316;3379,320;3383,320;3388,306;3392,320;3396,304;3401,318;3405,310;3410,324;3414,308;3418,324;3423,320;3427,312;3431,326;3436,310;3440,312;3444,310;3449,322;3453,314;3457,314;3462,314;3466,314;3471,312;3475,306;3479,318;3484,304;3488,318;3492,316;3497,316;3501,322;3505,322;3510,320;3514,320;3518,320;3523,332;3527,324;3531,308;3536,322;3540,308;3545,322;3549,312;3553,326;3558,312;3562,324;3566,310;3571,324;3575,328;3579,314;3584,328;3588,298;3592,326;3597,312;3601,332;3605,318;3610,330;3614,316;3619,330;3623,314;3627,320;3632,320;3636,318;3640,318;3645,304;3649,324;3653,324;3658,336;3662,320;3666,334;3671,320;3675,312;3679,324;3684,310;3688,322;3693,322;3697,336;3701,314;3706,314;3710,312;3714,326;3719,324;3723,316;3727,316;3732,314;3736,328;3740,314;3745,326;3749,318;3753,318;3758,316;3762,318;3767,316;3771,316;3775,320;3780,306;3784,320;3788,304;3793,318;3797,310;3801,324;3806,322;3810,322;3814,306;3819,322;3823,324;3827,312;3832,310;3836,310;3841,322;3845,314;3849,314;3854,300;3858,312;3862,312;3867,326;3871,318;3875,318;3880,316;3884,302;3888,316;3893,314;3897,322;3901,320;3906,320;3910,306;3915,320;3919,326;3923,312;3928,310;3932,296;3936,324;3941,308;3945,328;3949,314;3954,328;3958,312;3962,326;3967,310;3971,318;3976,330;3980,314;3984,328;3989,314;3993,334;3997,318;4002,332;4006,316;4010,330;4015,316;4019,322;4023,320;4028,306;4032,318;4036,318;4041,332;4045,308;4050,322;4054,322;4058,334;4063,320;4067,326;4071,324;4076,310;4080,322;4084,322;4089,334;4093,312;4097,326;4102,310;4106,324;4110,322;4115,322;4119,314;4124,298;4128,326;4132,312;4137,324;4141,316;4145,316;4150,314;4154,314;4158,312;4163,326;4167,318;4171,304;4176,316;4180,314;4184,328;4189,306;4193,320;4198,318;4202,332;4206,316;4211,318;4215,320;4219,306;4224,318;4228,318;4232,316;4237,316;4241,322;4245,306;4250,320;4254,318;4258,318;4263,304;4267,308;4272,322;4276,320;4280,306;4285,306;4289,312;4293,310;4298,310;4302,308;4306,308;4311,308;4315,312;4319,312;4324,298;4328,310;4332,296;4337,322;4341,314;4346,314;4350,312;4354,312;4359,312;4363,318;4367,330;4372,316;4376,316;4380,300;4385,328;4389,320;4393,334;4398,318;4402,330;4407,316;4411,308;4415,322;4420,320;4424,320;4428,318;4433,318;4437,310;4441,336;4446,322;4450,334;4454,306;4459,320;4463,324;4467,310;4472,324;4476,308;4481,322;4485,306;4489,328;4494,326;4498,326;4502,312;4507,324;4511,330;4515,330;4520,316;4524,314;4528,328;4533,312;4537,332;4542,318;4546,318;4550,314;4555,330;4559,322;4563,306;4568,320;4572,306;4576,318;4581,304;4585,324;4589,322;4594,334;4598,322;4602,320;4607,320;4611,312;4616,326;4620,310;4624,310;4629,308;4633,330;4637,314;4642,328;4646,312;4650,326;4655,310;4659,304;4663,316;4668,316;4672,314;4676,300;4681,312;4685,320;4690,318;4694,318;4698,316;4703,302;4707,308;4711,320;4716,306;4720,320;4724,304;4729,318;4733,324;4737,324;4742,322;4746,336;4750,320;4755,320;4759,324;4764,310;4768,324;4772,296;4777,322;4781,314;4785,328;4790,312;4794,326;4798,312;4803,326;4807,328;4811,316;4816,328;4820,314;4824,312;4829,312;4833,332;4838,316;4842,330;4846,314;4851,328;4855,320;4859,320;4864,332;4868,318;4872,316;4877,316;4881,322;4885,320;4890,320;4894,320;4898,320;4903,318;4907,310;4912,324;4916,322;4920,322;4925,308;4929,326;4933,326;4938,324;4942,310;4946,324;4951,308;4955,314;4959,328;4964,312;4968,310;4972,296;4977,324;4981,314;4986,328;4990,312;4994,326;4999,310;5003,302;5007,316;5012,314;5016,328;5020,312;5025,326;5029,318;5033,318;5038,302;5042,316;5047,314;5051,308;5055,320;5060,304;5064,304;5068,304;5073,316;5077,308;5081,322;5086,320;5090,320;5094,306;5099,318;5103,324;5107,324;5112,308;5116,308;5121,322;5125,312;5129,326;5134,324;5138,324;5142,310;5147,324;5151,328;5155,314;5160,328;5164,312;5168,312;5173,298;5177,332;5181,316;5186,330;5190,314;5195,330;5199,320;5203,320;5208,334;5212,304;5216,318;5221,318;5225,324;5229,308;5234,336;5238,320;5242,334;5247,318;5251,310;5255,324;5260,308;5264,322;5269,308;5273,328;5277,326;5282,326;5286,312;5290,324;5295,310;5299,330;5303,314;5308,314;5312,326;5316,312;5321,326;5325,318;5329,318;5334,316;5338,330;5343,314;5347,320;5351,318;5356,304;5360,318;5364,314;5369,316;5373,322;5377,322;5382,306;5386,320;5390,320;5395,320;5399,312;5404,310;5408,324;5412,308;5417,322;5421,314;5425,314;5430,312;5434,326;5438,310;5443,324;5447,316;5451,314;5456,314;5460,314;5464,326;5469,312;5473,318;5478,316;5482,316;5486,316;5491,316;5495,306;5499,306;5504,320;5508,304;5512,318;5517,304;5521,324;5525,310;5530,322;5534,322;5538,336;5543,320;5547,298;5552,326;5556,310;5560,324;5565,324;5569,316;5573,316;5578,326;5582,314;5586,328;5591,312;5595,304;5599,318;5604,304;5608,316;5612,316;5617,330;5621,308;5626,334;5630,318;5634,334;5639,318;5643,310;5647,322;5652,308;5656,322;5660,306;5665,320;5669,312;5673,326;5678,312;5682,324;5687,310;5691,316;5695,316;5700,314;5704,328;5708,312;5713,312;5717,318;5721,332;5726,316;5730,330;5734,330;5739,330;5743,306;5747,306;5752,320;5756,304;5761,318;5765,310;5769,324;5774,308;5778,322;5782,308;5787,322;5791,312;5795,298;5800,312;5804,310;5808,324;5813,308;5817,330;5821,314;5826,328;5830,312;5835,326;5839,318;5843,304;5848,318;5852,304;5856,316;5861,302;5865,324;5869,322;5874,320;5878,320;5882,320;5887,318;5891,312;5895,310;5900,310;5904,324;5909,308;5913,308;5917,328;5922,328;5926,326;5930,326;5935,312;5939,302;5943,316;5948,316;5952,330;5956,314;5961,328;5965,320;5969,334;5974,318;5978,332;5983,316;5987,308;5991,322;5996,308;6000,322;6004,306;6009,320;6013,312;6017,326;6022,310;6026,324;6030,308;6035,338;6039,328;6043,314;6048,312;6052,312;6057,310;6061,316;6065,316;6070,316;6074,316;6078,314;6083,314;6087,320;6091,318;6096,318;6100,304;6104,316;6109,316;6113,322;6118,306;6122,320;6126,318;6131,318;6135,322;6139,308;6144,322;6148,306;6152,318;6157,304;6161,324;6165,308;6170,322;6174,306;6178,306;6183,312;6187,296;6192,296;6196,280;6200,280;6205,278;6209,298;6213,284;6218,282;6222,296;6226,296;6231,286;6235,286;6239,286;6244,272;6248,284;6253,268;6257,304;6261,288;6266,288;6270,286;6274,272;6279,284;6283,276;6287,276;6292,274;6296,274;6300,272;6305,272;6309,292;6313,292;6318,290;6322,290;6327,290;6331,268;6335,280;6340,264;6344,292;6348,274;6353,290;6357,282;6361,282;6366,294;6370,294;6374,292;6379,284;6383,298;6387,268;6392,282;6396,282;6401,280;6405,286;6409,300;6414,284;6418,284;6422,282;6427,296;6431,286;6435,300;6440,284;6444,284;6448,268;6453,288;6457,302;6461,286;6466,286;6470,284;6475,284;6479,274;6483,274;6488,286;6492,286;6496,284;6501,270;6505,290;6509,288;6514,288;6518,286;6522,286;6527,292;6531,276;6535,290;6540,260;6544,288;6549,288;6553,294;6557,278;6562,278;6566,278;6570,292;6575,290;6579,268;6583,282;6588,266;6592,280;6596,266;\r\nBuffer sent in 0.973 secondsreturn;buffer;965\r\n'), 10:34:06
bytearray(b'received from UR: measure -> measure (0,1)\r\nSTEPPER: Moving to mstep: 6600 with speed [msteps/sec]: 1000 in StealthChop.\r\n'), 10:34:07
bytearray(b'STEPPER: Moving to mstep: 2400 with speed [msteps/sec]: 4000 in SpreadCycle.\r\n'), 10:34:12
bytearray(b'STEPPER: Moved 4200.00 msteps (ramp: 35%) in 1324.888 ms -> average speed [msteps/sec]: 3170.08\r\nreturn;measure;965\r\n'), 10:34:13
bytearray(b'received from UR: buffer -> buffer (0,1)\r\nSending buffer of size 965data;2400,300;2404,458;2408,170;2413,284;2417,312;2421,332;2426,344;2430,316;2434,344;2439,328;2443,320;2447,320;2452,318;2456,318;2460,316;2465,330;2469,322;2474,336;2478,320;2482,334;2487,320;2491,324;2495,324;2500,324;2504,336;2508,322;2513,334;2517,326;2521,326;2526,324;2530,338;2535,336;2539,314;2543,314;2548,312;2552,326;2556,326;2561,324;2565,330;2569,330;2574,314;2578,342;2582,326;2587,340;2591,332;2595,318;2600,330;2604,316;2609,340;2613,320;2617,320;2622,320;2626,332;2630,318;2635,332;2639,322;2643,322;2648,336;2652,320;2656,334;2661,332;2665,324;2669,322;2674,336;2678,334;2683,334;2687,334;2691,312;2696,324;2700,322;2704,336;2709,322;2713,328;2717,326;2722,340;2726,324;2730,338;2735,322;2739,314;2743,328;2748,314;2752,340;2757,312;2761,324;2765,316;2770,330;2774,316;2778,342;2783,328;2787,318;2791,318;2796,302;2800,330;2804,316;2809,328;2813,320;2817,334;2822,318;2826,332;2831,318;2835,322;2839,322;2844,306;2848,334;2852,318;2857,332;2861,324;2865,322;2870,322;2874,336;2878,320;2883,334;2887,326;2891,310;2896,322;2900,322;2905,336;2909,318;2913,326;2918,324;2922,338;2926,322;2931,336;2935,328;2939,312;2944,324;2948,310;2952,336;2957,322;2961,328;2965,326;2970,326;2974,324;2979,324;2983,316;2987,300;2992,314;2996,314;3000,326;3005,312;3009,318;3013,316;3018,330;3022,316;3026,328;3031,314;3035,320;3039,306;3044,304;3048,318;3053,302;3057,316;3061,322;3066,320;3070,320;3074,320;3079,318;3083,310;3087,324;3092,322;3096,320;3100,306;3105,320;3109,312;3114,312;3118,310;3122,310;3127,308;3131,314;3135,326;3140,312;3144,312;3148,296;3153,324;3157,316;3161,330;3166,328;3170,328;3174,312;3179,304;3183,332;3188,316;3192,330;3196,328;3201,328;3205,320;3209,332;3214,318;3218,330;3222,316;3227,330;3231,320;3235,320;3240,334;3244,320;3248,318;3253,310;3257,338;3262,322;3266,322;3270,320;3275,320;3279,326;3283,324;3288,338;3292,324;3296,322;3301,322;3305,328;3309,314;3314,326;3318,312;3322,324;3327,326;3331,302;3336,316;3340,300;3344,328;3349,314;3353,320;3357,318;3362,318;3366,318;3370,332;3375,316;3379,308;3383,308;3388,306;3392,320;3396,306;3401,332;3405,310;3410,324;3414,308;3418,322;3423,320;3427,312;3431,310;3436,296;3440,308;3444,308;3449,308;3453,314;3457,328;3462,312;3466,326;3470,310;3475,304;3479,316;3484,316;3488,316;3492,314;3497,312;3501,318;3505,318;3510,318;3514,318;3518,316;3523,330;3527,322;3531,308;3536,322;3540,306;3545,320;3549,312;3553,324;3558,324;3562,324;3566,310;3571,324;3575,328;3579,314;3584,326;3588,298;3592,326;3597,310;3601,344;3605,316;3610,330;3614,326;3619,328;3623,320;3627,304;3632,318;3636,318;3640,316;3645,316;3649,336;3653,322;3658,336;3662,320;3666,334;3671,320;3675,326;3679,310;3684,310;3688,322;3693,322;3697,328;3701,314;3706,328;3710,314;3714,326;3719,312;3723,318;3727,316;3732,302;3736,328;3740,314;3745,328;3749,320;3754,320;3758,318;3762,318;3767,316;3771,308;3775,322;3780,308;3784,322;3788,306;3793,320;3797,312;3801,326;3806,312;3810,324;3814,310;3819,324;3823,316;3828,314;3832,314;3836,312;3841,312;3845,318;3849,320;3854,318;3858,332;3862,316;3867,316;3871,308;3875,308;3880,306;3884,306;3888,306;3893,304;3897,326;3902,310;3906,324;3910,310;3915,324;3919,314;3923,300;3928,314;3932,298;3936,314;3941,298;3945,332;3949,318;3954,318;3958,316;3962,330;3967,316;3971,308;3976,322;3980,306;3984,320;3989,306;3993,326;3997,310;4002,324;4006,322;4010,322;4015,320;4019,312;4023,326;4028,312;4032,324;4036,324;4041,322;4045,314;4050,328;4054,312;4058,326;4063,310;4067,330;4071,316;4076,314;4080,328;4084,314;4089,326;4093,318;4097,318;4102,316;4106,330;4110,314;4115,306;4119,320;4124,318;4128,330;4132,316;4137,328;4141,320;4145,320;4150,320;4154,318;4158,318;4163,318;4167,322;4171,308;4176,320;4180,304;4185,318;4189,310;4193,324;4198,324;4202,324;4206,322;4211,322;4215,312;4219,298;4224,310;4228,310;4232,310;4237,308;4241,328;4245,314;4250,328;4254,312;4259,326;4263,304;4267,302;4272,316;4276,314;4280,314;4285,312;4289,318;4293,318;4298,316;4302,316;4306,316;4311,314;4315,306;4319,320;4324,304;4328,318;4333,302;4337,322;4341,322;4346,322;4350,320;4354,318;4359,318;4363,308;4367,322;4372,322;4376,334;4380,306;4385,320;4389,324;4394,338;4398,322;4402,322;4407,308;4411,312;4415,312;4420,312;4424,324;4428,324;4433,324;4437,314;4441,328;4446,314;4450,328;4454,312;4459,326;4463,316;4468,304;4472,316;4476,314;4481,328;4485,320;4489,318;4494,318;4498,330;4502,316;4507,330;4511,320;4515,306;4520,320;4524,318;4528,332;4533,318;4537,322;4542,322;4546,322;4550,320;4555,318;4559,310;4563,296;4568,324;4572,308;4576,320;4581,306;4585,326;4589,312;4594,324;4598,310;4602,324;4607,322;4611,314;4616,326;4620,312;4624,326;4629,310;4633,330;4637,314;4642,328;4646,312;4650,326;4655,312;4659,316;4663,316;4668,314;4672,314;4676,312;4681,326;4685,304;4690,316;4694,314;4698,314;4703,314;4707,304;4711,318;4716,302;4720,316;4724,300;4729,314;4733,318;4737,332;4742,316;4746,330;4750,314;4755,306;4759,318;4764,318;4768,330;4772,314;4777,314;4781,320;4785,332;4790,318;4794,330;4798,316;4803,328;4807,320;4811,318;4816,332;4820,316;4825,316;4829,314;4833,334;4838,318;4842,332;4846,316;4851,328;4855,320;4859,318;4864,318;4868,316;4872,316;4877,314;4881,320;4885,318;4890,332;4894,318;4899,330;4903,322;4907,322;4912,320;4916,306;4920,320;4925,304;4929,324;4933,322;4938,336;4942,320;4946,334;4951,318;4955,310;4959,324;4964,308;4968,322;4973,306;4977,326;4981,310;4986,324;4990,308;4994,322;4999,320;5003,312;5007,324;5012,296;5016,308;5020,308;5025,306;5029,312;5033,326;5038,310;5042,324;5047,322;5051,300;5055,312;5060,298;5064,312;5068,310;5073,324;5077,314;5081,314;5086,312;5090,326;5094,310;5099,324;5103,316;5107,314;5112,328;5116,312;5121,312;5125,318;5129,318;5134,316;5138,330;5142,316;5147,328;5151,320;5155,304;5160,318;5164,304;5168,318;5173,302;5177,336;5181,320;5186,334;5190,318;5195,332;5199,316;5203,322;5208,322;5212,306;5216,320;5221,318;5225,324;5229,324;5234,322;5238,308;5242,334;5247,320;5251,326;5256,310;5260,308;5264,322;5269,308;5273,328;5277,312;5282,326;5286,326;5290,326;5295,324;5299,316;5303,314;5308,312;5312,326;5316,312;5321,324;5325,316;5330,314;5334,314;5338,328;5343,312;5347,304;5351,316;5356,302;5360,316;5364,300;5369,328;5373,320;5377,334;5382,318;5386,332;5391,316;5395,308;5399,322;5404,306;5408,320;5412,306;5417,318;5421,310;5425,324;5430,322;5434,336;5438,320;5443,334;5447,312;5451,310;5456,310;5460,308;5465,308;5469,314;5473,326;5478,312;5482,326;5486,310;5491,310;5495,316;5499,314;5504,314;5508,312;5512,324;5517,312;5521,318;5525,316;5530,330;5534,314;5539,328;5543,320;5547,304;5552,318;5556,304;5560,316;5565,316;5569,336;5573,320;5578,334;5582,318;5586,332;5591,318;5595,324;5599,324;5604,308;5608,322;5613,306;5617,328;5621,312;5626,326;5630,312;5634,324;5639,310;5643,316;5647,314;5652,314;5656,326;5660,312;5665,326;5669,318;5673,330;5678,316;5682,330;5687,326;5691,306;5695,318;5700,304;5704,318;5708,304;5713,316;5717,322;5721,322;5726,320;5730,320;5734,318;5739,332;5743,324;5747,308;5752,322;5756,306;5761,320;5765,312;5769,324;5774,310;5778,322;5782,308;5787,320;5791,326;5795,312;5800,324;5804,324;5808,324;5813,308;5817,328;5821,314;5826,326;5830,312;5835,312;5839,316;5843,314;5848,328;5852,328;5856,312;5861,312;5865,318;5869,316;5874,316;5878,302;5882,314;5887,314;5891,306;5896,318;5900,304;5904,316;5909,302;5913,322;5917,322;5922,320;5926,320;5930,320;5935,318;5939,296;5943,322;5948,308;5952,322;5956,322;5961,322;5965,312;5970,326;5974,310;5978,322;5983,322;5987,300;5991,326;5996,312;6000,326;6004,310;6009,310;6013,316;6017,328;6022,314;6026,328;6031,312;6035,304;6039,318;6044,316;6048,330;6052,328;6057,314;6061,320;6065,332;6070,318;6074,334;6078,316;6083,330;6087,308;6091,306;6096,306;6100,306;6105,306;6109,312;6113,324;6118,310;6122,322;6126,308;6131,322;6135,326;6139,312;6144,326;6148,310;6152,310;6157,310;6161,318;6165,314;6170,328;6174,314;6179,314;6183,304;6187,290;6192,290;6196,274;6200,288;6205,274;6209,308;6213,292;6218,292;6222,290;6226,274;6231,282;6235,280;6239,294;6244,278;6248,278;6253,278;6257,284;6261,282;6266,296;6270,282;6274,280;6279,280;6283,284;6287,284;6292,268;6296,282;6300,282;6305,288;6309,286;6313,272;6318,284;6322,284;6327,284;6331,288;6335,288;6340,288;6344,300;6348,286;6353,286;6357,292;6361,290;6366,276;6370,290;6374,288;6379,280;6383,292;6387,278;6392,292;6396,278;6401,276;6405,296;6409,282;6414,282;6418,294;6422,294;6427,272;6431,270;6435,270;6440,284;6444,282;6448,296;6453,288;6457,298;6462,286;6466,298;6470,296;6475,296;6479,274;6483,272;6488,272;6492,270;6496,270;6501,268;6505,288;6509,288;6514,286;6518,286;6522,284;6527,290;6531,276;6536,290;6540,274;6544,274;6549,286;6553,292;6557,292;6562,292;6566,290;6570,290;6575,282;6579,280;6583,280;6588,278;6592,278;6597,278;\r\nBuffer sent in 0.973 secondsreturn;buffer;965\r\n'), 10:34:15
bytearray(b'received from UR: home -> home (0,1)\r\nSTEPPER: Moving to mstep: 0 with speed [msteps/sec]: 4000 in SpreadCycle.\r\n'), 10:34:16
bytearray(b'STEPPER: Moved 2400.00 msteps (ramp: 35%) in 813.416 ms -> average speed [msteps/sec]: 2950.52\r\nreturn;home;1\r\n'), 10:34:17
