bytearray(b'STEPPER: Moving to mstep: 2400 with speed [msteps/sec]: 4000 in SpreadCycle.\r\n'), 10:36:44
bytearray(b'STEPPER: Moved 2400.00 msteps (ramp: 35%) in 812.828 ms -> average speed [msteps/sec]: 2952.65\r\n'), 10:36:45
bytearray(b'received from UR: status -> status (0,1)\r\n*** STATUS ***\r\nid        :         3 -\r\nstep      :      2400 steps\r\nspeed     :      1500 msteps/s\r\nmspeed    :      1000 msteps/s\r\nsg-thrs   :        80 -\r\ndefault   :     12000 \xc2\xb5m\r\ndispense  :     30350 \xc2\xb5m\r\nblowout   :     33000 \xc2\xb5m\r\nd-offset  :        20 \xc2\xb5m\r\nur0       :         0 -\r\nur1       :         1 -\r\nhomed     :         1 -\r\nreturn;status;2400\r\n'), 10:36:47
bytearray(b'received from UR: measure -> measure (0,1)\r\nSTEPPER: Moving to mstep: 6600 with speed [msteps/sec]: 1000 in StealthChop.\r\n'), 10:36:48
bytearray(b'STEPPER: Moving to mstep: 2400 with speed [msteps/sec]: 4000 in SpreadCycle.\r\n'), 10:36:52
bytearray(b'STEPPER: Moved 4200.00 msteps (ramp: 35%) in 1324.880 ms -> average speed [msteps/sec]: 3170.10\r\nreturn;measure;965\r\n'), 10:36:53
bytearray(b'received from UR: buffer -> buffer (0,1)\r\nSending buffer of size 965data;2400,126;2404,458;2408,196;2413,282;2417,324;2421,330;2426,344;2430,316;2434,330;2439,328;2443,320;2447,320;2452,318;2456,318;2460,332;2465,332;2469,324;2474,338;2478,322;2482,336;2487,322;2491,314;2495,326;2500,326;2504,326;2508,324;2513,324;2517,316;2521,328;2526,328;2530,328;2534,314;2539,326;2543,318;2548,318;2552,332;2556,316;2561,330;2565,322;2569,336;2574,320;2578,334;2582,318;2587,332;2591,324;2595,308;2600,336;2604,322;2608,336;2613,320;2617,328;2622,326;2626,326;2630,324;2635,338;2639,330;2643,316;2648,328;2652,314;2656,328;2661,328;2665,332;2669,318;2674,332;2678,316;2682,330;2687,330;2691,308;2696,322;2700,320;2704,334;2709,320;2713,326;2717,324;2722,338;2726,324;2730,336;2735,322;2739,300;2743,328;2748,312;2752,326;2757,326;2761,338;2765,318;2770,332;2774,316;2778,330;2783,328;2787,320;2791,334;2796,306;2800,318;2804,304;2809,332;2813,324;2817,338;2822,322;2826,336;2831,320;2835,312;2839,326;2844,312;2848,326;2852,326;2857,324;2861,316;2865,330;2870,316;2874,330;2878,314;2883,328;2887,320;2891,318;2896,318;2900,304;2905,316;2909,322;2913,322;2918,320;2922,322;2926,320;2931,320;2935,326;2939,310;2944,324;2948,310;2952,324;2957,308;2961,328;2965,314;2970,328;2974,312;2979,314;2983,318;2987,318;2992,318;2996,316;3000,316;3005,300;3009,322;3013,320;3018,320;3022,304;3026,318;3031,304;3035,324;3039,322;3044,308;3048,320;3053,306;3057,326;3061,312;3066,324;3070,310;3074,324;3079,322;3083,300;3087,314;3092,314;3096,312;3100,298;3105,312;3109,318;3113,318;3118,316;3122,330;3127,316;3131,292;3135,306;3140,306;3144,318;3148,304;3153,318;3157,324;3161,324;3166,308;3170,322;3174,322;3179,300;3183,328;3188,312;3192,326;3196,298;3201,312;3205,316;3209,330;3214,316;3218,330;3222,314;3227,328;3231,320;3235,318;3240,318;3244,304;3248,318;3253,318;3257,322;3262,310;3266,322;3270,320;3275,320;3279,326;3283,324;3288,324;3292,324;3296,322;3301,308;3305,328;3309,326;3314,326;3318,324;3323,324;3327,324;3331,314;3336,328;3340,300;3344,312;3349,312;3353,318;3357,318;3362,318;3366,316;3370,330;3375,316;3379,308;3383,320;3388,292;3392,304;3397,304;3401,316;3405,308;3410,322;3414,320;3418,320;3423,320;3427,312;3431,310;3436,296;3440,310;3444,308;3449,308;3453,314;3457,326;3462,312;3466,326;3471,310;3475,316;3479,314;3484,314;3488,314;3492,298;3497,312;3501,318;3505,316;3510,302;3514,314;3518,314;3523,314;3527,320;3531,304;3536,318;3540,302;3545,316;3549,316;3553,322;3558,306;3562,320;3566,306;3571,318;3575,324;3579,310;3584,322;3588,308;3592,320;3597,320;3601,326;3605,310;3610,324;3614,308;3619,322;3623,322;3627,314;3632,312;3636,312;3640,312;3645,324;3649,330;3653,314;3658,328;3662,312;3666,326;3671,324;3675,316;3679,330;3684,314;3688,312;3693,326;3697,318;3701,316;3706,316;3710,314;3714,328;3719,312;3723,318;3727,330;3732,302;3736,314;3740,314;3745,328;3749,304;3754,318;3758,316;3762,316;3767,316;3771,308;3775,320;3780,306;3784,318;3788,304;3793,318;3797,310;3801,322;3806,308;3810,320;3814,306;3819,298;3823,310;3828,310;3832,308;3836,308;3841,308;3845,312;3849,312;3854,310;3858,310;3862,294;3867,308;3871,314;3875,314;3880,312;3884,310;3889,312;3893,302;3897,316;3902,316;3906,314;3910,300;3915,314;3919,318;3923,318;3928,318;3932,304;3936,316;3941,302;3945,322;3949,320;3954,320;3958,306;3963,320;3967,318;3971,324;3976,324;3980,310;3984,322;3989,308;3993,328;3997,314;4002,328;4006,312;4010,326;4015,310;4019,316;4023,330;4028,314;4032,328;4037,314;4041,314;4045,320;4050,320;4054,304;4058,318;4063,316;4067,324;4071,322;4076,322;4080,320;4084,306;4089,318;4093,324;4097,324;4102,322;4106,322;4111,322;4115,300;4119,314;4124,312;4128,324;4132,310;4137,324;4141,316;4145,316;4150,316;4154,328;4158,314;4163,292;4167,306;4171,304;4176,318;4180,302;4185,302;4189,310;4193,322;4198,308;4202,320;4206,320;4211,320;4215,310;4219,310;4224,310;4228,308;4232,308;4237,306;4241,312;4245,312;4250,312;4254,296;4259,310;4263,316;4267,316;4272,316;4276,314;4280,314;4285,298;4289,318;4293,304;4298,302;4302,302;4306,316;4311,316;4315,306;4319,306;4324,292;4328,306;4333,318;4337,310;4341,310;4346,324;4350,308;4354,322;4359,320;4363,312;4367,326;4372,310;4376,324;4380,308;4385,308;4389,314;4394,328;4398,312;4402,326;4407,312;4411,318;4415,330;4420,316;4424,316;4428,314;4433,314;4437,320;4441,320;4446,304;4450,332;4454,316;4459,308;4463,322;4468,310;4472,322;4476,320;4481,320;4485,312;4489,326;4494,324;4498,324;4502,322;4507,324;4511,328;4515,314;4520,314;4524,300;4528,312;4533,312;4537,318;4542,304;4546,316;4550,316;4555,328;4559,320;4563,306;4568,320;4572,304;4576,318;4581,316;4585,322;4589,308;4594,322;4598,306;4602,320;4607,320;4611,312;4616,312;4620,296;4624,310;4629,298;4633,330;4637,316;4642,314;4646,300;4650,314;4655,314;4659,320;4663,320;4668,318;4672,318;4676,302;4681,310;4685,308;4690,308;4694,306;4698,320;4703,306;4707,312;4711,324;4716,310;4720,310;4724,308;4729,308;4733,314;4737,314;4742,312;4746,326;4751,310;4755,318;4759,330;4764,316;4768,316;4772,302;4777,314;4781,320;4785,320;4790,320;4794,332;4798,316;4803,332;4807,324;4811,308;4816,322;4820,308;4825,320;4829,312;4833,326;4838,310;4842,324;4846,308;4851,322;4855,314;4859,314;4864,326;4868,312;4872,312;4877,310;4881,330;4886,316;4890,330;4894,314;4899,328;4903,320;4907,304;4912,318;4916,304;4920,318;4925,302;4929,322;4933,322;4938,320;4942,320;4946,320;4951,318;4955,296;4960,308;4964,308;4968,322;4973,306;4977,328;4981,312;4986,326;4990,310;4994,324;4999,308;5003,314;5007,312;5012,310;5016,312;5020,310;5025,310;5029,316;5034,314;5038,300;5042,314;5047,312;5051,318;5055,316;5060,316;5064,314;5068,300;5073,312;5077,318;5081,302;5086,300;5090,300;5094,312;5099,312;5103,318;5108,316;5112,316;5116,300;5121,314;5125,318;5129,318;5134,302;5138,316;5142,314;5147,328;5151,320;5155,304;5160,318;5164,302;5168,316;5173,316;5177,320;5182,306;5186,320;5190,318;5195,332;5199,324;5203,308;5208,322;5212,308;5216,320;5221,306;5225,326;5229,310;5234,338;5238,308;5242,322;5247,314;5251,298;5256,310;5260,310;5264,308;5269,308;5273,328;5277,314;5282,326;5286,312;5290,324;5295,324;5299,300;5303,314;5308,314;5312,326;5316,312;5321,318;5325,316;5330,330;5334,316;5338,314;5343,314;5347,304;5351,318;5356,304;5360,316;5364,302;5369,314;5373,306;5377,318;5382,304;5386,316;5391,314;5395,306;5399,318;5404,304;5408,318;5412,316;5417,316;5421,306;5425,320;5430,306;5434,318;5438,304;5443,316;5447,322;5451,308;5456,306;5460,320;5465,318;5469,296;5473,324;5478,308;5482,322;5486,308;5491,306;5495,310;5499,296;5504,310;5508,308;5512,308;5517,292;5521,314;5526,312;5530,312;5534,310;5539,324;5543,314;5547,300;5552,314;5556,298;5560,312;5565,310;5569,330;5573,316;5578,328;5582,314;5586,328;5591,312;5595,304;5600,316;5604,302;5608,316;5613,314;5617,320;5621,304;5626,318;5630,316;5634,316;5639,314;5643,320;5647,320;5652,304;5656,304;5660,304;5665,316;5669,308;5674,322;5678,322;5682,320;5687,320;5691,312;5695,310;5700,296;5704,310;5708,308;5713,308;5717,314;5721,328;5726,312;5730,324;5734,310;5739,302;5743,316;5748,300;5752,314;5756,300;5761,312;5765,318;5769,318;5774,316;5778,316;5782,312;5787,316;5791,306;5795,306;5800,318;5804,304;5808,316;5813,308;5817,322;5822,308;5826,320;5830,306;5835,318;5839,310;5843,310;5848,308;5852,308;5856,308;5861,306;5865,312;5869,310;5874,310;5878,296;5882,308;5887,308;5891,314;5896,312;5900,312;5904,312;5909,296;5913,316;5917,316;5922,314;5926,300;5930,314;5935,312;5939,304;5943,316;5948,302;5952,316;5957,300;5961,320;5965,318;5970,332;5974,318;5978,332;5983,316;5987,308;5991,308;5996,292;6000,306;6004,306;6009,318;6013,310;6017,324;6022,296;6026,294;6031,280;6035,286;6039,284;6044,298;6048,282;6052,282;6057,282;6061,288;6065,302;6070,286;6074,272;6078,270;6083,290;6087,290;6091,290;6096,288;6100,288;6105,274;6109,292;6113,292;6118,276;6122,248;6126,288;6131,290;6135,280;6139,278;6144,278;6148,276;6152,276;6157,282;6161,296;6166,282;6170,280;6174,280;6179,292;6183,284;6187,284;6192,282;6196,282;6200,280;6205,266;6209,300;6213,284;6218,284;6222,282;6226,296;6231,288;6235,286;6240,286;6244,270;6248,284;6253,282;6257,274;6261,272;6266,272;6270,286;6274,286;6279,284;6283,290;6287,288;6292,274;6296,286;6300,286;6305,290;6309,290;6314,290;6318,274;6322,274;6327,272;6331,264;6335,276;6340,262;6344,274;6348,260;6353,274;6357,280;6361,278;6366,292;6370,292;6374,290;6379,268;6383,268;6388,266;6392,266;6396,266;6401,278;6405,284;6409,284;6414,282;6418,296;6422,282;6427,258;6431,286;6435,286;6440,284;6444,284;6448,282;6453,274;6457,288;6462,274;6466,272;6470,270;6475,256;6479,276;6483,290;6488,274;6492,288;6496,288;6501,280;6505,264;6509,264;6514,262;6518,276;6523,276;6527,282;6531,280;6536,294;6540,280;6544,292;6549,278;6553,270;6557,270;6562,240;6566,282;6570,296;6575,274;6579,272;6583,284;6588,270;6592,268;6597,254;\r\nBuffer sent in 0.973 secondsreturn;buffer;965\r\n'), 10:36:55
bytearray(b'received from UR: measure -> measure (0,1)\r\nSTEPPER: Moving to mstep: 6600 with speed [msteps/sec]: 1000 in StealthChop.\r\n'), 10:36:56
bytearray(b'STEPPER: Moving to mstep: 2400 with speed [msteps/sec]: 4000 in SpreadCycle.\r\n'), 10:37:01
bytearray(b'STEPPER: Moved 4200.00 msteps (ramp: 35%) in 1324.892 ms -> average speed [msteps/sec]: 3170.07\r\nreturn;measure;965\r\n'), 10:37:02
bytearray(b'received from UR: buffer -> buffer (0,1)\r\nSending buffer of size 965data;2400,304;2404,462;2408,144;2413,272;2417,314;2421,320;2426,334;2430,318;2434,334;2439,320;2443,310;2447,324;2452,322;2456,336;2460,334;2465,320;2469,326;2474,338;2478,324;2482,338;2487,322;2491,314;2495,326;2500,312;2504,326;2508,324;2513,338;2517,316;2521,328;2526,314;2530,328;2534,326;2539,340;2543,318;2548,316;2552,330;2556,314;2561,328;2565,334;2569,334;2574,320;2578,334;2582,318;2587,332;2591,324;2595,308;2600,336;2604,320;2608,334;2613,312;2617,324;2622,322;2626,336;2630,322;2635,336;2639,326;2643,312;2648,324;2652,324;2656,338;2661,336;2665,328;2669,326;2674,326;2678,324;2682,324;2687,322;2691,314;2696,328;2700,314;2704,326;2709,312;2713,332;2717,316;2722,330;2726,328;2730,328;2735,328;2739,318;2743,332;2748,318;2752,330;2756,316;2761,328;2765,320;2770,334;2774,318;2778,332;2783,318;2787,308;2791,336;2796,322;2800,334;2804,320;2809,332;2813,324;2817,338;2822,310;2826,322;2830,308;2835,312;2839,326;2844,312;2848,326;2852,324;2857,322;2861,314;2865,326;2870,312;2874,326;2878,312;2883,324;2887,330;2891,316;2896,330;2900,314;2905,314;2909,320;2913,332;2918,318;2922,330;2926,316;2931,316;2935,322;2939,306;2944,334;2948,304;2952,318;2957,304;2961,322;2965,308;2970,322;2974,306;2979,320;2983,306;2987,312;2992,310;2996,310;3000,324;3005,308;3009,316;3013,300;3018,314;3022,312;3026,326;3031,310;3035,318;3039,314;3044,314;3048,314;3053,314;3057,320;3061,318;3066,318;3070,316;3074,316;3079,314;3083,320;3087,320;3092,306;3096,318;3100,304;3105,318;3109,308;3114,308;3118,306;3122,320;3127,318;3131,298;3135,310;3140,296;3144,322;3148,308;3153,322;3157,312;3161,326;3166,312;3170,326;3174,310;3179,324;3183,328;3188,314;3192,326;3196,312;3201,326;3205,316;3209,330;3214,314;3218,328;3222,314;3227,328;3231,318;3235,318;3240,318;3244,316;3248,330;3253,316;3257,334;3262,320;3266,334;3270,318;3275,318;3279,322;3283,308;3288,322;3292,320;3296,320;3301,318;3305,324;3309,310;3314,324;3318,322;3322,322;3327,320;3331,312;3336,326;3340,310;3344,324;3349,308;3353,330;3357,314;3362,328;3366,314;3370,326;3375,312;3379,302;3383,302;3388,300;3392,314;3396,300;3401,328;3405,318;3410,318;3414,318;3418,318;3423,314;3427,322;3431,306;3436,306;3440,318;3444,304;3449,318;3453,294;3457,308;3462,308;3466,322;3470,318;3475,298;3479,310;3484,308;3488,308;3492,294;3497,320;3501,312;3505,312;3510,312;3514,324;3518,310;3523,322;3527,314;3531,300;3536,328;3540,298;3545,326;3549,318;3553,318;3558,316;3562,318;3566,316;3571,330;3575,322;3579,306;3584,320;3588,318;3592,318;3597,304;3601,336;3605,322;3610,336;3614,320;3619,334;3623,318;3627,310;3632,324;3636,322;3640,322;3645,308;3649,328;3653,312;3658,326;3662,310;3666,324;3671,308;3675,314;3679,326;3684,312;3688,326;3693,310;3697,330;3701,316;3706,314;3710,312;3714,312;3719,312;3723,316;3727,330;3732,316;3736,314;3740,312;3745,326;3749,318;3754,316;3758,302;3762,316;3767,314;3771,306;3775,320;3780,318;3784,318;3788,302;3793,316;3797,308;3801,320;3806,306;3810,320;3814,304;3819,318;3823,324;3828,322;3832,308;3836,306;3841,320;3845,312;3849,308;3854,296;3858,310;3862,308;3867,322;3871,314;3875,300;3880,312;3884,298;3888,310;3893,310;3897,316;3902,314;3906,314;3910,312;3915,312;3919,318;3923,302;3928,330;3932,316;3936,314;3941,300;3945,320;3949,318;3954,318;3958,316;3962,328;3967,316;3971,306;3976,320;3980,320;3984,332;3989,302;3993,324;3997,322;4002,322;4006,306;4010,334;4015,318;4019,310;4023,308;4028,308;4032,320;4036,318;4041,318;4045,310;4050,324;4054,308;4058,322;4063,320;4067,312;4071,326;4076,310;4080,324;4084,310;4089,322;4093,314;4097,328;4102,312;4106,326;4110,310;4115,324;4119,316;4124,316;4128,328;4132,314;4137,326;4141,318;4145,318;4150,316;4154,318;4158,316;4163,328;4167,308;4171,306;4176,306;4180,290;4185,318;4189,308;4193,322;4198,320;4202,306;4206,304;4211,318;4215,310;4219,308;4224,322;4228,320;4232,304;4237,304;4241,324;4245,308;4250,294;4254,306;4259,320;4263,310;4267,310;4272,322;4276,308;4280,306;4285,306;4289,314;4293,310;4298,310;4302,308;4306,322;4311,308;4315,300;4319,312;4324,298;4328,310;4333,296;4337,316;4341,314;4346,328;4350,312;4354,326;4359,310;4363,302;4367,316;4372,300;4376,314;4380,300;4385,326;4389,318;4394,332;4398,316;4402,330;4407,312;4411,306;4415,318;4420,304;4424,316;4428,302;4433,314;4437,306;4441,334;4446,318;4450,332;4454,316;4459,330;4463,322;4468,306;4472,320;4476,306;4481,318;4485,310;4489,322;4494,322;4498,320;4502,320;4507,318;4511,324;4515,310;4520,322;4524,320;4528,320;4533,306;4537,326;4542,310;4546,324;4550,308;4555,308;4559,314;4563,314;4568,326;4572,298;4576,312;4581,296;4585,330;4589,316;4594,330;4598,314;4602,314;4607,312;4611,304;4616,318;4620,314;4624,316;4629,314;4633,320;4637,306;4642,320;4646,318;4650,318;4655,316;4659,308;4663,306;4668,306;4672,304;4676,304;4681,302;4685,308;4690,322;4694,306;4698,320;4703,318;4707,296;4711,310;4716,294;4720,308;4724,306;4729,320;4733,312;4737,324;4742,310;4746,322;4751,320;4755,300;4759,326;4764,312;4768,324;4772,310;4777,322;4781,314;4785,328;4790,312;4794,326;4798,310;4803,324;4807,316;4811,314;4816,328;4820,312;4825,312;4829,318;4833,330;4838,316;4842,330;4846,314;4851,314;4855,318;4859,318;4864,318;4868,316;4872,314;4877,314;4881,320;4885,318;4890,318;4894,304;4899,316;4903,322;4907,308;4912,320;4916,306;4920,318;4925,304;4929,324;4933,322;4938,322;4942,320;4946,320;4951,318;4955,310;4959,310;4964,308;4968,322;4973,306;4977,326;4981,312;4986,312;4990,310;4994,324;4999,308;5003,300;5007,314;5012,300;5016,312;5020,298;5025,310;5029,316;5033,302;5038,300;5042,314;5047,312;5051,304;5055,318;5060,316;5064,302;5068,302;5073,314;5077,306;5081,306;5086,304;5090,318;5094,302;5099,316;5103,306;5107,306;5112,306;5116,304;5121,318;5125,308;5129,322;5134,308;5138,320;5142,306;5147,320;5151,324;5155,310;5160,322;5164,308;5168,308;5173,306;5177,326;5182,312;5186,324;5190,310;5195,324;5199,328;5203,314;5208,326;5212,312;5216,312;5221,296;5225,330;5229,316;5234,330;5238,314;5242,328;5247,304;5251,304;5256,318;5260,316;5264,330;5269,316;5273,320;5277,306;5282,320;5286,318;5290,318;5295,316;5299,308;5303,320;5308,306;5312,320;5317,304;5321,318;5325,310;5330,324;5334,322;5338,322;5343,320;5347,298;5351,312;5356,296;5360,310;5364,294;5369,308;5373,314;5377,328;5382,312;5386,326;5391,308;5395,302;5399,316;5404,302;5408,314;5412,300;5417,312;5421,304;5425,318;5430,302;5434,316;5438,314;5443,314;5447,306;5451,306;5456,318;5460,304;5465,316;5469,308;5473,308;5478,306;5482,306;5486,306;5491,318;5495,310;5499,296;5504,308;5508,294;5512,322;5517,308;5521,314;5525,312;5530,324;5534,310;5539,324;5543,316;5547,300;5552,328;5556,298;5560,326;5565,312;5569,318;5573,302;5578,316;5582,314;5586,328;5591,314;5595,304;5599,318;5604,302;5608,316;5613,302;5617,314;5621,320;5626,334;5630,318;5634,318;5639,304;5643,308;5647,320;5652,306;5656,306;5660,304;5665,318;5669,308;5673,308;5678,306;5682,306;5687,306;5691,312;5695,324;5700,310;5704,308;5708,308;5713,322;5717,312;5721,326;5726,312;5730,324;5734,310;5739,302;5743,314;5748,300;5752,300;5756,298;5761,310;5765,316;5769,330;5774,314;5778,328;5782,314;5787,326;5791,318;5795,304;5800,316;5804,302;5808,314;5813,300;5817,320;5822,318;5826,318;5830,316;5835,330;5839,308;5843,308;5848,306;5852,292;5856,306;5861,304;5865,310;5869,294;5874,308;5878,306;5883,306;5887,312;5891,298;5896,310;5900,296;5904,308;5909,294;5913,328;5917,312;5922,324;5926,308;5930,324;5935,308;5939,300;5943,312;5948,298;5952,324;5957,308;5961,316;5965,300;5970,312;5974,312;5978,324;5983,310;5987,314;5991,314;5996,300;6000,326;6004,310;6009,324;6013,300;6017,314;6022,298;6026,312;6031,296;6035,274;6039,286;6044,284;6048,284;6052,270;6057,282;6061,288;6065,288;6070,286;6074,286;6078,298;6083,276;6087,276;6091,274;6096,274;6100,274;6105,272;6109,292;6113,292;6118,292;6122,290;6126,288;6131,288;6135,294;6139,264;6144,278;6148,278;6152,276;6157,296;6161,282;6165,294;6170,280;6174,292;6179,292;6183,282;6187,268;6192,280;6196,266;6200,278;6205,264;6209,298;6213,284;6218,282;6222,280;6226,266;6231,286;6235,286;6240,284;6244,284;6248,282;6253,282;6257,274;6261,274;6266,274;6270,286;6274,286;6279,264;6283,262;6287,276;6292,262;6296,274;6300,274;6305,266;6309,280;6314,278;6318,290;6322,276;6327,274;6331,266;6335,280;6340,264;6344,278;6348,262;6353,282;6357,282;6361,280;6366,280;6370,280;6374,278;6379,284;6383,284;6388,282;6392,280;6396,280;6401,280;6405,284;6409,284;6414,282;6418,282;6422,282;6427,288;6431,286;6435,284;6440,284;6444,270;6449,268;6453,288;6457,288;6462,272;6466,242;6470,284;6475,284;6479,274;6483,260;6488,260;6492,258;6496,286;6501,276;6505,276;6509,274;6514,260;6518,272;6523,272;6527,278;6531,276;6536,274;6540,260;6544,274;6549,258;6553,278;6557,276;6562,262;6566,274;6570,274;6575,280;6579,264;6583,278;6588,262;6592,274;6597,260;\r\nBuffer sent in 0.973 secondsreturn;buffer;965\r\n'), 10:37:04
bytearray(b'received from UR: measure -> measure (0,1)\r\nSTEPPER: Moving to mstep: 6600 with speed [msteps/sec]: 1000 in StealthChop.\r\n'), 10:37:05
bytearray(b'STEPPER: Moving to mstep: 2400 with speed [msteps/sec]: 4000 in SpreadCycle.\r\n'), 10:37:09
bytearray(b'STEPPER: Moved 4200.00 msteps (ramp: 35%) in 1324.888 ms -> average speed [msteps/sec]: 3170.08\r\nreturn;measure;965\r\n'), 10:37:11
bytearray(b'received from UR: buffer -> buffer (0,1)\r\nSending buffer of size 965data;2400,300;2404,450;2408,162;2413,276;2417,318;2421,322;2426,336;2430,322;2434,336;2439,332;2443,310;2447,310;2452,322;2456,320;2460,320;2465,332;2469,324;2474,338;2478,322;2482,336;2487,320;2491,326;2495,326;2500,324;2504,324;2508,308;2513,322;2517,328;2521,326;2526,326;2530,326;2534,324;2539,336;2543,328;2548,314;2552,326;2556,326;2561,338;2565,316;2569,328;2574,328;2578,340;2582,324;2587,338;2591,330;2595,316;2600,328;2604,326;2608,340;2613,312;2617,332;2622,330;2626,328;2630,314;2635,340;2639,318;2643,318;2648,316;2652,316;2656,328;2661,328;2665,334;2669,318;2674,332;2678,316;2683,330;2687,320;2691,320;2696,320;2700,320;2704,332;2709,316;2713,336;2717,336;2722,336;2726,320;2730,332;2735,318;2739,322;2743,336;2748,306;2752,320;2757,318;2761,332;2765,322;2770,338;2774,322;2778,334;2783,320;2787,326;2791,324;2796,322;2800,336;2804,308;2809,320;2813,324;2817,338;2822,322;2826,336;2831,320;2835,312;2839,324;2844,310;2848,322;2852,322;2857,322;2861,312;2865,326;2870,324;2874,324;2878,322;2883,322;2887,326;2891,310;2896,324;2900,322;2905,322;2909,312;2913,326;2918,324;2922,324;2926,322;2931,322;2935,328;2939,312;2944,312;2948,310;2952,310;2957,310;2961,314;2965,314;2970,326;2974,312;2979,324;2983,316;2987,314;2992,328;2996,312;3000,312;3005,312;3009,316;3013,314;3018,328;3022,312;3026,326;3031,312;3035,316;3039,316;3044,314;3048,312;3053,312;3057,318;3061,316;3066,316;3070,314;3074,314;3079,312;3083,304;3087,316;3092,314;3096,314;3100,314;3105,312;3109,318;3113,330;3118,316;3122,314;3127,312;3131,304;3135,316;3140,316;3144,328;3148,298;3153,314;3157,318;3161,330;3166,316;3170,328;3174,312;3179,304;3183,316;3188,316;3192,328;3196,314;3201,326;3205,318;3209,330;3214,330;3218,314;3222,312;3227,326;3231,316;3235,316;3240,328;3244,314;3249,312;3253,318;3257,330;3262,328;3266,328;3270,326;3275,326;3279,316;3283,316;3288,328;3292,314;3296,312;3301,312;3305,330;3309,316;3314,328;3318,314;3323,324;3327,324;3331,316;3336,328;3340,314;3344,326;3349,310;3353,316;3357,314;3362,314;3366,312;3370,326;3375,310;3379,316;3383,314;3388,298;3392,312;3397,312;3401,316;3405,316;3410,328;3414,314;3418,312;3423,312;3427,318;3431,316;3436,302;3440,314;3444,312;3449,312;3453,316;3457,316;3462,300;3466,314;3471,312;3475,318;3479,316;3484,302;3488,314;3492,314;3497,312;3501,318;3505,316;3510,314;3514,328;3518,312;3523,326;3527,318;3531,302;3536,312;3540,312;3545,326;3549,316;3553,316;3558,314;3562,328;3566,312;3571,326;3575,316;3579,300;3584,314;3588,312;3592,312;3597,310;3601,330;3605,314;3610,326;3614,312;3619,324;3623,316;3627,314;3632,314;3636,312;3640,310;3645,310;3649,330;3653,314;3658,326;3662,312;3666,324;3671,308;3675,314;3679,314;3684,312;3688,324;3693,310;3697,330;3701,314;3706,326;3710,312;3714,324;3719,322;3723,314;3727,314;3732,312;3736,324;3740,310;3745,322;3749,310;3754,314;3758,310;3762,324;3767,322;3771,300;3775,312;3780,312;3784,310;3788,310;3793,322;3797,314;3801,326;3806,312;3810,324;3814,310;3819,314;3823,314;3828,312;3832,312;3836,312;3841,310;3845,314;3849,314;3854,312;3858,312;3862,310;3867,310;3871,302;3875,300;3880,312;3884,312;3889,312;3893,302;3897,316;3902,314;3906,300;3910,300;3915,312;3919,318;3923,302;3928,316;3932,314;3936,314;3941,312;3945,318;3949,316;3954,316;3958,314;3963,328;3967,318;3971,318;3976,330;3980,314;3984,328;3989,300;3993,334;3997,318;4002,332;4006,316;4010,328;4015,314;4019,320;4023,304;4028,318;4032,316;4037,316;4041,314;4045,320;4050,332;4054,318;4058,332;4063,316;4067,308;4071,320;4076,306;4080,318;4084,302;4089,316;4093,320;4097,320;4102,320;4106,318;4111,318;4115,316;4119,322;4124,308;4128,320;4132,318;4137,318;4141,308;4145,322;4150,320;4154,320;4158,318;4163,318;4167,310;4171,308;4176,322;4180,306;4185,306;4189,310;4193,324;4198,322;4202,306;4206,306;4211,318;4215,310;4219,308;4224,320;4228,320;4232,304;4237,302;4241,322;4245,308;4250,320;4254,306;4259,318;4263,296;4267,308;4272,308;4276,306;4280,306;4285,304;4289,324;4293,308;4298,308;4302,306;4306,318;4311,304;4315,310;4320,324;4324,308;4328,322;4333,306;4337,326;4341,312;4346,324;4350,310;4354,322;4359,308;4363,312;4367,326;4372,310;4376,324;4380,308;4385,322;4389,312;4394,326;4398,310;4402,324;4407,308;4411,314;4415,314;4420,312;4424,324;4428,310;4433,322;4437,314;4441,328;4446,312;4450,326;4454,310;4459,324;4463,316;4468,314;4472,326;4476,312;4481,312;4485,316;4489,330;4494,316;4498,314;4502,314;4507,314;4511,318;4515,316;4520,330;4524,314;4528,314;4533,314;4537,332;4542,318;4546,330;4550,314;4555,314;4559,318;4563,304;4568,304;4572,302;4576,316;4581,300;4585,322;4589,320;4594,320;4598,318;4603,332;4607,308;4611,294;4616,308;4620,306;4624,306;4629,306;4633,312;4637,310;4642,324;4646,308;4650,322;4655,306;4659,298;4663,312;4668,310;4672,310;4677,308;4681,314;4685,314;4690,314;4694,312;4698,312;4703,310;4707,316;4711,316;4716,300;4720,312;4724,298;4729,312;4733,316;4737,330;4742,314;4746,328;4751,312;4755,304;4759,330;4764,302;4768,328;4772,312;4777,326;4781,316;4785,330;4790,314;4794,328;4798,312;4803,324;4807,330;4811,302;4816,314;4820,314;4825,312;4829,318;4833,318;4838,314;4842,328;4846,312;4851,326;4855,304;4859,316;4864,314;4868,314;4872,328;4877,312;4881,318;4885,316;4890,316;4894,314;4899,328;4903,318;4907,318;4912,316;4916,314;4920,314;4925,312;4929,318;4933,316;4938,330;4942,314;4946,314;4951,314;4955,306;4960,318;4964,318;4968,316;4973,302;4977,322;4981,306;4986,334;4990,304;4994,318;4999,302;5003,308;5007,322;5012,306;5016,320;5020,306;5025,318;5029,310;5034,322;5038,308;5042,322;5047,306;5051,312;5055,310;5060,296;5064,310;5068,308;5073,308;5077,312;5081,312;5086,298;5090,310;5094,310;5099,310;5103,316;5108,300;5112,314;5116,312;5121,312;5125,318;5129,318;5134,316;5138,316;5142,314;5147,328;5151,320;5155,306;5160,318;5164,304;5168,318;5173,308;5177,322;5182,320;5186,334;5190,318;5195,332;5199,310;5203,310;5208,322;5212,308;5216,306;5221,306;5225,326;5229,310;5234,324;5238,310;5242,322;5247,308;5251,314;5256,314;5260,312;5264,312;5269,312;5273,332;5277,316;5282,316;5286,314;5290,328;5295,314;5299,320;5303,318;5308,304;5312,316;5316,316;5321,314;5325,320;5330,320;5334,306;5338,318;5343,316;5347,310;5351,308;5356,308;5360,322;5364,306;5369,318;5373,310;5377,324;5382,308;5386,322;5391,308;5395,300;5399,312;5404,312;5408,310;5412,310;5417,322;5421,314;5425,314;5430,312;5434,312;5438,310;5443,324;5447,314;5451,300;5456,300;5460,298;5465,312;5469,318;5473,316;5478,316;5482,300;5486,314;5491,314;5495,306;5499,304;5504,318;5508,302;5512,302;5517,300;5521,320;5526,320;5530,318;5534,316;5539,316;5543,322;5547,306;5552,320;5556,318;5560,318;5565,302;5569,322;5573,308;5578,320;5582,306;5586,318;5591,304;5595,308;5600,322;5604,306;5608,320;5613,306;5617,326;5621,310;5626,324;5630,308;5634,322;5639,306;5643,312;5647,312;5652,310;5656,310;5660,310;5665,322;5669,314;5674,314;5678,312;5682,312;5687,310;5691,316;5695,314;5700,314;5704,314;5708,312;5713,312;5717,316;5721,330;5726,314;5730,314;5734,312;5739,304;5743,318;5748,302;5752,314;5756,300;5761,314;5765,306;5769,318;5774,304;5778,316;5782,314;5787,316;5791,306;5795,304;5800,304;5804,302;5808,302;5813,302;5817,320;5822,320;5826,318;5830,302;5835,316;5839,308;5843,306;5848,306;5852,306;5856,304;5861,304;5865,310;5869,308;5874,322;5878,306;5882,320;5887,298;5891,298;5896,310;5900,308;5904,322;5909,306;5913,314;5917,312;5922,326;5926,310;5930,310;5935,308;5939,314;5943,328;5948,298;5952,312;5957,310;5961,310;5965,316;5970,316;5974,314;5978,328;5983,312;5987,304;5991,318;5996,302;6000,316;6004,300;6009,314;6013,306;6017,318;6022,304;6026,316;6031,288;6035,292;6039,292;6044,290;6048,276;6052,274;6057,288;6061,280;6065,292;6070,276;6074,290;6078,290;6083,282;6087,280;6092,294;6096,292;6100,292;6105,290;6109,282;6113,282;6118,280;6122,280;6126,278;6131,292;6135,284;6139,282;6144,282;6148,280;6152,294;6157,286;6161,284;6166,284;6170,270;6174,268;6179,294;6183,286;6187,286;6192,270;6196,270;6200,268;6205,268;6209,286;6213,286;6218,300;6222,284;6226,284;6231,274;6235,288;6240,286;6244,286;6248,270;6253,270;6257,276;6261,274;6266,274;6270,286;6274,286;6279,264;6283,262;6287,276;6292,274;6296,260;6300,272;6305,250;6309,278;6314,290;6318,290;6322,288;6327,288;6331,280;6335,278;6340,264;6344,276;6348,276;6353,276;6357,280;6361,250;6366,278;6370,292;6374,276;6379,282;6383,280;6388,280;6392,278;6396,278;6401,290;6405,282;6409,294;6414,280;6418,278;6422,264;6427,270;6431,268;6435,266;6440,264;6444,266;6448,264;6453,282;6457,282;6462,280;6466,292;6470,292;6475,278;6479,268;6483,252;6488,280;6492,280;6496,264;6501,264;6505,282;6509,282;6514,280;6518,278;6522,250;6527,284;6531,282;6536,282;6540,280;6544,294;6549,278;6553,270;6557,270;6562,268;6566,266;6570,266;6575,286;6579,284;6583,270;6588,282;6592,280;6597,280;\r\nBuffer sent in 0.973 secondsreturn;buffer;965\r\n'), 10:37:13
bytearray(b'received from UR: measure -> measure (0,1)\r\nSTEPPER: Moving to mstep: 6600 with speed [msteps/sec]: 1000 in StealthChop.\r\n'), 10:37:14
bytearray(b'STEPPER: Moving to mstep: 2400 with speed [msteps/sec]: 4000 in SpreadCycle.\r\n'), 10:37:18
bytearray(b'STEPPER: Moved 4200.00 msteps (ramp: 35%) in 1324.888 ms -> average speed [msteps/sec]: 3170.08\r\nreturn;measure;965\r\n'), 10:37:19
bytearray(b'received from UR: buffer -> buffer (0,1)\r\nSending buffer of size 965data;2400,304;2404,464;2408,146;2413,274;2417,316;2421,322;2426,336;2430,320;2434,334;2439,318;2443,324;2447,336;2452,322;2456,322;2460,320;2465,318;2469,324;2474,338;2478,324;2482,336;2487,322;2491,314;2495,326;2500,326;2504,326;2508,324;2513,324;2517,330;2521,328;2526,328;2530,328;2534,326;2539,304;2543,318;2548,316;2552,330;2556,314;2561,328;2565,320;2569,332;2574,318;2578,332;2582,316;2587,344;2591,336;2595,320;2600,320;2604,306;2608,318;2613,318;2617,338;2622,322;2626,336;2630,320;2635,334;2639,326;2643,324;2648,336;2652,322;2656,322;2661,320;2665,326;2669,326;2674,324;2678,324;2683,322;2687,322;2691,328;2696,328;2700,326;2704,326;2709,310;2713,330;2717,328;2722,328;2726,314;2730,326;2735,326;2739,318;2743,330;2748,316;2752,328;2757,300;2761,328;2765,318;2770,346;2774,332;2778,344;2783,316;2787,308;2791,334;2796,306;2800,332;2804,318;2809,332;2813,322;2817,336;2822,308;2826,334;2831,320;2835,332;2839,324;2844,308;2848,322;2852,322;2857,322;2861,312;2865,326;2870,310;2874,324;2878,322;2883,322;2887,328;2891,312;2896,312;2900,310;2905,324;2909,316;2913,328;2918,328;2922,326;2926,326;2931,326;2935,316;2939,302;2944,316;2948,314;2952,328;2957,314;2961,320;2965,318;2970,318;2974,316;2979,316;2983,322;2987,306;2992,306;2996,306;3000,318;3005,304;3009,324;3013,310;3018,322;3022,308;3026,320;3031,306;3035,312;3039,324;3044,310;3048,308;3053,308;3057,328;3061,312;3066,326;3070,310;3074,324;3079,322;3083,300;3087,312;3092,312;3096,312;3100,296;3105,310;3109,316;3114,328;3118,314;3122,326;3127,326;3131,302;3135,316;3140,316;3144,328;3148,314;3153,326;3157,318;3161,330;3166,316;3170,330;3174,314;3179,304;3183,318;3188,302;3192,330;3196,314;3201,328;3205,304;3209,332;3214,316;3218,330;3222,314;3227,328;3231,320;3235,306;3240,318;3244,318;3248,318;3253,308;3257,322;3262,308;3266,322;3270,320;3275,320;3279,324;3283,310;3288,310;3292,310;3296,322;3301,306;3305,326;3309,326;3314,324;3318,310;3323,324;3327,314;3331,314;3336,328;3340,314;3344,326;3349,312;3353,332;3357,316;3362,316;3366,302;3370,316;3375,314;3379,306;3383,320;3388,306;3392,318;3397,302;3401,316;3405,308;3410,336;3414,320;3418,320;3423,304;3427,310;3431,310;3436,324;3440,322;3444,308;3449,308;3453,312;3457,326;3462,312;3466,324;3471,310;3475,302;3479,314;3484,300;3488,314;3492,298;3497,312;3501,318;3505,318;3510,316;3514,314;3518,314;3523,314;3527,318;3531,318;3536,330;3540,314;3545,314;3549,320;3553,320;3558,318;3562,318;3566,314;3571,328;3575,320;3579,306;3584,318;3588,304;3592,316;3597,316;3601,336;3605,306;3610,334;3614,318;3619,332;3623,324;3627,322;3632,322;3636,308;3640,320;3645,320;3649,324;3653,310;3658,324;3662,308;3666,322;3671,320;3675,326;3679,324;3684,310;3688,310;3693,322;3697,328;3701,312;3706,326;3710,312;3714,324;3719,324;3723,314;3727,328;3732,298;3736,312;3740,312;3745,324;3749,316;3754,328;3758,314;3762,328;3767,312;3771,304;3775,316;3780,316;3784,316;3788,314;3793,314;3797,306;3801,320;3806,318;3810,318;3814,302;3819,306;3823,306;3828,320;3832,320;3836,318;3841,318;3845,308;3849,322;3854,308;3858,306;3862,306;3867,318;3871,310;3875,310;3880,324;3884,308;3888,320;3893,312;3897,312;3902,310;3906,310;3910,308;3915,322;3919,314;3923,314;3928,326;3932,312;3936,312;3941,296;3945,316;3949,316;3954,330;3958,314;3962,328;3967,312;3971,304;3976,318;3980,316;3984,330;3989,314;3993,334;3997,318;4002,332;4006,318;4010,330;4015,316;4019,306;4023,318;4028,304;4032,318;4036,316;4041,330;4045,320;4050,334;4054,318;4058,332;4063,318;4067,310;4071,322;4076,322;4080,320;4084,304;4089,306;4093,312;4097,324;4102,312;4106,322;4111,308;4115,314;4119,314;4124,312;4128,326;4132,312;4137,310;4141,316;4145,316;4150,314;4154,314;4158,312;4163,312;4167,304;4171,316;4176,316;4180,314;4185,328;4189,306;4193,318;4198,304;4202,316;4206,302;4211,316;4215,306;4219,320;4224,318;4228,318;4232,316;4237,302;4241,322;4245,320;4250,320;4254,306;4259,320;4263,308;4267,296;4272,308;4276,308;4280,306;4285,292;4289,314;4293,312;4298,312;4302,310;4306,324;4311,322;4315,300;4319,314;4324,298;4328,312;4333,296;4337,318;4341,316;4346,316;4350,314;4354,314;4359,314;4363,304;4367,318;4372,304;4376,316;4380,302;4385,316;4389,320;4394,334;4398,318;4402,332;4407,304;4411,308;4415,322;4420,320;4424,320;4428,318;4433,318;4437,308;4441,322;4446,322;4450,322;4454,306;4459,320;4463,312;4468,324;4472,324;4476,324;4481,324;4485,314;4489,314;4494,314;4498,314;4502,312;4507,312;4511,316;4515,316;4520,330;4524,314;4528,316;4533,300;4537,320;4542,318;4546,318;4550,316;4555,330;4559,322;4563,306;4568,320;4572,304;4576,304;4581,304;4585,324;4589,310;4594,308;4598,306;4602,320;4607,304;4611,310;4616,324;4620,310;4624,308;4629,308;4633,328;4637,312;4642,326;4646,310;4650,326;4655,308;4659,300;4663,314;4668,312;4672,312;4676,310;4681,304;4685,302;4690,316;4694,314;4698,314;4703,300;4707,304;4711,318;4716,316;4720,316;4724,316;4729,328;4733,306;4737,320;4742,318;4746,318;4750,304;4755,296;4759,308;4764,308;4768,320;4772,306;4777,320;4781,310;4785,324;4790,308;4794,322;4798,306;4803,320;4807,312;4811,312;4816,324;4820,310;4825,308;4829,314;4833,328;4838,312;4842,326;4846,310;4851,324;4855,316;4859,302;4864,316;4868,314;4872,328;4877,312;4881,318;4885,318;4890,318;4894,316;4899,316;4903,320;4907,306;4912,306;4916,306;4920,318;4925,302;4929,324;4933,322;4938,322;4942,306;4946,320;4951,318;4955,296;4959,324;4964,308;4968,322;4973,308;4977,326;4981,312;4986,324;4990,310;4994,322;4999,308;5003,300;5007,312;5012,298;5016,312;5020,310;5025,322;5029,300;5034,326;5038,312;5042,326;5047,310;5051,302;5055,302;5060,314;5064,312;5068,312;5073,310;5077,316;5081,300;5086,300;5090,312;5094,312;5099,310;5103,316;5108,314;5112,314;5116,298;5121,312;5125,318;5129,316;5134,302;5138,314;5142,314;5147,328;5151,318;5155,304;5160,316;5164,316;5168,330;5173,308;5177,320;5182,318;5186,320;5190,304;5195,330;5199,322;5203,308;5208,320;5212,306;5216,318;5221,318;5225,324;5229,308;5234,322;5238,308;5242,320;5247,320;5251,312;5256,324;5260,310;5264,310;5269,308;5273,314;5277,312;5282,312;5286,310;5290,310;5295,308;5299,314;5303,326;5308,310;5312,310;5316,308;5321,308;5325,312;5330,312;5334,310;5338,322;5343,308;5347,314;5351,326;5356,310;5360,310;5364,296;5369,308;5373,312;5377,314;5382,312;5386,326;5390,310;5395,300;5399,316;5404,314;5408,312;5412,298;5417,310;5421,316;5425,316;5430,300;5434,314;5438,312;5443,324;5447,316;5451,314;5456,314;5460,298;5465,312;5469,304;5473,302;5478,300;5482,314;5486,312;5491,312;5495,302;5499,302;5504,300;5508,300;5512,312;5517,296;5521,318;5525,316;5530,300;5534,314;5539,314;5543,318;5547,304;5552,332;5556,316;5560,330;5565,314;5569,320;5573,318;5578,332;5582,316;5586,330;5591,314;5595,306;5599,320;5604,304;5608,318;5613,302;5617,324;5621,308;5626,334;5630,320;5634,334;5639,318;5643,310;5647,308;5652,308;5656,308;5660,306;5665,306;5669,310;5673,322;5678,310;5682,322;5687,306;5691,298;5695,310;5700,310;5704,308;5708,308;5713,308;5717,314;5721,326;5726,310;5730,324;5734,310;5739,322;5743,314;5747,298;5752,312;5756,296;5761,310;5765,314;5769,314;5774,300;5778,314;5782,312;5787,326;5791,316;5795,302;5800,314;5804,298;5808,314;5813,312;5817,318;5821,302;5826,316;5830,314;5835,314;5839,304;5843,304;5848,304;5852,302;5856,300;5861,300;5865,320;5869,304;5874,318;5878,316;5882,302;5887,300;5891,292;5896,304;5900,302;5904,316;5909,300;5913,322;5917,306;5922,318;5926,304;5930,318;5935,316;5939,308;5943,322;5948,306;5952,318;5956,318;5961,318;5965,308;5970,322;5974,306;5978,320;5983,318;5987,310;5991,310;5996,294;6000,308;6004,306;6009,318;6013,298;6017,310;6022,294;6026,280;6030,292;6035,284;6039,296;6044,296;6048,296;6052,266;6057,280;6061,284;6065,284;6070,282;6074,282;6078,294;6083,272;6087,272;6091,256;6096,284;6100,282;6105,296;6109,288;6113,272;6118,284;6122,284;6126,284;6131,296;6135,288;6139,288;6144,286;6148,284;6152,284;6157,290;6161,290;6165,288;6170,286;6174,286;6179,300;6183,276;6187,262;6192,274;6196,274;6200,272;6205,272;6209,292;6213,290;6218,276;6222,288;6226,288;6231,266;6235,264;6239,292;6244,276;6248,290;6253,276;6257,252;6261,280;6266,294;6270,292;6274,278;6279,268;6283,266;6287,268;6292,266;6296,266;6300,264;6305,284;6309,284;6313,282;6318,282;6322,294;6327,280;6331,256;6335,284;6340,270;6344,296;6348,280;6353,294;6357,272;6361,270;6366,284;6370,296;6374,282;6379,272;6383,272;6387,270;6392,270;6396,268;6401,268;6405,286;6409,286;6414,286;6418,298;6422,284;6427,296;6431,274;6435,260;6440,272;6444,286;6448,284;6453,260;6457,246;6461,274;6466,288;6470,286;6475,286;6479,276;6483,262;6488,274;6492,274;6496,286;6501,264;6505,262;6509,290;6514,290;6518,288;6522,274;6527,264;6531,264;6536,276;6540,260;6544,274;6549,272;6553,278;6557,290;6562,290;6566,276;6570,288;6575,280;6579,278;6583,290;6588,276;6592,276;6597,274;\r\nBuffer sent in 0.973 secondsreturn;buffer;965\r\n'), 10:37:21
bytearray(b'received from UR: measure -> measure (0,1)\r\nSTEPPER: Moving to mstep: 6600 with speed [msteps/sec]: 1000 in StealthChop.\r\n'), 10:37:22
bytearray(b'STEPPER: Moving to mstep: 2400 with speed [msteps/sec]: 4000 in SpreadCycle.\r\n'), 10:37:26
bytearray(b'STEPPER: Moved 4200.00 msteps (ramp: 35%) in 1324.880 ms -> average speed [msteps/sec]: 3170.10\r\nreturn;measure;964\r\n'), 10:37:28
bytearray(b'received from UR: buffer -> buffer (0,1)\r\nSending buffer of size 964data;2400,306;2404,454;2408,164;2413,278;2417,306;2421,326;2426,340;2430,324;2434,338;2439,322;2443,328;2447,328;2452,314;2456,326;2460,310;2465,324;2469,328;2473,328;2478,314;2482,340;2487,324;2491,330;2495,330;2500,328;2504,328;2508,312;2513,326;2517,332;2521,332;2526,316;2530,330;2534,328;2539,328;2543,334;2547,318;2552,332;2556,318;2561,330;2565,322;2569,336;2574,320;2578,334;2582,318;2587,332;2591,324;2595,322;2600,336;2604,308;2608,320;2613,306;2617,326;2622,324;2626,338;2630,322;2635,336;2639,326;2643,326;2648,326;2652,324;2656,324;2661,310;2665,328;2669,328;2674,328;2678,312;2682,326;2687,324;2691,330;2696,330;2700,330;2704,328;2709,314;2713,334;2717,332;2722,332;2726,330;2730,330;2735,316;2739,322;2743,334;2748,320;2752,332;2756,304;2761,318;2765,322;2770,336;2774,322;2778,320;2787,312;2791,326;2796,310;2800,338;2804,322;2809,336;2813,314;2817,328;2822,312;2826,326;2830,324;2835,324;2839,328;2843,314;2848,312;2852,312;2857,324;2861,316;2865,330;2870,314;2874,328;2878,326;2883,326;2887,332;2891,316;2896,316;2900,328;2904,328;2909,328;2913,318;2917,316;2922,330;2926,328;2931,328;2935,320;2939,304;2944,318;2948,318;2952,330;2957,316;2961,322;2965,320;2970,334;2974,318;2978,332;2983,316;2987,308;2992,322;2996,306;3000,320;3005,304;3009,326;3013,324;3018,324;3022,308;3026,322;3031,320;3035,298;3039,310;3044,310;3048,308;3052,294;3057,306;3061,312;3066,326;3070,310;3074,324;3079,322;3083,300;3087,312;3092,312;3096,312;3100,296;3105,310;3109,316;3113,316;3118,314;3122,314;3126,312;3131,304;3135,318;3140,316;3144,316;3148,300;3153,312;3157,320;3161,332;3166,318;3170,332;3174,316;3179,330;3183,320;3187,306;3192,320;3196,318;3200,318;3205,308;3209,322;3214,306;3218,320;3222,318;3227,332;3231,324;3235,322;3240,322;3244,306;3248,320;3253,304;3257,338;3261,322;3266,322;3270,320;3274,332;3279,318;3283,324;3288,322;3292,320;3296,320;3301,318;3305,324;3309,324;3314,336;3318,320;3322,332;3327,318;3331,324;3335,324;3340,310;3344,322;3349,294;3353,306;3357,312;3362,324;3366,310;3370,322;3375,308;3379,300;3383,312;3388,312;3392,324;3396,310;3401,322;3405,314;3409,328;3414,312;3418,326;3423,310;3427,302;3431,314;3436,314;3440,314;3444,312;3449,310;3453,316;3457,330;3462,314;3466,314;3470,298;3475,312;3479,316;3483,316;3488,314;3492,314;3497,312;3501,318;3505,316;3510,316;3514,328;3518,314;3523,326;3527,318;3531,290;3536,316;3540,300;3544,314;3549,300;3553,332;3557,318;3562,330;3566,316;3571,328;3575,320;3579,318;3584,318;3588,302;3592,316;3597,300;3601,334;3605,318;3610,318;3614,316;3618,330;3623,314;3627,320;3632,318;3636,318;3640,330;3645,316;3649,320;3653,320;3658,332;3662,318;3666,330;3671,314;3675,306;3679,318;3684,318;3688,318;3692,318;3697,330;3701,308;3706,320;3710,320;3714,318;3719,318;3723,308;3727,322;3732,308;3736,320;3740,318;3745,318;3749,322;3753,322;3758,320;3762,320;3766,304;3771,310;3775,308;3780,308;3784,322;3788,292;3793,304;3797,310;3801,324;3806,308;3810,322;3814,320;3819,332;3823,308;3827,308;3832,322;3836,306;3840,318;3845,310;3849,324;3854,308;3858,308;3862,306;3867,320;3871,310;3875,310;3880,324;3884,308;3888,322;3893,306;3897,312;3901,312;3906,312;3910,308;3914,308;3919,314;3923,314;3928,326;3932,312;3936,310;3941,296;3945,316;3949,314;3954,314;3958,312;3962,324;3967,310;3971,316;3975,328;3980,312;3984,324;3988,310;3993,324;3997,314;4002,328;4006,312;4010,326;4015,310;4019,302;4023,328;4028,314;4032,326;4036,312;4041,310;4045,316;4049,330;4054,314;4058,328;4063,312;4067,304;4071,316;4076,316;4080,330;4084,314;4089,314;4093,318;4097,332;4102,330;4106,330;4110,314;4115,326;4119,318;4123,316;4128,330;4132,314;4137,314;4141,320;4145,320;4150,318;4154,330;4158,314;4163,316;4167,306;4171,306;4176,318;4180,304;4184,316;4189,302;4193,322;4197,306;4202,320;4206,304;4211,318;4215,308;4219,308;4224,320;4228,306;4232,318;4237,304;4241,324;4245,308;4250,308;4254,304;4258,320;4263,304;4267,310;4272,308;4276,308;4280,308;4285,292;4289,312;4293,310;4298,322;4302,308;4306,320;4311,320;4315,298;4319,310;4324,294;4328,308;4332,306;4337,320;4341,310;4346,324;4350,310;4354,322;4359,320;4363,312;4367,326;4372,310;4376,324;4380,294;4385,308;4389,312;4393,328;4398,310;4402,324;4406,308;4411,300;4415,314;4420,314;4424,326;4428,310;4433,310;4437,316;4441,330;4446,314;4450,326;4454,312;4459,324;4463,314;4467,316;4472,328;4476,314;4480,314;4485,312;4489,320;4494,318;4498,330;4502,316;4507,328;4511,320;4515,304;4520,318;4524,304;4528,316;4533,300;4537,320;4541,320;4546,318;4550,318;4554,318;4559,308;4563,306;4568,320;4572,306;4576,318;4581,302;4585,322;4589,306;4594,320;4598,306;4602,318;4607,316;4611,308;4615,308;4620,294;4624,306;4628,304;4633,306;4637,310;4642,324;4646,308;4650,322;4655,306;4659,298;4663,312;4668,310;4672,324;4676,308;4681,322;4685,314;4689,312;4694,312;4698,310;4703,310;4707,302;4711,314;4716,314;4720,326;4724,312;4729,310;4733,314;4737,316;4742,314;4746,328;4750,312;4755,324;4759,316;4763,302;4768,314;4772,300;4777,326;4781,318;4785,316;4790,316;4794,316;4798,312;4803,326;4807,332;4811,316;4816,330;4820,314;4824,314;4829,312;4833,318;4837,316;4842,316;4846,314;4851,328;4855,306;4859,318;4864,318;4868,316;4872,316;4877,314;4881,320;4885,318;4890,320;4894,316;4898,330;4903,316;4907,306;4911,306;4916,306;4920,318;4925,302;4929,322;4933,322;4938,322;4942,306;4946,320;4951,318;4955,310;4959,322;4964,308;4968,320;4972,306;4977,304;4981,310;4985,324;4990,322;4994,322;4999,306;5003,298;5007,312;5012,296;5016,324;5020,308;5025,322;5029,312;5033,326;5038,310;5042,324;5046,308;5051,308;5055,314;5060,298;5064,312;5068,310;5073,310;5077,302;5081,314;5086,314;5090,314;5094,312;5099,312;5103,304;5107,316;5112,314;5116,314;5120,314;5125,298;5129,318;5134,316;5138,330;5142,314;5147,328;5151,320;5155,304;5160,318;5164,302;5168,316;5173,302;5177,336;5181,320;5186,332;5190,316;5194,332;5199,316;5203,308;5208,320;5212,306;5216,318;5221,302;5225,324;5229,308;5234,334;5238,306;5242,334;5247,318;5251,310;5255,322;5260,308;5264,320;5268,306;5273,312;5277,312;5282,310;5286,308;5290,308;5295,308;5299,314;5303,326;5308,312;5312,310;5316,296;5321,308;5325,314;5329,328;5334,314;5338,312;5342,310;5347,302;5351,316;5356,314;5360,326;5364,312;5369,326;5373,304;5377,318;5382,302;5386,316;5390,300;5395,314;5399,320;5403,318;5408,318;5412,304;5417,316;5421,308;5425,320;5430,306;5434,318;5438,304;5443,316;5447,306;5451,322;5456,320;5460,306;5464,318;5469,304;5473,310;5477,308;5482,308;5486,308;5491,308;5495,300;5499,312;5504,310;5508,310;5512,308;5517,294;5521,314;5525,312;5530,326;5534,324;5538,310;5543,308;5547,300;5551,314;5556,312;5560,324;5565,310;5569,316;5573,300;5578,328;5582,312;5586,324;5591,310;5595,316;5599,314;5604,298;5608,312;5612,312;5617,324;5621,302;5625,314;5630,312;5634,326;5639,310;5643,316;5647,316;5652,314;5656,312;5660,312;5665,312;5669,302;5673,316;5678,314;5682,326;5686,326;5691,324;5695,302;5699,314;5704,314;5708,312;5713,326;5717,304;5721,316;5726,314;5730,314;5734,312;5739,326;5743,316;5747,316;5752,330;5756,314;5760,314;5765,298;5769,318;5773,304;5778,316;5782,302;5787,314;5791,320;5795,320;5800,318;5804,304;5808,318;5813,302;5817,322;5821,306;5826,320;5830,304;5834,318;5839,302;5843,310;5848,322;5852,306;5856,306;5861,304;5865,310;5869,308;5874,306;5878,306;5882,306;5887,304;5891,310;5895,310;5900,308;5904,306;5908,292;5913,304;5917,310;5922,324;5926,308;5930,322;5935,320;5939,310;5943,324;5948,294;5952,306;5956,306;5961,320;5965,310;5969,324;5974,308;5978,322;5983,318;5987,310;5991,310;5996,294;6000,308;6004,304;6009,318;6013,310;6017,310;6022,294;6026,306;6030,290;6035,282;6039,280;6043,280;6048,278;6052,278;6057,276;6061,282;6065,296;6070,294;6074,292;6078,278;6083,276;6087,296;6091,282;6096,294;6100,278;6104,278;6109,284;6113,254;6117,282;6122,294;6126,294;6131,292;6135,284;6139,268;6144,282;6148,266;6152,280;6157,278;6161,284;6165,284;6170,296;6174,282;6178,280;6183,272;6187,272;6191,270;6196,270;6200,268;6205,268;6209,288;6213,288;6218,298;6222,286;6226,284;6231,284;6235,276;6239,290;6244,288;6248,288;6252,258;6257,280;6261,278;6265,276;6270,276;6274,262;6279,288;6283,266;6287,266;6292,264;6296,276;6300,276;6305,274;6309,280;6313,294;6318,280;6322,278;6326,278;6331,284;6335,282;6339,268;6344,280;6348,266;6353,280;6357,286;6361,298;6366,284;6370,282;6374,282;6379,294;6383,272;6387,270;6392,270;6396,268;6400,266;6405,286;6409,300;6413,286;6418,284;6422,284;6427,296;6431,288;6435,288;6440,286;6444,272;6448,284;6453,282;6457,274;6461,272;6466,258;6470,270;6474,270;6479,276;6483,288;6488,274;6492,286;6496,286;6501,284;6505,276;6509,288;6514,260;6518,272;6522,244;6527,278;6531,276;6535,276;6540,274;6544,274;6548,258;6553,278;6557,290;6562,276;6566,262;6570,274;6575,288;6579,266;6583,264;6588,248;6592,290;6596,276;\r\nBuffer sent in 0.972 secondsreturn;buffer;964\r\n'), 10:37:30
bytearray(b'received from UR: measure -> measure (0,1)\r\nSTEPPER: Moving to mstep: 6600 with speed [msteps/sec]: 1000 in StealthChop.\r\n'), 10:37:31
bytearray(b'STEPPER: Moving to mstep: 2400 with speed [msteps/sec]: 4000 in SpreadCycle.\r\n'), 10:37:35
bytearray(b'STEPPER: Moved 4200.00 msteps (ramp: 35%) in 1324.892 ms -> average speed [msteps/sec]: 3170.07\r\nreturn;measure;965\r\n'), 10:37:36
bytearray(b'received from UR: buffer -> buffer (0,1)\r\nSending buffer of size 965data;2400,306;2404,456;2408,166;2413,266;2417,310;2421,328;2426,342;2430,326;2434,340;2439,326;2443,330;2447,330;2452,314;2456,314;2460,312;2465,312;2469,332;2474,330;2478,330;2482,328;2487,328;2491,320;2495,332;2500,332;2504,332;2508,316;2513,330;2517,322;2521,334;2526,320;2530,332;2534,318;2539,332;2543,324;2548,322;2552,320;2556,320;2561,332;2565,324;2569,324;2574,322;2578,336;2582,334;2587,334;2591,326;2595,310;2600,324;2604,322;2608,336;2613,320;2617,326;2622,326;2626,338;2630,322;2635,324;2639,328;2643,326;2648,326;2652,326;2656,324;2661,324;2665,330;2669,328;2674,328;2678,326;2682,340;2687,326;2691,316;2696,330;2700,314;2704,328;2709,326;2713,332;2717,330;2722,330;2726,328;2730,328;2735,326;2739,318;2743,330;2748,316;2752,328;2756,314;2761,324;2765,332;2770,332;2774,330;2778,344;2783,330;2787,306;2791,320;2796,320;2800,332;2804,318;2809,330;2813,322;2817,336;2822,320;2826,334;2830,318;2835,310;2839,324;2844,324;2848,322;2852,322;2857,320;2861,312;2865,340;2870,324;2874,324;2878,324;2883,336;2887,314;2891,300;2896,326;2900,326;2904,324;2909,324;2913,328;2918,314;2922,328;2926,326;2931,326;2935,316;2939,300;2944,328;2948,314;2952,326;2957,312;2961,318;2965,316;2970,330;2974,314;2979,314;2983,318;2987,302;2992,316;2996,302;3000,314;3005,312;3009,318;3013,318;3018,318;3022,314;3026,328;3031,300;3035,306;3039,316;3044,316;3048,302;3053,300;3057,320;3061,306;3066,318;3070,316;3074,318;3079,316;3083,308;3087,306;3092,306;3096,306;3100,290;3105,304;3109,324;3113,322;3118,320;3122,320;3127,318;3131,296;3135,310;3140,308;3144,320;3148,306;3153,306;3157,310;3161,324;3166,308;3170,322;3174,320;3179,298;3183,324;3188,310;3192,322;3196,308;3201,320;3205,312;3209,338;3214,322;3218,336;3222,320;3227,334;3231,310;3235,310;3240,308;3244,322;3248,320;3253,320;3257,326;3262,312;3266,326;3270,310;3275,322;3279,328;3283,328;3288,326;3292,312;3296,324;3301,310;3305,330;3309,314;3314,328;3318,312;3322,326;3327,324;3331,302;3336,314;3340,298;3344,326;3349,312;3353,316;3357,316;3362,316;3366,314;3370,328;3375,314;3379,304;3383,318;3388,316;3392,316;3396,300;3401,314;3405,318;3410,318;3414,318;3418,330;3423,314;3427,306;3431,304;3436,292;3440,304;3444,316;3449,302;3453,308;3457,320;3462,306;3466,318;3470,304;3475,318;3479,308;3484,308;3488,308;3492,306;3497,306;3501,312;3505,312;3510,310;3514,310;3518,308;3523,322;3527,314;3531,300;3536,312;3540,298;3544,310;3549,310;3553,330;3558,316;3562,314;3566,314;3571,328;3575,332;3579,318;3584,330;3588,316;3592,328;3597,314;3601,320;3605,318;3610,332;3614,316;3618,330;3623,316;3627,320;3632,320;3636,318;3640,318;3645,302;3649,322;3653,320;3658,334;3662,320;3666,332;3671,318;3675,324;3679,322;3684,322;3688,320;3693,306;3697,334;3701,312;3706,324;3710,310;3714,322;3719,322;3723,314;3727,326;3732,312;3736,310;3740,310;3745,308;3749,314;3753,328;3758,326;3762,326;3767,310;3771,300;3775,314;3780,298;3784,312;3788,312;3793,310;3797,316;3801,316;3806,314;3810,326;3814,312;3819,324;3823,316;3827,314;3832,314;3836,314;3841,312;3845,304;3849,318;3854,304;3858,316;3862,316;3867,314;3871,306;3875,292;3880,318;3884,318;3888,316;3893,302;3897,322;3901,306;3906,320;3910,306;3915,318;3919,310;3923,308;3928,322;3932,306;3936,320;3941,304;3945,324;3949,310;3954,322;3958,322;3962,320;3967,320;3971,310;3975,324;3980,322;3984,322;3989,308;3993,328;3997,312;4002,326;4006,310;4010,324;4015,308;4019,300;4023,314;4028,312;4032,310;4036,310;4041,310;4045,314;4049,328;4054,312;4058,326;4063,326;4067,316;4071,314;4076,314;4080,314;4084,300;4089,312;4093,318;4097,332;4102,316;4106,316;4110,314;4115,328;4119,318;4124,304;4128,318;4132,302;4137,316;4141,322;4145,322;4150,320;4154,318;4158,318;4163,318;4167,310;4171,308;4176,308;4180,306;4184,320;4189,312;4193,326;4198,310;4202,324;4206,308;4211,322;4215,298;4219,298;4224,310;4228,310;4232,310;4237,308;4241,314;4245,314;4250,326;4254,312;4259,312;4263,316;4267,302;4272,314;4276,300;4280,300;4285,312;4289,318;4293,304;4298,316;4302,316;4306,314;4311,314;4315,292;4319,318;4324,318;4328,316;4333,302;4337,322;4341,320;4346,320;4350,320;4354,318;4359,318;4363,310;4367,324;4372,308;4376,322;4380,306;4385,320;4389,326;4393,326;4398,324;4402,336;4407,322;4411,300;4415,326;4420,326;4424,312;4428,310;4433,310;4437,314;4441,328;4446,312;4450,326;4454,310;4459,324;4463,316;4467,314;4472,314;4476,314;4481,312;4485,318;4489,332;4494,318;4498,330;4502,316;4507,330;4511,320;4515,320;4520,320;4524,304;4528,316;4533,316;4537,322;4541,322;4546,320;4550,320;4555,318;4559,326;4563,310;4568,310;4572,308;4576,322;4581,306;4585,312;4589,312;4594,326;4598,310;4602,324;4607,308;4611,314;4615,300;4620,298;4624,312;4629,312;4633,310;4637,316;4642,316;4646,316;4650,316;4655,314;4659,306;4663,306;4668,304;4672,304;4676,304;4681,316;4685,308;4689,320;4694,306;4698,306;4703,304;4707,296;4711,322;4716,308;4720,322;4724,308;4729,306;4733,312;4737,326;4742,310;4746,310;4750,310;4755,324;4759,316;4764,314;4768,326;4772,298;4777,312;4781,316;4785,330;4790,316;4794,328;4798,314;4803,326;4807,318;4811,316;4816,316;4820,316;4824,314;4829,314;4833,334;4838,318;4842,332;4846,316;4851,330;4855,320;4859,306;4864,320;4868,318;4872,318;4877,316;4881,322;4885,322;4890,320;4894,320;4899,318;4903,310;4907,310;4912,322;4916,322;4920,320;4925,304;4929,324;4933,310;4938,322;4942,308;4946,320;4951,320;4955,298;4959,324;4964,310;4968,322;4973,306;4977,312;4981,312;4986,324;4990,308;4994,322;4999,308;5003,312;5007,312;5012,310;5016,310;5020,308;5025,308;5029,314;5033,326;5038,312;5042,324;5047,310;5051,302;5055,314;5060,312;5064,312;5068,310;5073,296;5077,314;5081,314;5086,300;5090,312;5094,310;5099,310;5103,316;5107,300;5112,314;5116,312;5121,312;5125,318;5129,332;5134,316;5138,328;5142,314;5147,312;5151,318;5155,302;5160,330;5164,316;5168,328;5173,312;5177,318;5181,316;5186,330;5190,316;5195,328;5199,320;5203,304;5208,318;5212,302;5216,316;5221,314;5225,334;5229,320;5234,318;5238,316;5242,330;5247,302;5251,306;5255,306;5260,306;5264,318;5269,318;5273,310;5277,308;5282,322;5286,308;5290,320;5295,320;5299,310;5303,310;5308,308;5312,308;5316,306;5321,320;5325,312;5330,310;5334,310;5338,324;5343,310;5347,314;5351,312;5356,298;5360,310;5364,308;5369,308;5373,312;5377,326;5382,310;5386,324;5390,308;5395,300;5399,314;5404,298;5408,310;5412,308;5417,308;5421,314;5425,314;5430,312;5434,326;5438,310;5443,324;5447,314;5451,314;5456,314;5460,298;5464,310;5469,316;5473,316;5478,314;5482,314;5486,312;5491,310;5495,316;5499,302;5504,300;5508,298;5512,298;5517,312;5521,318;5525,316;5530,316;5534,314;5539,328;5543,320;5547,318;5552,316;5556,302;5560,314;5565,300;5569,320;5573,318;5578,332;5582,316;5586,330;5591,314;5595,320;5599,320;5604,304;5608,318;5613,316;5617,314;5621,306;5626,320;5630,318;5634,318;5639,318;5643,324;5647,308;5652,308;5656,306;5660,306;5665,304;5669,312;5673,324;5678,308;5682,322;5687,308;5691,300;5695,326;5700,326;5704,310;5708,310;5713,310;5717,314;5721,312;5726,312;5730,326;5734,310;5739,324;5743,314;5747,314;5752,312;5756,312;5761,310;5765,316;5769,316;5774,314;5778,328;5782,314;5787,312;5791,318;5795,304;5800,302;5804,300;5808,328;5813,314;5817,318;5821,304;5826,316;5830,302;5835,314;5839,304;5843,292;5848,304;5852,304;5856,302;5861,302;5865,308;5869,306;5874,318;5878,304;5882,304;5887,302;5891,308;5896,308;5900,306;5904,304;5909,290;5913,324;5917,322;5922,322;5926,308;5930,320;5935,318;5939,296;5943,310;5948,308;5952,322;5956,306;5961,320;5965,312;5970,326;5974,310;5978,324;5983,308;5987,300;5991,312;5996,312;6000,312;6004,296;6009,308;6013,314;6017,314;6022,298;6026,298;6030,296;6035,288;6039,286;6044,286;6048,284;6052,268;6057,282;6061,288;6065,286;6070,284;6074,298;6078,298;6083,296;6087,272;6091,272;6096,270;6100,270;6104,270;6109,288;6113,274;6118,286;6122,300;6126,284;6131,284;6135,288;6139,274;6144,286;6148,270;6152,284;6157,282;6161,286;6165,286;6170,272;6174,284;6178,284;6183,274;6187,274;6192,286;6196,270;6200,268;6205,268;6209,302;6213,286;6218,272;6222,284;6226,298;6231,274;6235,274;6239,272;6244,258;6248,284;6252,284;6257,288;6261,274;6266,258;6270,270;6274,270;6279,282;6283,260;6287,274;6292,272;6296,272;6300,256;6305,284;6309,288;6313,274;6318,272;6322,242;6327,270;6331,290;6335,288;6340,272;6344,286;6348,270;6353,284;6357,290;6361,288;6366,286;6370,272;6374,270;6379,276;6383,288;6387,274;6392,272;6396,270;6401,270;6405,276;6409,274;6414,272;6418,286;6422,284;6427,262;6431,274;6435,272;6440,272;6444,284;6448,268;6453,274;6457,288;6462,286;6466,284;6470,284;6475,268;6479,258;6483,272;6488,286;6492,270;6496,268;6501,274;6505,272;6509,272;6514,284;6518,284;6522,296;6527,272;6531,272;6536,270;6540,254;6544,268;6549,266;6553,272;6557,272;6562,270;6566,270;6570,270;6575,282;6579,288;6583,274;6588,272;6592,284;6596,284;\r\nBuffer sent in 0.973 secondsreturn;buffer;965\r\n'), 10:37:38
bytearray(b'received from UR: measure -> measure (0,1)\r\nSTEPPER: Moving to mstep: 6600 with speed [msteps/sec]: 1000 in StealthChop.\r\n'), 10:37:39
bytearray(b'STEPPER: Moving to mstep: 2400 with speed [msteps/sec]: 4000 in SpreadCycle.\r\n'), 10:37:44
bytearray(b'STEPPER: Moved 4200.00 msteps (ramp: 35%) in 1324.888 ms -> average speed [msteps/sec]: 3170.08\r\nreturn;measure;965\r\n'), 10:37:45
bytearray(b'received from UR: buffer -> buffer (0,1)\r\nSending buffer of size 965data;2400,310;2404,466;2408,134;2413,276;2417,332;2421,324;2426,338;2430,322;2434,336;2439,322;2443,328;2447,326;2452,312;2456,326;2460,312;2465,326;2469,332;2474,330;2478,330;2482,330;2487,316;2491,322;2495,334;2500,334;2504,318;2508,318;2513,332;2517,324;2521,324;2526,322;2530,322;2534,322;2539,336;2543,328;2548,314;2552,326;2556,312;2561,324;2565,316;2569,330;2574,316;2578,328;2582,314;2587,328;2591,334;2595,332;2600,332;2604,316;2608,330;2613,316;2617,336;2622,322;2626,334;2630,320;2635,334;2639,324;2643,310;2648,324;2652,322;2656,322;2661,308;2665,328;2669,326;2674,326;2678,326;2682,324;2687,324;2691,316;2696,344;2700,330;2704,328;2709,314;2713,334;2717,318;2722,332;2726,318;2730,318;2735,316;2739,310;2743,336;2748,308;2752,322;2756,306;2761,334;2765,326;2770,338;2774,310;2778,324;2783,322;2787,314;2791,328;2796,314;2800,326;2804,312;2809,324;2813,330;2817,330;2822,316;2826,330;2830,314;2835,328;2839,320;2844,318;2848,318;2852,318;2857,332;2861,310;2865,338;2870,322;2874,336;2878,320;2883,336;2887,328;2891,312;2896,326;2900,312;2904,324;2909,310;2913,330;2918,314;2922,328;2926,312;2931,326;2935,332;2939,318;2944,332;2948,316;2952,316;2957,314;2961,322;2965,320;2970,320;2974,318;2979,320;2983,310;2987,296;2992,310;2996,296;3000,308;3005,308;3009,328;3013,312;3018,326;3022,312;3026,312;3031,310;3035,316;3040,314;3044,314;3048,314;3053,312;3057,318;3061,318;3066,316;3070,302;3074,316;3079,314;3083,306;3087,320;3092,320;3096,318;3100,304;3105,318;3109,310;3114,324;3118,308;3122,322;3127,320;3131,298;3135,312;3140,296;3144,324;3148,310;3153,324;3157,314;3161,314;3166,312;3170,326;3174,312;3179,326;3183,318;3188,316;3192,330;3196,316;3201,330;3205,308;3209,320;3214,320;3218,334;3222,318;3227,332;3231,310;3235,308;3240,322;3244,322;3248,320;3253,320;3257,326;3262,326;3266,324;3270,310;3275,324;3279,328;3283,314;3288,312;3292,312;3296,326;3301,312;3305,332;3309,330;3314,330;3318,316;3322,330;3327,314;3331,306;3336,320;3340,306;3344,318;3349,302;3353,324;3357,322;3362,322;3366,320;3370,320;3375,306;3379,310;3383,310;3388,310;3392,310;3396,294;3401,308;3405,314;3410,312;3414,312;3418,326;3423,310;3427,316;3431,316;3436,314;3440,314;3444,312;3449,312;3453,304;3457,318;3462,318;3466,318;3470,316;3475,308;3479,308;3484,308;3488,318;3492,306;3497,304;3501,310;3505,324;3510,308;3514,308;3518,308;3523,320;3527,326;3531,298;3536,310;3540,296;3545,310;3549,316;3553,328;3558,314;3562,326;3566,312;3571,326;3575,318;3579,316;3584,318;3588,300;3592,314;3597,314;3601,320;3605,318;3610,332;3614,318;3619,330;3623,322;3627,308;3632,320;3636,320;3640,318;3645,304;3649,338;3653,308;3658,336;3662,322;3666,320;3671,320;3675,312;3679,324;3684,324;3688,310;3693,308;3697,330;3701,326;3706,328;3710,326;3714,326;3719,312;3723,318;3727,316;3732,316;3736,316;3740,300;3745,312;3749,318;3753,318;3758,316;3762,330;3767,314;3771,292;3775,306;3780,304;3784,318;3788,302;3793,328;3797,306;3801,320;3806,318;3810,332;3814,316;3819,294;3823,308;3828,308;3832,306;3836,306;3841,318;3845,310;3849,324;3854,308;3858,322;3862,306;3867,306;3871,310;3875,310;3880,310;3884,310;3888,306;3893,306;3897,314;3902,312;3906,312;3910,310;3915,324;3919,316;3923,300;3928,328;3932,298;3936,312;3941,298;3945,318;3949,316;3954,316;3958,314;3962,314;3967,312;3971,306;3976,332;3980,318;3984,316;3989,316;3993,324;3997,308;4002,334;4006,320;4010,332;4015,318;4019,310;4023,322;4028,308;4032,322;4036,306;4041,318;4045,312;4050,324;4054,310;4058,324;4063,322;4067,314;4071,312;4076,298;4080,312;4084,310;4089,324;4093,316;4097,328;4102,314;4106,326;4110,310;4115,326;4119,316;4124,314;4128,328;4132,312;4137,312;4141,318;4145,318;4150,316;4154,316;4158,314;4163,328;4167,320;4171,304;4176,318;4180,302;4185,316;4189,308;4193,322;4198,306;4202,320;4206,306;4211,320;4215,310;4219,296;4224,310;4228,296;4232,308;4237,308;4241,328;4245,312;4250,328;4254,312;4259,324;4263,318;4267,304;4272,304;4276,302;4280,316;4285,302;4289,308;4293,306;4298,320;4302,306;4306,306;4311,304;4315,310;4319,324;4324,310;4328,308;4333,308;4337,314;4341,314;4346,314;4350,312;4354,326;4359,312;4363,304;4367,316;4372,302;4376,316;4380,300;4385,316;4389,320;4393,334;4398,320;4402,334;4407,318;4411,310;4415,324;4420,308;4424,322;4428,322;4433,320;4437,312;4441,326;4446,312;4450,326;4454,310;4459,326;4463,316;4467,316;4472,326;4476,328;4481,312;4485,318;4489,318;4494,316;4498,316;4502,314;4507,314;4511,320;4515,306;4520,320;4524,304;4528,318;4533,304;4537,324;4541,310;4546,322;4550,322;4555,322;4559,314;4563,300;4568,312;4572,312;4576,324;4581,310;4585,316;4589,316;4594,330;4598,314;4602,314;4607,300;4611,306;4616,320;4620,304;4624,318;4629,318;4633,310;4637,308;4642,322;4646,306;4650,320;4655,306;4659,298;4663,310;4668,310;4672,310;4676,308;4681,314;4685,314;4690,314;4694,312;4698,312;4703,310;4707,304;4711,316;4716,302;4720,316;4724,302;4729,314;4733,308;4737,320;4742,320;4746,320;4751,318;4755,296;4759,322;4764,308;4768,322;4772,308;4777,320;4781,312;4785,326;4790,312;4794,324;4798,310;4803,324;4807,314;4811,314;4816,314;4820,312;4825,326;4829,304;4833,332;4838,316;4842,330;4846,314;4851,328;4855,320;4859,318;4864,332;4868,318;4872,316;4877,316;4881,320;4885,320;4890,320;4894,318;4899,318;4903,324;4907,308;4912,322;4916,322;4920,320;4925,306;4929,326;4933,312;4938,324;4942,310;4946,324;4951,322;4955,314;4959,314;4964,300;4968,312;4973,312;4977,318;4981,302;4986,330;4990,314;4994,328;4999,314;5003,290;5007,318;5012,304;5016,316;5020,302;5025,316;5029,322;5033,320;5038,306;5042,320;5047,304;5051,310;5055,310;5060,308;5064,308;5068,306;5073,306;5077,312;5081,312;5086,310;5090,310;5094,310;5099,302;5103,314;5108,300;5112,312;5116,312;5121,326;5125,304;5129,316;5134,316;5138,316;5142,314;5147,316;5151,320;5155,292;5160,318;5164,304;5168,318;5173,302;5177,336;5182,322;5186,322;5190,320;5195,334;5199,312;5203,298;5208,310;5212,308;5216,308;5221,308;5225,328;5229,312;5234,326;5238,310;5242,322;5247,310;5251,316;5256,330;5260,316;5264,314;5269,312;5273,320;5277,318;5282,318;5286,316;5290,316;5295,316;5299,308;5303,320;5308,306;5312,318;5317,318;5321,310;5325,310;5330,324;5334,308;5338,322;5343,320;5347,298;5351,312;5356,312;5360,324;5364,310;5369,310;5373,302;5377,314;5382,314;5386,328;5391,312;5395,290;5399,316;5404,302;5408,316;5412,300;5417,314;5421,320;5425,318;5430,304;5434,316;5438,302;5443,314;5447,306;5451,306;5456,318;5460,304;5465,318;5469,296;5473,308;5478,308;5482,308;5486,306;5491,320;5495,310;5499,310;5504,308;5508,308;5512,306;5517,292;5521,324;5525,310;5530,324;5534,308;5539,322;5543,312;5547,312;5552,312;5556,310;5560,324;5565,308;5569,328;5573,312;5578,326;5582,310;5586,324;5591,310;5595,302;5599,314;5604,314;5608,326;5613,312;5617,318;5621,316;5626,330;5630,314;5634,328;5639,312;5643,304;5647,318;5652,302;5656,316;5660,302;5665,316;5669,306;5673,320;5678,318;5682,318;5687,318;5691,310;5695,322;5700,308;5704,320;5708,306;5713,318;5717,310;5721,322;5726,308;5730,322;5734,320;5739,298;5743,310;5748,296;5752,308;5756,294;5761,308;5765,312;5769,326;5774,310;5778,322;5782,308;5787,322;5791,314;5795,298;5800,312;5804,296;5808,310;5813,308;5817,314;5822,300;5826,312;5830,310;5835,324;5839,316;5843,314;5848,312;5852,300;5856,312;5861,310;5865,302;5869,300;5874,300;5878,314;5882,312;5887,312;5891,302;5896,302;5900,300;5904,314;5909,300;5913,318;5917,318;5922,318;5926,316;5930,330;5935,314;5939,306;5943,320;5948,304;5952,318;5956,304;5961,316;5965,308;5970,322;5974,306;5978,320;5983,304;5987,298;5991,310;5996,294;6000,308;6004,294;6009,320;6013,312;6017,326;6022,310;6026,296;6031,294;6035,286;6039,300;6044,270;6048,282;6052,282;6057,282;6061,288;6065,288;6070,286;6074,284;6078,284;6083,296;6087,288;6091,288;6096,274;6100,286;6105,270;6109,292;6113,290;6118,290;6122,290;6126,288;6131,288;6135,280;6139,264;6144,278;6148,262;6152,276;6157,282;6161,282;6165,280;6170,294;6174,278;6179,292;6183,284;6187,282;6192,282;6196,280;6200,292;6205,278;6209,284;6213,282;6218,282;6222,266;6226,266;6231,270;6235,270;6239,282;6244,282;6248,280;6253,280;6257,270;6261,284;6266,284;6270,282;6274,280;6279,272;6283,286;6287,270;6292,270;6296,268;6300,254;6305,288;6309,286;6314,286;6318,270;6322,268;6327,268;6331,260;6335,286;6340,270;6344,284;6348,270;6353,276;6357,288;6361,288;6366,286;6370,288;6374,286;6379,276;6383,290;6388,260;6392,274;6396,274;6401,272;6405,292;6409,292;6414,276;6418,276;6422,274;6427,280;6431,278;6435,292;6440,276;6444,288;6448,260;6453,280;6457,292;6462,292;6466,276;6470,274;6475,246;6479,278;6483,264;6488,276;6492,262;6496,274;6501,280;6505,266;6509,278;6514,292;6518,278;6522,276;6527,268;6531,280;6536,266;6540,264;6544,278;6549,262;6553,282;6557,282;6562,268;6566,280;6570,280;6575,272;6579,284;6583,284;6588,282;6592,282;6597,280;\r\nBuffer sent in 0.973 secondsreturn;buffer;965\r\n'), 10:37:47
bytearray(b'received from UR: measure -> measure (0,1)\r\nSTEPPER: Moving to mstep: 6600 with speed [msteps/sec]: 1000 in StealthChop.\r\n'), 10:37:48
bytearray(b'STEPPER: Moving to mstep: 2400 with speed [msteps/sec]: 4000 in SpreadCycle.\r\n'), 10:37:52
bytearray(b'STEPPER: Moved 4200.00 msteps (ramp: 35%) in 1324.888 ms -> average speed [msteps/sec]: 3170.08\r\nreturn;measure;965\r\n'), 10:37:54
bytearray(b'received from UR: buffer -> buffer (0,1)\r\nSending buffer of size 965data;2400,294;2404,462;2408,142;2413,270;2417,328;2421,320;2426,332;2430,318;2434,332;2439,318;2443,310;2447,322;2452,322;2456,334;2460,320;2465,320;2469,324;2474,338;2478,324;2482,338;2487,322;2491,328;2495,314;2500,328;2504,326;2508,326;2513,326;2517,316;2521,332;2526,330;2530,344;2534,330;2539,330;2543,322;2547,320;2552,334;2556,320;2561,334;2565,326;2569,326;2574,324;2578,338;2582,324;2587,338;2591,330;2595,316;2600,328;2604,312;2608,326;2613,326;2617,332;2622,316;2626,330;2630,328;2635,328;2639,334;2643,320;2648,332;2652,318;2656,330;2661,330;2665,336;2669,318;2674,334;2678,320;2682,332;2687,318;2691,324;2696,324;2700,308;2704,322;2709,320;2713,326;2717,326;2722,326;2726,324;2730,338;2735,336;2739,314;2743,326;2748,314;2752,326;2757,310;2761,338;2765,328;2770,328;2774,314;2778,340;2783,326;2787,318;2791,332;2796,302;2800,316;2804,314;2809,328;2813,320;2817,334;2822,318;2826,332;2831,318;2835,332;2839,322;2844,322;2848,322;2852,308;2857,320;2861,326;2865,326;2870,312;2874,326;2878,324;2883,324;2887,330;2891,316;2896,328;2900,328;2905,328;2909,320;2913,334;2918,318;2922,332;2926,332;2931,332;2935,310;2939,308;2944,322;2948,320;2952,322;2957,306;2961,326;2965,310;2970,324;2974,308;2979,322;2983,314;2987,314;2992,326;2996,312;3000,312;3005,310;3009,316;3013,314;3018,314;3022,300;3026,312;3031,312;3035,318;3039,316;3044,302;3048,316;3053,314;3057,314;3061,318;3066,318;3070,304;3074,318;3079,316;3083,308;3087,322;3092,308;3096,306;3100,306;3105,318;3109,310;3113,310;3118,310;3122,322;3127,308;3131,300;3135,328;3140,300;3144,326;3148,310;3153,324;3157,316;3161,328;3166,314;3170,328;3174,312;3179,326;3183,318;3187,316;3192,316;3196,316;3201,328;3205,320;3209,334;3214,320;3218,332;3222,318;3227,330;3231,322;3235,308;3240,320;3244,320;3248,320;3253,318;3257,338;3262,322;3266,322;3270,322;3275,334;3279,326;3283,326;3288,324;3292,310;3296,324;3301,324;3305,328;3309,314;3314,328;3318,326;3322,326;3327,324;3331,316;3336,330;3340,302;3344,314;3349,300;3353,320;3357,318;3362,318;3366,316;3370,316;3375,302;3379,308;3383,320;3388,306;3392,306;3396,304;3401,304;3405,312;3410,324;3414,310;3418,322;3423,322;3427,314;3431,314;3436,312;3440,310;3444,312;3449,310;3453,302;3457,316;3462,300;3466,314;3471,312;3475,312;3479,318;3484,304;3488,316;3492,302;3497,316;3501,320;3505,320;3510,318;3514,318;3518,316;3523,316;3527,322;3531,308;3536,322;3540,306;3545,318;3549,312;3553,326;3558,310;3562,324;3566,308;3571,322;3575,312;3579,298;3584,312;3588,310;3592,324;3597,308;3601,328;3605,314;3610,326;3614,312;3619,326;3623,316;3627,316;3632,330;3636,314;3640,314;3645,312;3649,334;3653,316;3658,332;3662,302;3666,330;3671,314;3675,320;3679,320;3684,318;3688,318;3693,316;3697,316;3701,322;3706,336;3710,320;3714,334;3719,318;3723,310;3727,324;3732,294;3736,308;3740,308;3745,320;3749,312;3753,312;3758,310;3762,324;3767,322;3771,300;3775,314;3780,300;3784,312;3788,298;3793,324;3797,316;3801,316;3806,316;3810,316;3814,314;3819,316;3823,320;3827,306;3832,304;3836,304;3841,302;3845,308;3849,322;3854,306;3858,306;3862,304;3867,318;3871,310;3875,310;3880,308;3884,308;3888,320;3893,298;3897,312;3902,310;3906,310;3910,310;3915,308;3919,314;3923,314;3928,326;3932,298;3936,312;3941,312;3945,318;3949,316;3954,316;3958,314;3962,314;3967,312;3971,318;3976,318;3980,316;3984,318;3989,302;3993,336;3997,322;4002,334;4006,320;4010,334;4015,318;4019,310;4023,324;4028,322;4032,322;4036,308;4041,308;4045,312;4050,326;4054,324;4058,324;4063,324;4067,316;4071,314;4076,314;4080,328;4084,312;4089,312;4093,318;4097,332;4102,330;4106,330;4110,330;4115,306;4119,320;4124,306;4128,320;4132,318;4137,318;4141,310;4145,322;4150,322;4154,320;4158,306;4163,320;4167,312;4171,312;4176,310;4180,296;4184,310;4189,316;4193,316;4198,314;4202,314;4206,314;4211,312;4215,318;4219,304;4224,304;4228,316;4232,302;4237,316;4241,308;4245,306;4250,320;4254,304;4259,318;4263,310;4267,310;4272,308;4276,308;4280,308;4285,306;4289,312;4293,312;4298,312;4302,310;4306,310;4311,308;4315,300;4319,314;4324,312;4328,312;4333,312;4337,318;4341,316;4346,316;4350,314;4354,314;4359,314;4363,320;4367,320;4372,304;4376,318;4380,316;4385,330;4389,306;4394,334;4398,320;4402,332;4407,318;4411,310;4415,324;4420,308;4424,318;4428,320;4433,320;4437,312;4441,326;4446,310;4450,324;4454,308;4459,322;4463,314;4468,312;4472,312;4476,312;4481,310;4485,316;4489,316;4494,316;4498,314;4502,314;4507,314;4511,320;4515,318;4520,318;4524,304;4528,316;4533,314;4537,320;4542,308;4546,320;4550,318;4555,320;4559,310;4563,296;4568,308;4572,308;4576,308;4581,306;4585,314;4589,312;4594,326;4598,310;4602,324;4607,310;4611,302;4616,314;4620,314;4624,314;4629,312;4633,318;4637,316;4642,330;4646,314;4650,314;4655,314;4659,306;4663,304;4668,304;4672,316;4676,302;4681,308;4685,308;4690,320;4694,306;4698,320;4703,318;4707,310;4711,310;4716,310;4720,322;4724,308;4729,320;4733,312;4737,312;4742,310;4746,324;4750,310;4755,316;4759,316;4764,286;4768,314;4772,312;4777,326;4781,316;4785,316;4790,316;4794,328;4798,314;4803,328;4807,320;4811,304;4816,318;4820,316;4825,316;4829,308;4833,322;4838,320;4842,320;4846,318;4851,332;4855,324;4859,308;4864,322;4868,322;4872,320;4877,306;4881,326;4885,312;4890,324;4894,322;4899,322;4903,312;4907,312;4912,310;4916,310;4920,322;4925,308;4929,314;4933,312;4938,326;4942,310;4946,322;4951,308;4955,312;4960,326;4964,312;4968,310;4973,310;4977,300;4981,300;4986,314;4990,312;4994,324;4999,310;5003,316;5007,314;5012,314;5016,314;5020,312;5025,312;5029,316;5034,316;5038,302;5042,328;5047,314;5051,320;5055,318;5060,304;5064,302;5068,302;5073,314;5077,308;5081,306;5086,304;5090,318;5094,304;5099,308;5103,322;5108,308;5112,306;5116,304;5121,318;5125,310;5129,310;5134,308;5138,320;5142,320;5147,320;5151,312;5155,294;5160,308;5164,308;5168,306;5173,306;5177,326;5182,324;5186,324;5190,322;5195,306;5199,314;5203,312;5208,312;5212,310;5216,324;5221,310;5225,314;5229,314;5234,326;5238,312;5242,324;5247,310;5251,316;5256,314;5260,314;5264,312;5269,312;5273,318;5277,316;5282,316;5286,314;5290,314;5295,312;5299,306;5303,316;5308,316;5312,316;5316,302;5321,314;5325,320;5330,318;5334,318;5338,316;5343,316;5347,308;5351,320;5356,306;5360,306;5364,304;5369,316;5373,310;5377,308;5382,308;5386,320;5391,306;5395,298;5399,326;5404,310;5408,310;5412,310;5417,322;5421,314;5425,314;5430,312;5434,312;5438,310;5443,326;5447,302;5451,302;5456,300;5460,314;5465,314;5469,306;5473,318;5478,304;5482,302;5486,302;5491,316;5495,306;5499,306;5504,304;5508,304;5512,304;5517,304;5521,324;5526,322;5530,322;5534,320;5539,320;5543,312;5547,312;5552,324;5556,310;5560,324;5565,308;5569,328;5573,314;5578,326;5582,312;5586,324;5591,310;5595,316;5600,314;5604,314;5608,312;5613,312;5617,318;5621,316;5626,316;5630,302;5634,328;5639,314;5643,306;5647,304;5652,304;5656,304;5660,304;5665,302;5669,322;5674,322;5678,306;5682,320;5687,306;5691,324;5695,310;5700,322;5704,322;5708,306;5713,306;5717,312;5721,326;5726,310;5730,324;5734,308;5739,322;5743,328;5748,300;5752,312;5756,312;5761,312;5765,318;5769,302;5774,302;5778,316;5782,314;5787,314;5791,320;5795,306;5800,318;5804,304;5808,316;5813,308;5817,322;5822,308;5826,308;5830,306;5835,320;5839,312;5843,310;5848,310;5852,294;5856,308;5861,308;5865,314;5869,312;5874,312;5878,310;5882,310;5887,302;5891,300;5896,314;5900,314;5904,312;5909,298;5913,318;5917,304;5922,316;5926,316;5930,314;5935,314;5939,306;5943,318;5948,304;5952,318;5957,302;5961,316;5965,308;5970,320;5974,306;5978,320;5983,304;5987,310;5991,310;5996,294;6000,308;6004,308;6009,308;6013,300;6017,314;6022,298;6026,310;6031,296;6035,288;6039,274;6044,274;6048,272;6052,286;6057,286;6061,292;6065,292;6070,290;6074,276;6078,276;6083,282;6087,280;6091,280;6096,266;6100,278;6105,278;6109,282;6113,296;6118,282;6122,280;6126,280;6131,278;6135,272;6139,284;6144,282;6148,268;6152,280;6157,286;6161,286;6165,284;6170,284;6174,282;6179,282;6183,274;6187,286;6192,284;6196,284;6200,284;6205,282;6209,288;6213,286;6218,286;6222,284;6226,284;6231,274;6235,274;6239,260;6244,258;6248,272;6253,284;6257,276;6261,276;6266,260;6270,272;6274,286;6279,262;6283,278;6287,276;6292,276;6296,290;6300,276;6305,280;6309,280;6313,264;6318,278;6322,278;6327,290;6331,268;6335,266;6340,266;6344,278;6348,278;6353,270;6357,270;6361,254;6366,282;6370,282;6374,280;6379,286;6383,272;6388,284;6392,268;6396,282;6401,266;6405,286;6409,286;6414,284;6418,298;6422,284;6427,282;6431,274;6435,272;6440,258;6444,272;6448,270;6453,276;6457,276;6462,276;6466,246;6470,274;6475,288;6479,280;6483,280;6488,266;6492,278;6496,278;6501,282;6505,282;6509,282;6514,238;6518,280;6522,294;6527,270;6531,270;6536,284;6540,268;6544,266;6549,280;6553,244;6557,286;6562,286;6566,284;6570,284;6575,276;6579,262;6583,260;6588,272;6592,272;6597,272;\r\nBuffer sent in 0.973 secondsreturn;buffer;965\r\n'), 10:37:56
bytearray(b'received from UR: measure -> measure (0,1)\r\nSTEPPER: Moving to mstep: 6600 with speed [msteps/sec]: 1000 in StealthChop.\r\n'), 10:37:57
bytearray(b'STEPPER: Moving to mstep: 2400 with speed [msteps/sec]: 4000 in SpreadCycle.\r\n'), 10:38:01
bytearray(b'STEPPER: Moved 4200.00 msteps (ramp: 35%) in 1324.888 ms -> average speed [msteps/sec]: 3170.08\r\nreturn;measure;965\r\n'), 10:38:02
bytearray(b'received from UR: buffer -> buffer (0,1)\r\nSending buffer of size 965data;2400,306;2404,462;2408,142;2413,272;2417,312;2421,320;2426,334;2430,318;2434,332;2439,330;2443,310;2447,336;2452,322;2456,320;2460,320;2465,334;2469,326;2474,326;2478,324;2482,324;2487,322;2491,316;2495,328;2500,312;2504,326;2508,326;2513,324;2517,318;2521,332;2526,330;2530,330;2534,328;2539,328;2543,332;2548,318;2552,332;2556,316;2561,328;2565,322;2569,334;2574,320;2578,334;2582,318;2587,346;2591,324;2595,308;2600,322;2604,308;2609,334;2613,306;2617,340;2622,324;2626,338;2630,324;2635,338;2639,328;2643,314;2648,328;2652,312;2656,326;2661,310;2665,332;2669,330;2674,330;2678,328;2683,330;2687,328;2691,306;2696,334;2700,318;2704,332;2709,316;2713,338;2717,322;2722,336;2726,322;2730,336;2735,320;2739,312;2743,326;2748,310;2752,326;2757,310;2761,324;2765,330;2770,342;2774,328;2778,340;2783,326;2787,302;2791,332;2796,316;2800,330;2804,302;2809,328;2813,320;2817,334;2822,318;2826,332;2831,316;2835,308;2839,322;2844,306;2848,320;2852,304;2857,318;2861,324;2865,338;2870,322;2874,336;2878,320;2883,334;2887,324;2891,310;2896,324;2900,308;2905,322;2909,308;2913,328;2918,326;2922,326;2926,326;2931,326;2935,318;2939,302;2944,316;2948,300;2952,328;2957,314;2961,334;2965,318;2970,332;2974,316;2979,330;2983,320;2987,306;2992,318;2996,304;3000,318;3005,302;3009,324;3013,308;3018,336;3022,320;3026,320;3031,318;3035,308;3039,308;3044,308;3048,306;3053,306;3057,312;3061,296;3066,310;3070,308;3074,322;3079,306;3083,298;3087,312;3092,312;3096,310;3100,296;3105,310;3109,316;3114,328;3118,314;3122,328;3127,314;3131,290;3135,318;3140,302;3144,316;3148,302;3153,316;3157,320;3161,334;3166,320;3170,332;3174,318;3179,296;3183,324;3188,308;3192,322;3196,306;3201,320;3205,326;3209,340;3214,310;3218,338;3222,322;3227,336;3231,314;3235,314;3240,312;3244,312;3248,324;3253,310;3257,330;3262,314;3266,328;3270,326;3275,326;3279,318;3283,318;3288,316;3292,316;3296,316;3301,314;3305,334;3309,320;3314,332;3318,318;3322,332;3327,316;3331,308;3336,322;3340,306;3344,320;3349,306;3353,324;3357,310;3362,324;3366,322;3370,322;3375,320;3379,298;3383,312;3388,296;3392,310;3396,296;3401,308;3405,314;3410,328;3414,312;3418,326;3423,310;3427,302;3431,302;3436,300;3440,314;3444,300;3449,312;3453,306;3457,332;3462,316;3466,316;3471,316;3475,308;3479,308;3484,292;3488,306;3492,304;3497,318;3501,310;3505,324;3510,310;3514,324;3518,310;3523,322;3527,314;3531,298;3536,312;3540,298;3545,310;3549,316;3553,330;3558,314;3562,328;3566,314;3571,328;3575,318;3579,304;3584,318;3588,302;3592,328;3597,300;3601,334;3605,320;3610,334;3614,318;3619,332;3623,324;3627,308;3632,322;3636,306;3640,320;3645,306;3649,340;3653,324;3658,338;3662,322;3666,336;3671,322;3675,300;3679,326;3684,312;3688,312;3693,310;3697,330;3701,328;3706,328;3710,314;3714,326;3719,326;3723,302;3727,316;3732,302;3736,314;3740,300;3745,314;3749,318;3754,318;3758,316;3762,330;3767,316;3771,292;3775,320;3780,306;3784,318;3788,304;3793,316;3797,322;3801,322;3806,322;3810,334;3814,320;3819,298;3823,310;3828,310;3832,310;3836,296;3841,308;3845,314;3849,316;3854,314;3858,326;3862,312;3867,326;3871,304;3875,302;3880,302;3884,300;3888,314;3893,300;3897,320;3902,318;3906,318;3910,316;3915,318;3919,308;3923,294;3928,320;3932,292;3936,320;3941,304;3945,324;3949,310;3954,324;3958,322;3962,322;3967,314;3971,300;3976,326;3980,298;3984,326;3989,310;3993,332;3997,316;4002,330;4006,316;4010,328;4015,314;4019,306;4023,320;4028,304;4032,318;4036,304;4041,316;4045,310;4050,336;4054,322;4058,336;4063,320;4067,312;4071,312;4076,310;4080,324;4084,310;4089,322;4093,314;4097,328;4102,326;4106,326;4110,312;4115,304;4119,316;4124,302;4128,316;4132,300;4137,314;4141,320;4145,334;4150,318;4154,318;4158,318;4163,332;4167,308;4171,294;4176,308;4180,306;4185,306;4189,312;4193,326;4198,310;4202,324;4206,308;4211,322;4215,314;4219,300;4224,312;4228,298;4232,312;4237,296;4241,332;4245,316;4250,316;4254,314;4259,328;4263,306;4267,292;4272,304;4276,304;4280,302;4285,302;4289,322;4293,320;4298,320;4302,320;4306,320;4311,318;4315,296;4320,310;4324,294;4328,308;4333,294;4337,314;4341,312;4346,326;4350,312;4354,326;4359,324;4363,302;4367,316;4372,302;4376,314;4380,300;4385,314;4389,320;4394,332;4398,318;4402,332;4407,316;4411,294;4415,322;4420,308;4424,320;4428,306;4433,320;4437,312;4441,326;4446,310;4450,338;4454,310;4459,302;4463,316;4468,314;4472,314;4476,300;4481,314;4485,320;4489,320;4494,318;4498,332;4502,318;4507,332;4511,324;4515,308;4520,322;4524,306;4528,320;4533,306;4537,326;4542,312;4546,326;4550,324;4555,324;4559,316;4563,300;4568,314;4572,300;4576,314;4581,298;4585,332;4589,318;4594,330;4598,314;4602,330;4607,314;4611,306;4616,318;4620,304;4624,318;4629,302;4633,322;4637,308;4642,322;4646,320;4650,320;4655,304;4659,296;4663,308;4668,294;4672,308;4676,306;4681,314;4685,312;4690,326;4694,312;4698,326;4703,310;4707,302;4711,316;4716,300;4720,314;4724,300;4729,314;4733,320;4737,334;4742,318;4746,332;4751,316;4755,308;4759,322;4764,294;4768,320;4772,306;4777,334;4781,310;4785,324;4790,310;4794,324;4798,308;4803,300;4807,314;4812,300;4816,312;4820,298;4825,310;4829,316;4833,330;4838,314;4842,328;4846,312;4851,326;4855,318;4859,302;4864,316;4868,300;4872,314;4877,312;4881,320;4886,318;4890,330;4894,316;4899,330;4903,320;4907,306;4912,320;4916,318;4920,318;4925,304;4929,322;4933,320;4938,320;4942,320;4946,332;4951,316;4955,294;4960,308;4964,306;4968,320;4973,292;4977,326;4981,310;4986,324;4990,308;4994,322;4999,320;5003,298;5007,310;5012,296;5016,308;5020,294;5025,306;5029,312;5034,324;5038,310;5042,324;5047,308;5051,298;5055,312;5060,298;5064,310;5068,296;5073,310;5077,314;5081,314;5086,312;5090,326;5094,312;5099,302;5103,316;5108,302;5112,314;5116,300;5121,312;5125,318;5129,318;5134,316;5138,330;5142,316;5147,328;5151,320;5155,306;5160,318;5164,304;5168,318;5173,302;5177,336;5182,322;5186,334;5190,320;5195,334;5199,312;5203,296;5208,310;5212,294;5216,322;5221,308;5225,328;5229,314;5234,328;5238,312;5242,326;5247,310;5251,302;5256,314;5260,300;5264,312;5269,312;5273,318;5277,316;5282,330;5286,316;5290,328;5295,312;5299,304;5303,318;5308,302;5312,316;5317,302;5321,320;5325,320;5330,320;5334,318;5338,318;5343,316;5347,296;5351,320;5356,292;5360,320;5364,304;5369,318;5373,310;5377,324;5382,308;5386,322;5391,306;5395,312;5399,310;5404,294;5408,308;5412,306;5417,306;5421,312;5425,326;5430,310;5434,324;5438,308;5443,300;5447,312;5451,298;5456,312;5460,296;5465,310;5469,316;5473,316;5478,314;5482,314;5486,312;5491,312;5495,304;5499,302;5504,302;5508,302;5512,314;5517,300;5521,320;5526,318;5530,318;5534,316;5539,330;5543,308;5547,294;5552,320;5556,306;5560,320;5565,304;5569,324;5573,310;5578,324;5582,308;5586,336;5591,320;5595,298;5600,312;5604,296;5608,310;5613,294;5617,328;5621,312;5626,326;5630,310;5634,324;5639,310;5643,300;5647,314;5652,312;5656,312;5660,296;5665,310;5669,314;5674,328;5678,312;5682,326;5687,312;5691,304;5695,316;5700,302;5704,314;5708,300;5713,312;5717,318;5721,318;5726,316;5730,328;5734,314;5739,292;5743,318;5748,304;5752,318;5756,302;5761,316;5765,310;5769,322;5774,308;5778,322;5782,320;5787,320;5791,310;5795,310;5800,324;5804,308;5808,308;5813,312;5817,326;5822,310;5826,310;5830,296;5835,308;5839,314;5843,314;5848,312;5852,298;5856,312;5861,296;5865,316;5869,316;5874,316;5878,314;5883,314;5887,306;5891,304;5896,304;5900,302;5904,302;5909,302;5913,322;5917,320;5922,320;5926,320;5930,318;5935,316;5939,296;5943,320;5948,292;5952,320;5957,306;5961,326;5965,310;5970,324;5974,308;5978,322;5983,308;5987,298;5991,312;5996,296;6000,310;6004,296;6009,308;6013,314;6017,328;6022,312;6026,312;6031,296;6035,274;6039,272;6044,272;6048,284;6052,270;6057,270;6061,290;6065,288;6070,288;6074,286;6078,286;6083,278;6087,276;6091,276;6096,274;6100,274;6105,272;6109,292;6113,292;6118,290;6122,290;6126,276;6131,260;6135,294;6139,280;6144,292;6148,292;6152,290;6157,280;6161,296;6165,280;6170,280;6174,278;6179,278;6183,284;6187,268;6192,268;6196,266;6200,280;6205,278;6209,270;6213,284;6218,284;6222,282;6226,282;6231,286;6235,286;6240,286;6244,286;6248,284;6253,270;6257,260;6261,288;6266,288;6270,286;6274,286;6279,286;6283,276;6287,276;6292,260;6296,288;6300,272;6305,264;6309,292;6314,292;6318,290;6322,290;6327,288;6331,266;6335,280;6340,250;6344,292;6348,278;6353,278;6357,282;6361,268;6366,266;6370,264;6374,278;6379,270;6383,282;6388,268;6392,282;6396,280;6401,266;6405,286;6409,284;6414,284;6418,296;6422,282;6427,282;6431,288;6435,286;6440,286;6444,286;6448,284;6453,276;6457,276;6462,274;6466,260;6470,288;6475,288;6479,280;6483,264;6488,264;6492,278;6496,262;6501,282;6505,282;6509,280;6514,266;6518,280;6523,278;6527,284;6531,254;6536,282;6540,268;6544,282;6549,280;6553,272;6557,286;6562,272;6566,284;6570,284;6575,276;6579,290;6583,288;6588,276;6592,274;6597,274;\r\nBuffer sent in 0.973 secondsreturn;buffer;965\r\n'), 10:38:04
bytearray(b'received from UR: measure -> measure (0,1)\r\nSTEPPER: Moving to mstep: 6600 with speed [msteps/sec]: 1000 in StealthChop.\r\n'), 10:38:05
bytearray(b'STEPPER: Moving to mstep: 2400 with speed [msteps/sec]: 4000 in SpreadCycle.\r\n'), 10:38:09
bytearray(b'STEPPER: Moved 4200.00 msteps (ramp: 35%) in 1324.888 ms -> average speed [msteps/sec]: 3170.08\r\nreturn;measure;965\r\n'), 10:38:11
bytearray(b'received from UR: buffer -> buffer (0,1)\r\nSending buffer of size 965data;2400,306;2404,450;2408,162;2413,276;2417,318;2421,324;2426,338;2430,322;2434,338;2439,322;2443,314;2447,328;2452,328;2456,326;2460,312;2465,324;2469,318;2474,330;2478,330;2482,330;2487,314;2491,320;2495,332;2500,318;2504,332;2508,330;2513,330;2517,322;2521,334;2526,334;2530,332;2534,318;2539,330;2543,336;2548,322;2552,320;2556,320;2561,332;2565,326;2569,338;2574,322;2578,336;2582,322;2587,336;2591,328;2595,326;2600,340;2604,310;2609,324;2613,324;2617,344;2622,316;2626,328;2630,328;2635,328;2639,320;2643,320;2648,332;2652,316;2656,330;2661,330;2665,336;2669,320;2674,334;2678,332;2683,332;2687,324;2691,322;2696,336;2700,320;2704,320;2709,320;2713,340;2717,324;2722,338;2726,322;2730,336;2735,322;2739,314;2743,340;2748,312;2752,326;2757,310;2761,338;2765,330;2770,344;2774,314;2778,330;2783,328;2787,320;2791,332;2796,318;2800,332;2804,316;2809,330;2813,322;2817,336;2822,320;2826,334;2831,320;2835,310;2839,324;2844,310;2848,310;2852,322;2857,322;2861,314;2865,328;2870,312;2874,326;2878,326;2883,326;2887,318;2891,316;2896,316;2900,330;2905,328;2909,322;2913,322;2918,320;2922,320;2926,318;2931,332;2935,324;2939,310;2944,322;2948,322;2952,322;2957,306;2961,326;2965,326;2970,324;2974,310;2979,322;2983,314;2987,314;2992,326;2996,312;3000,310;3005,310;3009,330;3013,314;3018,314;3022,300;3026,314;3031,312;3035,318;3039,318;3044,304;3048,302;3053,302;3057,322;3061,306;3066,320;3070,306;3074,320;3079,318;3083,310;3087,312;3092,310;3096,310;3100,308;3105,308;3109,314;3114,314;3118,314;3122,314;3127,312;3131,304;3135,318;3140,302;3144,316;3148,302;3153,316;3157,320;3161,334;3166,320;3170,334;3174,318;3179,310;3183,324;3188,294;3192,322;3196,306;3201,320;3205,312;3209,326;3214,310;3218,324;3222,310;3227,324;3231,316;3235,314;3240,328;3244,312;3248,326;3253,326;3257,330;3262,316;3266,330;3270,314;3275,328;3279,318;3283,318;3288,318;3292,330;3296,330;3301,316;3305,322;3309,320;3314,322;3318,320;3322,320;3327,318;3331,310;3336,324;3340,308;3344,308;3349,308;3353,328;3357,312;3362,312;3366,312;3370,326;3375,310;3379,316;3383,314;3388,300;3392,312;3397,310;3401,312;3405,304;3410,316;3414,314;3418,328;3423,314;3427,306;3431,304;3436,304;3440,316;3444,302;3449,302;3453,306;3457,320;3462,306;3466,320;3471,318;3475,310;3479,310;3484,308;3488,308;3492,308;3497,306;3501,312;3505,326;3510,312;3514,310;3518,310;3523,324;3527,316;3531,300;3536,314;3540,312;3545,312;3549,318;3553,318;3558,316;3562,330;3566,328;3571,314;3575,318;3579,318;3584,318;3588,316;3592,328;3597,314;3601,334;3605,306;3610,332;3614,316;3619,330;3623,322;3627,306;3632,320;3636,304;3640,318;3645,316;3649,322;3653,320;3658,320;3662,320;3666,332;3671,316;3675,322;3680,322;3684,320;3688,320;3693,318;3697,324;3701,324;3706,336;3710,322;3714,336;3719,320;3723,312;3727,324;3732,310;3736,322;3740,306;3745,306;3749,312;3754,324;3758,310;3762,310;3767,308;3771,300;3775,312;3780,312;3784,324;3788,308;3793,322;3797,314;3801,300;3806,312;3810,312;3814,310;3819,302;3823,316;3828,314;3832,314;3836,312;3841,298;3845,304;3849,318;3854,302;3858,316;3862,300;3867,314;3871,306;3875,304;3880,316;3884,302;3888,302;3893,308;3897,320;3902,320;3906,306;3910,304;3915,318;3919,308;3923,308;3928,320;3932,306;3936,318;3941,304;3945,324;3949,322;3954,322;3958,306;3963,320;3967,318;3971,324;3976,322;3980,322;3984,334;3989,304;3993,324;3997,310;4002,322;4006,308;4010,334;4015,318;4019,310;4023,322;4028,322;4032,322;4037,306;4041,320;4045,310;4050,324;4054,308;4058,336;4063,320;4067,312;4071,326;4076,312;4080,324;4084,324;4089,322;4093,312;4097,328;4102,312;4106,326;4111,312;4115,316;4119,330;4124,314;4128,314;4132,312;4137,312;4141,318;4145,330;4150,316;4154,316;4158,314;4163,314;4167,306;4171,304;4176,304;4180,302;4185,302;4189,322;4193,320;4198,306;4202,320;4206,304;4211,318;4215,308;4219,308;4224,306;4228,306;4232,320;4237,304;4241,324;4246,308;4250,308;4254,308;4259,320;4263,312;4267,312;4272,310;4276,310;4280,310;4285,308;4289,300;4293,312;4298,312;4302,312;4306,324;4311,310;4315,302;4320,314;4324,300;4328,314;4333,298;4337,320;4341,318;4346,318;4350,316;4354,316;4359,316;4363,308;4367,322;4372,306;4376,320;4380,304;4385,318;4389,310;4394,324;4398,308;4402,322;4407,320;4411,312;4415,312;4420,312;4424,324;4428,310;4433,322;4437,314;4441,328;4446,314;4450,328;4454,312;4459,326;4463,318;4468,316;4472,316;4476,314;4481,314;4485,320;4489,320;4494,318;4498,318;4502,316;4507,316;4511,322;4515,320;4520,320;4524,306;4528,318;4533,310;4537,324;4542,310;4546,322;4550,322;4555,320;4559,312;4563,312;4568,312;4572,310;4576,310;4581,294;4585,328;4589,314;4594,328;4598,312;4602,326;4607,310;4611,316;4616,316;4620,302;4624,316;4629,314;4633,320;4637,306;4642,320;4646,304;4650,330;4655,304;4659,308;4663,308;4668,308;4672,306;4677,306;4681,314;4685,310;4690,310;4694,310;4698,324;4703,310;4707,314;4711,314;4716,300;4720,312;4724,312;4729,312;4733,318;4737,318;4742,316;4746,330;4751,316;4755,306;4759,320;4764,306;4768,318;4772,304;4777,318;4781,324;4785,324;4790,308;4794,322;4798,308;4803,322;4807,328;4812,312;4816,312;4820,310;4825,310;4829,316;4833,328;4838,314;4842,328;4846,312;4851,326;4855,304;4859,316;4864,314;4868,300;4872,314;4877,312;4881,332;4886,316;4890,316;4894,314;4899,328;4903,304;4907,318;4912,318;4916,302;4920,316;4925,314;4929,320;4933,320;4938,320;4942,318;4946,318;4951,316;4955,308;4960,320;4964,306;4968,320;4973,304;4977,324;4981,308;4986,322;4990,308;4994,320;4999,306;5003,310;5007,324;5012,308;5016,308;5020,308;5025,306;5029,312;5034,324;5038,310;5042,310;5047,308;5051,314;5055,298;5060,312;5064,310;5068,310;5073,310;5077,312;5081,314;5086,312;5090,312;5094,310;5099,302;5103,302;5108,302;5112,314;5116,314;5121,314;5125,304;5129,318;5134,316;5138,330;5142,314;5147,314;5151,320;5155,306;5160,320;5164,304;5168,316;5173,310;5177,322;5182,308;5186,322;5190,320;5195,334;5199,312;5203,296;5208,310;5212,308;5216,322;5221,308;5225,328;5229,312;5234,326;5238,312;5243,324;5247,316;5251,316;5256,314;5260,314;5264,312;5269,312;5273,332;5277,318;5282,316;5286,316;5290,330;5295,314;5299,320;5303,320;5308,306;5312,318;5317,318;5321,310;5325,308;5330,322;5334,306;5338,322;5343,320;5347,312;5351,326;5356,310;5360,310;5364,308;5369,308;5373,300;5377,314;5382,312;5386,312;5391,310;5395,318;5399,316;5404,314;5408,314;5412,300;5417,312;5421,304;5425,332;5430,316;5434,302;5438,300;5443,314;5447,306;5452,304;5456,318;5460,318;5465,304;5469,308;5473,308;5478,308;5482,308;5486,306;5491,306;5495,298;5499,312;5504,312;5508,310;5512,310;5517,304;5521,316;5526,316;5530,316;5534,316;5539,316;5543,320;5547,306;5552,306;5556,304;5560,318;5565,318;5569,324;5573,308;5578,322;5582,308;5586,322;5591,320;5595,312;5600,312;5604,312;5608,324;5613,310;5617,318;5621,316;5626,302;5630,302;5634,314;5639,314;5643,304;5647,318;5652,318;5656,316;5660,316;5665,316;5669,306;5674,320;5678,318;5682,318;5687,316;5691,310;5695,310;5700,322;5704,308;5708,306;5713,306;5717,312;5721,324;5726,324;5730,324;5734,322;5739,322;5743,314;5748,312;5752,326;5756,312;5761,312;5765,316;5769,316;5774,302;5778,316;5782,314;5787,314;5791,318;5795,304;5800,304;5804,302;5808,316;5813,308;5817,320;5822,306;5826,320;5830,304;5835,318;5839,310;5843,308;5848,306;5852,308;5856,306;5861,306;5865,326;5869,310;5874,310;5878,310;5883,310;5887,300;5891,314;5896,314;5900,300;5904,312;5909,312;5913,318;5917,316;5922,302;5926,302;5930,314;5935,314;5939,304;5943,318;5948,306;5952,318;5957,316;5961,310;5965,308;5970,322;5974,306;5978,320;5983,306;5987,298;5991,310;5996,310;6000,310;6004,308;6009,324;6013,300;6017,314;6022,298;6026,312;6031,296;6035,290;6039,274;6044,274;6048,272;6052,286;6057,270;6061,292;6065,292;6070,290;6074,290;6078,288;6083,282;6087,294;6091,294;6096,278;6100,292;6105,276;6109,282;6113,282;6118,280;6122,278;6126,278;6131,292;6135,282;6139,282;6144,282;6148,280;6152,280;6157,286;6161,298;6165,298;6170,284;6174,282;6179,282;6183,272;6187,272;6192,270;6196,284;6200,282;6205,282;6209,302;6213,286;6218,300;6222,286;6226,284;6231,262;6235,276;6239,274;6244,274;6248,258;6253,272;6257,248;6261,276;6266,290;6270,288;6274,288;6279,288;6283,280;6287,278;6292,278;6296,262;6300,276;6305,282;6309,280;6313,252;6318,278;6322,292;6327,278;6331,270;6335,296;6340,282;6344,268;6348,266;6353,280;6357,286;6361,286;6366,284;6370,254;6374,282;6379,288;6383,286;6388,286;6392,272;6396,284;6401,284;6405,288;6409,302;6414,288;6418,272;6422,272;6427,276;6431,262;6435,276;6440,260;6444,274;6448,260;6453,278;6457,278;6462,278;6466,276;6470,276;6475,260;6479,266;6483,264;6488,264;6492,278;6496,262;6501,282;6505,282;6509,280;6514,280;6518,278;6523,248;6527,282;6531,282;6536,282;6540,280;6544,278;6549,278;6553,284;6557,284;6562,298;6566,282;6570,280;6575,272;6579,272;6583,256;6588,270;6592,284;6597,282;\r\nBuffer sent in 0.973 secondsreturn;buffer;965\r\n'), 10:38:13
bytearray(b'received from UR: home -> home (0,1)\r\nSTEPPER: Moving to mstep: 0 with speed [msteps/sec]: 4000 in SpreadCycle.\r\n'), 10:38:14
bytearray(b'STEPPER: Moved 2400.00 msteps (ramp: 35%) in 813.424 ms -> average speed [msteps/sec]: 2950.49\r\nreturn;home;1\r\n'), 10:38:15
