bytearray(b'received from UR: s -> s (0,1)\r\n*** STATUS ***\r\nid        :         3 -\r\nstep      :      2400 steps\r\nspeed     :      1500 msteps/s\r\nmspeed    :      1000 msteps/s\r\nsg-thrs   :        80 -\r\ndefault   :     12000 \xc2\xb5m\r\ndispense  :     14640 \xc2\xb5m\r\nblowout   :     33000 \xc2\xb5m\r\nd-offset  :        20 \xc2\xb5m\r\nur0       :         1 -\r\nur1       :         1 -\r\nhomed     :         1 -\r\nreturn;s;2400\r\n'), 13:17:00
bytearray(b'received from UR: measure -> measure (0,1)\r\nSTEPPER: Moving to mstep: 6600 with speed [msteps/sec]: 1000 in StealthChop.\r\n'), 13:17:02
bytearray(b'STEPPER: Moving to mstep: 2400 with speed [msteps/sec]: 4000 in SpreadCycle.\r\n'), 13:17:07
bytearray(b'STEPPER: Moved 4200.00 msteps (ramp: 35%) in 1324.888 ms -> average speed [msteps/sec]: 3170.08\r\nreturn;measure;965\r\n'), 13:17:08
bytearray(b'received from UR: buffer -> buffer (0,1)\r\nSending buffer of size 965data;2400,296;2404,442;2408,154;2413,268;2417,312;2421,318;2426,346;2430,318;2434,330;2439,316;2443,322;2447,336;2452,322;2456,322;2460,306;2465,320;2469,326;2474,340;2478,326;2482,326;2487,324;2491,316;2495,316;2500,330;2504,330;2508,328;2513,328;2517,320;2521,334;2526,334;2530,334;2534,318;2539,332;2543,324;2548,324;2552,338;2556,324;2561,322;2565,316;2569,328;2574,314;2578,340;2582,326;2587,340;2591,318;2595,304;2600,318;2604,316;2608,330;2613,316;2617,336;2622,322;2626,334;2630,320;2635,332;2639,326;2643,324;2648,324;2652,310;2656,322;2661,324;2665,328;2669,314;2674,328;2678,328;2682,328;2687,326;2691,320;2696,320;2700,318;2704,318;2709,318;2713,324;2717,324;2722,324;2726,322;2730,322;2735,324;2739,314;2743,328;2748,314;2752,326;2756,326;2761,340;2765,318;2770,332;2774,316;2778,330;2783,328;2787,320;2791,334;2796,306;2800,334;2804,320;2809,332;2813,324;2817,338;2822,322;2826,336;2830,322;2835,336;2839,326;2844,312;2848,324;2852,324;2857,324;2861,316;2865,344;2870,328;2874,330;2878,328;2883,328;2887,320;2891,320;2896,318;2900,318;2905,332;2909,316;2913,338;2918,324;2922,336;2926,322;2931,336;2935,328;2939,328;2944,342;2948,326;2952,326;2957,312;2961,332;2965,332;2970,330;2974,316;2979,330;2983,322;2987,308;2992,334;2996,320;3000,334;3005,318;3009,338;3013,324;3018,324;3022,322;3026,336;3031,322;3035,314;3039,314;3044,312;3048,312;3053,310;3057,324;3061,330;3066,330;3070,316;3074,330;3079,314;3083,306;3087,320;3092,320;3096,332;3100,318;3105,332;3109,310;3113,324;3118,324;3122,322;3127,322;3131,300;3135,314;3140,314;3144,326;3148,314;3153,340;3157,320;3161,332;3166,318;3170,332;3174,318;3179,344;3183,338;3187,322;3192,324;3196,308;3201,322;3205,328;3209,342;3214,314;3218,342;3222,312;3227,326;3231,332;3235,318;3240,318;3244,304;3248,318;3253,318;3257,340;3261,324;3266,338;3270,324;3275,338;3279,322;3283,328;3288,328;3292,328;3296,328;3301,314;3305,334;3309,334;3314,332;3318,316;3322,332;3327,330;3331,322;3335,322;3340,308;3344,322;3349,308;3353,336;3357,328;3362,340;3366,326;3370,342;3375,326;3379,318;3383,318;3388,304;3392,318;3396,318;3401,332;3405,324;3409,338;3414,322;3418,336;3423,322;3427,314;3431,326;3436,326;3440,326;3444,312;3449,326;3453,316;3457,330;3462,328;3466,328;3470,328;3475,328;3479,320;3484,304;3488,318;3492,318;3497,318;3501,322;3505,336;3510,322;3514,322;3518,322;3523,336;3527,326;3531,314;3536,326;3540,312;3544,326;3549,310;3553,332;3558,332;3562,332;3566,316;3571,330;3575,320;3579,322;3584,336;3588,320;3592,334;3597,306;3601,340;3605,326;3610,340;3614,326;3619,338;3623,318;3627,316;3632,330;3636,316;3640,328;3645,314;3649,336;3653,320;3658,334;3662,320;3666,334;3671,320;3675,312;3679,326;3684,326;3688,324;3693,324;3697,324;3701,318;3706,332;3710,330;3714,332;3719,330;3723,322;3727,336;3732,322;3736,322;3740,308;3745,322;3749,328;3753,328;3758,314;3762,328;3767,314;3771,328;3775,334;3780,320;3784,320;3788,304;3793,318;3797,324;3801,340;3806,326;3810,340;3814,324;3819,338;3823,318;3827,330;3832,330;3836,330;3841,316;3845,322;3849,336;3854,322;3858,336;3862,322;3867,336;3871,328;3875,314;3880,314;3884,328;3888,328;3893,326;3897,334;3901,318;3906,332;3910,332;3915,332;3919,316;3923,310;3928,322;3932,322;3936,336;3941,322;3945,328;3949,326;3954,326;3958,326;3962,340;3967,312;3971,316;3975,330;3980,330;3984,344;3989,316;3993,328;3997,320;4002,334;4006,320;4010,348;4015,320;4019,326;4023,326;4028,310;4032,324;4036,310;4041,324;4045,330;4049,344;4054,330;4058,344;4063,314;4067,320;4071,334;4076,320;4080,334;4084,320;4089,332;4093,324;4097,338;4102,324;4106,338;4110,324;4115,336;4119,316;4124,316;4128,330;4132,326;4137,330;4141,320;4145,334;4150,320;4154,334;4158,318;4163,334;4167,326;4171,310;4176,326;4180,310;4184,324;4189,324;4193,330;4198,316;4202,330;4206,314;4211,328;4215,334;4219,320;4224,320;4228,318;4232,318;4237,332;4241,338;4245,324;4250,336;4254,322;4258,336;4263,320;4267,326;4272,328;4276,326;4280,326;4285,312;4289,332;4293,332;4298,332;4302,330;4306,330;4311,316;4315,322;4319,336;4324,322;4328,322;4332,306;4337,322;4341,326;4346,340;4350,326;4354,340;4359,326;4363,316;4367,332;4372,330;4376,330;4380,316;4385,330;4389,322;4393,336;4398,322;4402,334;4406,320;4411,312;4415,326;4420,326;4424,326;4428,324;4433,324;4437,316;4441,330;4446,328;4450,330;4454,314;4459,342;4463,320;4467,320;4472,332;4476,318;4480,318;4485,318;4489,324;4494,324;4498,324;4502,322;4507,322;4511,328;4515,328;4520,342;4524,326;4528,326;4533,312;4537,332;4541,332;4546,332;4550,316;4555,330;4559,330;4563,322;4568,336;4572,322;4576,322;4581,306;4585,326;4589,312;4594,312;4598,298;4602,312;4607,296;4611,304;4615,304;4620,302;4624,302;4629,288;4633,308;4637,308;4642,308;4646,294;4650,306;4655,306;4659,298;4663,298;4668,284;4672,296;4676,296;4681,296;4685,302;4689,302;4694,302;4698,302;4703,302;4707,294;4711,292;4716,278;4720,292;4724,306;4729,306;4733,298;4737,312;4742,296;4746,310;4750,296;4755,288;4759,302;4764,300;4768,300;4772,286;4777,300;4781,306;4785,320;4790,304;4794,318;4798,304;4803,282;4807,296;4811,296;4816,296;4820,282;4824,296;4829,302;4833,316;4838,302;4842,316;4846,302;4851,314;4855,292;4859,292;4864,292;4868,292;4872,290;4877,292;4881,310;4885,310;4890,310;4894,310;4898,308;4903,300;4907,300;4912,298;4916,284;4920,298;4925,296;4929,304;4933,302;4938,316;4942,316;4946,316;4951,314;4955,292;4959,304;4964,290;4968,290;4972,288;4977,310;4981,308;4986,310;4990,308;4994,308;4999,306;5003,286;5007,298;5012,284;5016,296;5020,296;5025,296;5029,302;5033,316;5038,302;5042,300;5047,300;5051,292;5055,292;5060,292;5064,290;5068,290;5073,290;5077,296;5081,310;5086,294;5090,280;5094,294;5099,286;5103,286;5107,300;5112,298;5116,282;5121,298;5125,304;5129,304;5134,304;5138,302;5142,302;5147,302;5151,294;5155,294;5160,308;5164,292;5168,292;5173,300;5177,312;5182,298;5186,312;5190,298;5195,312;5199,302;5203,288;5208,302;5212,286;5216,288;5221,286;5225,308;5229,304;5234,320;5238,304;5242,304;5247,296;5251,296;5256,294;5260,294;5264,294;5269,294;5273,300;5277,300;5282,312;5286,312;5290,298;5295,298;5299,290;5303,288;5308,288;5312,288;5316,288;5321,308;5325,306;5330,304;5334,306;5338,292;5343,290;5347,296;5351,296;5356,296;5360,310;5364,296;5369,308;5373,300;5377,300;5382,300;5386,300;5390,300;5395,292;5399,292;5404,278;5408,292;5412,290;5417,290;5421,296;5425,310;5430,310;5434,310;5438,296;5443,310;5447,288;5451,286;5456,286;5460,286;5464,286;5469,306;5473,306;5478,304;5482,304;5486,304;5491,304;5495,296;5499,282;5504,294;5508,294;5512,294;5517,280;5521,314;5525,300;5530,300;5534,300;5539,312;5543,304;5547,290;5552,304;5556,290;5560,302;5565,288;5569,310;5573,308;5578,308;5582,308;5586,322;5591,300;5595,286;5599,300;5604,286;5608,298;5613,284;5617,320;5621,304;5626,304;5630,304;5634,318;5639,304;5643,282;5647,296;5652,296;5656,296;5660,282;5665,294;5669,302;5674,302;5678,302;5682,314;5687,300;5691,292;5695,292;5700,292;5704,292;5708,290;5713,290;5717,312;5721,298;5726,298;5730,312;5734,310;5739,288;5743,288;5748,288;5752,302;5756,288;5761,288;5765,308;5769,308;5774,296;5778,308;5782,308;5787,308;5791,286;5795,300;5800,300;5804,284;5808,298;5813,304;5817,318;5822,304;5826,304;5830,290;5835,304;5839,296;5843,296;5848,294;5852,280;5856,294;5861,294;5865,300;5869,300;5874,300;5878,300;5882,300;5887,292;5891,292;5896,290;5900,276;5904,290;5909,290;5913,298;5917,296;5922,310;5926,310;5930,310;5935,288;5939,288;5943,300;5948,286;5952,300;5957,286;5961,306;5965,306;5970,320;5974,306;5978,306;5983,304;5987,296;5991,296;5996,282;6000,296;6004,294;6009,294;6013,302;6017,316;6022,300;6026,300;6031,300;6035,290;6039,292;6044,290;6048,290;6052,290;6057,290;6061,296;6065,310;6070,310;6074,296;6078,308;6083,288;6087,288;6091,286;6096,286;6100,298;6105,300;6109,306;6113,306;6118,304;6122,304;6126,304;6131,304;6135,296;6139,282;6144,296;6148,282;6152,296;6157,302;6161,316;6166,300;6170,300;6174,300;6179,314;6183,292;6187,278;6192,290;6196,290;6200,290;6205,276;6209,310;6213,296;6218,296;6222,296;6226,296;6231,272;6235,258;6240,258;6244,258;6248,256;6253,240;6257,290;6261,274;6266,260;6270,258;6274,244;6279,264;6283,250;6287,262;6292,234;6296,276;6300,274;6305,252;6309,252;6314,252;6318,278;6322,278;6327,278;6331,240;6335,284;6340,268;6344,268;6348,268;6353,232;6357,274;6361,288;6366,274;6370,274;6374,258;6379,250;6383,252;6388,264;6392,250;6396,236;6401,278;6405,270;6409,270;6414,270;6418,242;6422,254;6427,276;6431,262;6435,260;6440,260;6444,260;6448,244;6453,266;6457,278;6462,266;6466,264;6470,264;6475,256;6479,254;6483,226;6488,268;6492,270;6496,268;6501,246;6505,244;6509,274;6514,260;6518,258;6523,214;6527,264;6531,264;6536,264;6540,250;6544,262;6549,254;6553,240;6557,268;6562,282;6566,266;6570,252;6575,258;6579,272;6583,272;6588,272;6592,272;6597,270;\r\nBuffer sent in 0.973 secondsreturn;buffer;965\r\nreceived from UR: measure -> measure (0,1)\r\nSTEPPER: Moving to mstep: 6600 with speed [msteps/sec]: 1000 in StealthChop.\r\n'), 13:17:11
bytearray(b'STEPPER: Moving to mstep: 2400 with speed [msteps/sec]: 4000 in SpreadCycle.\r\n'), 13:17:16
bytearray(b'STEPPER: Moved 4200.00 msteps (ramp: 35%) in 1324.880 ms -> average speed [msteps/sec]: 3170.10\r\nreturn;measure;965\r\n'), 13:17:17
bytearray(b'received from UR: buffer -> buffer (0,1)\r\nSending buffer of size 965data;2400,304;2404,452;2408,164;2413,266;2417,322;2421,328;2426,328;2430,328;2434,342;2439,314;2443,336;2447,322;2452,322;2456,320;2460,320;2465,334;2469,326;2474,328;2478,326;2482,326;2487,326;2491,318;2495,318;2500,332;2504,332;2508,318;2513,330;2517,324;2521,324;2526,322;2530,336;2534,322;2539,336;2543,328;2548,314;2552,328;2556,314;2561,328;2565,320;2569,334;2574,332;2578,332;2582,318;2587,332;2591,324;2595,324;2600,324;2604,308;2608,322;2613,308;2617,342;2622,328;2626,328;2630,328;2635,342;2639,320;2643,318;2648,332;2652,318;2656,318;2661,316;2665,338;2669,322;2674,324;2678,324;2682,336;2687,322;2691,314;2696,328;2700,326;2704,314;2709,314;2713,334;2717,320;2722,332;2726,318;2730,332;2735,318;2739,324;2743,338;2748,310;2752,324;2756,310;2761,338;2765,316;2770,330;2774,316;2778,330;2783,314;2787,320;2791,334;2796,320;2800,334;2804,318;2809,318;2813,324;2817,340;2822,324;2826,338;2830,324;2835,338;2839,316;2844,314;2848,314;2852,314;2857,328;2861,320;2865,334;2870,320;2874,334;2878,318;2883,332;2887,324;2891,324;2896,324;2900,324;2904,322;2909,316;2913,342;2918,328;2922,328;2926,326;2931,328;2935,332;2939,332;2944,332;2948,318;2952,330;2957,330;2961,336;2965,322;2970,336;2974,320;2979,336;2983,320;2987,314;2992,328;2996,312;3000,340;3005,326;3009,332;3013,318;3018,332;3022,318;3026,332;3031,316;3035,324;3039,324;3044,322;3048,322;3053,324;3057,330;3061,316;3066,330;3070,328;3074,328;3079,328;3083,334;3087,334;3092,320;3096,320;3100,320;3105,334;3109,326;3114,326;3118,326;3122,326;3127,324;3131,330;3135,332;3140,316;3144,330;3148,316;3153,330;3157,322;3161,334;3166,320;3170,334;3174,320;3179,334;3183,326;3188,324;3192,324;3196,308;3201,322;3205,316;3209,342;3214,314;3218,328;3222,328;3227,342;3231,334;3235,320;3240,320;3244,304;3248,318;3253,318;3257,338;3262,324;3266,338;3270,322;3275,336;3279,316;3283,328;3288,328;3292,328;3296,328;3301,328;3305,332;3309,318;3314,332;3318,332;3322,332;3327,330;3331,310;3336,324;3340,308;3344,322;3349,320;3353,328;3357,326;3362,326;3366,326;3370,340;3375,326;3379,318;3383,332;3388,318;3392,330;3396,316;3401,330;3405,322;3410,336;3414,322;3418,336;3423,322;3427,314;3431,328;3436,326;3440,326;3444,312;3449,326;3453,318;3457,332;3462,332;3466,332;3470,332;3475,332;3479,324;3484,324;3488,322;3492,322;3497,322;3501,316;3505,328;3510,328;3514,328;3518,328;3523,328;3527,334;3531,318;3536,318;3540,318;3544,332;3549,320;3553,324;3558,324;3562,338;3566,322;3571,336;3575,328;3579,314;3584,328;3588,312;3592,326;3597,314;3601,348;3605,332;3610,346;3614,332;3619,344;3623,316;3627,322;3632,322;3636,322;3640,322;3645,320;3649,340;3653,312;3658,340;3662,326;3666,326;3671,324;3675,330;3679,330;3684,316;3688,330;3693,328;3697,328;3701,320;3706,334;3710,318;3714,332;3719,318;3723,324;3727,324;3732,310;3736,338;3740,322;3745,336;3749,328;3753,328;3758,326;3762,340;3767,326;3771,318;3775,332;3780,318;3784,330;3788,316;3793,316;3797,322;3801,334;3806,320;3810,334;3814,320;3819,334;3823,326;3827,324;3832,324;3836,324;3841,324;3845,316;3849,330;3854,316;3858,330;3862,328;3867,342;3871,334;3875,320;3880,332;3884,332;3888,332;3893,316;3897,336;3901,322;3906,322;3910,334;3915,334;3919,326;3923,310;3928,324;3932,308;3936,336;3941,322;3945,328;3949,326;3954,326;3958,326;3962,326;3967,324;3971,316;3975,330;3980,314;3984,328;3989,312;3993,326;3997,332;4002,346;4006,330;4010,344;4015,330;4019,306;4023,334;4028,322;4032,334;4036,320;4041,320;4045,326;4049,340;4054,324;4058,338;4063,324;4067,316;4071,314;4076,314;4080,328;4084,328;4089,326;4093,318;4097,332;4102,332;4106,332;4110,318;4115,332;4119,324;4123,310;4128,322;4132,308;4137,336;4141,322;4145,328;4150,328;4154,328;4158,328;4163,342;4167,334;4171,318;4176,320;4180,318;4184,332;4189,332;4193,324;4198,324;4202,338;4206,324;4211,338;4215,328;4219,316;4224,328;4228,314;4232,314;4237,328;4241,334;4245,334;4250,332;4254,318;4258,332;4263,316;4267,324;4272,322;4276,322;4280,322;4285,320;4289,326;4293,326;4298,340;4302,324;4306,338;4311,324;4315,302;4319,316;4324,314;4328,328;4332,314;4337,326;4341,318;4346,332;4350,330;4354,330;4359,328;4363,322;4367,320;4372,320;4376,334;4380,320;4385,332;4389,324;4393,338;4398,324;4402,338;4406,322;4411,336;4415,328;4420,314;4424,328;4428,312;4433,328;4437,318;4441,332;4446,318;4450,332;4454,316;4459,330;4463,322;4467,322;4472,322;4476,320;4480,320;4485,306;4489,326;4494,326;4498,340;4502,324;4507,324;4511,330;4515,330;4520,330;4524,316;4528,328;4533,328;4537,334;4541,320;4546,334;4550,332;4554,332;4559,316;4563,324;4568,324;4572,322;4576,322;4581,322;4585,328;4589,314;4594,328;4598,312;4602,312;4607,296;4611,304;4615,302;4620,288;4624,288;4629,302;4633,308;4637,294;4642,308;4646,292;4650,306;4655,306;4659,298;4663,296;4668,296;4672,282;4676,282;4681,310;4685,288;4689,288;4694,300;4698,300;4703,300;4707,292;4711,290;4716,290;4720,304;4724,290;4729,302;4733,308;4737,308;4742,308;4746,308;4750,306;4755,298;4759,312;4764,296;4768,296;4772,296;4777,296;4781,302;4785,316;4790,300;4794,314;4798,300;4803,314;4807,306;4811,304;4816,290;4820,302;4824,302;4829,294;4833,308;4838,294;4842,306;4846,306;4851,320;4855,298;4859,296;4864,296;4868,296;4872,296;4877,310;4881,302;4885,300;4890,302;4894,298;4898,298;4903,304;4907,302;4912,288;4916,288;4920,316;4925,302;4929,294;4933,306;4938,306;4942,306;4946,306;4951,304;4955,298;4959,296;4964,296;4968,296;4973,282;4977,316;4981,302;4986,316;4990,300;4994,314;4999,300;5003,306;5007,306;5012,292;5016,304;5020,304;5025,304;5029,296;5033,310;5038,294;5042,310;5047,308;5051,300;5055,300;5060,298;5064,286;5068,284;5073,286;5077,306;5081,304;5086,290;5090,304;5094,304;5099,290;5103,282;5107,282;5112,308;5116,294;5121,294;5125,300;5129,300;5134,300;5138,312;5142,298;5147,312;5151,304;5155,290;5160,302;5164,302;5168,302;5173,294;5177,308;5181,308;5186,308;5190,308;5195,308;5199,286;5203,284;5208,298;5212,298;5216,298;5221,298;5225,304;5229,302;5234,302;5238,288;5242,302;5247,294;5251,308;5256,294;5260,294;5264,292;5269,292;5273,298;5277,298;5282,298;5286,298;5290,298;5295,298;5299,304;5303,290;5308,302;5312,302;5316,302;5321,308;5325,308;5330,308;5334,292;5338,292;5343,306;5347,284;5351,312;5356,298;5360,298;5364,298;5369,296;5373,304;5377,304;5382,288;5386,302;5390,302;5395,282;5399,294;5404,294;5408,294;5412,294;5417,294;5421,300;5425,300;5430,298;5434,312;5438,298;5443,298;5447,290;5451,290;5456,302;5460,302;5464,288;5469,294;5473,294;5478,294;5482,308;5486,308;5491,292;5495,284;5499,284;5504,298;5508,284;5512,296;5517,284;5521,304;5525,304;5530,304;5534,302;5539,302;5543,308;5547,280;5552,294;5556,294;5560,294;5565,292;5569,300;5573,300;5578,314;5582,298;5586,312;5591,298;5595,290;5599,304;5604,288;5608,302;5613,288;5617,308;5621,308;5626,308;5630,294;5634,308;5639,292;5643,298;5647,284;5652,284;5656,296;5660,298;5665,296;5669,302;5673,302;5678,300;5682,302;5687,300;5691,280;5695,292;5700,292;5704,292;5708,292;5713,290;5717,310;5721,310;5726,310;5730,310;5734,294;5739,288;5743,316;5747,300;5752,286;5756,286;5761,312;5765,292;5769,304;5774,304;5778,304;5782,288;5787,302;5791,294;5795,294;5800,308;5804,292;5808,292;5813,298;5817,298;5822,298;5826,312;5830,296;5835,310;5839,288;5843,288;5848,288;5852,300;5856,286;5861,284;5865,306;5869,304;5874,304;5878,290;5882,302;5887,308;5891,294;5896,294;5900,292;5904,292;5909,290;5913,312;5917,298;5922,296;5926,294;5930,308;5935,294;5939,286;5943,286;5948,284;5952,312;5957,298;5961,304;5965,302;5970,302;5974,302;5978,314;5983,300;5987,292;5991,306;5996,292;6000,290;6004,290;6009,304;6013,280;6017,294;6022,294;6026,306;6031,306;6035,298;6039,298;6044,294;6048,296;6052,296;6057,296;6061,302;6065,302;6070,300;6074,300;6078,300;6083,292;6087,290;6091,292;6096,290;6100,290;6105,288;6109,310;6113,296;6118,294;6122,294;6126,294;6131,306;6135,298;6139,298;6144,298;6148,284;6152,296;6157,296;6161,302;6165,288;6170,302;6174,288;6179,302;6183,308;6187,292;6192,292;6196,292;6200,306;6205,290;6209,310;6213,296;6218,296;6222,294;6226,294;6231,286;6235,272;6240,272;6244,270;6248,270;6253,270;6257,276;6261,276;6266,276;6270,274;6274,246;6279,266;6283,266;6287,266;6292,252;6296,264;6300,278;6305,272;6309,284;6314,284;6318,284;6322,270;6327,268;6331,246;6335,274;6340,260;6344,272;6348,244;6353,278;6357,278;6361,278;6366,264;6370,262;6374,276;6379,268;6383,268;6388,268;6392,268;6396,280;6401,280;6405,272;6409,272;6414,256;6418,228;6422,270;6427,276;6431,276;6435,276;6440,260;6444,274;6448,274;6453,266;6457,238;6462,266;6466,266;6470,266;6475,266;6479,272;6483,272;6488,270;6492,256;6496,256;6501,276;6505,248;6509,276;6514,262;6518,274;6522,260;6527,266;6531,252;6536,252;6540,238;6544,252;6549,250;6553,244;6557,272;6562,270;6566,270;6570,270;6575,262;6579,276;6583,262;6588,260;6592,260;6597,260;\r\nBuffer sent in 0.973 secondsreturn;buffer;965\r\nreceived from UR: measure -> measure (0,1)\r\nSTEPPER: Moving to mstep: 6600 with speed [msteps/sec]: 1000 in StealthChop.\r\n'), 13:17:20
bytearray(b'STEPPER: Moving to mstep: 2400 with speed [msteps/sec]: 4000 in SpreadCycle.\r\n'), 13:17:25
bytearray(b'STEPPER: Moved 4200.00 msteps (ramp: 35%) in 1324.888 ms -> average speed [msteps/sec]: 3170.08\r\nreturn;measure;965\r\n'), 13:17:26
bytearray(b'received from UR: buffer -> buffer (0,1)\r\nSending buffer of size 965data;2400,300;2404,448;2408,160;2413,274;2417,316;2421,324;2426,338;2430,324;2434,338;2439,324;2443,330;2447,330;2452,316;2456,330;2460,330;2465,328;2469,320;2474,334;2478,320;2482,334;2487,334;2491,326;2495,326;2500,312;2504,324;2508,310;2513,324;2517,330;2521,344;2526,330;2530,328;2534,328;2539,328;2543,334;2548,320;2552,334;2556,306;2561,320;2565,324;2569,338;2574,324;2578,338;2582,324;2587,338;2591,330;2595,316;2600,330;2604,314;2608,328;2613,312;2617,334;2622,318;2626,332;2630,318;2635,332;2639,322;2643,324;2648,336;2652,322;2656,336;2661,320;2665,326;2669,326;2674,326;2678,324;2682,324;2687,324;2691,332;2696,330;2700,330;2704,330;2709,316;2713,336;2717,334;2722,334;2726,318;2730,334;2735,320;2739,324;2743,338;2748,324;2752,324;2756,310;2761,324;2765,328;2770,330;2774,314;2778,330;2783,314;2787,320;2791,334;2796,318;2800,332;2804,304;2809,318;2813,324;2817,338;2822,324;2826,352;2830,322;2835,336;2839,328;2844,328;2848,326;2852,326;2857,326;2861,318;2865,332;2870,330;2874,330;2878,316;2883,330;2887,322;2891,334;2896,334;2900,334;2904,332;2909,318;2913,324;2918,324;2922,338;2926,322;2931,336;2935,328;2939,328;2944,342;2948,326;2952,326;2957,312;2961,332;2965,332;2970,332;2974,318;2979,330;2983,316;2987,322;2992,336;2996,320;3000,334;3005,306;3009,328;3013,326;3018,340;3022,326;3026,326;3031,324;3035,332;3039,330;3044,330;3048,330;3053,316;3057,314;3061,320;3066,336;3070,320;3074,334;3079,320;3083,326;3087,326;3092,324;3096,324;3100,310;3105,324;3109,330;3113,330;3118,328;3122,328;3127,328;3131,320;3135,334;3140,306;3144,320;3148,320;3153,332;3157,324;3161,326;3166,324;3170,326;3174,324;3179,336;3183,328;3187,314;3192,328;3196,312;3201,326;3205,326;3209,346;3214,318;3218,332;3222,316;3227,330;3231,336;3235,322;3240,336;3244,320;3248,320;3253,334;3257,340;3261,326;3266,340;3270,326;3275,326;3279,324;3283,330;3288,330;3292,330;3296,330;3301,314;3305,336;3309,322;3314,334;3318,320;3322,334;3327,320;3331,326;3335,340;3340,324;3344,324;3349,310;3353,324;3357,330;3362,330;3366,314;3370,342;3375,328;3379,320;3383,334;3388,304;3392,318;3396,318;3401,332;3405,324;3409,338;3414,322;3418,336;3423,322;3427,328;3431,328;3436,326;3440,326;3444,312;3449,324;3453,318;3457,332;3462,316;3466,330;3470,316;3475,328;3479,336;3484,320;3488,334;3492,320;3497,320;3501,326;3505,326;3510,326;3514,326;3518,324;3523,338;3527,330;3531,328;3536,342;3540,314;3544,326;3549,312;3553,332;3558,332;3562,332;3566,318;3571,330;3575,322;3579,322;3584,336;3588,320;3592,334;3597,306;3601,340;3605,324;3610,338;3614,324;3618,338;3623,316;3627,314;3632,328;3636,328;3640,328;3645,326;3649,332;3653,318;3658,332;3662,318;3666,332;3671,316;3675,324;3679,322;3684,324;3688,336;3693,322;3697,336;3701,314;3706,328;3710,328;3714,328;3719,326;3723,318;3727,332;3732,332;3736,330;3740,316;3745,330;3749,322;3753,336;3758,334;3762,334;3767,318;3771,312;3775,324;3780,324;3784,338;3788,324;3793,336;3797,316;3801,328;3806,314;3810,328;3814,326;3819,340;3823,332;3827,316;3832,316;3836,316;3841,328;3845,320;3849,334;3854,320;3858,334;3862,318;3867,332;3871,324;3875,324;3880,336;3884,322;3888,322;3893,308;3897,328;3901,326;3906,326;3910,324;3915,338;3919,324;3923,316;3928,330;3932,316;3936,328;3941,314;3945,334;3949,334;3954,334;3958,318;3962,332;3967,318;3971,324;3975,338;3980,322;3984,322;3989,308;3993,322;3997,326;4002,340;4006,326;4010,340;4015,324;4019,304;4023,318;4028,316;4032,330;4036,316;4041,330;4045,322;4049,336;4054,320;4058,334;4063,320;4067,326;4071,326;4076,312;4080,326;4084,326;4089,326;4093,316;4097,330;4102,316;4106,330;4110,328;4115,330;4119,336;4124,306;4128,320;4132,320;4137,334;4141,326;4145,340;4150,326;4154,326;4158,324;4163,326;4167,316;4171,330;4176,330;4180,316;4184,330;4189,302;4193,334;4198,334;4202,336;4206,334;4211,348;4215,324;4219,310;4224,324;4228,322;4232,322;4237,308;4241,330;4245,326;4250,328;4254,312;4258,328;4263,312;4267,332;4272,332;4276,318;4280,318;4285,316;4289,336;4293,322;4298,336;4302,320;4306,334;4311,320;4315,326;4319,340;4324,322;4328,324;4332,310;4337,322;4341,330;4346,330;4350,314;4354,342;4359,328;4363,320;4367,334;4372,318;4376,332;4380,304;4385,318;4389,324;4393,338;4398,324;4402,352;4406,322;4411,336;4415,328;4420,328;4424,328;4428,328;4433,328;4437,320;4441,334;4446,318;4450,332;4454,318;4459,332;4463,324;4467,324;4472,336;4476,322;4480,320;4485,322;4489,328;4494,328;4498,328;4502,314;4507,326;4511,318;4515,332;4520,332;4524,318;4528,330;4533,314;4537,332;4541,334;4546,334;4550,320;4554,334;4559,318;4563,326;4568,338;4572,324;4576,324;4581,310;4585,330;4589,316;4594,314;4598,300;4602,314;4607,298;4611,304;4615,304;4620,290;4624,304;4628,304;4633,310;4637,296;4642,280;4646,294;4650,308;4655,294;4659,300;4663,314;4668,300;4672,300;4676,300;4681,298;4685,292;4689,290;4694,304;4698,304;4703,304;4707,282;4711,310;4716,294;4720,294;4724,280;4729,294;4733,314;4737,302;4742,300;4746,314;4750,314;4755,292;4759,306;4763,290;4768,304;4772,290;4777,304;4781,310;4785,310;4790,310;4794,324;4798,308;4803,322;4807,300;4811,300;4816,298;4820,284;4824,298;4829,304;4833,318;4838,302;4842,318;4846,302;4851,316;4855,294;4859,294;4864,294;4868,292;4872,292;4877,292;4881,312;4885,312;4890,312;4894,312;4898,310;4903,302;4907,302;4912,302;4916,302;4920,302;4925,302;4929,308;4933,306;4938,306;4942,306;4946,320;4951,306;4955,282;4959,296;4964,296;4968,296;4972,282;4977,294;4981,302;4986,316;4990,300;4994,314;4999,300;5003,280;5007,292;5012,292;5016,292;5020,290;5025,290;5029,310;5033,310;5038,296;5042,310;5046,308;5051,288;5055,288;5060,286;5064,288;5068,286;5073,286;5077,306;5081,292;5086,306;5090,306;5094,302;5099,304;5103,296;5107,296;5112,296;5116,282;5120,296;5125,302;5129,302;5134,302;5138,314;5142,302;5147,302;5151,292;5155,306;5160,306;5164,292;5168,304;5173,290;5177,310;5181,296;5186,310;5190,294;5194,280;5199,302;5203,300;5208,314;5212,300;5216,314;5221,300;5225,306;5229,304;5234,318;5238,304;5242,304;5247,302;5251,296;5255,296;5260,282;5264,294;5269,294;5273,302;5277,300;5282,314;5286,314;5290,300;5295,300;5299,292;5303,292;5308,290;5312,292;5316,292;5321,292;5325,312;5329,312;5334,312;5338,310;5343,310;5347,288;5351,302;5356,288;5360,302;5364,288;5369,300;5373,308;5377,322;5382,306;5386,306;5390,306;5395,286;5399,298;5404,284;5408,298;5412,298;5417,296;5421,304;5425,318;5430,304;5434,304;5438,302;5443,316;5447,294;5451,280;5456,294;5460,294;5464,292;5469,300;5473,314;5478,300;5482,298;5486,298;5491,312;5495,290;5499,276;5504,290;5508,290;5512,290;5517,276;5521,312;5525,310;5530,310;5534,310;5538,310;5543,302;5547,274;5552,302;5556,286;5560,300;5565,286;5569,308;5573,292;5578,306;5582,292;5586,306;5591,304;5595,284;5599,310;5604,296;5608,310;5612,294;5617,302;5621,302;5626,316;5630,300;5634,300;5639,300;5643,292;5647,292;5652,292;5656,290;5660,290;5665,290;5669,298;5673,296;5678,310;5682,310;5686,308;5691,286;5695,286;5700,300;5704,300;5708,284;5713,298;5717,304;5721,304;5726,304;5730,304;5734,304;5739,282;5743,294;5747,294;5752,294;5756,280;5761,294;5765,300;5769,300;5774,300;5778,314;5782,298;5787,312;5791,292;5795,290;5800,290;5804,290;5808,290;5813,290;5817,310;5821,296;5826,310;5830,308;5835,308;5839,286;5843,286;5848,286;5852,284;5856,284;5861,284;5865,304;5869,304;5874,302;5878,302;5882,272;5887,294;5891,292;5895,292;5900,292;5904,304;5909,290;5913,296;5917,296;5922,308;5926,308;5930,308;5935,308;5939,286;5943,298;5948,284;5952,298;5956,284;5961,304;5965,304;5970,318;5974,302;5978,304;5983,302;5987,294;5991,294;5996,278;6000,292;6004,292;6009,292;6013,298;6017,312;6022,298;6026,310;6030,296;6035,288;6039,288;6044,288;6048,286;6052,286;6057,286;6061,292;6065,306;6070,290;6074,304;6078,302;6083,290;6087,296;6091,282;6096,294;6100,294;6104,294;6109,300;6113,314;6118,300;6122,298;6126,298;6131,312;6135,288;6139,276;6144,288;6148,288;6152,288;6157,286;6161,308;6165,308;6170,308;6174,306;6178,306;6183,298;6187,284;6192,298;6196,284;6200,296;6205,282;6209,316;6213,302;6218,302;6222,300;6226,300;6231,278;6235,250;6239,276;6244,276;6248,276;6252,276;6257,254;6261,268;6266,280;6270,266;6274,222;6279,280;6283,258;6287,270;6292,256;6296,270;6300,240;6305,276;6309,274;6313,260;6318,258;6322,258;6327,272;6331,264;6335,278;6340,264;6344,278;6348,264;6353,226;6357,270;6361,284;6366,282;6370,268;6374,268;6379,274;6383,258;6387,272;6392,272;6396,258;6401,272;6405,264;6409,250;6414,264;6418,278;6422,264;6427,270;6431,270;6435,270;6440,268;6444,268;6448,268;6453,274;6457,246;6461,274;6466,260;6470,258;6475,244;6479,264;6483,278;6488,264;6492,264;6496,264;6501,270;6505,242;6509,270;6514,270;6518,254;6522,212;6527,276;6531,262;6535,274;6540,260;6544,260;6549,230;6553,280;6557,266;6562,252;6566,250;6570,236;6575,272;6579,272;6583,272;6588,258;6592,270;6596,242;\r\nBuffer sent in 0.973 secondsreturn;buffer;965\r\nreceived from UR: measure -> measure (0,1)\r\nSTEPPER: Moving to mstep: 6600 with speed [msteps/sec]: 1000 in StealthChop.\r\n'), 13:17:29
bytearray(b'STEPPER: Moving to mstep: 2400 with speed [msteps/sec]: 4000 in SpreadCycle.\r\n'), 13:17:34
bytearray(b'STEPPER: Moved 4200.00 msteps (ramp: 35%) in 1324.888 ms -> average speed [msteps/sec]: 3170.08\r\nreturn;measure;965\r\n'), 13:17:35
bytearray(b'received from UR: buffer -> buffer (0,1)\r\nSending buffer of size 965data;2400,308;2404,454;2408,166;2413,268;2417,324;2421,330;2426,344;2430,330;2434,344;2439,316;2443,322;2447,322;2452,322;2456,322;2460,322;2465,322;2469,328;2474,328;2478,326;2482,340;2487,326;2491,318;2495,316;2500,316;2504,330;2508,330;2513,330;2517,322;2521,336;2526,320;2530,334;2534,320;2539,334;2543,326;2548,312;2552,338;2556,324;2561,324;2565,316;2569,330;2574,314;2578,342;2582,314;2587,328;2591,334;2595,318;2600,332;2604,318;2608,332;2613,316;2617,338;2622,324;2626,338;2630,322;2635,334;2639,314;2643,328;2648,326;2652,326;2656,326;2661,326;2665,332;2669,318;2674,330;2678,316;2682,330;2687,328;2691,322;2696,334;2700,320;2704,320;2709,320;2713,334;2717,326;2722,326;2726,324;2730,338;2735,338;2739,316;2743,316;2748,314;2752,342;2756,328;2761,328;2765,320;2770,336;2774,320;2778,336;2783,322;2787,314;2791,328;2796,314;2800,328;2804,312;2809,328;2813,334;2817,348;2822,320;2826,334;2830,318;2835,312;2839,324;2844,324;2848,322;2852,324;2857,324;2861,330;2865,330;2870,316;2874,328;2878,328;2883,342;2887,334;2891,320;2896,334;2900,334;2905,332;2909,318;2913,326;2918,324;2922,324;2926,324;2931,338;2935,330;2939,330;2944,330;2948,316;2952,328;2957,314;2961,336;2965,320;2970,334;2974,320;2979,334;2983,318;2987,326;2992,326;2996,312;3000,324;3005,324;3009,344;3013,330;3018,330;3022,316;3026,344;3031,328;3035,320;3039,320;3044,320;3048,334;3053,332;3057,326;3061,324;3066,338;3070,324;3074,338;3079,324;3083,314;3087,330;3092,328;3096,328;3100,314;3105,326;3109,318;3113,332;3118,332;3122,332;3127,332;3131,310;3135,322;3140,308;3144,336;3148,322;3153,334;3157,326;3161,340;3166,326;3170,338;3174,324;3179,338;3183,330;3187,314;3192,344;3196,328;3201,328;3205,320;3209,334;3214,320;3218,346;3222,318;3227,332;3231,324;3235,324;3240,324;3244,324;3248,324;3253,324;3257,330;3262,328;3266,330;3270,328;3275,328;3279,322;3283,320;3288,334;3292,320;3296,320;3301,332;3305,326;3309,324;3314,338;3318,324;3322,324;3327,322;3331,314;3336,328;3340,316;3344,328;3349,314;3353,328;3357,320;3362,334;3366,318;3370,332;3375,332;3379,324;3383,324;3388,310;3392,322;3396,308;3401,336;3405,314;3410,328;3414,328;3418,342;3423,326;3427,320;3431,320;3436,320;3440,332;3444,318;3449,332;3453,324;3457,338;3462,324;3466,338;3470,324;3475,324;3479,330;3484,328;3488,328;3492,314;3497,314;3501,320;3505,334;3510,320;3514,334;3518,320;3523,334;3527,340;3531,326;3536,326;3540,312;3545,324;3549,310;3553,332;3558,316;3562,330;3566,316;3571,330;3575,322;3579,308;3584,322;3588,306;3592,320;3597,320;3601,342;3605,328;3610,340;3614,326;3619,338;3623,326;3627,332;3632,332;3636,318;3640,332;3645,332;3649,338;3653,324;3658,338;3662,324;3666,338;3671,324;3675,316;3679,316;3684,328;3688,328;3693,328;3697,328;3701,320;3706,334;3710,334;3714,334;3719,320;3723,326;3727,326;3732,312;3736,324;3740,310;3745,338;3749,328;3753,330;3758,330;3762,330;3767,328;3771,320;3775,320;3780,306;3784,334;3788,320;3793,334;3797,326;3801,340;3806,326;3810,340;3814,324;3819,326;3823,330;3827,330;3832,316;3836,316;3841,316;3845,322;3849,336;3854,322;3858,336;3862,320;3867,334;3871,340;3875,326;3880,326;3884,326;3888,324;3893,324;3897,330;3901,330;3906,330;3910,316;3915,330;3919,328;3923,320;3928,334;3932,318;3936,332;3941,318;3945,326;3949,324;3954,324;3958,322;3962,336;3967,322;3971,328;3975,328;3980,312;3984,326;3989,312;3993,326;3997,332;4002,346;4006,330;4010,330;4015,316;4019,322;4023,322;4028,320;4032,320;4036,304;4041,332;4045,324;4050,338;4054,322;4058,338;4063,322;4067,314;4071,314;4076,328;4080,326;4084,326;4089,326;4093,318;4097,332;4102,332;4106,332;4110,330;4115,308;4119,322;4124,322;4128,336;4132,322;4137,336;4141,328;4145,328;4150,326;4154,342;4158,326;4163,326;4167,332;4171,304;4176,318;4180,318;4184,332;4189,318;4193,338;4198,324;4202,336;4206,322;4211,336;4215,328;4219,326;4224,326;4228,312;4232,326;4237,326;4241,332;4245,318;4250,332;4254,318;4258,332;4263,318;4267,324;4272,324;4276,310;4280,338;4285,324;4289,330;4293,316;4298,330;4302,330;4306,328;4311,316;4315,322;4319,336;4324,320;4328,320;4332,320;4337,334;4341,326;4346,326;4350,324;4354,326;4359,324;4363,318;4367,330;4372,316;4376,330;4380,316;4385,316;4389,322;4393,336;4398,320;4402,336;4406,320;4411,312;4415,342;4420,328;4424,326;4428,314;4433,326;4437,320;4441,334;4446,318;4450,332;4454,318;4459,332;4463,324;4467,324;4472,324;4476,310;4481,310;4485,316;4489,330;4494,330;4498,330;4502,330;4507,328;4511,322;4515,320;4520,334;4524,334;4528,334;4533,318;4537,326;4541,324;4546,324;4550,324;4555,338;4559,324;4563,316;4568,316;4572,316;4576,330;4581,328;4585,322;4589,308;4594,320;4598,306;4602,320;4607,306;4611,298;4615,298;4620,298;4624,298;4629,284;4633,318;4637,304;4642,304;4646,304;4650,318;4655,302;4659,296;4663,296;4668,296;4672,294;4676,294;4681,302;4685,286;4689,288;4694,300;4698,302;4703,300;4707,308;4711,308;4716,294;4720,292;4724,292;4729,306;4733,298;4737,300;4742,300;4746,314;4750,298;4755,306;4759,306;4764,306;4768,306;4772,290;4777,304;4781,312;4785,310;4790,298;4794,310;4798,310;4803,324;4807,316;4811,302;4816,302;4820,300;4824,300;4829,306;4833,306;4838,292;4842,304;4846,304;4851,320;4855,298;4859,298;4864,298;4868,298;4872,296;4877,296;4881,316;4885,302;4890,302;4894,302;4898,316;4903,308;4907,308;4912,308;4916,294;4920,306;4925,306;4929,314;4933,298;4938,300;4942,298;4946,298;4951,298;4955,290;4959,290;4964,304;4968,302;4972,288;4977,310;4981,308;4986,310;4990,308;4994,308;4999,308;5003,300;5007,300;5012,300;5016,298;5020,284;5025,298;5029,304;5033,304;5038,290;5042,304;5047,302;5051,296;5055,296;5060,296;5064,294;5068,294;5073,294;5077,300;5081,300;5086,300;5090,300;5094,300;5099,292;5103,290;5107,276;5112,290;5116,290;5121,290;5125,296;5129,296;5134,296;5138,310;5142,310;5147,310;5151,302;5155,288;5160,288;5164,288;5168,288;5173,288;5177,310;5182,308;5186,308;5190,294;5195,308;5199,300;5203,286;5208,314;5212,300;5216,284;5221,298;5225,306;5229,292;5234,320;5238,304;5242,318;5247,296;5251,296;5256,296;5260,296;5264,296;5269,296;5273,302;5277,302;5282,302;5286,300;5290,314;5295,300;5299,306;5303,306;5308,306;5312,292;5316,290;5321,312;5325,312;5330,312;5334,296;5338,296;5343,296;5347,302;5351,302;5356,302;5360,302;5364,286;5369,300;5373,306;5377,308;5382,292;5386,306;5390,292;5395,284;5399,312;5404,296;5408,296;5412,296;5417,296;5421,302;5425,316;5430,302;5434,300;5438,300;5443,278;5447,292;5451,292;5456,306;5460,306;5464,290;5469,296;5473,296;5478,296;5482,310;5486,310;5491,310;5495,288;5499,286;5504,286;5508,286;5512,286;5517,286;5521,306;5525,304;5530,306;5534,304;5539,306;5543,298;5547,296;5552,296;5556,296;5560,296;5565,296;5569,304;5573,302;5578,302;5582,300;5586,314;5591,300;5595,294;5599,306;5604,292;5608,292;5613,278;5617,314;5621,300;5626,314;5630,298;5634,312;5639,298;5643,306;5647,290;5652,292;5656,290;5660,290;5665,290;5669,310;5673,296;5678,296;5682,294;5687,294;5691,300;5695,300;5700,300;5704,300;5708,284;5713,298;5717,304;5721,304;5726,304;5730,302;5734,302;5739,280;5743,294;5748,294;5752,294;5756,292;5761,306;5765,298;5769,312;5774,298;5778,312;5782,298;5787,312;5791,304;5795,290;5800,290;5804,288;5808,290;5813,310;5817,310;5822,294;5826,294;5830,294;5835,308;5839,300;5843,298;5848,286;5852,286;5856,284;5861,298;5865,304;5869,290;5874,304;5878,304;5882,302;5887,294;5891,294;5896,280;5900,278;5904,292;5909,292;5913,298;5917,298;5922,298;5926,296;5930,310;5935,310;5939,288;5943,300;5948,286;5952,300;5956,284;5961,284;5965,304;5970,304;5974,290;5978,304;5983,288;5987,294;5991,294;5996,292;6000,306;6004,292;6009,290;6013,298;6017,312;6022,296;6026,310;6030,296;6035,288;6039,288;6044,288;6048,286;6052,300;6057,284;6061,306;6065,306;6070,306;6074,306;6078,292;6083,284;6087,284;6091,298;6096,296;6100,298;6104,282;6109,302;6113,302;6118,302;6122,300;6126,300;6131,300;6135,306;6139,292;6144,290;6148,278;6152,290;6157,290;6161,298;6165,296;6170,296;6174,296;6179,310;6183,302;6187,288;6192,302;6196,288;6200,288;6205,300;6209,308;6213,294;6218,308;6222,306;6226,306;6231,270;6235,256;6240,270;6244,268;6248,282;6253,282;6257,232;6261,274;6266,274;6270,274;6274,274;6279,252;6283,238;6287,266;6292,266;6296,266;6300,278;6305,228;6309,270;6314,272;6318,272;6322,270;6327,270;6331,246;6335,276;6340,262;6344,276;6348,246;6353,282;6357,282;6361,280;6366,266;6370,254;6374,266;6379,272;6383,272;6388,272;6392,272;6396,272;6401,272;6405,278;6409,278;6414,264;6418,248;6422,276;6427,268;6431,268;6435,270;6440,268;6444,268;6448,268;6453,260;6457,246;6462,274;6466,274;6470,272;6475,258;6479,264;6483,276;6488,264;6492,262;6496,262;6501,268;6505,240;6509,268;6514,266;6518,266;6522,266;6527,272;6531,272;6536,270;6540,256;6544,258;6549,256;6553,248;6557,276;6562,276;6566,274;6570,274;6575,266;6579,266;6583,264;6588,264;6592,264;6596,250;\r\nBuffer sent in 0.973 secondsreturn;buffer;965\r\nreceived from UR: measure -> measure (0,1)\r\nSTEPPER: Moving to mstep: 6600 with speed [msteps/sec]: 1000 in StealthChop.\r\n'), 13:17:38
bytearray(b'STEPPER: Moving to mstep: 2400 with speed [msteps/sec]: 4000 in SpreadCycle.\r\n'), 13:17:43
bytearray(b'STEPPER: Moved 4200.00 msteps (ramp: 35%) in 1324.888 ms -> average speed [msteps/sec]: 3170.08\r\nreturn;measure;965\r\n'), 13:17:44
bytearray(b'received from UR: buffer -> buffer (0,1)\r\nSending buffer of size 965data;2400,304;2404,454;2408,164;2413,280;2417,322;2421,328;2426,342;2430,326;2434,342;2439,326;2443,318;2447,332;2452,318;2456,332;2460,318;2465,330;2469,324;2474,338;2478,322;2482,336;2487,322;2491,328;2495,328;2500,314;2504,328;2508,326;2513,340;2517,318;2521,318;2526,318;2530,332;2534,318;2539,332;2543,324;2548,310;2552,336;2556,322;2561,336;2565,326;2569,342;2574,326;2578,340;2582,312;2587,326;2591,332;2595,316;2600,330;2604,330;2608,330;2613,314;2617,336;2622,320;2626,334;2630,320;2635,334;2639,326;2643,324;2648,326;2652,324;2656,324;2661,308;2665,330;2669,328;2674,342;2678,328;2682,328;2687,326;2691,320;2696,332;2700,318;2704,318;2709,318;2713,332;2717,322;2722,338;2726,322;2730,322;2735,322;2739,314;2743,328;2748,312;2752,326;2756,312;2761,326;2765,318;2770,334;2774,332;2778,334;2783,332;2787,310;2791,338;2796,310;2800,338;2804,322;2809,322;2813,314;2817,342;2822,328;2826,342;2830,328;2835,306;2839,334;2844,320;2848,334;2852,334;2857,318;2861,324;2865,338;2870,324;2874,338;2878,324;2883,324;2887,328;2891,316;2896,328;2900,314;2904,326;2909,312;2913,332;2918,318;2922,332;2926,318;2931,330;2935,336;2939,322;2944,334;2948,322;2952,322;2957,306;2961,340;2965,326;2970,340;2974,326;2979,338;2983,324;2987,316;2992,344;2996,330;3000,328;3005,314;3009,334;3013,320;3018,332;3022,318;3026,332;3031,316;3035,322;3039,336;3044,336;3048,320;3053,320;3057,332;3061,324;3066,326;3070,324;3074,324;3079,322;3083,314;3087,342;3092,328;3096,326;3100,312;3105,326;3109,318;3113,332;3118,316;3122,330;3127,316;3131,322;3135,336;3140,320;3144,334;3148,304;3153,332;3157,322;3161,338;3166,324;3170,322;3174,322;3179,336;3183,328;3187,312;3192,326;3196,310;3201,324;3205,316;3209,342;3214,328;3218,342;3222,312;3227,340;3231,330;3235,316;3240,330;3244,328;3248,328;3253,314;3257,334;3261,320;3266,332;3270,318;3275,330;3279,330;3283,322;3288,322;3292,322;3296,334;3301,320;3305,340;3309,326;3314,326;3318,324;3322,324;3327,322;3331,314;3335,328;3340,314;3344,326;3349,312;3353,326;3357,318;3362,332;3366,330;3370,330;3375,330;3379,308;3383,334;3388,320;3392,332;3396,318;3401,332;3405,324;3409,336;3414,322;3418,336;3423,320;3427,312;3431,326;3436,310;3440,324;3444,324;3449,324;3453,328;3457,328;3462,314;3466,328;3470,326;3475,340;3479,332;3484,316;3488,330;3492,316;3497,330;3501,320;3505,320;3510,320;3514,332;3518,318;3523,332;3527,324;3531,310;3536,336;3540,322;3544,338;3549,322;3553,328;3558,326;3562,340;3566,324;3571,338;3575,330;3579,316;3584,330;3588,314;3592,328;3597,314;3601,334;3605,320;3610,334;3614,318;3619,346;3623,330;3627,324;3632,322;3636,308;3640,322;3645,320;3649,340;3653,326;3658,340;3662,324;3666,338;3671,322;3675,314;3679,342;3684,328;3688,326;3693,326;3697,324;3701,318;3706,332;3710,316;3714,328;3719,316;3723,320;3727,334;3732,320;3736,320;3740,318;3745,332;3749,324;3753,336;3758,324;3762,334;3767,320;3771,312;3775,326;3780,310;3784,324;3788,310;3793,322;3797,314;3801,342;3806,326;3810,328;3814,326;3819,340;3823,332;3827,318;3832,318;3836,316;3841,330;3845,322;3849,336;3854,320;3858,334;3862,318;3867,332;3871,324;3875,322;3880,322;3884,322;3888,322;3893,320;3897,326;3901,326;3906,326;3910,324;3915,338;3919,322;3923,314;3928,326;3932,312;3936,340;3941,326;3945,332;3949,316;3954,330;3958,330;3962,342;3967,328;3971,306;3975,332;3980,318;3984,346;3989,332;3993,330;3997,322;4002,336;4006,320;4010,334;4015,320;4019,312;4023,326;4028,324;4032,338;4036,322;4041,322;4045,314;4049,342;4054,326;4058,340;4063,324;4067,316;4071,330;4076,316;4080,344;4084,330;4089,328;4093,320;4097,334;4102,318;4106,332;4110,318;4115,330;4119,338;4123,322;4128,336;4132,320;4137,320;4141,326;4145,338;4150,324;4154,338;4158,322;4163,336;4167,328;4171,312;4176,340;4180,326;4184,324;4189,310;4193,330;4198,328;4202,342;4206,326;4211,340;4215,332;4219,316;4224,330;4228,330;4232,328;4237,314;4241,334;4245,318;4250,332;4254,316;4258,330;4263,316;4267,322;4272,334;4276,334;4280,318;4285,318;4289,324;4293,324;4298,336;4302,322;4306,336;4311,320;4315,312;4319,340;4324,324;4328,324;4332,310;4337,336;4341,328;4346,328;4350,326;4354,328;4359,326;4363,318;4367,330;4372,316;4376,330;4380,314;4385,342;4389,320;4393,334;4398,318;4402,332;4406,316;4411,344;4415,336;4420,322;4424,320;4428,320;4433,334;4437,326;4441,340;4446,324;4450,338;4454,324;4459,338;4463,330;4467,316;4472,328;4476,314;4480,326;4485,314;4489,334;4494,318;4498,332;4502,318;4507,332;4511,324;4515,324;4520,338;4524,322;4528,322;4533,320;4537,328;4541,326;4546,326;4550,326;4554,326;4559,324;4563,314;4568,328;4572,328;4576,328;4581,312;4585,334;4589,318;4594,318;4598,302;4602,302;4607,288;4611,294;4615,308;4620,294;4624,306;4628,292;4633,312;4637,298;4642,312;4646,296;4650,296;4655,296;4659,302;4663,288;4668,288;4672,300;4676,300;4681,280;4685,292;4689,292;4694,306;4698,302;4703,304;4707,282;4711,296;4716,282;4720,294;4724,280;4729,308;4733,300;4737,300;4742,298;4746,312;4750,296;4755,290;4759,302;4763,288;4768,302;4772,286;4777,300;4781,306;4785,318;4790,304;4794,318;4798,304;4803,316;4807,294;4811,294;4816,294;4820,292;4824,292;4829,298;4833,312;4838,298;4842,312;4846,310;4851,310;4855,286;4859,288;4864,286;4868,286;4872,300;4877,300;4881,290;4885,290;4890,302;4894,302;4898,302;4903,300;4907,306;4912,302;4916,304;4920,304;4925,304;4929,310;4933,296;4938,308;4942,308;4946,294;4951,292;4955,298;4959,298;4964,296;4968,298;4972,296;4977,302;4981,302;4986,314;4990,300;4994,314;4999,298;5003,290;5007,290;5012,290;5016,288;5020,288;5025,302;5029,308;5033,308;5038,308;5042,308;5046,306;5051,284;5055,298;5060,282;5064,296;5068,294;5073,294;5077,300;5081,300;5086,300;5090,300;5094,298;5099,300;5103,290;5107,288;5112,290;5116,288;5120,288;5125,294;5129,308;5134,294;5138,306;5142,306;5147,306;5151,298;5155,296;5160,310;5164,296;5168,310;5173,296;5177,300;5181,300;5186,314;5190,300;5195,314;5199,304;5203,290;5208,304;5212,290;5216,302;5221,288;5225,310;5229,308;5234,308;5238,294;5242,306;5247,292;5251,298;5255,298;5260,296;5264,296;5269,296;5273,300;5277,288;5282,300;5286,300;5290,298;5295,298;5299,274;5303,302;5308,302;5312,300;5316,300;5321,292;5325,306;5330,306;5334,304;5338,304;5343,302;5347,296;5351,294;5356,294;5360,308;5364,292;5369,306;5373,298;5377,312;5382,296;5386,310;5390,310;5395,286;5399,300;5404,286;5408,298;5412,284;5417,296;5421,304;5425,316;5430,300;5434,300;5438,300;5443,314;5447,304;5451,290;5456,304;5460,290;5464,302;5469,294;5473,280;5478,294;5482,306;5486,292;5491,292;5495,298;5499,296;5504,296;5508,294;5512,294;5517,280;5521,300;5525,298;5530,298;5534,298;5538,310;5543,302;5547,288;5552,302;5556,286;5560,300;5565,300;5569,306;5573,292;5578,306;5582,290;5586,306;5591,304;5595,296;5599,310;5604,294;5608,308;5612,294;5617,294;5621,300;5626,300;5630,286;5634,300;5639,298;5643,290;5647,304;5652,276;5656,302;5660,302;5665,288;5669,308;5673,308;5678,292;5682,292;5686,292;5691,298;5695,296;5700,298;5704,296;5708,296;5713,296;5717,302;5721,302;5726,300;5730,300;5734,300;5739,312;5743,304;5747,290;5752,304;5756,288;5761,302;5765,294;5769,294;5774,294;5778,306;5782,306;5787,320;5791,298;5795,282;5800,296;5804,282;5808,294;5813,300;5817,300;5821,300;5826,300;5830,298;5835,300;5839,292;5843,304;5848,304;5852,276;5856,302;5861,290;5865,308;5869,308;5874,294;5878,292;5882,292;5887,298;5891,298;5896,298;5900,298;5904,296;5909,296;5913,302;5917,302;5922,300;5926,286;5930,300;5935,300;5939,292;5943,306;5948,290;5952,290;5956,288;5961,302;5965,308;5970,308;5974,308;5978,308;5983,306;5987,284;5991,298;5996,282;6000,296;6004,282;6009,294;6013,300;6017,314;6022,300;6026,300;6030,298;6035,290;6039,290;6044,290;6048,288;6052,288;6057,288;6061,308;6065,308;6070,292;6074,306;6078,306;6083,292;6087,298;6091,298;6096,296;6100,282;6104,296;6109,302;6113,302;6118,302;6122,302;6126,300;6131,300;6135,292;6139,292;6144,306;6148,290;6152,304;6157,290;6161,296;6165,296;6170,296;6174,294;6179,308;6183,300;6187,286;6192,300;6196,284;6200,298;6205,284;6209,306;6213,304;6218,306;6222,304;6226,304;6231,268;6235,254;6239,282;6244,282;6248,266;6253,280;6257,244;6261,272;6266,286;6270,272;6274,272;6279,264;6283,236;6287,278;6292,264;6296,278;6300,234;6305,270;6309,282;6314,268;6318,268;6322,268;6327,280;6331,246;6335,258;6340,272;6344,272;6348,272;6353,264;6357,262;6361,236;6366,276;6370,276;6374,276;6379,268;6383,252;6388,238;6392,280;6396,266;6401,278;6405,270;6409,270;6414,268;6418,254;6422,254;6427,260;6431,260;6435,274;6440,272;6444,258;6448,256;6453,262;6457,248;6462,274;6466,274;6470,260;6475,258;6479,250;6483,278;6488,264;6492,262;6496,262;6501,254;6505,210;6509,266;6514,280;6518,264;6522,250;6527,270;6531,256;6536,268;6540,226;6544,268;6549,252;6553,260;6557,258;6562,216;6566,270;6570,284;6575,262;6579,248;6583,246;6588,232;6592,274;6596,260;\r\nBuffer sent in 0.973 secondsreturn;buffer;965\r\nreceived from UR: measure -> measure (0,1)\r\nSTEPPER: Moving to mstep: 6600 with speed [msteps/sec]: 1000 in StealthChop.\r\n'), 13:17:47
bytearray(b'STEPPER: Moving to mstep: 2400 with speed [msteps/sec]: 4000 in SpreadCycle.\r\n'), 13:17:52
bytearray(b'STEPPER: Moved 4200.00 msteps (ramp: 35%) in 1324.880 ms -> average speed [msteps/sec]: 3170.10\r\nreturn;measure;965\r\n'), 13:17:53
bytearray(b'received from UR: buffer -> buffer (0,1)\r\nSending buffer of size 965data;2400,304;2404,462;2408,144;2413,272;2417,328;2421,322;2426,336;2430,318;2434,334;2439,318;2443,324;2447,324;2452,324;2456,322;2460,308;2465,322;2469,328;2474,342;2478,326;2482,340;2487,326;2491,318;2495,332;2500,316;2504,330;2508,316;2513,330;2517,322;2521,334;2526,320;2530,334;2534,334;2539,334;2543,326;2548,310;2552,324;2556,310;2561,324;2565,330;2569,344;2574,328;2578,342;2582,326;2587,340;2591,332;2595,318;2600,330;2604,302;2608,330;2613,316;2617,336;2622,320;2626,334;2630,320;2635,334;2639,324;2643,310;2648,322;2652,308;2656,322;2661,320;2665,340;2669,326;2674,338;2678,324;2683,338;2687,322;2691,314;2696,328;2700,312;2704,326;2709,312;2713,332;2717,330;2722,344;2726,328;2730,342;2735,328;2739,320;2743,332;2748,304;2752,330;2757,316;2761,330;2765,320;2770,336;2774,320;2778,334;2783,318;2787,310;2791,324;2796,308;2800,336;2804,308;2809,334;2813,326;2817,340;2822,324;2826,338;2831,322;2835,314;2839,328;2844,314;2848,326;2852,312;2857,324;2861,316;2865,344;2870,328;2874,342;2878,328;2883,340;2887,332;2891,318;2896,330;2900,316;2905,330;2909,322;2913,336;2918,322;2922,334;2926,318;2931,332;2935,324;2939,310;2944,324;2948,308;2952,336;2957,308;2961,342;2965,328;2970,342;2974,326;2979,340;2983,326;2987,304;2992,332;2996,316;3000,330;3005,302;3009,336;3013,322;3018,336;3022,320;3026,334;3031,320;3035,326;3039,324;3044,324;3048,324;3053,322;3057,328;3061,314;3066,328;3070,326;3074,326;3079,326;3083,332;3087,330;3092,316;3096,330;3100,314;3105,328;3109,320;3114,334;3118,334;3122,334;3127,318;3131,310;3135,324;3140,310;3144,338;3148,308;3153,336;3157,328;3161,342;3166,326;3170,340;3174,326;3179,340;3183,332;3188,302;3192,330;3196,316;3201,328;3205,320;3209,348;3214,320;3218,346;3222,318;3227,346;3231,322;3235,308;3240,322;3244,320;3249,334;3253,318;3257,340;3262,324;3266,338;3270,324;3275,324;3279,330;3283,316;3288,328;3292,314;3296,326;3301,314;3305,332;3309,318;3314,332;3318,332;3323,332;3327,330;3331,308;3336,336;3340,306;3344,334;3349,320;3353,340;3357,326;3362,340;3366,326;3370,340;3375,324;3379,316;3383,330;3388,302;3392,330;3397,316;3401,328;3405,322;3410,336;3414,320;3418,334;3423,318;3427,312;3431,324;3436,310;3440,324;3444,324;3449,324;3453,328;3457,344;3462,328;3466,342;3471,328;3475,320;3479,332;3484,318;3488,332;3492,318;3497,332;3501,324;3505,338;3510,324;3514,336;3518,322;3523,336;3527,328;3531,314;3536,328;3540,312;3545,326;3549,318;3553,332;3558,332;3562,332;3566,330;3571,344;3575,336;3579,308;3584,334;3588,320;3592,334;3597,306;3601,340;3605,324;3610,340;3614,324;3619,338;3623,324;3627,316;3632,330;3636,314;3640,328;3645,314;3649,348;3653,320;3658,348;3662,318;3666,346;3671,332;3675,310;3680,324;3684,324;3688,324;3693,308;3697,322;3701,328;3706,342;3710,326;3714,340;3719,326;3723,304;3727,332;3732,316;3736,330;3740,316;3745,330;3749,322;3754,336;3758,320;3762,334;3767,320;3771,312;3775,324;3780,310;3784,324;3788,310;3793,324;3797,330;3801,344;3806,328;3810,342;3814,328;3819,306;3823,320;3828,320;3832,332;3836,318;3841,332;3845,324;3849,338;3854,324;3858,336;3862,322;3867,336;3871,328;3875,314;3880,326;3884,312;3888,328;3893,312;3897,332;3902,320;3906,332;3910,330;3915,330;3919,322;3923,308;3928,334;3932,306;3936,334;3941,318;3945,340;3949,322;3954,338;3958,324;3962,336;3967,322;3971,314;3976,328;3980,312;3984,326;3989,310;3993,326;3997,316;4002,344;4006,330;4010,342;4015,328;4019,320;4023,332;4028,332;4032,318;4036,316;4041,330;4045,322;4050,336;4054,320;4058,334;4063,318;4067,326;4071,338;4076,326;4080,324;4084,324;4089,324;4093,328;4097,328;4102,328;4106,326;4110,326;4115,326;4119,332;4124,332;4128,330;4132,316;4137,330;4141,322;4145,336;4150,322;4154,320;4158,320;4163,334;4167,326;4171,312;4176,326;4180,312;4184,326;4189,310;4193,346;4198,332;4202,346;4206,316;4211,344;4215,322;4219,308;4224,322;4228,320;4232,320;4237,306;4241,340;4245,326;4250,340;4254,324;4259,324;4263,324;4267,316;4272,344;4276,330;4280,328;4285,314;4289,334;4293,320;4298,334;4302,320;4306,334;4311,332;4315,310;4319,324;4324,310;4328,324;4333,308;4337,324;4341,330;4346,342;4350,328;4354,342;4359,328;4363,304;4367,332;4372,318;4376,332;4380,304;4385,330;4389,322;4394,336;4398,322;4402,336;4407,320;4411,312;4415,326;4420,312;4424,324;4428,310;4433,324;4437,330;4441,344;4446,328;4450,342;4454,328;4459,306;4463,334;4468,318;4472,332;4476,318;4481,332;4485,324;4489,338;4494,322;4498,336;4502,322;4507,336;4511,328;4515,312;4520,326;4524,312;4528,326;4533,310;4537,332;4542,330;4546,344;4550,328;4555,328;4559,334;4563,318;4568,332;4572,304;4576,330;4581,316;4585,336;4589,320;4594,334;4598,306;4602,320;4607,296;4611,296;4616,296;4620,294;4624,294;4629,292;4633,314;4637,300;4642,312;4646,298;4650,312;4655,296;4659,288;4663,288;4668,286;4672,302;4676,286;4681,306;4685,304;4690,304;4694,304;4698,304;4703,302;4707,280;4711,294;4716,280;4720,294;4724,278;4729,292;4733,298;4737,312;4742,312;4746,312;4750,310;4755,288;4759,302;4764,288;4768,302;4772,286;4777,300;4781,306;4785,320;4790,306;4794,320;4798,304;4803,318;4807,310;4811,282;4816,296;4820,294;4825,294;4829,300;4833,314;4838,300;4842,312;4846,298;4851,312;4855,304;4859,304;4864,302;4868,302;4872,300;4877,300;4881,306;4885,304;4890,304;4894,304;4899,302;4903,294;4907,294;4912,292;4916,290;4920,304;4925,290;4929,310;4933,310;4938,310;4942,308;4946,306;4951,298;4955,284;4960,296;4964,282;4968,296;4973,280;4977,314;4981,300;4986,314;4990,298;4994,312;4999,298;5003,288;5007,302;5012,286;5016,300;5020,286;5025,306;5029,304;5034,318;5038,304;5042,302;5047,302;5051,294;5055,292;5060,280;5064,292;5068,290;5073,290;5077,296;5081,310;5086,308;5090,294;5094,306;5099,284;5103,296;5108,282;5112,296;5116,280;5121,294;5125,300;5129,314;5134,300;5138,312;5142,296;5147,310;5151,302;5155,288;5160,302;5164,286;5168,300;5173,306;5177,320;5182,304;5186,318;5190,302;5195,316;5199,294;5203,280;5208,294;5212,294;5216,294;5221,292;5225,312;5229,298;5234,312;5238,298;5242,310;5247,288;5251,288;5256,300;5260,286;5264,298;5269,284;5273,306;5277,304;5282,304;5286,302;5290,316;5295,302;5299,292;5303,292;5308,290;5312,290;5316,290;5321,310;5325,308;5330,308;5334,308;5338,308;5343,306;5347,284;5351,298;5356,284;5360,298;5364,282;5369,296;5373,302;5377,302;5382,300;5386,314;5391,300;5395,278;5399,304;5404,288;5408,290;5412,288;5417,300;5421,306;5425,306;5430,304;5434,318;5438,304;5443,280;5447,294;5451,294;5456,292;5460,278;5465,292;5469,298;5473,298;5478,296;5482,296;5486,296;5491,294;5495,300;5499,284;5504,286;5508,284;5512,296;5517,282;5521,302;5525,302;5530,314;5534,300;5539,300;5543,304;5547,290;5552,304;5556,288;5560,302;5565,288;5569,308;5573,306;5578,320;5582,306;5586,306;5591,296;5595,282;5599,296;5604,280;5608,294;5613,292;5617,314;5621,300;5626,314;5630,298;5634,300;5639,298;5643,290;5647,290;5652,290;5656,290;5660,290;5665,288;5669,296;5674,308;5678,308;5682,308;5687,306;5691,284;5695,298;5700,284;5704,298;5708,284;5713,296;5717,302;5721,316;5726,302;5730,302;5734,300;5739,278;5743,292;5748,278;5752,304;5756,290;5761,302;5765,296;5769,310;5774,308;5778,308;5782,308;5787,322;5791,298;5795,284;5800,298;5804,282;5808,296;5813,302;5817,316;5822,300;5826,310;5830,298;5835,312;5839,288;5843,288;5848,288;5852,288;5856,286;5861,286;5865,306;5869,306;5874,306;5878,304;5883,304;5887,296;5891,280;5896,294;5900,280;5904,294;5909,266;5913,298;5917,298;5922,298;5926,298;5930,296;5935,296;5939,286;5943,300;5948,286;5952,298;5957,284;5961,318;5965,302;5970,302;5974,302;5978,314;5983,298;5987,276;5991,304;5996,288;6000,290;6004,288;6009,302;6013,306;6017,306;6022,306;6026,306;6031,304;6035,282;6039,296;6044,280;6048,294;6052,294;6057,292;6061,298;6065,298;6070,298;6074,312;6078,310;6083,288;6087,302;6091,286;6096,286;6100,286;6105,298;6109,304;6113,304;6118,304;6122,302;6126,302;6131,302;6135,292;6139,278;6144,292;6148,276;6152,304;6157,290;6161,296;6166,296;6170,308;6174,308;6179,306;6183,298;6187,284;6192,298;6196,282;6200,296;6205,282;6209,302;6213,302;6218,316;6222,300;6226,300;6231,278;6235,264;6240,262;6244,248;6248,276;6253,276;6257,268;6261,266;6266,224;6270,266;6274,280;6279,272;6283,258;6287,256;6292,270;6296,270;6300,270;6305,262;6309,260;6314,232;6318,274;6322,274;6327,260;6331,280;6335,278;6340,264;6344,264;6348,262;6353,256;6357,270;6361,282;6366,266;6370,252;6375,266;6379,258;6383,272;6388,242;6392,270;6396,268;6401,248;6405,248;6409,248;6414,274;6418,260;6422,272;6427,236;6431,278;6435,264;6440,264;6444,278;6449,212;6453,268;6457,282;6462,268;6466,240;6470,266;6475,258;6479,272;6483,228;6488,270;6492,242;6496,270;6501,276;6505,276;6509,276;6514,246;6518,274;6523,274;6527,266;6531,236;6536,266;6540,250;6544,264;6549,270;6553,256;6557,268;6562,268;6566,268;6570,240;6575,260;6579,244;6584,258;6588,228;6592,270;6597,254;\r\nBuffer sent in 0.973 secondsreturn;buffer;965\r\nreceived from UR: measure -> measure (0,1)\r\nSTEPPER: Moving to mstep: 6600 with speed [msteps/sec]: 1000 in StealthChop.\r\n'), 13:17:56
bytearray(b'STEPPER: Moving to mstep: 2400 with speed [msteps/sec]: 4000 in SpreadCycle.\r\n'), 13:18:01
bytearray(b'STEPPER: Moved 4200.00 msteps (ramp: 35%) in 1324.888 ms -> average speed [msteps/sec]: 3170.08\r\nreturn;measure;965\r\n'), 13:18:02
bytearray(b'received from UR: buffer -> buffer (0,1)\r\nSending buffer of size 965data;2400,306;2404,458;2408,168;2413,270;2417,312;2421,318;2426,346;2430,316;2434,330;2439,316;2443,322;2447,320;2452,320;2456,320;2460,318;2465,318;2469,324;2474,338;2478,324;2482,338;2487,322;2491,330;2495,328;2500,314;2504,328;2508,326;2513,326;2517,332;2521,332;2526,318;2530,330;2534,330;2539,344;2543,322;2548,320;2552,334;2556,320;2561,332;2565,324;2569,336;2574,324;2578,338;2582,322;2587,336;2591,328;2595,328;2600,326;2604,326;2608,340;2613,312;2617,332;2622,318;2626,332;2630,330;2635,330;2639,330;2643,322;2648,322;2652,320;2656,320;2661,320;2665,340;2669,324;2674,338;2678,338;2682,338;2687,324;2691,316;2696,328;2700,328;2704,328;2709,314;2713,334;2717,332;2722,332;2726,332;2730,332;2735,330;2739,308;2743,322;2748,322;2752,336;2756,320;2761,334;2765,326;2770,340;2774,326;2778,340;2783,324;2787,316;2791,330;2796,316;2800,328;2804,314;2809,342;2813,320;2817,334;2822,320;2826,334;2830,332;2835,334;2839,324;2844,324;2848,324;2852,324;2857,338;2861,316;2865,330;2870,328;2874,342;2878,326;2883,340;2887,332;2891,318;2896,330;2900,330;2905,330;2909,316;2913,334;2918,320;2922,334;2926,334;2931,332;2935,324;2939,324;2944,338;2948,308;2952,322;2957,324;2961,342;2965,328;2970,328;2974,314;2979,340;2983,326;2987,306;2992,318;2996,318;3000,332;3005,316;3009,338;3013,322;3018,336;3022,320;3026,334;3031,320;3035,312;3039,324;3044,324;3048,324;3053,322;3057,336;3061,314;3066,328;3070,326;3074,326;3079,324;3083,316;3087,316;3092,316;3096,328;3100,314;3105,326;3109,334;3113,332;3118,332;3122,332;3127,316;3131,322;3135,336;3140,308;3144,320;3148,320;3153,334;3157,326;3161,340;3166,324;3170,338;3174,322;3179,336;3183,328;3187,328;3192,342;3196,312;3201,326;3205,318;3209,332;3214,330;3218,330;3222,328;3227,342;3231,322;3235,320;3240,334;3244,318;3248,332;3253,330;3257,336;3261,322;3266,336;3270,320;3275,334;3279,326;3283,326;3288,326;3292,324;3296,324;3301,324;3305,330;3309,316;3314,330;3318,328;3322,328;3327,328;3331,320;3335,332;3340,316;3344,332;3349,316;3353,330;3357,322;3362,336;3366,320;3370,334;3375,320;3379,326;3383,326;3388,310;3392,324;3396,310;3401,322;3405,328;3409,328;3414,328;3418,330;3423,326;3427,318;3431,318;3436,318;3440,332;3444,316;3449,330;3453,322;3457,336;3462,322;3466,336;3470,320;3475,334;3479,326;3484,326;3488,326;3492,310;3497,324;3501,330;3505,344;3510,316;3514,330;3518,328;3523,342;3527,334;3531,320;3536,332;3540,318;3544,332;3549,316;3553,338;3558,322;3562,336;3566,336;3571,336;3575,328;3579,314;3584,328;3588,326;3592,340;3597,312;3601,332;3605,318;3610,332;3614,330;3619,330;3623,330;3627,322;3632,322;3636,320;3640,320;3645,318;3649,340;3653,324;3658,338;3662,322;3666,336;3671,322;3675,328;3679,328;3684,314;3688,326;3693,326;3697,326;3701,332;3706,334;3710,318;3714,332;3719,330;3723,308;3727,322;3732,322;3736,322;3740,320;3745,334;3749,326;3753,326;3758,326;3762,326;3767,324;3771,318;3775,330;3780,316;3784,330;3788,316;3793,330;3797,320;3801,336;3806,334;3810,334;3814,320;3819,334;3823,326;3827,324;3832,324;3836,324;3841,338;3845,316;3849,330;3854,328;3858,342;3862,314;3867,328;3871,332;3875,318;3880,318;3884,316;3888,330;3893,330;3897,336;3901,322;3906,322;3910,320;3915,334;3919,334;3923,312;3928,326;3932,310;3936,324;3941,324;3945,344;3949,328;3954,328;3958,328;3962,328;3967,326;3971,320;3975,332;3980,318;3984,330;3989,316;3993,330;3997,322;4002,334;4006,320;4010,332;4015,318;4019,324;4023,322;4028,322;4032,334;4036,320;4041,332;4045,324;4049,338;4054,322;4058,336;4063,320;4067,326;4071,326;4076,326;4080,326;4084,324;4089,324;4093,328;4097,330;4102,328;4106,328;4110,324;4115,326;4119,330;4124,316;4128,330;4132,316;4137,330;4141,322;4145,334;4150,334;4154,332;4158,332;4163,332;4167,324;4171,322;4176,336;4180,320;4184,334;4189,306;4193,340;4198,326;4202,340;4206,324;4211,338;4215,330;4219,316;4224,328;4228,312;4232,326;4237,326;4241,332;4245,316;4250,330;4254,330;4258,328;4263,314;4267,320;4272,334;4276,318;4280,332;4285,330;4289,324;4293,322;4298,336;4302,320;4306,334;4311,320;4315,326;4319,338;4324,310;4328,324;4332,322;4337,336;4341,328;4346,328;4350,326;4354,340;4359,324;4363,316;4367,330;4372,316;4376,330;4380,314;4385,314;4389,320;4393,334;4398,320;4402,334;4406,318;4411,334;4415,338;4420,322;4424,322;4428,320;4433,334;4437,326;4441,340;4446,324;4450,338;4454,324;4459,338;4463,328;4467,328;4472,314;4476,326;4480,326;4485,326;4489,332;4494,316;4498,330;4502,328;4507,342;4511,320;4515,318;4520,332;4524,318;4528,332;4533,316;4537,336;4541,336;4546,334;4550,320;4554,320;4559,318;4563,324;4568,338;4572,308;4576,322;4581,322;4585,328;4589,312;4594,326;4598,310;4602,324;4607,308;4611,300;4615,298;4620,298;4624,296;4628,296;4633,302;4637,300;4642,314;4646,298;4650,312;4655,298;4659,288;4663,288;4668,300;4672,300;4676,286;4681,298;4685,290;4689,304;4694,302;4698,302;4703,300;4707,292;4711,290;4716,290;4720,290;4724,288;4729,302;4733,306;4737,306;4742,304;4746,304;4750,302;4755,294;4759,308;4764,306;4768,292;4772,304;4777,304;4781,296;4785,322;4790,308;4794,322;4798,306;4803,320;4807,296;4811,296;4816,294;4820,294;4824,292;4829,298;4833,298;4838,296;4842,310;4846,296;4851,322;4855,300;4859,300;4864,298;4868,298;4872,298;4877,296;4881,302;4885,302;4890,302;4894,300;4898,314;4903,290;4907,304;4912,304;4916,304;4920,302;4925,288;4929,308;4933,306;4938,292;4942,306;4946,304;4951,304;4955,296;4959,308;4964,296;4968,294;4972,292;4977,314;4981,298;4986,310;4990,298;4994,310;4999,310;5003,288;5007,286;5012,300;5016,300;5020,298;5025,284;5029,304;5033,304;5038,302;5042,302;5046,300;5051,294;5055,292;5060,290;5064,304;5068,288;5073,288;5077,294;5081,292;5086,292;5090,292;5094,290;5099,304;5103,296;5107,294;5112,294;5116,292;5121,306;5125,298;5129,296;5134,296;5138,308;5142,308;5147,308;5151,298;5155,298;5160,296;5164,296;5168,310;5173,296;5177,288;5181,300;5186,314;5190,300;5195,314;5199,306;5203,290;5208,304;5212,302;5216,302;5221,302;5225,308;5229,294;5234,306;5238,292;5242,306;5247,298;5251,296;5256,296;5260,296;5264,294;5269,294;5273,300;5277,300;5282,312;5286,298;5290,312;5295,310;5299,302;5303,302;5308,302;5312,300;5316,286;5321,306;5325,306;5330,304;5334,304;5338,304;5343,302;5347,294;5351,308;5356,292;5360,306;5364,292;5369,304;5373,296;5377,310;5382,294;5386,294;5390,292;5395,298;5399,298;5404,296;5408,296;5412,296;5417,308;5421,300;5425,300;5430,298;5434,312;5438,298;5443,310;5447,288;5451,288;5456,286;5460,300;5464,300;5469,292;5473,306;5478,304;5482,304;5486,302;5491,302;5495,294;5499,280;5504,292;5508,292;5512,290;5517,290;5521,310;5525,296;5530,294;5534,294;5539,278;5543,298;5547,298;5552,298;5556,296;5560,310;5565,296;5569,316;5573,300;5578,314;5582,298;5586,312;5591,290;5595,288;5599,288;5604,288;5608,288;5613,286;5617,308;5621,306;5626,320;5630,304;5634,306;5639,304;5643,296;5647,294;5652,296;5656,294;5660,294;5665,308;5669,300;5673,312;5678,298;5682,312;5687,296;5691,302;5695,302;5700,274;5704,300;5708,298;5713,300;5717,306;5721,306;5726,304;5730,304;5734,302;5739,294;5743,308;5748,294;5752,306;5756,292;5761,306;5765,298;5769,312;5774,298;5778,310;5782,296;5787,310;5791,300;5795,286;5800,298;5804,284;5808,298;5813,304;5817,304;5822,304;5826,316;5830,302;5835,302;5839,292;5843,292;5848,292;5852,304;5856,304;5861,302;5865,296;5869,294;5874,308;5878,306;5882,306;5887,284;5891,284;5896,284;5900,282;5904,296;5909,282;5913,302;5917,302;5922,316;5926,300;5930,300;5935,300;5939,290;5943,290;5948,290;5952,302;5956,288;5961,308;5965,294;5970,306;5974,292;5978,306;5983,290;5987,282;5991,296;5996,296;6000,294;6004,280;6009,294;6013,300;6017,314;6022,298;6026,284;6030,298;6035,306;6039,290;6044,302;6048,288;6052,302;6057,300;6061,292;6065,306;6070,306;6074,304;6078,304;6083,290;6087,280;6091,294;6096,294;6100,292;6104,292;6109,312;6113,312;6118,310;6122,310;6126,310;6131,308;6135,286;6139,286;6144,298;6148,284;6152,298;6157,282;6161,304;6165,302;6170,302;6174,300;6179,314;6183,292;6187,304;6192,304;6196,288;6200,302;6205,288;6209,308;6213,306;6218,306;6222,292;6226,304;6231,268;6235,280;6239,266;6244,280;6248,264;6253,264;6257,270;6261,270;6266,268;6270,268;6274,224;6279,274;6283,260;6287,258;6292,258;6296,270;6300,256;6305,262;6309,262;6314,220;6318,274;6322,288;6327,252;6331,250;6335,250;6340,248;6344,262;6348,250;6353,268;6357,268;6361,280;6366,266;6370,266;6374,278;6379,256;6383,256;6388,254;6392,254;6396,254;6401,252;6405,272;6409,272;6414,272;6418,258;6422,270;6427,262;6431,246;6435,260;6440,246;6444,258;6448,244;6453,264;6457,264;6462,262;6466,262;6470,274;6475,252;6479,252;6483,250;6488,250;6492,250;6496,248;6501,254;6505,212;6509,268;6514,280;6518,266;6522,266;6527,242;6531,242;6536,254;6540,252;6544,252;6549,250;6553,270;6557,270;6562,256;6566,268;6570,268;6575,246;6579,258;6583,258;6588,258;6592,244;6596,256;\r\nBuffer sent in 0.973 secondsreturn;buffer;965\r\nreceived from UR: measure -> measure (0,1)\r\nSTEPPER: Moving to mstep: 6600 with speed [msteps/sec]: 1000 in StealthChop.\r\n'), 13:18:05
bytearray(b'STEPPER: Moving to mstep: 2400 with speed [msteps/sec]: 4000 in SpreadCycle.\r\n'), 13:18:10
bytearray(b'STEPPER: Moved 4200.00 msteps (ramp: 35%) in 1324.884 ms -> average speed [msteps/sec]: 3170.09\r\nreturn;measure;965\r\n'), 13:18:11
bytearray(b'received from UR: buffer -> buffer (0,1)\r\nSending buffer of size 965data;2400,312;2404,464;2408,134;2413,276;2417,318;2421,324;2426,338;2430,324;2434,338;2439,322;2443,314;2447,328;2452,314;2456,314;2460,326;2465,326;2469,332;2474,332;2478,332;2482,332;2487,330;2491,324;2495,322;2500,322;2504,320;2508,320;2513,334;2517,326;2521,326;2526,326;2530,326;2534,324;2539,338;2543,330;2548,316;2552,330;2556,314;2561,314;2565,320;2569,334;2574,320;2578,334;2582,318;2587,332;2591,338;2595,324;2600,336;2604,322;2608,336;2613,322;2617,328;2622,326;2626,340;2630,326;2635,326;2639,332;2643,318;2648,316;2652,316;2656,316;2661,314;2665,336;2669,320;2674,334;2678,318;2682,332;2687,332;2691,310;2696,322;2700,308;2704,336;2709,336;2713,328;2717,326;2722,340;2726,324;2730,324;2735,324;2739,316;2743,328;2748,314;2752,326;2756,312;2761,340;2765,318;2770,332;2774,316;2778,330;2783,314;2787,320;2791,334;2796,320;2800,332;2804,318;2809,318;2813,322;2817,338;2822,320;2826,336;2830,320;2835,334;2839,326;2844,324;2848,324;2852,324;2857,322;2861,328;2865,342;2870,326;2874,326;2878,326;2883,340;2887,332;2891,316;2896,330;2900,328;2904,328;2909,326;2913,334;2918,318;2922,332;2926,318;2931,330;2935,322;2939,308;2944,334;2948,320;2952,334;2957,318;2961,326;2965,324;2970,338;2974,322;2979,336;2983,320;2987,326;2992,326;2996,312;3000,326;3005,310;3009,332;3013,330;3018,344;3022,330;3026,330;3031,328;3035,320;3039,334;3044,318;3048,332;3053,328;3057,330;3061,322;3066,336;3070,320;3074,334;3079,320;3083,326;3087,324;3092,324;3096,324;3100,322;3105,322;3109,328;3113,326;3118,326;3122,338;3127,324;3131,316;3135,328;3140,312;3144,326;3148,312;3153,338;3157,316;3161,330;3166,328;3170,328;3174,326;3179,340;3183,332;3187,316;3192,330;3196,314;3201,314;3205,320;3209,346;3214,318;3218,330;3222,316;3227,330;3231,322;3235,320;3240,320;3244,304;3248,318;3253,318;3257,338;3261,324;3266,336;3270,322;3275,334;3279,320;3283,326;3288,324;3292,324;3296,322;3301,324;3305,328;3309,328;3314,328;3318,326;3322,326;3327,326;3331,318;3335,316;3340,316;3344,330;3349,314;3353,328;3357,318;3362,332;3366,318;3370,332;3375,330;3379,322;3383,322;3388,308;3392,320;3396,306;3401,318;3405,324;3409,338;3414,324;3418,336;3423,322;3427,314;3431,328;3436,328;3440,326;3444,326;3449,324;3453,330;3457,344;3462,328;3466,328;3470,314;3475,340;3479,332;3484,318;3488,330;3492,330;3497,330;3501,320;3505,334;3510,334;3514,332;3518,318;3523,332;3527,324;3531,308;3536,320;3540,306;3544,334;3549,320;3553,326;3558,324;3562,338;3566,322;3571,336;3575,328;3579,314;3584,328;3588,312;3592,326;3597,310;3601,344;3605,330;3610,344;3614,328;3619,342;3623,326;3627,304;3632,318;3636,318;3640,330;3645,314;3649,336;3653,320;3658,334;3662,318;3666,334;3671,318;3675,322;3679,322;3684,322;3688,320;3693,320;3697,318;3701,324;3706,324;3710,322;3714,336;3719,322;3723,312;3727,326;3732,310;3736,336;3740,322;3745,336;3749,326;3753,326;3758,326;3762,340;3767,324;3771,316;3775,330;3780,328;3784,328;3788,314;3793,326;3797,318;3801,332;3806,316;3810,330;3814,328;3819,328;3823,334;3827,318;3832,318;3836,330;3841,330;3845,314;3849,334;3854,320;3858,332;3862,332;3867,330;3871,322;3875,322;3880,320;3884,320;3888,332;3893,332;3897,324;3901,322;3906,336;3910,322;3915,334;3919,320;3923,312;3928,324;3932,310;3936,336;3941,322;3945,328;3949,326;3954,326;3958,324;3962,324;3967,322;3971,314;3975,328;3980,312;3984,326;3989,310;3993,324;3997,330;4002,342;4006,326;4010,340;4015,326;4019,304;4023,316;4028,330;4032,328;4036,316;4041,328;4045,320;4049,334;4054,318;4058,346;4063,316;4067,322;4071,322;4076,322;4080,322;4084,320;4089,320;4093,324;4097,324;4102,322;4106,336;4110,322;4115,334;4119,326;4123,310;4128,324;4132,324;4137,324;4141,328;4145,328;4150,328;4154,326;4158,326;4163,338;4167,330;4171,316;4176,328;4180,312;4184,326;4189,326;4193,332;4198,330;4202,344;4206,330;4211,342;4215,334;4219,334;4224,332;4228,318;4232,332;4237,332;4241,338;4245,322;4250,336;4254,320;4258,334;4263,318;4267,324;4272,322;4276,322;4280,334;4285,320;4289,326;4293,324;4298,324;4302,322;4306,336;4311,336;4315,312;4319,326;4324,312;4328,338;4332,324;4337,338;4341,328;4346,328;4350,328;4354,326;4359,326;4363,318;4367,332;4372,316;4376,330;4380,316;4385,328;4389,322;4393,334;4398,332;4402,346;4406,332;4411,308;4415,336;4420,320;4424,334;4428,318;4433,318;4437,324;4441,338;4446,322;4450,336;4454,320;4459,334;4463,324;4467,324;4472,322;4476,322;4480,322;4485,320;4489,326;4494,324;4498,324;4502,322;4507,336;4511,326;4515,312;4520,326;4524,310;4528,324;4533,322;4537,330;4541,328;4546,328;4550,326;4554,326;4559,324;4563,316;4568,330;4572,316;4576,328;4581,314;4585,334;4589,318;4594,318;4598,316;4602,316;4607,300;4611,292;4615,306;4620,306;4624,290;4629,304;4633,310;4637,294;4642,294;4646,294;4650,294;4655,306;4659,298;4663,296;4668,296;4672,282;4676,280;4681,308;4685,286;4689,286;4694,298;4698,312;4703,298;4707,304;4711,304;4716,290;4720,302;4724,288;4729,300;4733,306;4737,306;4742,306;4746,304;4750,304;4755,296;4759,296;4764,296;4768,294;4772,294;4777,308;4781,298;4785,312;4790,298;4794,324;4798,310;4803,310;4807,300;4811,286;4816,286;4820,284;4824,298;4829,304;4833,306;4838,302;4842,302;4846,300;4851,314;4855,294;4859,294;4864,292;4868,292;4872,290;4877,304;4881,310;4885,296;4890,294;4894,294;4898,306;4903,298;4907,298;4912,296;4916,296;4920,296;4925,294;4929,300;4933,298;4938,298;4942,298;4946,312;4951,296;4955,302;4959,300;4964,300;4968,298;4972,284;4977,306;4981,302;4986,302;4990,302;4994,300;4999,300;5003,290;5007,304;5012,304;5016,302;5020,302;5025,300;5029,306;5033,306;5038,306;5042,306;5046,290;5051,296;5055,294;5060,294;5064,292;5068,292;5073,292;5077,296;5081,310;5086,308;5090,294;5094,292;5099,292;5103,298;5107,296;5112,296;5116,294;5120,294;5125,300;5129,312;5134,300;5138,312;5142,296;5147,296;5151,300;5155,286;5160,298;5164,298;5168,298;5173,296;5177,302;5181,300;5186,300;5190,298;5195,298;5199,290;5203,288;5208,302;5212,300;5216,298;5221,298;5225,304;5229,302;5234,302;5238,286;5242,300;5247,300;5251,306;5255,290;5260,290;5264,304;5269,302;5273,294;5277,294;5282,308;5286,306;5290,306;5295,304;5299,298;5303,296;5308,296;5312,296;5316,308;5321,300;5325,300;5329,312;5334,298;5338,298;5343,296;5347,290;5351,302;5356,302;5360,300;5364,300;5369,298;5373,304;5377,304;5382,288;5386,302;5390,300;5395,292;5399,292;5404,290;5408,290;5412,290;5417,302;5421,294;5425,308;5430,306;5434,306;5438,304;5443,304;5447,296;5451,294;5456,294;5460,294;5464,278;5469,298;5473,298;5478,296;5482,294;5486,294;5491,306;5495,284;5499,296;5504,296;5508,294;5512,294;5517,294;5521,312;5525,296;5530,296;5534,294;5538,294;5543,298;5547,284;5552,310;5556,296;5560,310;5565,294;5569,314;5573,298;5578,312;5582,296;5586,310;5591,294;5595,300;5599,298;5604,298;5608,312;5612,296;5617,302;5621,300;5626,300;5630,300;5634,312;5639,298;5643,290;5647,288;5652,286;5656,300;5660,300;5665,298;5669,302;5673,304;5678,302;5682,302;5686,286;5691,294;5695,292;5700,290;5704,304;5708,304;5713,302;5717,294;5721,308;5726,306;5730,306;5734,306;5739,304;5743,296;5747,296;5752,294;5756,280;5761,292;5765,298;5769,310;5774,296;5778,296;5782,294;5787,308;5791,300;5795,298;5800,298;5804,296;5808,296;5813,296;5817,302;5821,302;5826,300;5830,300;5835,300;5839,288;5843,290;5848,288;5852,302;5856,288;5861,288;5865,308;5869,304;5874,306;5878,304;5882,290;5887,280;5891,278;5896,292;5900,292;5904,290;5909,290;5913,294;5917,292;5922,308;5926,306;5930,306;5935,304;5939,282;5943,296;5948,294;5952,294;5956,292;5961,298;5965,284;5970,296;5974,296;5978,296;5983,294;5987,300;5991,298;5996,298;6000,298;6004,296;6009,296;6013,300;6017,300;6022,300;6026,314;6030,298;6035,304;6039,302;6044,288;6048,286;6052,286;6057,284;6061,304;6065,304;6070,302;6074,316;6078,300;6083,316;6087,304;6091,304;6096,288;6100,288;6104,302;6109,294;6113,306;6118,306;6122,304;6126,304;6131,304;6135,294;6139,294;6144,294;6148,292;6152,306;6157,292;6161,298;6165,296;6170,310;6174,294;6178,308;6183,300;6187,298;6192,298;6196,284;6200,296;6205,296;6209,302;6213,300;6218,300;6222,298;6226,298;6231,274;6235,274;6239,258;6244,258;6248,270;6253,270;6257,276;6261,260;6266,230;6270,272;6274,272;6279,264;6283,264;6287,262;6292,248;6296,276;6300,260;6305,280;6309,264;6313,222;6318,278;6322,278;6327,276;6331,254;6335,252;6340,238;6344,266;6348,264;6353,270;6357,268;6361,226;6366,268;6370,280;6374,266;6379,242;6383,270;6387,270;6392,268;6396,268;6401,230;6405,272;6409,274;6414,270;6418,256;6422,268;6427,246;6431,260;6435,260;6440,272;6444,256;6448,256;6453,262;6457,276;6462,274;6466,274;6470,272;6475,236;6479,264;6483,262;6488,262;6492,274;6496,260;6501,266;6505,266;6509,278;6514,264;6518,250;6522,248;6527,254;6531,252;6536,266;6540,250;6544,248;6549,248;6553,284;6557,254;6562,224;6566,266;6570,280;6575,258;6579,242;6583,270;6588,268;6592,268;6596,268;\r\nBuffer sent in 0.973 secondsreturn;buffer;965\r\nreceived from UR: measure -> measure (0,1)\r\nSTEPPER: Moving to mstep: 6600 with speed [msteps/sec]: 1000 in StealthChop.\r\n'), 13:18:14
bytearray(b'STEPPER: Moving to mstep: 2400 with speed [msteps/sec]: 4000 in SpreadCycle.\r\n'), 13:18:19
bytearray(b'STEPPER: Moved 4200.00 msteps (ramp: 35%) in 1324.888 ms -> average speed [msteps/sec]: 3170.08\r\nreturn;measure;962\r\n'), 13:18:20
bytearray(b'received from UR: buffer -> buffer (0,1)\r\nSending buffer of size 962data;2400,300;2404,464;2408,146;2413,276;2417,318;2421,324;2426,338;2430,324;2434,338;2439,320;2443,328;2447,328;2452,312;2456,312;2460,312;2465,326;2469,332;2474,344;2478,330;2482,330;2487,314;2491,334;2495,334;2500,318;2504,332;2508,318;2513,330;2517,322;2521,336;2526,322;2530,336;2534,320;2539,334;2543,338;2548,324;2552,324;2556,310;2561,322;2565,316;2569,342;2574,328;2578,342;2582,326;2587,340;2591,332;2595,316;2600,330;2604,314;2608,328;2613,314;2617,334;2622,320;2626,332;2630,318;2635,330;2639,322;2643,322;2648,334;2652,318;2656,334;2661,318;2665,338;2669,324;2674,336;2678,322;2682,336;2687,320;2691,326;2696,340;2700,324;2704,324;2709,308;2713,330;2717,328;2722,328;2726,326;2730,326;2735,324;2739,316;2743,328;2748,314;2752,328;2756,312;2761,326;2765,330;2770,330;2774,316;2778,342;2783,314;2787,320;2791,334;2796,318;2800,332;2804,304;2809,316;2813,322;2817,322;2826,334;2830,320;2835,334;2839,324;2844,324;2848,338;2852,322;2857,322;2861,314;2865,328;2870,326;2874,340;2878,324;2883,338;2887,330;2891,314;2896,328;2900,328;2904,326;2909,326;2913,332;2918,316;2922,330;2926,330;2931,328;2935,328;2939,306;2944,320;2948,318;2952,332;2957,304;2961,338;2965,324;2970,336;2974,320;2978,336;2983,320;2987,328;2992,340;2996,324;3000,338;3005,310;3009,330;3013,314;3018,328;3022,328;3026,328;3031,312;3035,318;3039,330;3044,330;3048,330;3052,330;3057,328;3061,320;3066,334;3070,318;3074,334;3079,332;3083,324;3087,322;3092,308;3096,322;3100,320;3105,334;3109,324;3113,326;3118,324;3122,324;3126,322;3131,336;3135,328;3140,312;3144,326;3148,310;3153,338;3157,330;3161,330;3166,316;3170,342;3174,328;3179,342;3183,332;3187,318;3192,332;3196,316;3200,330;3205,330;3209,336;3214,322;3218,336;3222,320;3227,334;3231,326;3235,326;3240,324;3244,310;3248,324;3253,308;3257,344;3261,328;3266,342;3270,326;3274,340;3279,326;3283,332;3288,332;3292,316;3296,330;3301,330;3305,336;3309,320;3314,334;3318,320;3322,332;3327,332;3331,324;3335,324;3340,308;3344,322;3349,322;3353,334;3357,326;3362,326;3366,324;3370,324;3375,322;3379,316;3383,328;3388,312;3392,326;3396,312;3401,324;3405,330;3409,330;3414,314;3418,328;3423,324;3427,318;3431,330;3436,316;3440,316;3444,328;3449,328;3453,320;3457,334;3462,318;3466,332;3470,330;3475,330;3479,322;3483,308;3488,320;3492,320;3497,332;3501,324;3505,338;3510,322;3514,322;3518,322;3523,334;3527,326;3531,312;3536,324;3540,310;3544,338;3549,322;3553,344;3557,328;3562,328;3566,314;3571,326;3575,324;3579,318;3584,330;3588,302;3592,328;3597,314;3601,320;3610,334;3614,318;3618,332;3623,316;3627,324;3631,336;3636,322;3640,320;3644,320;3649,320;3653,326;3658,338;3662,324;3666,338;3671,322;3675,328;3679,328;3684,326;3688,326;3692,312;3697,324;3701,330;3705,330;3710,316;3714,328;3718,314;3723,328;3727,334;3732,318;3736,332;3740,316;3745,330;3749,336;3753,334;3758,320;3762,332;3766,318;3771,332;3775,336;3779,322;3784,322;3788,306;3792,320;3797,320;3801,340;3806,312;3810,338;3814,322;3819,336;3823,328;3827,328;3832,326;3836,312;3840,326;3845,326;3849,332;3853,316;3858,330;3862,316;3866,328;3871,328;3875,320;3880,334;3884,318;3888,318;3893,332;3897,324;3901,322;3906,336;3910,322;3914,322;3919,322;3923,314;3927,326;3932,310;3936,324;3940,310;3945,338;3949,328;3954,328;3958,314;3962,328;3967,326;3971,320;3975,332;3980,318;3984,330;3988,316;3993,330;3997,322;4001,336;4006,320;4010,334;4015,318;4019,310;4023,324;4028,324;4032,324;4036,322;4041,322;4045,314;4049,328;4054,326;4058,340;4062,312;4067,326;4071,330;4075,330;4080,328;4084,328;4089,328;4093,320;4097,334;4102,332;4106,332;4110,316;4115,332;4119,322;4123,322;4128,336;4132,320;4136,334;4141,306;4145,326;4150,326;4154,324;4158,322;4163,336;4167,328;4171,328;4176,340;4180,326;4184,340;4189,310;4193,330;4197,316;4202,330;4206,328;4210,328;4215,312;4219,318;4224,318;4228,318;4232,330;4237,316;4241,336;4245,322;4250,336;4254,320;4258,334;4263,320;4267,326;4271,338;4276,324;4280,324;4284,322;4289,322;4293,328;4298,328;4302,312;4306,326;4311,324;4315,318;4319,330;4324,316;4328,330;4332,314;4337,328;4341,320;4345,334;4350,332;4354,332;4358,318;4363,332;4367,322;4372,322;4376,336;4380,320;4385,320;4389,326;4393,338;4398,324;4402,338;4406,322;4411,328;4419,312;4424,326;4428,326;4432,324;4437,324;4441,330;4445,314;4450,328;4454,326;4459,340;4463,318;4467,318;4472,316;4476,316;4480,330;4485,328;4489,336;4493,320;4498,334;4502,318;4506,332;4511,332;4515,324;4519,338;4524,310;4528,322;4533,322;4537,334;4541,314;4546,326;4550,326;4554,338;4559,324;4563,316;4567,328;4572,314;4576,326;4580,326;4585,326;4589,318;4593,318;4598,302;4602,316;4607,302;4611,294;4615,306;4620,306;4624,304;4628,290;4633,304;4637,296;4641,280;4646,294;4650,308;4654,292;4659,306;4663,312;4667,298;4672,312;4676,282;4681,296;4685,302;4689,286;4694,300;4698,300;4702,300;4707,312;4711,304;4715,290;4720,302;4724,302;4728,300;4733,294;4737,306;4742,304;4746,276;4750,290;4755,304;4759,310;4763,308;4768,308;4772,294;4776,306;4781,292;4785,312;4789,298;4794,282;4798,296;4802,310;4807,294;4811,300;4816,300;4820,300;4824,298;4829,298;4833,304;4837,302;4842,302;4846,302;4850,302;4855,300;4859,292;4863,292;4868,290;4872,290;4876,302;4881,308;4885,308;4890,308;4894,306;4898,304;4903,304;4907,296;4911,308;4916,280;4920,306;4924,292;4929,292;4933,312;4937,310;4942,310;4946,280;4951,294;4955,298;4959,312;4964,298;4968,296;4972,282;4977,294;4981,300;4985,314;4990,300;4994,312;4998,298;5003,288;5007,288;5011,286;5016,300;5020,284;5025,298;5029,304;5033,302;5038,302;5042,314;5046,300;5051,300;5055,290;5059,290;5064,288;5068,288;5072,288;5077,286;5081,292;5085,306;5090,304;5094,304;5099,302;5103,294;5107,294;5112,292;5116,276;5120,290;5125,290;5129,310;5133,310;5138,308;5142,306;5146,292;5151,290;5155,282;5159,296;5164,294;5168,308;5173,292;5177,298;5181,298;5186,310;5190,296;5194,310;5199,294;5203,298;5207,298;5212,298;5216,310;5220,296;5225,308;5229,300;5233,300;5238,298;5242,312;5247,298;5251,288;5255,288;5260,300;5264,300;5268,284;5273,298;5277,304;5281,302;5286,302;5290,314;5294,314;5299,290;5303,290;5308,290;5312,288;5316,288;5321,302;5325,306;5329,292;5334,290;5338,304;5342,302;5347,316;5351,306;5355,292;5360,304;5364,290;5368,290;5373,294;5377,294;5382,292;5386,306;5390,304;5395,304;5399,310;5403,294;5408,308;5412,294;5416,306;5421,306;5425,298;5429,296;5434,296;5438,296;5443,310;5447,286;5451,286;5456,284;5460,286;5464,296;5469,282;5473,302;5477,302;5482,286;5486,286;5490,300;5495,298;5499,304;5503,302;5508,288;5512,302;5517,288;5521,306;5525,292;5530,292;5534,290;5538,304;5543,304;5547,296;5551,308;5556,294;5560,306;5564,292;5569,292;5573,298;5577,310;5582,296;5586,310;5591,308;5595,286;5599,298;5604,284;5608,296;5612,282;5617,294;5621,300;5625,314;5630,298;5634,312;5638,298;5643,288;5647,288;5651,288;5656,288;5660,286;5665,286;5669,304;5673,304;5678,302;5682,316;5686,300;5691,302;5695,292;5699,292;5704,290;5708,290;5712,288;5717,288;5721,308;5725,306;5730,308;5734,306;5739,306;5743,298;5747,296;5752,296;5756,282;5760,294;5765,294;5769,300;5773,300;5778,314;5782,298;5786,312;5791,290;5795,288;5800,302;5804,286;5808,288;5813,286;5817,306;5821,304;5826,318;5830,304;5834,302;5839,302;5843,294;5847,292;5852,292;5856,290;5860,290;5865,296;5869,294;5874,308;5878,306;5882,292;5887,304;5891,282;5895,294;5900,280;5904,294;5908,292;5913,292;5917,298;5921,310;5926,310;5930,310;5934,308;5939,286;5943,300;5948,298;5952,298;5956,298;5961,298;5965,288;5969,288;5974,288;5978,302;5982,300;5987,300;5991,306;5995,304;6000,304;6004,288;6009,288;6013,308;6017,308;6022,306;6026,306;6030,306;6035,306;6039,284;6043,296;6048,282;6052,282;6056,294;6061,294;6065,300;6069,300;6074,312;6078,298;6083,296;6087,288;6091,288;6096,286;6100,286;6104,286;6109,286;6113,306;6117,306;6122,304;6126,302;6130,302;6135,302;6139,294;6143,306;6148,292;6152,306;6157,290;6161,310;6165,310;6170,308;6174,294;6178,294;6183,292;6187,284;6191,298;6196,298;6200,296;6204,296;6209,296;6213,300;6217,300;6222,300;6226,284;6231,270;6235,262;6239,260;6244,260;6248,260;6252,244;6257,272;6261,278;6265,264;6270,276;6274,246;6278,260;6283,252;6287,250;6291,252;6296,250;6300,236;6305,278;6309,270;6313,268;6318,266;6322,224;6326,266;6331,258;6335,270;6339,242;6344,270;6348,268;6352,282;6357,260;6361,260;6366,272;6370,286;6374,272;6379,272;6383,264;6387,276;6392,276;6396,274;6400,274;6405,280;6409,266;6413,252;6418,250;6422,278;6426,278;6431,268;6435,268;6440,268;6444,254;6448,252;6453,236;6457,286;6461,270;6466,270;6470,256;6474,240;6479,274;6483,244;6487,272;6492,244;6496,242;6500,256;6505,262;6509,276;6514,262;6518,274;6522,260;6527,244;6531,236;6535,250;6540,250;6544,248;6548,234;6553,282;6557,268;6561,266;6566,266;6570,250;6574,264;6579,270;6583,270;6588,270;6592,268;6596,240;\r\nBuffer sent in 0.970 secondsreturn;buffer;962\r\nreceived from UR: measure -> measure (0,1)\r\nSTEPPER: Moving to mstep: 6600 with speed [msteps/sec]: 1000 in StealthChop.\r\n'), 13:18:23
bytearray(b'STEPPER: Moving to mstep: 2400 with speed [msteps/sec]: 4000 in SpreadCycle.\r\n'), 13:18:28
bytearray(b'STEPPER: Moved 4200.00 msteps (ramp: 35%) in 1324.888 ms -> average speed [msteps/sec]: 3170.08\r\nreturn;measure;965\r\n'), 13:18:29
bytearray(b'received from UR: buffer -> buffer (0,1)\r\nSending buffer of size 965data;2400,302;2404,460;2408,156;2413,270;2417,328;2421,320;2426,334;2430,320;2434,346;2439,332;2443,324;2447,310;2452,310;2456,324;2460,322;2465,336;2469,316;2474,328;2478,314;2482,328;2487,328;2491,320;2495,332;2500,318;2504,332;2508,318;2513,332;2517,324;2521,324;2526,324;2530,338;2534,324;2539,338;2543,330;2548,316;2552,330;2556,316;2561,342;2565,322;2569,322;2574,320;2578,334;2582,320;2587,334;2591,328;2595,312;2600,324;2604,312;2608,340;2613,326;2617,332;2622,318;2626,332;2630,330;2635,330;2639,324;2643,322;2648,322;2652,322;2656,336;2661,336;2665,328;2669,328;2674,328;2678,326;2682,326;2687,326;2691,318;2696,330;2700,318;2704,330;2709,316;2713,330;2717,322;2722,336;2726,320;2730,336;2735,322;2739,312;2743,326;2748,312;2752,326;2756,326;2761,340;2765,318;2770,332;2774,318;2778,332;2783,318;2787,324;2791,338;2796,312;2800,324;2804,310;2809,326;2813,316;2817,344;2822,330;2826,344;2830,316;2835,308;2839,322;2844,322;2848,322;2852,320;2857,320;2861,326;2865,340;2870,326;2874,340;2878,326;2883,340;2887,332;2891,332;2896,318;2900,318;2904,332;2909,318;2913,338;2918,324;2922,324;2926,324;2931,338;2935,344;2939,330;2944,330;2948,314;2952,328;2957,314;2961,336;2965,320;2970,334;2974,320;2979,334;2983,318;2987,326;2992,324;2996,310;3000,324;3005,324;3009,332;3013,316;3018,328;3022,314;3026,342;3031,328;3035,320;3039,320;3044,318;3048,332;3053,318;3057,332;3061,310;3066,324;3070,322;3074,336;3079,322;3083,314;3087,328;3092,314;3096,326;3100,314;3105,326;3109,318;3113,332;3118,330;3122,344;3127,330;3131,308;3135,322;3140,308;3144,334;3148,320;3153,334;3157,326;3161,340;3166,326;3170,340;3174,324;3179,338;3183,332;3187,316;3192,316;3196,316;3201,330;3205,322;3209,336;3214,322;3218,336;3222,320;3227,334;3231,328;3235,312;3240,326;3244,312;3248,326;3253,310;3257,332;3261,330;3266,330;3270,316;3275,330;3279,314;3283,320;3288,334;3292,334;3296,318;3301,318;3305,338;3309,324;3314,338;3318,324;3322,336;3327,322;3331,314;3335,328;3340,312;3344,326;3349,312;3353,326;3357,318;3362,332;3366,316;3370,330;3375,316;3379,322;3383,336;3388,322;3392,322;3396,308;3401,334;3405,326;3409,340;3414,326;3418,340;3423,324;3427,316;3431,330;3436,330;3440,328;3444,314;3449,328;3453,318;3457,334;3462,318;3466,332;3470,318;3475,332;3479,324;3483,322;3488,322;3492,306;3497,320;3501,326;3505,326;3510,324;3514,324;3518,324;3523,338;3527,328;3531,314;3536,328;3540,312;3544,326;3549,312;3553,332;3558,318;3562,332;3566,318;3571,330;3575,336;3579,320;3584,334;3588,320;3592,332;3597,318;3601,338;3605,324;3610,336;3614,322;3618,336;3623,320;3627,314;3632,326;3636,326;3640,326;3645,324;3649,332;3653,316;3658,330;3662,316;3666,330;3671,328;3675,320;3679,334;3684,332;3688,332;3692,318;3697,330;3701,322;3706,336;3710,322;3714,336;3719,320;3723,312;3727,326;3732,312;3736,324;3740,310;3745,324;3749,330;3753,344;3758,328;3762,328;3767,326;3771,340;3775,332;3780,320;3784,332;3788,316;3793,330;3797,322;3801,336;3806,320;3810,334;3814,320;3819,334;3823,326;3827,324;3832,338;3836,324;3841,322;3845,322;3849,330;3854,314;3858,328;3862,326;3867,326;3871,332;3875,318;3880,330;3884,330;3888,330;3893,314;3897,336;3901,322;3906,334;3910,320;3915,334;3919,320;3923,324;3928,326;3932,310;3936,324;3941,310;3945,330;3949,326;3954,330;3958,328;3962,328;3967,328;3971,320;3975,334;3980,320;3984,334;3989,318;3993,332;3997,324;4002,338;4006,322;4010,336;4015,320;4019,312;4023,326;4028,324;4032,324;4036,310;4041,324;4045,316;4049,342;4054,314;4058,326;4063,326;4067,318;4071,332;4076,330;4080,328;4084,314;4089,328;4093,320;4097,334;4102,318;4106,332;4110,316;4115,330;4119,336;4123,322;4128,322;4132,320;4137,334;4141,326;4145,340;4150,324;4154,326;4158,324;4163,338;4167,330;4171,316;4176,330;4180,314;4184,314;4189,312;4193,334;4198,318;4202,332;4206,318;4211,332;4215,324;4219,322;4224,336;4228,336;4232,322;4237,320;4241,328;4245,326;4250,328;4254,312;4258,326;4263,326;4267,318;4272,332;4276,332;4280,330;4285,316;4289,336;4293,322;4298,336;4302,322;4306,334;4311,320;4315,312;4319,328;4324,312;4328,326;4332,310;4337,326;4341,330;4346,344;4350,330;4354,344;4359,328;4363,308;4367,334;4372,320;4376,334;4380,318;4385,332;4389,324;4393,338;4398,324;4402,338;4406,324;4411,338;4415,344;4420,328;4424,328;4428,314;4433,328;4437,320;4441,348;4446,320;4450,348;4454,318;4459,334;4463,324;4467,324;4472,338;4476,324;4480,322;4485,322;4489,330;4494,328;4498,328;4502,326;4507,324;4511,332;4515,318;4520,332;4524,332;4528,330;4533,316;4537,334;4541,322;4546,336;4550,324;4554,334;4559,320;4563,312;4568,326;4572,312;4576,326;4581,312;4585,332;4589,318;4594,318;4598,304;4602,304;4607,288;4611,296;4615,308;4620,294;4624,308;4629,294;4633,302;4637,300;4642,300;4646,298;4650,312;4655,298;4659,290;4663,304;4668,290;4672,304;4676,290;4681,296;4685,296;4689,282;4694,294;4698,308;4703,308;4707,286;4711,300;4716,300;4720,312;4724,286;4729,298;4733,306;4737,304;4742,304;4746,304;4750,302;4755,296;4759,294;4764,294;4768,308;4772,294;4777,308;4781,286;4785,300;4790,298;4794,312;4798,296;4803,296;4807,302;4811,302;4816,302;4820,302;4824,316;4829,294;4833,308;4838,294;4842,306;4846,292;4851,306;4855,296;4859,296;4864,310;4868,294;4872,294;4877,294;4881,300;4885,298;4890,312;4894,298;4898,310;4903,302;4907,288;4912,302;4916,300;4920,300;4925,300;4929,306;4933,304;4938,304;4942,304;4946,304;4951,302;4955,294;4959,308;4964,294;4968,306;4972,292;4977,306;4981,298;4986,284;4990,298;4994,312;4999,296;5003,290;5007,302;5012,302;5016,300;5020,300;5025,300;5029,292;5033,306;5038,292;5042,304;5046,302;5051,294;5055,294;5060,280;5064,294;5068,292;5073,292;5077,300;5081,286;5086,298;5090,284;5094,298;5099,310;5103,290;5107,288;5112,288;5116,288;5120,300;5125,308;5129,306;5134,306;5138,306;5142,306;5147,318;5151,296;5155,282;5160,296;5164,280;5168,296;5173,294;5177,314;5181,300;5186,312;5190,298;5195,312;5199,302;5203,288;5208,302;5212,286;5216,300;5221,286;5225,306;5229,304;5234,304;5238,302;5242,290;5247,294;5251,294;5256,294;5260,292;5264,292;5269,292;5273,298;5277,298;5282,310;5286,296;5290,310;5295,296;5299,288;5303,286;5308,286;5312,298;5316,298;5321,304;5325,304;5330,304;5334,302;5338,316;5343,302;5347,292;5351,292;5356,292;5360,292;5364,290;5369,304;5373,296;5377,296;5382,282;5386,296;5390,296;5395,286;5399,300;5404,286;5408,298;5412,286;5417,286;5421,304;5425,306;5430,304;5434,318;5438,304;5443,304;5447,282;5451,294;5456,294;5460,294;5464,308;5469,298;5473,300;5478,298;5482,298;5486,298;5491,294;5495,304;5499,302;5504,288;5508,288;5512,302;5517,286;5521,292;5525,292;5530,306;5534,306;5538,304;5543,312;5547,296;5552,310;5556,296;5560,294;5565,294;5569,314;5573,300;5578,300;5582,284;5586,298;5591,298;5595,290;5599,318;5604,288;5608,302;5613,288;5617,308;5621,306;5626,308;5630,306;5634,306;5639,304;5643,280;5647,294;5652,294;5656,294;5660,294;5665,306;5669,298;5673,298;5678,296;5682,296;5687,296;5691,274;5695,300;5700,300;5704,296;5708,298;5713,298;5717,302;5721,288;5726,302;5730,316;5734,302;5739,292;5743,306;5748,292;5752,292;5756,290;5761,290;5765,296;5769,308;5774,294;5778,292;5782,292;5787,306;5791,298;5795,282;5800,296;5804,296;5808,310;5813,302;5817,302;5822,300;5826,300;5830,298;5835,296;5839,290;5843,288;5848,302;5852,286;5856,300;5861,286;5865,290;5869,292;5874,304;5878,304;5882,302;5887,296;5891,266;5896,294;5900,294;5904,292;5909,292;5913,298;5917,298;5922,298;5926,298;5930,310;5935,296;5939,288;5943,302;5948,286;5952,300;5956,286;5961,306;5965,304;5970,318;5974,304;5978,304;5983,302;5987,280;5991,308;5996,294;6000,306;6004,292;6009,292;6013,298;6017,312;6022,296;6026,296;6030,296;6035,302;6039,288;6044,288;6048,300;6052,300;6057,300;6061,290;6065,304;6070,304;6074,304;6078,302;6083,282;6087,294;6091,294;6096,292;6100,292;6105,292;6109,300;6113,312;6118,312;6122,312;6126,296;6131,310;6135,302;6139,288;6144,300;6148,286;6152,300;6157,284;6161,304;6165,304;6170,304;6174,304;6179,304;6183,294;6187,280;6192,294;6196,280;6200,292;6205,292;6209,312;6213,298;6218,312;6222,296;6226,310;6231,274;6235,258;6240,258;6244,244;6248,270;6253,270;6257,264;6261,262;6266,248;6270,260;6274,260;6279,266;6283,252;6287,264;6292,264;6296,264;6300,236;6305,284;6309,268;6314,268;6318,254;6322,238;6327,280;6331,258;6335,272;6340,258;6344,258;6348,242;6353,278;6357,276;6361,248;6366,276;6370,276;6374,274;6379,238;6383,266;6388,266;6392,264;6396,252;6401,250;6405,270;6409,270;6414,254;6418,226;6422,268;6427,260;6431,260;6435,246;6440,244;6444,244;6448,272;6453,264;6457,262;6462,262;6466,232;6470,274;6475,272;6479,266;6483,236;6488,278;6492,264;6496,264;6501,256;6505,240;6509,268;6514,254;6518,266;6522,224;6527,258;6531,258;6536,256;6540,242;6544,256;6549,226;6553,276;6557,274;6562,246;6566,274;6570,272;6575,264;6579,250;6583,248;6588,248;6592,262;6597,248;\r\nBuffer sent in 0.973 secondsreturn;buffer;965\r\n'), 13:18:32
