bytearray(b'received from UR: s -> s (0,1)\r\n*** STATUS ***\r\nid        :         3 -\r\nstep      :      2400 steps\r\nspeed     :      1500 msteps/s\r\nmspeed    :      1000 msteps/s\r\nsg-thrs   :        80 -\r\ndefault   :     12000 \xc2\xb5m\r\ndispense  :     14640 \xc2\xb5m\r\nblowout   :     33000 \xc2\xb5m\r\nd-offset  :        20 \xc2\xb5m\r\nur0       :         1 -\r\nur1       :         1 -\r\nhomed     :         1 -\r\nreturn;s;2400\r\n'), 13:11:33
bytearray(b'received from UR: measure -> measure (0,1)\r\nSTEPPER: Moving to mstep: 6600 with speed [msteps/sec]: 1000 in StealthChop.\r\n'), 13:11:35
bytearray(b'STEPPER: Moving to mstep: 2400 with speed [msteps/sec]: 4000 in SpreadCycle.\r\n'), 13:11:39
bytearray(b'STEPPER: Moved 4200.00 msteps (ramp: 35%) in 1324.892 ms -> average speed [msteps/sec]: 3170.07\r\nreturn;measure;965\r\n'), 13:11:40
bytearray(b'received from UR: buffer -> buffer (0,1)\r\nSending buffer of size 965data;2400,306;2404,442;2408,196;2413,282;2417,332;2421,318;2426,332;2430,318;2434,332;2439,318;2443,324;2447,324;2452,324;2456,324;2460,324;2465,324;2469,332;2474,332;2478,318;2482,332;2487,318;2491,326;2495,326;2500,326;2504,326;2508,326;2513,326;2517,318;2521,332;2526,320;2530,332;2534,332;2539,332;2543,324;2547,324;2552,324;2556,310;2561,324;2565,332;2569,332;2574,318;2578,332;2582,316;2587,332;2591,336;2595,308;2600,322;2604,322;2608,336;2613,322;2617,330;2622,314;2626,328;2630,328;2635,328;2639,322;2643,320;2648,334;2652,320;2656,334;2661,318;2665,340;2669,326;2674,340;2678,326;2682,326;2687,326;2691,320;2696,318;2700,318;2704,318;2709,318;2713,318;2717,324;2722,338;2726,324;2730,326;2735,324;2739,318;2743,332;2748,316;2752,330;2756,316;2761,330;2765,322;2770,338;2774,322;2778,336;2783,322;2787,328;2791,342;2796,314;2800,328;2804,314;2809,328;2813,320;2817,334;2822,320;2826,334;2830,320;2835,348;2839,326;2844,312;2848,326;2852,326;2857,326;2861,318;2865,332;2870,318;2874,332;2878,316;2883,330;2887,322;2891,324;2896,336;2900,322;2904,322;2909,322;2913,330;2918,328;2922,328;2926,328;2931,328;2935,334;2939,320;2944,334;2948,320;2952,334;2957,320;2961,326;2965,326;2970,340;2974,326;2979,340;2983,318;2987,318;2992,332;2996,318;3000,304;3005,304;3009,310;3013,296;3018,310;3022,310;3026,308;3031,288;3035,302;3039,300;3044,300;3048,300;3053,300;3057,306;3061,306;3066,306;3070,306;3074,306;3079,306;3083,284;3087,298;3092,298;3096,300;3100,298;3105,298;3109,304;3113,318;3118,304;3122,304;3127,304;3131,282;3135,296;3140,296;3144,310;3148,296;3153,310;3157,302;3161,316;3166,302;3170,316;3174,302;3179,294;3183,308;3187,294;3192,308;3196,294;3201,308;3205,300;3209,316;3214,314;3218,314;3222,300;3227,314;3231,294;3235,306;3240,308;3244,308;3248,308;3253,308;3257,314;3261,302;3266,316;3270,302;3275,302;3279,308;3283,308;3288,294;3292,294;3296,294;3301,308;3305,314;3309,302;3314,314;3318,314;3322,314;3327,314;3331,294;3336,308;3340,292;3344,306;3349,294;3353,300;3357,300;3362,314;3366,300;3370,314;3375,300;3379,292;3383,292;3388,292;3392,292;3396,292;3401,312;3405,298;3410,298;3414,296;3418,310;3423,296;3427,304;3431,290;3436,304;3440,302;3444,302;3449,302;3453,294;3457,308;3462,294;3466,308;3471,308;3475,286;3479,298;3484,300;3488,298;3492,284;3497,298;3501,304;3505,304;3510,304;3514,302;3518,302;3523,294;3527,308;3531,292;3536,294;3540,278;3545,306;3549,312;3553,312;3558,298;3562,310;3566,310;3571,324;3575,316;3579,302;3584,302;3588,302;3592,316;3597,300;3601,322;3605,306;3610,308;3614,306;3619,320;3623,312;3627,312;3632,312;3636,298;3640,298;3645,312;3649,290;3653,302;3658,318;3662,302;3666,316;3671,302;3675,294;3679,294;3684,294;3688,294;3693,294;3697,314;3701,314;3706,314;3710,300;3714,314;3719,300;3723,306;3727,306;3732,292;3736,304;3740,290;3745,304;3749,296;3753,296;3758,310;3762,310;3767,310;3771,288;3775,302;3780,302;3784,300;3788,300;3793,314;3797,292;3801,292;3806,292;3810,306;3814,304;3819,300;3823,298;3827,298;3832,296;3836,296;3841,310;3845,288;3849,302;3854,288;3858,302;3862,288;3867,302;3871,294;3875,294;3880,292;3884,278;3888,292;3893,300;3897,300;3902,298;3906,300;3910,300;3915,312;3919,306;3923,292;3928,290;3932,276;3936,290;3941,290;3945,298;3949,298;3954,296;3958,296;3962,310;3967,302;3971,302;3976,302;3980,302;3984,302;3989,302;3993,322;3997,308;4002,322;4006,308;4010,322;4015,306;4019,300;4023,300;4028,300;4032,298;4037,284;4041,320;4045,304;4050,318;4054,304;4058,318;4063,304;4067,296;4071,310;4076,310;4080,310;4084,296;4089,308;4093,302;4097,302;4102,302;4106,302;4111,300;4115,294;4119,308;4124,292;4128,306;4132,292;4137,306;4141,298;4145,312;4150,312;4154,312;4158,312;4163,296;4167,302;4171,290;4176,302;4180,302;4185,302;4189,294;4193,308;4198,292;4202,306;4206,306;4211,306;4215,298;4219,298;4224,284;4228,282;4232,296;4237,296;4241,302;4245,288;4250,288;4254,288;4259,302;4263,294;4267,292;4272,292;4276,292;4280,294;4285,292;4289,300;4293,300;4298,300;4302,298;4306,300;4311,292;4315,290;4319,290;4324,276;4328,290;4333,290;4337,298;4341,296;4346,310;4350,310;4354,310;4359,308;4363,288;4367,302;4372,302;4376,314;4380,300;4385,300;4389,306;4394,322;4398,308;4402,322;4407,306;4411,286;4415,300;4420,300;4424,300;4428,300;4433,300;4437,306;4441,320;4446,306;4450,306;4454,306;4459,284;4463,296;4468,298;4472,298;4476,296;4481,296;4485,302;4489,316;4494,302;4498,302;4502,302;4507,302;4511,294;4515,294;4520,306;4524,292;4529,306;4533,300;4537,312;4542,312;4546,298;4550,296;4555,298;4559,290;4563,288;4568,302;4572,302;4576,302;4581,290;4585,308;4589,294;4594,308;4598,294;4603,308;4607,300;4611,286;4616,300;4620,286;4624,298;4629,298;4633,276;4637,290;4642,304;4646,290;4650,304;4655,290;4659,296;4663,296;4668,296;4672,296;4677,282;4681,302;4685,302;4690,288;4694,300;4698,300;4703,300;4707,292;4711,292;4716,292;4720,292;4724,276;4729,292;4733,298;4737,298;4742,296;4746,310;4751,310;4755,288;4759,302;4764,302;4768,302;4772,302;4777,302;4781,294;4785,308;4790,294;4794,308;4798,308;4803,300;4807,302;4811,300;4816,300;4820,300;4825,300;4829,306;4833,320;4838,306;4842,306;4846,304;4851,306;4855,298;4859,296;4864,296;4868,296;4872,296;4877,304;4881,318;4886,302;4890,302;4894,302;4899,302;4903,294;4907,294;4912,294;4916,294;4920,294;4925,294;4929,300;4933,300;4938,300;4942,298;4947,272;4951,306;4955,290;4960,304;4964,304;4968,304;4973,290;4977,296;4981,296;4986,310;4990,296;4994,310;4999,296;5003,288;5007,288;5012,286;5016,286;5021,286;5025,294;5029,292;5034,292;5038,292;5042,292;5047,292;5051,284;5055,284;5060,284;5064,284;5068,282;5073,290;5077,290;5081,260;5086,288;5090,304;5095,288;5099,296;5103,294;5108,280;5112,280;5116,280;5121,280;5125,300;5129,300;5134,298;5138,270;5142,298;5147,290;5151,304;5155,304;5160,318;5164,302;5169,316;5173,294;5177,310;5182,294;5186,308;5190,294;5195,308;5199,300;5203,300;5208,298;5212,284;5216,298;5221,298;5225,304;5229,304;5234,302;5238,302;5243,302;5247,294;5251,308;5256,294;5260,294;5264,292;5269,292;5273,300;5277,298;5282,298;5286,298;5290,312;5295,312;5299,304;5303,290;5308,288;5312,288;5317,288;5321,308;5325,294;5330,308;5334,306;5338,306;5343,306;5347,298;5351,298;5356,298;5360,312;5364,298;5369,304;5373,304;5378,304;5382,302;5386,302;5391,288;5395,294;5399,294;5404,294;5408,294;5412,294;5417,292;5421,300;5425,300;5430,298;5434,298;5438,298;5443,290;5447,290;5452,290;5456,290;5460,290;5465,288;5469,294;5473,280;5478,294;5482,294;5486,292;5491,286;5495,298;5499,298;5504,298;5508,284;5513,296;5517,290;5521,302;5526,302;5530,288;5534,288;5539,302;5543,294;5547,280;5552,306;5556,306;5560,306;5565,292;5569,312;5573,298;5578,312;5582,298;5587,310;5591,302;5595,290;5600,302;5604,288;5608,300;5613,300;5617,278;5621,292;5626,306;5630,306;5634,318;5639,304;5643,296;5647,296;5652,282;5656,296;5661,296;5665,302;5669,288;5674,302;5678,302;5682,300;5687,300;5691,294;5695,292;5700,292;5704,292;5708,306;5713,270;5717,298;5721,298;5726,296;5730,298;5735,296;5739,290;5743,302;5748,288;5752,288;5756,288;5761,302;5765,294;5769,280;5774,294;5778,308;5782,294;5787,300;5791,298;5795,286;5800,298;5804,284;5809,296;5813,304;5817,304;5822,290;5826,302;5830,302;5835,304;5839,294;5843,294;5848,280;5852,280;5856,294;5861,300;5865,286;5870,286;5874,286;5878,286;5883,286;5887,292;5891,278;5896,290;5900,290;5904,290;5909,290;5913,296;5917,296;5922,310;5926,296;5930,296;5935,302;5939,288;5944,290;5948,288;5952,302;5957,286;5961,308;5965,294;5970,280;5974,294;5978,308;5983,294;5987,300;5991,314;5996,300;6000,298;6004,282;6009,306;6013,304;6018,318;6022,304;6026,302;6031,288;6035,296;6039,294;6044,294;6048,294;6052,280;6057,292;6061,300;6065,300;6070,298;6074,298;6079,298;6083,290;6087,304;6092,290;6096,288;6100,288;6105,302;6109,294;6113,280;6118,294;6122,308;6126,292;6131,306;6135,312;6139,298;6144,312;6148,298;6153,298;6157,302;6161,302;6166,302;6170,302;6174,288;6179,300;6183,292;6187,292;6192,306;6196,292;6200,292;6205,276;6209,312;6213,298;6218,296;6222,298;6227,298;6231,276;6235,276;6240,262;6244,248;6248,274;6253,274;6257,268;6261,266;6266,224;6270,266;6274,280;6279,272;6283,244;6287,258;6292,244;6296,256;6301,256;6305,248;6309,262;6314,262;6318,276;6322,248;6327,254;6331,254;6335,268;6340,254;6344,268;6348,240;6353,274;6357,274;6361,274;6366,260;6370,230;6375,260;6379,280;6383,266;6388,278;6392,264;6396,264;6401,270;6405,256;6409,226;6414,270;6418,270;6422,268;6427,262;6431,262;6436,246;6440,274;6444,262;6449,260;6453,254;6457,224;6462,266;6466,266;6470,266;6475,244;6479,258;6483,258;6488,258;6492,258;6496,256;6501,278;6505,278;6510,276;6514,262;6518,262;6523,218;6527,268;6531,268;6536,268;6540,252;6544,266;6549,274;6553,286;6557,274;6562,272;6566,272;6571,244;6575,264;6579,262;6584,262;6588,276;6592,262;6597,274;\r\nBuffer sent in 0.973 secondsreturn;buffer;965\r\nreceived from UR: measure -> measure (0,1)\r\nSTEPPER: Moving to mstep: 6600 with speed [msteps/sec]: 1000 in StealthChop.\r\n'), 13:11:44
bytearray(b'STEPPER: Moving to mstep: 2400 with speed [msteps/sec]: 4000 in SpreadCycle.\r\n'), 13:11:48
bytearray(b'STEPPER: Moved 4200.00 msteps (ramp: 35%) in 1324.892 ms -> average speed [msteps/sec]: 3170.07\r\nreturn;measure;965\r\n'), 13:11:49
bytearray(b'received from UR: buffer -> buffer (0,1)\r\nSending buffer of size 965data;2400,302;2404,468;2408,136;2413,278;2417,322;2421,328;2426,342;2430,328;2434,344;2439,328;2443,308;2447,322;2452,322;2456,322;2460,322;2465,336;2469,316;2474,330;2478,328;2482,330;2487,328;2491,322;2495,334;2500,334;2504,320;2508,320;2513,334;2517,326;2521,328;2526,328;2530,328;2534,328;2539,328;2543,334;2548,320;2552,320;2556,306;2561,334;2565,326;2569,340;2574,326;2578,340;2582,324;2587,338;2591,332;2595,318;2600,330;2604,316;2608,330;2613,316;2617,336;2622,322;2626,336;2630,322;2635,336;2639,328;2643,314;2648,314;2652,314;2656,328;2661,314;2665,334;2669,322;2674,334;2678,320;2683,334;2687,320;2691,328;2696,328;2700,314;2704,326;2709,326;2713,334;2717,334;2722,334;2726,320;2730,334;2735,320;2739,326;2743,326;2748,312;2752,326;2757,312;2761,340;2765,320;2770,332;2774,316;2778,332;2783,318;2787,324;2791,324;2796,310;2800,338;2804,310;2809,338;2813,316;2817,330;2822,316;2826,344;2831,316;2835,344;2839,322;2844,322;2848,322;2852,322;2857,336;2861,314;2865,328;2870,314;2874,330;2878,328;2883,328;2887,320;2891,320;2896,334;2900,320;2905,334;2909,334;2913,326;2918,326;2922,340;2926,326;2931,340;2935,332;2939,318;2944,330;2948,316;2952,330;2957,316;2961,338;2965,322;2970,338;2974,322;2979,338;2983,322;2987,314;2992,330;2996,314;3000,328;3005,314;3009,308;3013,294;3018,308;3022,294;3026,294;3031,294;3035,302;3039,302;3044,302;3048,302;3053,288;3057,310;3061,294;3066,294;3070,294;3074,310;3079,310;3083,288;3087,302;3092,302;3096,302;3100,290;3105,302;3109,296;3113,296;3118,296;3122,310;3127,310;3131,290;3135,304;3140,290;3144,304;3148,290;3153,304;3157,312;3161,312;3166,312;3170,312;3174,312;3179,290;3183,304;3187,290;3192,304;3196,290;3201,304;3205,310;3209,326;3214,310;3218,312;3222,310;3227,324;3231,304;3235,304;3240,302;3244,302;3248,302;3253,310;3257,312;3262,310;3266,310;3270,298;3275,296;3279,304;3283,304;3288,304;3292,304;3296,318;3301,318;3305,310;3309,310;3314,310;3318,310;3322,296;3327,304;3331,302;3336,316;3340,302;3344,316;3349,288;3353,310;3357,308;3362,310;3366,296;3370,310;3375,294;3379,302;3383,302;3388,302;3392,302;3396,300;3401,308;3405,294;3410,308;3414,306;3418,308;3423,306;3427,284;3431,298;3436,284;3440,298;3444,298;3449,298;3453,290;3457,306;3462,304;3466,304;3471,304;3475,296;3479,296;3484,296;3488,296;3492,296;3497,296;3501,302;3505,302;3510,302;3514,302;3518,302;3523,316;3527,308;3531,294;3536,308;3540,294;3545,308;3549,300;3553,314;3558,300;3562,314;3566,314;3571,314;3575,308;3579,294;3584,306;3588,292;3592,306;3597,292;3601,328;3605,314;3610,314;3614,314;3619,314;3623,306;3627,292;3632,306;3636,292;3640,306;3645,294;3649,314;3653,300;3658,314;3662,300;3666,314;3671,300;3675,306;3679,306;3684,306;3688,292;3693,292;3697,314;3701,314;3706,314;3710,300;3714,314;3719,300;3723,294;3727,308;3732,294;3736,308;3740,294;3745,300;3749,300;3754,314;3758,300;3762,300;3767,300;3771,292;3775,306;3780,292;3784,292;3788,292;3793,306;3797,300;3801,284;3806,298;3810,314;3814,298;3819,306;3823,292;3828,306;3832,292;3836,290;3841,292;3845,298;3849,312;3854,298;3858,298;3862,296;3867,310;3871,290;3875,290;3880,304;3884,290;3888,288;3893,296;3897,310;3902,296;3906,296;3910,296;3915,296;3919,302;3923,302;3928,302;3932,286;3936,300;3941,286;3945,308;3949,308;3954,308;3958,308;3962,308;3967,300;3971,300;3976,300;3980,286;3984,300;3989,300;3993,320;3997,306;4002,320;4006,306;4010,320;4015,306;4019,298;4023,298;4028,284;4032,298;4036,298;4041,298;4045,304;4050,318;4054,304;4058,318;4063,304;4067,296;4071,296;4076,296;4080,296;4084,296;4089,296;4093,304;4097,304;4102,304;4106,304;4110,304;4115,284;4119,298;4124,296;4128,296;4132,296;4137,310;4141,304;4145,304;4150,304;4154,304;4158,304;4163,304;4167,310;4171,296;4176,296;4180,282;4185,296;4189,304;4193,318;4198,302;4202,302;4206,302;4211,316;4215,294;4219,294;4224,308;4228,308;4232,294;4237,294;4241,300;4245,300;4250,300;4254,300;4259,300;4263,292;4267,292;4272,290;4276,276;4280,290;4285,278;4289,298;4293,298;4298,298;4302,298;4306,312;4311,290;4315,290;4320,304;4324,290;4328,304;4333,302;4337,310;4341,296;4346,296;4350,294;4354,280;4359,294;4363,300;4367,300;4372,300;4376,314;4380,300;4385,300;4389,306;4394,320;4398,306;4402,320;4407,304;4411,296;4415,296;4420,296;4424,296;4428,296;4433,296;4437,302;4441,318;4446,302;4450,302;4454,302;4459,294;4463,294;4468,294;4472,294;4476,294;4481,294;4485,300;4489,302;4494,300;4498,312;4502,300;4507,314;4511,308;4515,292;4520,306;4524,292;4528,306;4533,298;4537,298;4542,298;4546,298;4550,298;4555,298;4559,290;4563,276;4568,292;4572,290;4576,290;4581,290;4585,298;4589,296;4594,312;4598,298;4602,310;4607,290;4611,288;4616,288;4620,288;4624,288;4629,288;4633,310;4637,296;4642,310;4646,296;4650,296;4655,296;4659,302;4663,288;4668,288;4672,302;4677,288;4681,278;4685,280;4690,294;4694,292;4698,292;4703,292;4707,284;4711,284;4716,284;4720,284;4724,284;4729,298;4733,304;4737,290;4742,290;4746,304;4751,304;4755,296;4759,310;4764,296;4768,310;4772,308;4777,310;4781,302;4785,316;4790,300;4794,316;4798,300;4803,308;4807,294;4812,292;4816,306;4820,292;4825,292;4829,300;4833,314;4838,300;4842,314;4846,298;4851,300;4855,306;4859,306;4864,306;4868,292;4872,306;4877,298;4881,298;4886,298;4890,298;4894,298;4899,312;4903,304;4907,304;4912,304;4916,304;4920,304;4925,290;4929,310;4933,296;4938,296;4942,294;4946,308;4951,300;4955,286;4960,300;4964,286;4968,300;4973,286;4977,306;4981,292;4986,306;4990,292;4994,306;4999,304;5003,284;5007,296;5012,296;5016,310;5021,282;5025,304;5029,304;5034,304;5038,302;5042,304;5047,302;5051,268;5055,296;5060,296;5064,296;5068,296;5073,288;5077,288;5081,288;5086,302;5090,302;5095,302;5099,280;5103,280;5108,280;5112,280;5116,280;5121,294;5125,300;5129,300;5134,300;5138,314;5142,300;5147,292;5151,306;5155,292;5160,306;5164,290;5169,304;5173,298;5177,324;5182,310;5186,296;5190,296;5195,310;5199,302;5203,302;5208,302;5212,302;5216,302;5221,296;5225,310;5230,296;5234,310;5238,296;5243,310;5247,302;5251,302;5256,302;5260,302;5264,302;5269,302;5273,308;5277,294;5282,308;5286,308;5290,308;5295,300;5299,300;5304,300;5308,300;5312,300;5317,300;5321,306;5325,306;5330,306;5334,306;5338,306;5343,304;5347,284;5351,296;5356,282;5360,296;5364,282;5369,304;5373,304;5378,304;5382,302;5386,304;5391,302;5395,280;5399,294;5404,280;5408,294;5412,280;5417,294;5421,300;5425,314;5430,300;5434,300;5439,300;5443,292;5447,290;5452,290;5456,292;5460,292;5465,304;5469,298;5473,298;5478,296;5482,298;5486,296;5491,290;5495,304;5499,276;5504,288;5508,288;5513,288;5517,296;5521,310;5526,294;5530,294;5534,294;5539,296;5543,302;5547,286;5552,300;5556,286;5560,300;5565,286;5569,308;5573,294;5578,306;5582,292;5587,306;5591,298;5595,284;5600,298;5604,296;5608,296;5613,284;5617,304;5621,302;5626,304;5630,302;5634,302;5639,294;5643,294;5647,294;5652,292;5656,294;5661,292;5665,312;5669,300;5674,312;5678,300;5682,298;5687,298;5691,304;5695,304;5700,304;5704,290;5708,290;5713,296;5717,294;5722,308;5726,294;5730,294;5735,294;5739,286;5743,300;5748,286;5752,300;5756,298;5761,300;5765,292;5769,306;5774,304;5778,306;5782,304;5787,282;5791,296;5796,296;5800,296;5804,296;5809,294;5813,288;5817,272;5822,286;5826,300;5830,300;5835,300;5839,306;5843,304;5848,290;5852,290;5856,290;5861,296;5865,282;5870,296;5874,310;5878,296;5883,296;5887,288;5891,288;5896,300;5900,286;5904,286;5909,286;5913,294;5917,292;5922,306;5926,292;5931,292;5935,298;5939,284;5944,296;5948,282;5952,294;5957,282;5961,302;5965,302;5970,300;5974,300;5978,314;5983,298;5987,292;5991,304;5996,290;6000,304;6005,302;6009,294;6013,294;6018,308;6022,294;6026,294;6031,292;6035,298;6039,298;6044,298;6048,298;6052,298;6057,296;6061,290;6065,274;6070,288;6074,302;6079,302;6083,294;6087,308;6092,308;6096,294;6100,292;6105,292;6109,298;6113,298;6118,298;6122,312;6126,298;6131,288;6135,302;6140,288;6144,288;6148,286;6153,300;6157,308;6161,308;6166,292;6170,292;6174,292;6179,306;6183,298;6187,284;6192,298;6196,296;6200,298;6205,302;6209,302;6214,302;6218,302;6222,286;6227,272;6231,278;6235,264;6240,264;6244,264;6248,262;6253,268;6257,240;6261,268;6266,270;6270,282;6274,268;6279,260;6283,246;6288,258;6292,244;6296,272;6301,272;6305,264;6309,264;6314,234;6318,278;6322,276;6327,270;6331,256;6335,254;6340,240;6344,282;6349,268;6353,260;6357,274;6362,274;6366,274;6370,272;6375,250;6379,252;6383,264;6388,250;6392,264;6396,264;6401,270;6405,254;6409,240;6414,268;6418,282;6423,280;6427,260;6431,244;6436,272;6440,272;6444,272;6449,222;6453,264;6457,278;6462,264;6466,262;6470,248;6475,254;6479,254;6483,240;6488,268;6492,266;6497,266;6501,258;6505,230;6510,272;6514,272;6518,272;6523,262;6527,248;6531,232;6536,276;6540,260;6544,274;6549,252;6553,252;6557,266;6562,266;6566,278;6571,264;6575,270;6579,270;6584,270;6588,268;6592,254;6597,268;\r\nBuffer sent in 0.973 secondsreturn;buffer;965\r\nreceived from UR: measure -> measure (0,1)\r\nSTEPPER: Moving to mstep: 6600 with speed [msteps/sec]: 1000 in StealthChop.\r\n'), 13:11:53
bytearray(b'STEPPER: Moving to mstep: 2400 with speed [msteps/sec]: 4000 in SpreadCycle.\r\n'), 13:11:57
bytearray(b'STEPPER: Moved 4200.00 msteps (ramp: 35%) in 1324.888 ms -> average speed [msteps/sec]: 3170.08\r\nreturn;measure;965\r\n'), 13:11:58
bytearray(b'received from UR: buffer -> buffer (0,1)\r\nSending buffer of size 965data;2400,300;2404,454;2408,164;2413,280;2417,322;2421,328;2426,344;2430,314;2434,342;2439,316;2443,336;2447,320;2452,320;2456,334;2460,320;2465,334;2469,328;2474,328;2478,326;2482,328;2487,328;2491,320;2495,320;2500,320;2504,334;2508,320;2513,334;2517,326;2521,326;2526,326;2530,328;2534,326;2539,338;2543,318;2548,318;2552,332;2556,318;2561,332;2565,324;2569,326;2574,324;2578,340;2582,324;2587,338;2591,330;2595,316;2600,330;2604,316;2608,344;2613,330;2617,322;2622,322;2626,336;2630,322;2635,336;2639,328;2643,314;2648,328;2652,314;2656,328;2661,314;2665,334;2669,320;2674,334;2678,320;2682,334;2687,320;2691,312;2696,326;2700,324;2704,338;2709,310;2713,332;2717,330;2722,330;2726,316;2730,330;2735,328;2739,322;2743,322;2748,308;2752,334;2757,320;2761,334;2765,314;2770,342;2774,326;2778,342;2783,326;2787,306;2791,334;2796,318;2800,332;2804,318;2809,332;2813,324;2817,338;2822,324;2826,338;2831,322;2835,316;2839,330;2844,314;2848,328;2852,314;2857,328;2861,320;2865,334;2870,320;2874,334;2878,318;2883,320;2887,326;2891,326;2896,340;2900,326;2905,324;2909,318;2913,332;2918,318;2922,330;2926,316;2931,330;2935,336;2939,322;2944,336;2948,322;2952,322;2957,308;2961,328;2965,328;2970,342;2974,326;2979,340;2983,320;2987,318;2992,320;2996,318;3000,318;3005,302;3009,310;3013,310;3018,310;3022,294;3026,308;3031,308;3035,300;3039,300;3044,300;3048,300;3053,300;3057,306;3061,290;3066,292;3070,292;3074,304;3079,304;3083,296;3087,296;3092,282;3096,294;3100,294;3105,294;3109,300;3113,302;3118,300;3122,300;3127,300;3131,292;3135,306;3140,292;3144,306;3148,292;3153,306;3157,298;3161,312;3166,310;3170,310;3174,296;3179,302;3183,316;3188,302;3192,316;3196,302;3201,300;3205,306;3209,322;3214,306;3218,320;3222,306;3227,320;3231,312;3235,298;3240,312;3244,312;3248,310;3253,304;3257,318;3262,304;3266,304;3270,302;3275,318;3279,310;3283,310;3288,296;3292,296;3296,308;3301,296;3305,316;3309,302;3314,300;3318,300;3322,314;3327,308;3331,292;3336,308;3340,292;3344,306;3349,292;3353,312;3357,298;3362,298;3366,298;3370,312;3375,310;3379,290;3383,302;3388,290;3392,302;3397,302;3401,296;3405,294;3410,308;3414,294;3418,308;3423,308;3427,286;3431,300;3436,300;3440,300;3444,298;3449,298;3453,306;3457,306;3462,304;3466,290;3471,290;3475,296;3479,296;3484,296;3488,282;3492,282;3497,296;3501,302;3505,302;3510,302;3514,288;3518,302;3523,316;3527,308;3531,294;3536,308;3540,294;3545,308;3549,300;3553,314;3558,300;3562,286;3566,300;3571,314;3575,308;3579,294;3584,308;3588,294;3592,306;3597,292;3601,314;3605,314;3610,314;3614,312;3619,314;3623,306;3627,306;3632,306;3636,306;3640,306;3645,290;3649,312;3653,310;3658,326;3662,312;3666,312;3671,296;3675,304;3679,304;3684,304;3688,304;3693,288;3697,310;3701,310;3706,310;3710,310;3714,310;3719,308;3723,302;3727,302;3732,302;3736,316;3740,300;3745,302;3749,308;3753,294;3758,294;3762,308;3767,306;3771,298;3775,312;3780,298;3784,312;3788,298;3793,298;3797,304;3801,318;3806,304;3810,318;3814,304;3819,296;3823,296;3828,296;3832,296;3836,296;3841,310;3845,288;3849,302;3854,302;3858,302;3862,300;3867,280;3871,292;3875,280;3880,292;3884,292;3888,306;3893,298;3897,298;3902,298;3906,312;3910,296;3915,296;3919,302;3923,288;3928,316;3932,302;3936,300;3941,300;3945,306;3949,306;3954,306;3958,306;3962,306;3967,312;3971,298;3976,310;3980,296;3984,310;3989,296;3993,316;3997,302;4002,316;4006,300;4010,314;4015,300;4019,292;4023,306;4028,306;4032,306;4037,292;4041,312;4045,312;4050,314;4054,310;4058,312;4063,310;4067,302;4071,290;4076,288;4080,288;4084,286;4089,300;4093,306;4097,320;4102,306;4106,306;4111,304;4115,296;4119,296;4124,296;4128,310;4132,296;4137,296;4141,302;4145,302;4150,302;4154,302;4158,300;4163,292;4167,306;4171,292;4176,306;4180,292;4185,306;4189,298;4193,284;4198,298;4202,298;4206,298;4211,312;4215,304;4219,302;4224,288;4228,288;4232,288;4237,294;4241,294;4245,294;4250,308;4254,294;4259,308;4263,300;4267,270;4272,298;4276,284;4280,284;4285,284;4289,290;4293,304;4298,290;4302,302;4306,302;4311,294;4315,294;4320,308;4324,292;4328,292;4333,278;4337,314;4341,312;4346,312;4350,298;4354,312;4359,310;4363,288;4367,302;4372,288;4376,302;4380,286;4385,300;4389,306;4394,320;4398,306;4402,318;4407,304;4411,296;4415,310;4420,294;4424,294;4428,294;4433,294;4437,300;4441,314;4446,298;4450,298;4455,298;4459,290;4463,304;4468,290;4472,302;4476,290;4481,302;4485,308;4489,310;4494,308;4498,308;4502,308;4507,308;4511,314;4515,300;4520,300;4524,286;4529,298;4533,304;4537,290;4542,290;4546,304;4550,304;4555,304;4559,296;4563,294;4568,310;4572,296;4576,294;4581,294;4585,316;4589,300;4594,316;4598,300;4603,314;4607,294;4611,292;4616,292;4620,292;4624,304;4629,290;4633,298;4637,296;4642,282;4646,296;4650,310;4655,288;4659,302;4663,288;4668,302;4672,302;4677,286;4681,308;4685,294;4690,306;4694,306;4698,292;4703,292;4707,298;4711,296;4716,296;4720,296;4724,296;4729,294;4733,302;4737,302;4742,300;4746,300;4751,300;4755,292;4759,306;4764,292;4768,304;4772,290;4777,304;4781,296;4785,310;4790,296;4794,310;4798,294;4803,302;4807,300;4812,300;4816,314;4820,300;4825,298;4829,306;4833,320;4838,304;4842,304;4846,302;4851,316;4855,308;4859,294;4864,294;4868,308;4872,292;4877,300;4881,312;4886,310;4890,310;4894,308;4899,308;4903,288;4907,286;4912,300;4916,298;4920,312;4925,298;4929,304;4933,304;4938,316;4942,302;4946,302;4951,308;4955,292;4960,306;4964,292;4968,304;4973,290;4977,296;4981,294;4986,294;4990,292;4994,278;4999,292;5003,298;5007,298;5012,284;5016,296;5021,282;5025,302;5029,300;5034,302;5038,300;5042,300;5047,298;5051,290;5055,288;5060,288;5064,288;5068,288;5073,286;5077,292;5081,278;5086,278;5090,290;5095,290;5099,284;5103,296;5108,280;5112,294;5116,280;5121,294;5125,300;5129,298;5134,298;5138,270;5142,296;5147,290;5151,302;5155,302;5160,302;5164,302;5169,316;5173,294;5177,308;5182,294;5186,308;5190,306;5195,306;5199,298;5203,296;5208,298;5212,298;5216,296;5221,290;5225,304;5229,304;5234,304;5238,300;5243,302;5247,296;5251,294;5256,294;5260,294;5264,294;5269,294;5273,300;5277,298;5282,298;5286,298;5290,298;5295,304;5299,290;5304,302;5308,288;5312,288;5317,288;5321,308;5325,308;5330,308;5334,294;5338,306;5343,294;5347,284;5351,298;5356,284;5360,298;5364,298;5369,304;5373,304;5378,304;5382,290;5386,304;5391,290;5395,296;5399,296;5404,296;5408,296;5412,294;5417,308;5421,286;5425,302;5430,300;5434,302;5438,300;5443,280;5447,292;5452,292;5456,292;5460,278;5465,292;5469,298;5473,284;5478,282;5482,284;5486,296;5491,296;5495,290;5499,288;5504,288;5508,288;5512,288;5517,294;5521,280;5526,294;5530,308;5534,292;5539,306;5543,312;5547,298;5552,298;5556,284;5560,298;5565,296;5569,288;5573,290;5578,316;5582,302;5587,316;5591,296;5595,294;5600,308;5604,292;5608,306;5613,292;5617,312;5621,298;5626,312;5630,296;5634,310;5639,296;5643,302;5647,302;5652,288;5656,300;5661,300;5665,308;5669,308;5674,308;5678,306;5682,306;5687,306;5691,300;5695,300;5700,298;5704,298;5708,298;5713,298;5717,304;5721,290;5726,290;5730,304;5735,304;5739,296;5743,296;5748,294;5752,294;5756,294;5761,306;5765,300;5769,314;5774,300;5778,314;5782,298;5787,290;5791,290;5796,290;5800,290;5804,276;5809,290;5813,296;5817,310;5822,294;5826,308;5830,306;5835,306;5839,298;5843,298;5848,298;5852,284;5856,282;5861,288;5865,288;5870,288;5874,288;5878,286;5883,300;5887,292;5891,278;5896,292;5900,292;5904,292;5909,290;5913,298;5917,296;5922,296;5926,296;5930,298;5935,302;5939,288;5944,302;5948,274;5952,300;5957,286;5961,308;5965,306;5970,306;5974,290;5978,306;5983,292;5987,298;5991,298;5996,298;6000,298;6005,296;6009,304;6013,302;6018,302;6022,288;6026,302;6031,302;6035,294;6039,292;6044,278;6048,292;6052,292;6057,290;6061,298;6065,298;6070,296;6074,296;6079,296;6083,302;6087,302;6092,300;6096,300;6100,286;6105,298;6109,304;6113,304;6118,304;6122,290;6126,288;6131,302;6135,294;6139,280;6144,294;6148,280;6153,306;6157,298;6161,298;6166,298;6170,298;6174,296;6179,282;6183,302;6187,286;6192,290;6196,288;6200,302;6205,294;6209,308;6213,294;6218,308;6222,292;6227,292;6231,284;6235,284;6240,270;6244,284;6248,254;6253,282;6257,276;6261,274;6266,274;6270,274;6274,246;6279,280;6283,266;6288,278;6292,236;6296,264;6301,250;6305,270;6309,270;6314,256;6318,254;6322,226;6327,274;6331,260;6335,258;6340,258;6344,272;6348,258;6353,262;6357,264;6362,262;6366,262;6370,276;6375,276;6379,254;6383,254;6388,268;6392,282;6396,268;6401,272;6405,258;6409,242;6414,270;6418,284;6423,270;6427,262;6431,246;6436,276;6440,274;6444,274;6449,224;6453,266;6457,280;6462,264;6466,250;6470,278;6475,256;6479,270;6483,254;6488,268;6492,254;6497,268;6501,260;6505,230;6510,272;6514,272;6518,272;6523,250;6527,262;6531,236;6536,248;6540,234;6544,276;6549,268;6553,268;6557,252;6562,238;6566,266;6571,266;6575,258;6579,242;6584,270;6588,256;6592,270;6597,260;\r\nBuffer sent in 0.973 secondsreturn;buffer;965\r\nreceived from UR: measure -> measure (0,1)\r\nSTEPPER: Moving to mstep: 6600 with speed [msteps/sec]: 1000 in StealthChop.\r\n'), 13:12:02
bytearray(b'STEPPER: Moving to mstep: 2400 with speed [msteps/sec]: 4000 in SpreadCycle.\r\n'), 13:12:06
bytearray(b'STEPPER: Moved 4200.00 msteps (ramp: 35%) in 1324.888 ms -> average speed [msteps/sec]: 3170.08\r\nreturn;measure;965\r\n'), 13:12:07
bytearray(b'received from UR: buffer -> buffer (0,1)\r\nSending buffer of size 965data;2400,300;2404,456;2408,168;2413,282;2417,310;2421,318;2426,346;2430,318;2434,332;2439,316;2443,324;2447,338;2452,324;2456,324;2460,322;2465,336;2469,316;2474,330;2478,328;2482,328;2487,328;2491,320;2495,322;2500,322;2504,334;2508,320;2513,320;2517,326;2521,326;2526,326;2530,328;2534,326;2539,340;2543,332;2548,318;2552,332;2556,318;2561,318;2565,324;2569,340;2574,324;2578,324;2582,324;2587,340;2591,332;2595,330;2600,330;2604,316;2608,330;2613,316;2617,336;2622,320;2626,322;2630,320;2635,336;2639,328;2643,314;2648,328;2652,312;2656,326;2661,326;2665,334;2669,318;2674,318;2678,318;2682,332;2687,318;2691,326;2696,326;2700,326;2704,326;2709,324;2713,332;2717,318;2722,330;2726,316;2730,330;2735,330;2739,308;2743,322;2748,308;2752,322;2756,308;2761,322;2765,314;2770,330;2774,328;2778,330;2783,314;2787,322;2791,336;2796,320;2800,336;2804,322;2809,322;2813,314;2817,342;2822,326;2826,340;2830,312;2835,326;2839,332;2844,318;2848,332;2852,318;2857,318;2861,324;2865,338;2870,324;2874,338;2878,324;2883,338;2887,316;2891,316;2896,330;2900,316;2904,330;2909,328;2913,336;2918,322;2922,334;2926,322;2931,334;2935,328;2939,312;2944,340;2948,312;2952,326;2957,312;2961,332;2965,318;2970,332;2974,316;2979,330;2983,316;2987,322;2992,336;2996,308;3000,320;3005,306;3009,298;3013,298;3018,312;3022,298;3026,312;3031,296;3035,274;3039,302;3044,302;3048,288;3053,288;3057,308;3061,308;3066,306;3070,306;3074,306;3079,292;3083,298;3087,298;3092,298;3096,298;3100,296;3105,290;3109,302;3114,316;3118,302;3122,302;3127,302;3131,294;3135,308;3140,308;3144,306;3148,292;3153,308;3157,300;3161,300;3166,298;3170,312;3174,298;3179,304;3183,318;3188,304;3192,304;3196,304;3201,318;3205,296;3209,310;3214,294;3218,308;3222,310;3227,310;3231,316;3235,316;3240,302;3244,302;3248,302;3253,302;3257,308;3262,308;3266,322;3270,308;3275,322;3279,300;3283,314;3288,300;3292,298;3296,300;3301,298;3305,320;3309,306;3314,320;3318,306;3322,304;3327,304;3331,298;3336,312;3340,296;3344,296;3349,296;3353,302;3357,302;3362,302;3366,302;3370,316;3375,300;3379,292;3383,306;3388,292;3392,290;3396,290;3401,312;3405,312;3410,312;3414,296;3418,296;3423,282;3427,302;3431,302;3436,302;3440,302;3444,286;3449,300;3453,306;3457,308;3462,306;3466,306;3471,292;3475,298;3479,298;3484,298;3488,298;3492,296;3497,298;3501,290;3505,302;3510,304;3514,304;3518,302;3523,296;3527,296;3531,296;3536,310;3540,294;3545,308;3549,302;3553,302;3558,302;3562,316;3566,302;3571,316;3575,308;3579,294;3584,308;3588,294;3592,306;3597,300;3601,314;3606,296;3610,314;3614,312;3619,326;3623,292;3627,292;3632,304;3636,290;3640,304;3645,292;3649,312;3653,312;3658,312;3662,312;3666,312;3671,298;3675,318;3680,304;3684,304;3688,304;3693,304;3697,312;3701,298;3706,312;3710,310;3714,310;3719,296;3723,302;3727,316;3732,302;3736,302;3740,288;3745,308;3749,308;3754,308;3758,294;3762,294;3767,294;3771,286;3775,300;3780,286;3784,300;3788,286;3793,300;3797,292;3801,306;3806,292;3810,278;3814,292;3819,296;3823,298;3828,298;3832,298;3836,298;3841,298;3845,290;3849,304;3854,290;3858,276;3862,290;3867,304;3871,296;3875,284;3880,296;3884,296;3888,296;3893,304;3897,290;3902,302;3906,304;3910,302;3915,288;3919,296;3923,296;3928,296;3932,296;3936,308;3941,294;3945,302;3949,300;3954,314;3958,300;3963,314;3967,306;3971,292;3976,306;3980,292;3984,320;3989,306;3993,312;3997,312;4002,312;4006,298;4010,310;4015,296;4019,304;4024,302;4028,302;4032,302;4037,300;4041,308;4045,306;4050,320;4054,306;4058,320;4063,306;4067,298;4071,298;4076,296;4080,296;4084,296;4089,304;4093,304;4098,304;4102,302;4106,316;4111,302;4115,294;4119,308;4124,294;4128,308;4132,292;4137,292;4141,300;4145,312;4150,312;4154,312;4158,298;4163,288;4167,302;4172,302;4176,302;4180,288;4185,302;4189,294;4193,308;4198,306;4202,306;4206,292;4211,306;4215,298;4219,284;4224,296;4228,296;4232,282;4237,288;4241,302;4246,302;4250,302;4254,300;4259,300;4263,292;4267,292;4272,290;4276,278;4280,290;4285,290;4289,296;4293,296;4298,282;4302,280;4306,294;4311,302;4315,288;4320,300;4324,286;4328,300;4333,286;4337,306;4341,306;4346,306;4350,306;4354,306;4359,306;4363,298;4367,310;4372,296;4376,322;4380,310;4385,302;4389,300;4394,314;4398,298;4402,314;4407,298;4411,292;4415,304;4420,304;4424,290;4428,290;4433,302;4437,296;4441,310;4446,294;4450,308;4455,294;4459,300;4463,300;4468,300;4472,298;4476,298;4481,298;4485,304;4489,304;4494,304;4498,304;4502,304;4507,296;4511,296;4515,296;4520,296;4524,296;4529,294;4533,302;4537,302;4542,300;4546,286;4550,286;4555,300;4559,308;4563,292;4568,306;4572,292;4576,292;4581,298;4585,312;4590,296;4594,284;4598,298;4603,300;4607,292;4611,292;4616,306;4620,306;4624,306;4629,306;4633,312;4637,298;4642,298;4646,298;4650,312;4655,292;4659,290;4664,290;4668,290;4672,290;4677,290;4681,268;4685,284;4690,298;4694,296;4698,296;4703,296;4707,290;4711,290;4716,288;4720,290;4724,288;4729,280;4733,296;4738,310;4742,294;4746,308;4751,294;4755,300;4759,300;4764,300;4768,314;4772,286;4777,300;4781,306;4785,320;4790,306;4794,306;4798,306;4803,312;4807,298;4812,298;4816,312;4820,298;4825,312;4829,304;4833,318;4838,304;4842,318;4846,302;4851,318;4855,296;4859,296;4864,294;4868,294;4872,308;4877,300;4881,288;4886,288;4890,300;4894,300;4899,300;4903,306;4907,306;4912,292;4916,292;4920,306;4925,292;4929,312;4933,298;4938,298;4942,298;4947,312;4951,290;4955,290;4960,302;4964,288;4968,290;4973,288;4977,310;4981,296;4986,310;4990,296;4994,308;4999,288;5003,286;5008,286;5012,286;5016,300;5021,286;5025,306;5029,306;5034,306;5038,292;5042,306;5047,306;5051,284;5055,298;5060,270;5064,296;5068,296;5073,304;5077,302;5082,288;5086,288;5090,288;5095,288;5099,294;5103,294;5108,294;5112,294;5116,280;5121,294;5125,302;5129,302;5134,302;5138,302;5142,302;5147,294;5151,294;5156,294;5160,308;5164,294;5169,308;5173,300;5177,314;5182,300;5186,314;5190,300;5195,314;5199,306;5203,292;5208,306;5212,292;5216,306;5221,298;5225,312;5230,298;5234,312;5238,298;5243,282;5247,304;5251,304;5256,302;5260,302;5264,302;5269,302;5273,280;5277,294;5282,308;5286,294;5290,308;5295,294;5299,300;5304,300;5308,286;5312,298;5317,298;5321,306;5325,306;5330,306;5334,306;5338,306;5343,304;5347,282;5351,296;5356,282;5360,296;5364,296;5369,288;5373,286;5378,302;5382,288;5386,300;5391,286;5395,292;5399,292;5404,292;5408,306;5412,292;5417,304;5421,298;5425,298;5430,298;5434,298;5439,296;5443,288;5447,288;5452,288;5456,288;5460,288;5465,288;5469,294;5473,308;5478,294;5482,292;5486,292;5491,300;5495,284;5499,298;5504,298;5508,298;5513,298;5517,290;5521,304;5526,304;5530,304;5534,304;5539,304;5543,294;5547,280;5552,294;5556,280;5560,294;5565,300;5569,316;5574,300;5578,314;5582,300;5587,314;5591,306;5595,292;5600,306;5604,292;5608,292;5613,292;5617,312;5621,298;5626,312;5630,298;5634,312;5639,290;5643,290;5648,288;5652,288;5656,302;5661,302;5665,294;5669,294;5674,294;5678,294;5682,306;5687,294;5691,298;5695,298;5700,298;5704,298;5708,298;5713,304;5717,304;5722,290;5726,302;5730,316;5735,302;5739,294;5743,306;5748,292;5752,292;5756,278;5761,292;5765,298;5769,298;5774,298;5778,298;5782,282;5787,290;5791,304;5796,290;5800,304;5804,288;5809,288;5813,296;5817,310;5822,294;5826,280;5830,280;5835,294;5839,300;5843,300;5848,300;5852,286;5857,286;5861,292;5865,306;5870,304;5874,304;5878,304;5883,290;5887,282;5891,282;5896,296;5900,294;5904,294;5909,288;5913,302;5917,300;5922,300;5926,300;5931,300;5935,292;5939,278;5944,292;5948,276;5952,304;5957,290;5961,298;5965,296;5970,310;5974,296;5978,310;5983,302;5987,286;5992,300;5996,286;6000,286;6005,284;6009,320;6013,304;6018,304;6022,302;6026,288;6031,288;6035,294;6039,294;6044,294;6048,294;6052,292;6057,292;6061,298;6066,312;6070,296;6074,282;6079,296;6083,288;6087,302;6092,288;6096,300;6100,300;6105,300;6109,290;6113,290;6118,304;6122,304;6126,290;6131,282;6135,294;6140,294;6144,296;6148,294;6153,308;6157,300;6161,300;6166,300;6170,314;6174,298;6179,300;6183,304;6187,290;6192,304;6196,290;6200,302;6205,296;6209,296;6214,294;6218,280;6222,294;6227,294;6231,286;6235,272;6240,286;6244,272;6248,270;6253,278;6257,262;6261,262;6266,262;6270,276;6274,276;6279,254;6283,240;6288,254;6292,238;6296,266;6301,266;6305,260;6309,258;6314,230;6318,272;6322,272;6327,264;6331,264;6335,264;6340,236;6344,278;6349,262;6353,256;6357,270;6362,270;6366,256;6370,270;6375,262;6379,250;6383,262;6388,248;6392,260;6396,246;6401,282;6405,268;6409,268;6414,252;6418,238;6423,268;6427,260;6431,260;6436,260;6440,244;6444,244;6449,266;6453,264;6457,236;6462,278;6466,278;6470,278;6475,256;6479,254;6484,256;6488,254;6492,268;6497,268;6501,260;6505,260;6510,258;6514,230;6518,272;6523,252;6527,264;6531,264;6536,250;6540,234;6544,276;6549,270;6553,240;6558,268;6562,254;6566,254;6571,224;6575,260;6579,260;6584,260;6588,246;6592,246;6597,266;\r\nBuffer sent in 0.973 secondsreturn;buffer;965\r\nreceived from UR: measure -> measure (0,1)\r\nSTEPPER: Moving to mstep: 6600 with speed [msteps/sec]: 1000 in StealthChop.\r\n'), 13:12:11
bytearray(b'STEPPER: Moving to mstep: 2400 with speed [msteps/sec]: 4000 in SpreadCycle.\r\n'), 13:12:15
bytearray(b'STEPPER: Moved 4200.00 msteps (ramp: 35%) in 1324.888 ms -> average speed [msteps/sec]: 3170.08\r\nreturn;measure;965\r\n'), 13:12:16
bytearray(b'received from UR: buffer -> buffer (0,1)\r\nSending buffer of size 965data;2400,308;2404,462;2408,144;2413,274;2417,316;2421,322;2426,336;2430,322;2434,336;2439,322;2443,328;2447,328;2452,312;2456,326;2460,326;2465,326;2469,318;2474,332;2478,330;2482,330;2487,316;2491,322;2495,324;2500,322;2504,336;2508,320;2513,334;2517,328;2521,342;2526,326;2530,340;2535,326;2539,326;2543,332;2548,318;2552,332;2556,318;2561,330;2565,322;2569,336;2574,322;2578,334;2582,322;2587,336;2591,328;2595,312;2600,328;2604,312;2609,326;2613,318;2617,346;2622,332;2626,332;2630,318;2635,346;2639,324;2643,310;2648,324;2652,322;2656,324;2661,308;2665,342;2669,328;2674,328;2678,328;2683,342;2687,326;2691,306;2696,332;2700,318;2704,332;2709,318;2713,338;2717,324;2722,338;2726,322;2730,338;2735,324;2739,316;2743,330;2748,314;2752,328;2757,314;2761,328;2765,322;2770,336;2774,320;2778,336;2783,320;2787,312;2791,326;2796,310;2800,324;2804,310;2809,324;2813,330;2817,344;2822,328;2826,344;2831,328;2835,306;2839,322;2844,320;2848,322;2852,306;2857,320;2861,328;2865,342;2870,326;2874,340;2878,326;2883,340;2887,332;2891,318;2896,332;2900,318;2905,332;2909,324;2913,338;2918,324;2922,324;2926,322;2931,338;2935,330;2939,314;2944,330;2948,314;2952,328;2957,314;2961,336;2965,322;2970,336;2974,320;2979,334;2983,326;2987,312;2992,326;2996,312;3000,312;3005,296;3009,318;3013,304;3018,304;3022,304;3026,318;3031,296;3035,282;3040,294;3044,294;3048,294;3053,280;3057,314;3061,300;3066,300;3070,300;3074,314;3079,300;3083,292;3087,306;3092,290;3096,290;3100,290;3105,304;3109,310;3114,310;3118,310;3122,310;3127,310;3131,288;3135,302;3140,286;3144,300;3148,286;3153,300;3157,308;3161,308;3166,306;3170,320;3174,306;3179,284;3183,312;3188,298;3192,312;3196,296;3201,312;3205,304;3209,318;3214,302;3218,318;3222,302;3227,316;3231,308;3235,294;3240,306;3244,292;3248,306;3253,312;3257,312;3262,310;3266,310;3270,310;3275,310;3279,302;3283,300;3288,314;3292,300;3296,314;3301,298;3305,320;3309,306;3314,318;3318,304;3323,318;3327,310;3331,294;3336,308;3340,292;3344,306;3349,292;3353,314;3357,312;3362,312;3366,312;3370,312;3375,310;3379,288;3383,302;3388,288;3392,302;3397,286;3401,300;3405,306;3410,306;3414,306;3418,320;3423,304;3427,282;3431,296;3436,296;3440,294;3444,280;3449,294;3453,300;3457,300;3462,300;3466,314;3471,298;3475,276;3479,290;3484,290;3488,290;3492,288;3497,300;3501,308;3505,308;3510,308;3514,308;3518,306;3523,284;3527,298;3531,284;3536,298;3540,284;3545,298;3549,304;3553,316;3558,302;3562,316;3566,302;3571,316;3575,306;3579,292;3584,306;3588,292;3592,304;3597,290;3601,326;3605,310;3610,324;3614,310;3619,310;3623,302;3627,302;3632,300;3636,286;3640,300;3645,300;3649,320;3653,306;3658,320;3662,306;3666,320;3671,298;3675,298;3680,298;3684,298;3688,298;3693,296;3697,304;3701,304;3706,318;3710,314;3714,316;3719,302;3723,294;3727,308;3732,280;3736,308;3740,294;3745,308;3749,312;3754,314;3758,314;3762,314;3767,300;3771,292;3775,292;3780,290;3784,304;3788,290;3793,292;3797,298;3801,312;3806,298;3810,310;3814,310;3819,288;3823,288;3828,288;3832,302;3836,286;3841,286;3845,308;3849,308;3854,306;3858,306;3862,306;3867,284;3871,298;3875,284;3880,298;3884,284;3888,296;3893,304;3897,304;3902,302;3906,302;3910,302;3915,316;3919,294;3923,278;3928,294;3932,280;3936,294;3941,280;3945,314;3949,314;3954,314;3958,312;3963,314;3967,304;3971,290;3976,306;3980,290;3984,304;3989,290;3993,324;3997,310;4002,324;4006,310;4010,310;4015,296;4019,288;4023,300;4028,300;4032,300;4037,286;4041,322;4045,306;4050,320;4054,306;4058,306;4063,292;4067,300;4071,314;4076,300;4080,314;4084,298;4089,312;4093,306;4097,306;4102,306;4106,320;4111,306;4115,284;4119,298;4124,298;4128,298;4132,282;4137,298;4141,304;4145,304;4150,304;4154,304;4158,302;4163,280;4167,294;4172,280;4176,294;4180,280;4185,294;4189,302;4193,302;4198,300;4202,316;4206,302;4211,280;4215,294;4219,280;4224,294;4228,280;4232,292;4237,300;4241,300;4246,300;4250,302;4254,300;4259,300;4263,294;4267,280;4272,292;4276,278;4280,292;4285,278;4289,298;4293,298;4298,300;4302,298;4307,298;4311,290;4315,278;4320,290;4324,276;4328,304;4333,276;4337,310;4341,310;4346,310;4350,310;4354,310;4359,310;4363,288;4367,302;4372,288;4376,302;4381,288;4385,302;4389,308;4394,322;4398,308;4402,322;4407,306;4411,286;4415,300;4420,286;4424,300;4428,300;4433,300;4437,306;4441,320;4446,306;4450,320;4455,306;4459,298;4463,298;4468,296;4472,296;4476,296;4481,294;4485,302;4489,316;4494,314;4498,302;4502,302;4507,292;4511,306;4515,292;4520,306;4524,292;4529,306;4533,296;4537,296;4542,296;4546,296;4550,296;4555,296;4559,300;4563,286;4568,300;4572,284;4576,298;4581,284;4585,304;4590,304;4594,318;4598,302;4603,302;4607,294;4611,280;4616,294;4620,280;4624,294;4629,292;4633,300;4637,298;4642,314;4646,298;4650,298;4655,290;4659,290;4664,290;4668,274;4672,288;4677,274;4681,294;4685,294;4690,308;4694,306;4698,294;4703,308;4707,286;4711,286;4716,284;4720,298;4724,284;4729,306;4733,304;4738,306;4742,304;4746,304;4751,304;4755,282;4759,296;4764,282;4768,296;4772,296;4777,296;4781,302;4785,316;4790,302;4794,316;4798,302;4803,294;4807,306;4812,292;4816,306;4820,292;4825,306;4829,298;4833,312;4838,312;4842,312;4846,298;4851,312;4855,290;4859,288;4864,302;4868,288;4872,302;4877,308;4881,308;4886,308;4890,308;4894,306;4899,306;4903,300;4907,286;4912,298;4916,298;4920,298;4925,284;4929,318;4933,304;4938,304;4942,304;4947,304;4951,296;4955,280;4960,294;4964,280;4968,294;4973,280;4977,316;4981,300;4986,302;4990,300;4994,314;4999,292;5003,278;5007,292;5012,280;5016,292;5021,278;5025,314;5029,300;5034,300;5038,298;5042,314;5047,298;5051,278;5055,290;5060,278;5064,290;5068,276;5073,298;5077,298;5081,296;5086,296;5090,296;5095,296;5099,274;5103,288;5108,274;5112,288;5116,274;5121,288;5125,308;5129,308;5134,306;5138,306;5142,306;5147,284;5151,298;5156,282;5160,298;5164,284;5169,296;5173,304;5177,318;5182,302;5186,316;5190,302;5195,280;5199,294;5203,294;5208,294;5212,292;5216,306;5221,300;5225,314;5230,298;5234,312;5238,298;5243,312;5247,290;5251,304;5256,304;5260,302;5264,304;5269,302;5273,296;5277,294;5282,294;5286,294;5290,294;5295,300;5299,286;5304,300;5308,284;5312,298;5317,298;5321,306;5325,304;5330,304;5334,304;5338,304;5343,302;5347,280;5351,294;5356,280;5360,294;5364,280;5369,314;5373,300;5378,300;5382,298;5386,312;5391,298;5395,276;5399,290;5404,288;5408,288;5412,274;5417,288;5421,294;5425,308;5430,294;5434,308;5438,306;5443,284;5447,286;5452,284;5456,284;5460,268;5465,294;5469,290;5473,302;5478,288;5482,274;5486,288;5491,280;5495,294;5499,278;5504,292;5508,278;5512,292;5517,298;5521,298;5526,298;5530,298;5534,296;5539,296;5543,302;5547,288;5552,302;5556,288;5560,302;5565,288;5569,308;5573,308;5578,322;5582,306;5587,320;5591,298;5595,284;5600,298;5604,282;5608,296;5613,282;5617,316;5621,302;5626,316;5630,302;5634,316;5639,294;5643,292;5647,292;5652,292;5656,292;5661,292;5665,300;5669,298;5674,312;5678,312;5682,298;5687,298;5691,290;5695,290;5700,290;5704,290;5708,288;5713,288;5717,310;5721,310;5726,310;5730,310;5735,310;5739,288;5743,302;5748,288;5752,300;5756,286;5761,300;5765,306;5769,306;5774,306;5778,306;5782,304;5787,282;5791,296;5796,282;5800,296;5804,282;5809,294;5813,302;5817,316;5822,300;5826,300;5830,300;5835,300;5839,292;5843,292;5848,290;5852,290;5856,290;5861,296;5865,312;5870,296;5874,296;5878,296;5883,294;5887,288;5891,274;5896,286;5900,272;5904,286;5909,286;5913,292;5917,292;5922,306;5926,290;5930,304;5935,298;5939,282;5944,296;5948,280;5952,294;5957,280;5961,302;5965,300;5970,314;5974,300;5978,314;5983,298;5987,290;5991,290;5996,276;6000,302;6004,288;6009,310;6013,296;6018,308;6022,308;6026,308;6031,306;6035,284;6039,284;6044,284;6048,296;6052,284;6057,282;6061,302;6065,304;6070,302;6074,302;6078,302;6083,280;6087,294;6092,280;6096,292;6100,292;6105,292;6109,298;6113,300;6118,298;6122,298;6126,298;6131,290;6135,304;6139,290;6144,290;6148,290;6153,290;6157,296;6161,310;6166,296;6170,296;6174,296;6179,308;6183,288;6187,286;6192,300;6196,286;6200,300;6205,292;6209,306;6213,306;6218,306;6222,292;6227,304;6231,268;6235,268;6240,266;6244,252;6248,252;6253,272;6257,286;6261,270;6266,270;6270,270;6274,214;6279,276;6283,262;6288,248;6292,232;6296,274;6301,260;6305,252;6309,280;6314,280;6318,278;6322,278;6327,256;6331,242;6335,270;6340,254;6344,270;6348,254;6353,246;6357,274;6362,260;6366,260;6370,230;6375,272;6379,266;6383,278;6388,278;6392,276;6396,276;6401,270;6405,268;6409,224;6414,268;6418,282;6422,266;6427,244;6431,272;6436,258;6440,272;6444,242;6449,270;6453,278;6457,278;6462,262;6466,248;6470,276;6475,254;6479,268;6483,252;6488,266;6492,224;6496,280;6501,272;6505,258;6510,256;6514,214;6518,270;6523,270;6527,276;6531,248;6536,246;6540,232;6544,274;6549,266;6553,250;6557,280;6562,278;6566,278;6570,278;6575,254;6579,240;6584,270;6588,254;6592,268;6597,246;\r\nBuffer sent in 0.973 secondsreturn;buffer;965\r\nreceived from UR: measure -> measure (0,1)\r\nSTEPPER: Moving to mstep: 6600 with speed [msteps/sec]: 1000 in StealthChop.\r\n'), 13:12:20
bytearray(b'STEPPER: Moving to mstep: 2400 with speed [msteps/sec]: 4000 in SpreadCycle.\r\n'), 13:12:24
bytearray(b'STEPPER: Moved 4200.00 msteps (ramp: 35%) in 1324.892 ms -> average speed [msteps/sec]: 3170.07\r\nreturn;measure;965\r\n'), 13:12:25
bytearray(b'received from UR: buffer -> buffer (0,1)\r\nSending buffer of size 965data;2400,304;2404,468;2408,136;2413,276;2417,320;2421,328;2426,342;2430,326;2434,340;2439,326;2443,318;2447,332;2452,318;2456,332;2460,332;2465,318;2469,322;2473,336;2478,322;2482,336;2487,320;2491,314;2495,328;2500,326;2504,340;2508,328;2513,326;2517,318;2521,334;2526,318;2530,334;2534,318;2539,318;2543,326;2547,312;2552,338;2556,324;2561,324;2565,316;2569,330;2574,330;2578,330;2582,316;2587,328;2591,334;2595,320;2600,334;2604,320;2608,320;2613,304;2617,338;2622,324;2626,338;2630,324;2635,338;2639,314;2643,314;2648,328;2652,314;2656,328;2661,314;2665,334;2669,320;2674,334;2678,320;2682,334;2687,332;2691,312;2696,324;2700,324;2704,338;2709,324;2713,330;2717,316;2722,330;2726,330;2730,330;2735,330;2739,308;2743,322;2748,308;2752,336;2756,322;2761,336;2765,328;2770,328;2774,314;2778,342;2783,328;2787,306;2791,334;2796,320;2800,334;2804,320;2809,320;2813,314;2817,342;2822,326;2826,342;2831,312;2835,320;2839,332;2844,318;2848,332;2852,332;2857,318;2861,324;2865,340;2870,324;2874,326;2878,324;2883,324;2887,332;2891,318;2896,332;2900,330;2905,330;2909,324;2913,338;2918,324;2922,338;2926,322;2931,324;2935,330;2939,316;2944,330;2948,316;2952,330;2957,316;2961,336;2965,322;2970,336;2974,322;2979,336;2983,322;2987,314;2992,328;2996,314;3000,314;3005,298;3009,306;3013,306;3018,292;3022,304;3026,318;3031,304;3035,296;3039,296;3044,296;3048,296;3053,296;3057,304;3061,302;3066,318;3070,302;3074,304;3079,302;3083,294;3087,294;3092,294;3096,308;3100,294;3105,308;3109,300;3113,300;3118,300;3122,300;3127,300;3131,292;3135,308;3140,292;3144,306;3148,292;3153,308;3157,300;3161,314;3166,300;3170,314;3174,298;3179,314;3183,320;3187,306;3192,306;3196,292;3201,306;3205,312;3209,326;3214,312;3218,312;3222,312;3227,312;3231,304;3235,290;3240,304;3244,304;3248,304;3253,304;3257,310;3262,310;3266,324;3270,310;3275,322;3279,300;3283,300;3288,300;3292,300;3296,314;3301,300;3305,306;3309,304;3314,306;3318,304;3322,318;3327,312;3331,296;3336,310;3340,296;3344,296;3349,296;3353,318;3357,302;3362,304;3366,302;3370,302;3375,302;3379,294;3383,294;3388,294;3392,294;3397,292;3401,314;3405,300;3410,314;3414,298;3418,312;3423,298;3427,306;3431,290;3436,304;3440,304;3444,304;3449,304;3453,296;3457,310;3462,308;3466,308;3471,308;3475,286;3479,298;3484,284;3488,284;3492,284;3497,298;3501,302;3505,302;3510,288;3514,302;3518,302;3523,292;3527,306;3531,292;3536,306;3540,292;3545,306;3549,298;3553,312;3558,298;3562,312;3566,298;3571,312;3575,318;3579,304;3584,304;3588,302;3592,302;3597,288;3601,310;3605,308;3610,322;3614,308;3619,308;3623,300;3627,300;3632,314;3636,300;3640,312;3645,298;3649,320;3653,306;3658,320;3662,304;3666,304;3671,296;3675,298;3679,296;3684,296;3688,310;3693,310;3697,302;3701,302;3706,302;3710,302;3714,316;3719,302;3723,294;3727,308;3732,294;3736,294;3740,294;3745,294;3749,300;3753,300;3758,300;3762,300;3767,298;3771,292;3775,306;3780,292;3784,306;3788,290;3793,306;3797,282;3801,298;3806,296;3810,310;3814,296;3819,290;3823,290;3828,290;3832,290;3836,290;3841,290;3845,296;3849,310;3854,296;3858,310;3862,296;3867,310;3871,288;3875,286;3880,286;3884,286;3888,286;3893,294;3897,294;3902,292;3906,292;3910,292;3915,306;3919,298;3923,284;3928,298;3932,284;3936,312;3941,296;3945,306;3949,304;3954,304;3958,302;3963,304;3967,302;3971,308;3976,308;3980,294;3984,308;3989,294;3993,314;3997,300;4002,314;4006,300;4010,314;4015,312;4019,292;4023,304;4028,304;4032,304;4037,304;4041,310;4045,296;4050,310;4054,296;4058,310;4063,294;4067,302;4071,302;4076,286;4080,300;4084,300;4089,300;4093,306;4097,306;4102,306;4106,306;4111,306;4115,298;4119,312;4124,298;4128,296;4132,296;4137,296;4141,302;4145,288;4150,288;4154,302;4158,300;4163,294;4167,292;4171,278;4176,292;4180,292;4185,292;4189,298;4193,298;4198,298;4202,312;4206,296;4211,312;4215,302;4219,290;4224,288;4228,288;4232,288;4237,294;4241,280;4245,294;4250,308;4254,294;4259,306;4263,298;4267,284;4272,298;4276,284;4280,284;4285,282;4289,304;4293,302;4298,302;4302,302;4306,302;4311,294;4315,280;4320,294;4324,278;4328,292;4333,278;4337,314;4341,312;4346,312;4350,298;4354,312;4359,312;4363,288;4367,302;4372,302;4376,302;4380,302;4385,308;4389,294;4394,308;4398,308;4402,322;4407,306;4411,298;4415,298;4420,298;4424,298;4428,296;4433,296;4437,304;4441,318;4446,304;4450,318;4454,302;4459,294;4463,308;4468,294;4472,308;4476,294;4481,308;4485,300;4489,300;4494,300;4498,314;4502,314;4507,314;4511,306;4515,292;4520,306;4524,292;4529,304;4533,312;4537,284;4542,296;4546,310;4550,296;4555,296;4559,302;4563,302;4568,302;4572,288;4576,302;4581,300;4585,308;4589,294;4594,306;4598,292;4603,308;4607,298;4611,300;4616,298;4620,298;4624,298;4629,298;4633,304;4637,290;4642,304;4646,288;4650,302;4655,302;4659,294;4663,280;4668,278;4672,292;4677,276;4681,298;4685,296;4690,296;4694,294;4698,296;4703,294;4707,286;4711,284;4716,298;4720,298;4724,298;4729,290;4733,302;4737,304;4742,302;4746,316;4751,302;4755,294;4759,306;4764,292;4768,292;4772,292;4777,306;4781,298;4785,298;4790,284;4794,312;4798,296;4803,310;4807,316;4811,302;4816,302;4820,302;4825,302;4829,308;4833,322;4838,306;4842,308;4846,306;4851,320;4855,298;4859,298;4864,312;4868,298;4872,310;4877,304;4881,304;4886,302;4890,302;4894,302;4899,302;4903,294;4907,308;4912,292;4916,292;4920,306;4925,292;4929,312;4933,312;4938,310;4942,310;4946,310;4951,302;4955,288;4960,302;4964,286;4968,288;4973,286;4977,306;4981,292;4986,306;4990,292;4994,292;4999,290;5003,282;5007,296;5012,282;5016,296;5020,282;5025,302;5029,302;5034,302;5038,288;5042,302;5047,300;5051,280;5055,294;5060,278;5064,292;5068,278;5073,292;5077,298;5081,298;5086,298;5090,298;5095,298;5099,276;5103,290;5108,278;5112,290;5116,288;5121,288;5125,296;5129,296;5134,296;5138,294;5142,280;5147,288;5151,302;5155,286;5160,302;5164,286;5169,300;5173,306;5177,308;5182,292;5186,306;5190,306;5195,306;5199,298;5203,282;5208,296;5212,296;5216,296;5221,296;5225,316;5229,302;5234,316;5238,302;5243,316;5247,308;5251,308;5256,292;5260,292;5264,306;5269,292;5273,312;5277,308;5282,298;5286,310;5290,310;5295,296;5299,302;5303,302;5308,302;5312,302;5317,288;5321,310;5325,308;5330,310;5334,308;5338,308;5343,308;5347,286;5351,300;5356,286;5360,300;5364,286;5369,286;5373,306;5377,308;5382,306;5386,306;5391,306;5395,284;5399,284;5404,284;5408,298;5412,284;5417,298;5421,304;5425,304;5430,304;5434,304;5438,304;5443,282;5447,294;5452,280;5456,280;5460,280;5465,280;5469,300;5473,286;5478,300;5482,286;5486,286;5491,298;5495,292;5499,292;5504,290;5508,290;5512,290;5517,296;5521,310;5526,296;5530,310;5534,308;5539,308;5543,288;5547,274;5552,300;5556,286;5560,300;5565,300;5569,306;5573,306;5578,306;5582,304;5586,318;5591,298;5595,282;5600,296;5604,282;5608,296;5613,282;5617,316;5621,302;5626,316;5630,302;5634,316;5639,300;5643,294;5647,306;5652,292;5656,306;5661,292;5665,312;5669,298;5674,298;5678,296;5682,296;5687,296;5691,304;5695,304;5700,288;5704,302;5708,288;5713,302;5717,308;5721,308;5726,308;5730,308;5735,306;5739,284;5743,298;5748,284;5752,298;5756,284;5761,296;5765,290;5769,304;5774,302;5778,304;5782,288;5787,274;5791,294;5795,294;5800,294;5804,292;5809,308;5813,286;5817,300;5822,298;5826,298;5830,298;5835,312;5839,290;5843,290;5848,288;5852,288;5856,288;5861,294;5865,294;5869,294;5874,294;5878,294;5883,294;5887,286;5891,286;5896,300;5900,286;5904,298;5909,286;5913,292;5917,292;5922,304;5926,304;5930,304;5935,296;5939,282;5943,296;5948,282;5952,296;5957,282;5961,302;5965,302;5970,316;5974,302;5978,316;5983,302;5987,280;5991,294;5996,280;6000,292;6004,278;6009,292;6013,298;6018,312;6022,298;6026,312;6031,298;6035,290;6039,304;6044,290;6048,302;6052,304;6057,288;6061,296;6065,296;6070,296;6074,282;6078,296;6083,288;6087,302;6092,288;6096,288;6100,288;6105,288;6109,308;6113,308;6118,294;6122,296;6126,294;6131,294;6135,300;6139,286;6144,298;6148,284;6152,298;6157,292;6161,292;6166,304;6170,306;6174,304;6179,306;6183,298;6187,284;6192,296;6196,282;6200,282;6205,282;6209,304;6213,302;6218,302;6222,302;6226,288;6231,266;6235,266;6240,280;6244,264;6248,264;6253,250;6257,272;6261,272;6266,270;6270,270;6274,268;6279,248;6283,232;6287,276;6292,262;6296,260;6301,274;6305,226;6309,266;6314,280;6318,268;6322,252;6327,266;6331,244;6335,258;6340,258;6344,272;6348,258;6353,264;6357,278;6361,264;6366,278;6370,278;6375,264;6379,270;6383,254;6388,270;6392,268;6396,268;6401,268;6405,260;6409,232;6414,274;6418,288;6422,260;6427,238;6431,266;6435,264;6440,264;6444,236;6449,276;6453,268;6457,240;6462,268;6466,268;6470,268;6475,232;6479,260;6483,246;6488,260;6492,260;6496,210;6501,266;6505,280;6510,266;6514,252;6518,264;6523,228;6527,270;6531,256;6536,270;6540,270;6544,254;6549,276;6553,276;6557,274;6562,274;6566,260;6570,230;6575,278;6579,264;6584,278;6588,264;6592,250;6597,256;\r\nBuffer sent in 0.973 secondsreturn;buffer;965\r\nreceived from UR: measure -> measure (0,1)\r\nSTEPPER: Moving to mstep: 6600 with speed [msteps/sec]: 1000 in StealthChop.\r\n'), 13:12:29
bytearray(b'STEPPER: Moving to mstep: 2400 with speed [msteps/sec]: 4000 in SpreadCycle.\r\n'), 13:12:33
bytearray(b'STEPPER: Moved 4200.00 msteps (ramp: 35%) in 1324.880 ms -> average speed [msteps/sec]: 3170.10\r\nreturn;measure;965\r\n'), 13:12:34
bytearray(b'received from UR: buffer -> buffer (0,1)\r\nSending buffer of size 965data;2400,302;2404,446;2408,158;2413,272;2417,316;2421,322;2426,338;2430,322;2434,338;2439,322;2443,330;2447,316;2452,316;2456,316;2460,316;2465,330;2469,322;2474,336;2478,322;2482,338;2487,322;2491,328;2495,328;2500,328;2504,326;2508,314;2513,326;2517,332;2521,334;2526,318;2530,332;2534,318;2539,332;2543,340;2548,324;2552,324;2556,310;2561,324;2565,316;2569,344;2574,328;2578,342;2582,328;2587,330;2591,320;2595,320;2600,334;2604,318;2608,318;2613,304;2617,338;2622,324;2626,338;2630,324;2635,338;2639,316;2643,314;2648,328;2652,326;2656,328;2661,326;2665,334;2669,320;2674,332;2678,332;2683,332;2687,318;2691,310;2696,322;2700,324;2704,322;2709,322;2713,328;2717,328;2722,328;2726,328;2730,328;2735,326;2739,318;2743,332;2748,320;2752,332;2756,318;2761,332;2765,324;2770,338;2774,324;2778,338;2783,322;2787,316;2791,344;2796,314;2800,330;2804,314;2809,328;2813,320;2817,334;2822,320;2826,334;2831,318;2835,310;2839,324;2844,324;2848,324;2852,322;2857,322;2861,314;2865,326;2870,326;2874,328;2878,326;2883,326;2887,318;2891,318;2896,332;2900,332;2905,330;2909,330;2913,336;2918,322;2922,336;2926,334;2931,334;2935,326;2939,312;2944,326;2948,312;2952,326;2957,324;2961,332;2965,318;2970,332;2974,316;2979,330;2983,330;2987,322;2992,322;2996,308;3000,308;3005,292;3009,314;3013,298;3018,298;3022,298;3026,312;3031,288;3035,288;3039,302;3044,302;3048,302;3053,286;3057,308;3061,308;3066,306;3070,306;3074,306;3079,306;3083,284;3087,296;3092,296;3096,296;3100,282;3105,304;3109,302;3114,302;3118,302;3122,316;3127,302;3131,280;3135,294;3140,292;3144,306;3148,292;3153,306;3157,312;3161,312;3166,310;3170,326;3174,310;3179,288;3183,302;3188,302;3192,302;3196,286;3201,300;3205,306;3209,320;3214,304;3218,318;3222,304;3227,318;3231,296;3235,310;3240,308;3244,308;3248,308;3253,300;3257,314;3262,300;3266,300;3270,298;3275,312;3279,304;3283,304;3288,304;3292,302;3296,302;3301,288;3305,308;3309,308;3314,322;3318,306;3322,320;3327,312;3331,298;3336,312;3340,296;3344,310;3349,310;3353,302;3357,288;3362,302;3366,300;3370,314;3375,314;3379,292;3383,292;3388,292;3392,292;3397,290;3401,312;3405,310;3410,310;3414,298;3418,310;3423,308;3427,288;3431,288;3436,288;3440,288;3444,286;3449,286;3453,306;3457,306;3462,306;3466,306;3471,304;3475,282;3479,296;3484,296;3488,296;3492,282;3497,294;3501,302;3505,288;3510,288;3514,302;3518,302;3523,302;3527,308;3531,294;3536,308;3540,294;3545,306;3549,300;3553,300;3558,300;3562,314;3566,300;3571,314;3575,306;3579,292;3584,306;3588,292;3592,306;3597,292;3601,326;3606,312;3610,312;3614,312;3619,326;3623,304;3627,290;3632,304;3636,302;3640,304;3645,290;3649,324;3653,310;3658,310;3662,310;3666,312;3671,302;3675,288;3680,302;3684,302;3688,302;3693,288;3697,310;3701,310;3706,310;3710,308;3714,310;3719,308;3723,286;3727,300;3732,300;3736,302;3740,286;3745,308;3749,306;3754,308;3758,306;3762,306;3767,306;3771,298;3775,298;3780,284;3784,298;3788,284;3793,298;3797,292;3801,304;3806,304;3810,318;3814,304;3819,282;3823,296;3828,296;3832,296;3836,282;3841,296;3845,302;3849,302;3854,302;3858,316;3862,302;3867,280;3871,292;3875,292;3880,292;3884,278;3888,292;3893,298;3897,298;3902,298;3906,312;3910,310;3915,296;3919,288;3923,288;3928,302;3932,286;3936,300;3941,286;3945,306;3949,306;3954,320;3958,306;3962,320;3967,296;3971,296;3976,310;3980,296;3984,296;3989,296;3993,316;3997,302;4002,316;4006,314;4010,314;4015,300;4019,292;4023,304;4028,290;4032,290;4037,304;4041,312;4045,310;4050,324;4054,310;4058,310;4063,310;4067,302;4071,302;4076,288;4080,300;4084,300;4089,300;4093,308;4098,308;4102,306;4106,292;4111,292;4115,298;4119,298;4124,312;4128,312;4132,298;4137,312;4141,304;4145,302;4150,302;4154,274;4158,302;4163,294;4167,294;4172,294;4176,306;4180,292;4185,292;4189,298;4193,300;4198,298;4202,298;4206,296;4211,310;4215,288;4219,286;4224,286;4228,286;4232,286;4237,292;4241,306;4246,292;4250,304;4254,290;4259,290;4263,296;4267,282;4272,282;4276,280;4280,294;4285,280;4289,300;4293,300;4298,300;4302,298;4306,300;4311,290;4315,276;4320,290;4324,290;4328,290;4333,274;4337,310;4341,308;4346,308;4350,308;4354,308;4359,308;4363,286;4367,300;4372,298;4376,298;4380,284;4385,298;4389,304;4394,318;4398,304;4402,318;4407,300;4411,282;4415,294;4420,294;4424,294;4428,294;4433,294;4437,302;4441,314;4446,300;4450,314;4454,314;4459,292;4463,292;4468,292;4472,292;4476,290;4481,290;4485,312;4489,310;4494,310;4498,310;4502,310;4507,288;4511,302;4515,300;4520,300;4524,286;4529,300;4533,306;4537,306;4542,306;4546,306;4550,306;4555,306;4559,296;4563,282;4568,296;4572,282;4576,294;4581,282;4585,302;4589,302;4594,316;4598,300;4603,302;4607,292;4611,292;4616,292;4620,278;4624,292;4629,292;4633,298;4637,296;4642,312;4646,298;4650,298;4655,288;4659,290;4664,288;4668,274;4672,288;4677,288;4681,294;4685,294;4690,308;4694,294;4698,294;4703,294;4707,286;4711,286;4716,284;4720,286;4724,300;4729,278;4733,292;4738,306;4742,306;4746,306;4751,306;4755,298;4759,298;4764,284;4768,298;4772,298;4777,298;4781,304;4785,320;4790,306;4794,320;4798,304;4803,298;4807,298;4812,284;4816,298;4820,298;4825,298;4829,304;4833,318;4838,304;4842,318;4846,304;4851,318;4855,296;4859,296;4864,296;4868,296;4872,296;4877,302;4881,316;4886,302;4890,302;4894,302;4899,316;4903,294;4907,294;4912,294;4916,292;4920,292;4925,292;4929,300;4933,314;4938,312;4942,312;4946,298;4951,290;4955,290;4960,290;4964,276;4968,290;4973,288;4977,310;4981,296;4986,310;4990,294;4994,308;4999,286;5003,286;5007,300;5012,284;5016,284;5021,284;5025,306;5029,304;5034,304;5038,304;5042,304;5047,304;5051,282;5055,282;5060,282;5064,282;5068,282;5073,288;5077,302;5081,302;5086,302;5090,286;5095,300;5099,280;5103,292;5108,278;5112,290;5116,292;5121,292;5125,298;5129,312;5134,298;5138,298;5142,298;5147,290;5151,304;5156,288;5160,290;5164,302;5169,302;5173,308;5177,322;5182,308;5186,310;5190,308;5195,322;5199,300;5203,286;5208,300;5212,300;5216,298;5221,306;5225,320;5230,306;5234,306;5238,304;5243,318;5247,296;5251,282;5256,296;5260,296;5264,296;5269,282;5273,318;5277,302;5282,288;5286,288;5290,302;5295,294;5299,294;5304,294;5308,294;5312,294;5317,294;5321,302;5325,300;5330,314;5334,314;5338,300;5343,300;5347,292;5351,292;5356,278;5360,290;5364,292;5369,298;5373,298;5378,312;5382,298;5386,298;5391,298;5395,290;5399,290;5404,276;5408,288;5412,288;5417,288;5421,296;5425,310;5430,296;5434,294;5438,294;5443,288;5447,286;5452,286;5456,286;5460,286;5465,286;5469,294;5473,308;5478,294;5482,292;5486,294;5491,308;5495,286;5499,272;5504,284;5508,286;5512,286;5517,306;5521,306;5526,306;5530,304;5534,304;5539,304;5543,296;5547,282;5552,296;5556,282;5560,296;5565,282;5569,316;5573,302;5578,316;5582,302;5587,316;5591,294;5595,280;5600,294;5604,294;5608,292;5613,278;5617,314;5621,300;5626,314;5630,298;5634,312;5639,290;5643,290;5647,290;5652,290;5656,290;5661,290;5665,310;5669,310;5674,296;5678,308;5682,310;5687,308;5691,286;5695,286;5700,286;5704,300;5708,284;5713,298;5717,306;5722,306;5726,304;5730,306;5735,304;5739,282;5743,296;5748,296;5752,296;5756,294;5761,294;5765,300;5769,314;5774,300;5778,300;5782,300;5787,292;5791,292;5796,278;5800,292;5804,292;5809,292;5813,298;5817,312;5822,298;5826,298;5830,296;5835,312;5839,290;5843,276;5848,290;5852,290;5856,288;5861,296;5865,310;5870,296;5874,296;5878,296;5883,296;5887,288;5891,288;5896,302;5900,288;5904,302;5909,300;5913,266;5917,294;5922,308;5926,292;5930,294;5935,312;5939,298;5944,312;5948,284;5952,298;5957,298;5961,276;5965,304;5970,304;5974,304;5978,318;5983,302;5987,294;5991,308;5996,294;6000,308;6004,292;6009,300;6013,300;6018,298;6022,298;6026,298;6031,298;6035,290;6039,290;6044,290;6048,290;6052,290;6057,288;6061,296;6065,310;6070,308;6074,296;6079,296;6083,286;6087,286;6092,272;6096,298;6100,298;6105,298;6109,292;6113,290;6118,290;6122,304;6126,304;6131,282;6135,296;6140,282;6144,296;6148,282;6153,296;6157,302;6161,304;6166,302;6170,302;6174,302;6179,316;6183,294;6187,280;6192,294;6196,280;6200,292;6205,300;6209,314;6214,300;6218,300;6222,298;6227,298;6231,276;6235,248;6240,276;6244,276;6248,274;6253,268;6257,252;6261,252;6266,252;6270,280;6274,280;6279,272;6283,258;6288,270;6292,256;6296,270;6301,270;6305,220;6309,262;6314,276;6318,276;6322,262;6327,270;6331,268;6335,282;6340,268;6344,268;6348,252;6353,272;6357,258;6362,228;6366,272;6370,286;6375,270;6379,264;6383,276;6388,276;6392,274;6396,260;6401,266;6405,266;6409,280;6414,266;6418,252;6422,250;6427,272;6431,270;6436,270;6440,270;6444,256;6449,248;6453,276;6457,276;6462,274;6466,248;6470,246;6475,238;6479,252;6483,252;6488,252;6492,236;6496,264;6501,270;6505,258;6510,270;6514,240;6518,254;6523,212;6527,260;6531,246;6536,260;6540,244;6544,258;6549,266;6553,280;6557,278;6562,266;6566,264;6571,248;6575,256;6579,240;6584,270;6588,268;6592,268;6597,260;\r\nBuffer sent in 0.973 secondsreturn;buffer;965\r\nreceived from UR: measure -> measure (0,1)\r\nSTEPPER: Moving to mstep: 6600 with speed [msteps/sec]: 1000 in StealthChop.\r\n'), 13:12:38
bytearray(b'STEPPER: Moving to mstep: 2400 with speed [msteps/sec]: 4000 in SpreadCycle.\r\n'), 13:12:42
bytearray(b'STEPPER: Moved 4200.00 msteps (ramp: 35%) in 1324.888 ms -> average speed [msteps/sec]: 3170.08\r\nreturn;measure;965\r\n'), 13:12:43
bytearray(b'received from UR: buffer -> buffer (0,1)\r\nSending buffer of size 965data;2400,298;2404,444;2408,168;2413,270;2417,326;2421,318;2426,334;2430,318;2434,346;2439,332;2443,324;2447,310;2452,310;2456,322;2460,322;2465,336;2469,316;2474,328;2478,316;2482,328;2487,328;2491,336;2495,322;2500,320;2504,334;2508,320;2513,332;2517,326;2521,326;2526,326;2530,326;2534,326;2539,340;2543,318;2548,318;2552,332;2556,318;2561,332;2565,324;2569,324;2574,322;2578,336;2582,322;2587,336;2591,328;2595,314;2600,328;2604,312;2609,340;2613,320;2617,334;2622,318;2626,334;2630,318;2635,332;2639,324;2643,324;2648,324;2652,324;2656,338;2661,324;2665,330;2669,316;2674,330;2678,330;2683,330;2687,316;2691,322;2696,336;2700,322;2704,336;2709,322;2713,328;2717,328;2722,328;2726,328;2730,342;2735,328;2739,306;2743,334;2748,320;2752,334;2757,320;2761,334;2765,326;2770,340;2774,326;2778,340;2783,324;2787,318;2791,332;2796,318;2800,332;2804,316;2809,330;2813,324;2817,338;2822,324;2826,338;2831,322;2835,316;2839,342;2844,328;2848,328;2852,314;2857,328;2861,320;2865,334;2870,320;2874,334;2878,318;2883,332;2887,338;2891,324;2896,324;2900,322;2905,336;2909,322;2913,328;2918,328;2922,326;2926,326;2931,340;2935,332;2939,330;2944,330;2948,316;2952,330;2957,314;2961,336;2965,320;2970,334;2974,320;2979,334;2983,318;2987,324;2992,338;2996,310;3000,310;3005,308;3009,300;3013,300;3018,300;3022,298;3026,298;3031,290;3035,290;3039,304;3044,288;3048,302;3053,302;3057,294;3061,282;3066,294;3070,294;3074,306;3079,294;3083,298;3087,298;3092,284;3096,298;3100,298;3105,290;3109,302;3114,304;3118,302;3122,302;3127,302;3131,280;3135,292;3140,292;3144,306;3148,292;3153,320;3157,298;3161,298;3166,298;3170,312;3174,296;3179,304;3183,304;3188,302;3192,316;3196,302;3201,316;3205,294;3209,308;3214,308;3218,322;3222,306;3227,308;3231,300;3235,300;3240,298;3244,298;3249,298;3253,304;3257,318;3262,304;3266,318;3270,304;3275,318;3279,310;3283,296;3288,310;3292,310;3296,308;3301,308;3305,316;3309,300;3314,314;3318,300;3323,314;3327,306;3331,292;3336,306;3340,292;3344,304;3349,290;3353,312;3357,298;3362,310;3366,296;3370,296;3375,296;3379,288;3383,302;3388,302;3392,300;3397,288;3401,308;3405,292;3410,320;3414,306;3418,320;3423,304;3427,284;3431,296;3436,296;3440,296;3444,296;3449,296;3453,290;3457,288;3462,302;3466,302;3471,300;3475,280;3479,294;3484,294;3488,294;3492,292;3497,294;3501,300;3505,300;3510,298;3514,312;3518,312;3523,290;3527,304;3531,290;3536,304;3540,304;3545,304;3549,310;3553,294;3558,296;3562,308;3566,308;3571,308;3575,314;3579,300;3584,300;3588,298;3592,312;3597,304;3601,306;3606,304;3610,318;3614,302;3619,316;3623,306;3627,280;3632,308;3636,308;3640,292;3645,294;3649,314;3653,298;3658,298;3662,298;3666,312;3671,304;3675,290;3680,302;3684,302;3688,302;3693,302;3697,322;3701,308;3706,308;3710,306;3714,306;3719,306;3723,298;3727,298;3732,282;3736,296;3740,282;3745,296;3749,302;3754,302;3758,300;3762,302;3767,300;3771,292;3775,292;3780,290;3784,304;3788,290;3793,290;3797,296;3801,310;3806,308;3810,308;3814,306;3819,286;3823,284;3828,284;3832,298;3836,296;3841,298;3845,302;3849,302;3854,300;3858,314;3862,300;3867,280;3871,292;3875,292;3880,290;3884,290;3888,304;3893,296;3897,282;3902,282;3906,296;3910,296;3915,308;3919,300;3923,286;3928,300;3932,284;3936,298;3941,284;3945,318;3949,304;3954,318;3958,302;3963,316;3967,294;3971,292;3976,306;3980,306;3984,320;3989,292;3993,310;3997,296;4002,310;4006,294;4010,308;4015,294;4019,300;4023,314;4028,300;4032,312;4037,298;4041,320;4045,304;4050,318;4054,304;4058,318;4063,302;4067,294;4071,294;4076,294;4080,294;4084,294;4089,292;4093,314;4097,312;4102,312;4106,312;4111,312;4115,304;4119,304;4124,290;4128,304;4132,304;4137,302;4141,296;4145,310;4150,308;4154,308;4158,308;4163,286;4167,314;4172,286;4176,298;4180,284;4185,298;4189,304;4193,304;4198,290;4202,304;4206,304;4211,282;4215,296;4219,296;4224,310;4228,308;4232,294;4237,300;4241,300;4246,300;4250,300;4254,286;4259,300;4263,290;4267,290;4272,290;4276,290;4280,290;4285,290;4289,294;4293,294;4298,280;4302,294;4306,308;4311,286;4315,286;4320,300;4324,284;4328,300;4333,284;4337,304;4341,304;4346,318;4350,302;4354,302;4359,302;4363,294;4367,308;4372,308;4376,306;4380,294;4385,314;4389,298;4394,312;4398,312;4402,326;4407,312;4411,290;4415,304;4420,304;4424,304;4428,304;4433,302;4437,296;4441,282;4446,294;4450,308;4454,294;4459,300;4463,314;4468,312;4472,298;4476,298;4481,298;4485,304;4489,304;4494,302;4498,316;4502,302;4507,302;4511,294;4515,294;4520,308;4524,292;4529,306;4533,298;4537,298;4542,298;4546,298;4550,296;4555,282;4559,290;4563,288;4568,302;4572,288;4576,302;4581,286;4585,308;4589,292;4594,306;4598,292;4603,306;4607,296;4611,286;4616,298;4620,298;4624,298;4629,298;4633,304;4637,290;4642,304;4646,290;4650,302;4655,296;4659,280;4663,294;4668,282;4672,294;4677,280;4681,300;4685,300;4690,286;4694,300;4698,300;4703,300;4707,292;4711,290;4716,276;4720,290;4724,276;4729,290;4733,296;4738,296;4742,282;4746,296;4751,296;4755,288;4759,302;4764,286;4768,300;4772,286;4777,314;4781,306;4785,306;4790,306;4794,320;4798,306;4803,298;4807,312;4812,298;4816,298;4820,296;4825,298;4829,304;4833,302;4838,302;4842,316;4846,302;4851,316;4855,294;4859,294;4864,294;4868,292;4872,306;4877,300;4881,298;4886,298;4890,298;4894,298;4899,312;4903,304;4907,304;4912,302;4916,302;4920,302;4925,274;4929,308;4933,308;4938,308;4942,308;4946,306;4951,300;4955,284;4960,298;4964,282;4968,296;4973,282;4977,304;4981,304;4986,304;4990,302;4994,304;4999,302;5003,280;5007,294;5012,280;5016,294;5020,280;5025,300;5029,300;5034,300;5038,298;5042,298;5047,298;5051,290;5055,290;5060,290;5064,290;5068,288;5073,302;5077,294;5081,294;5086,294;5090,294;5095,294;5099,284;5103,286;5108,284;5112,298;5116,284;5121,296;5125,290;5129,290;5134,302;5138,302;5142,302;5147,294;5151,294;5155,294;5160,308;5164,292;5169,308;5173,300;5177,314;5182,300;5186,312;5190,298;5195,284;5199,304;5203,290;5208,304;5212,290;5216,304;5221,296;5225,296;5230,280;5234,296;5238,294;5243,310;5247,314;5251,286;5256,300;5260,286;5264,300;5269,284;5273,306;5277,306;5282,304;5286,304;5290,304;5295,296;5299,296;5304,310;5308,308;5312,294;5317,294;5321,300;5325,300;5330,300;5334,300;5338,300;5343,298;5347,290;5351,304;5356,290;5360,304;5364,304;5369,296;5373,294;5378,292;5382,294;5386,278;5391,292;5395,286;5399,298;5404,284;5408,296;5412,282;5417,294;5421,302;5425,302;5430,300;5434,314;5438,298;5443,290;5447,290;5452,276;5456,290;5460,290;5465,288;5469,294;5473,280;5478,294;5482,264;5486,292;5491,292;5495,298;5499,284;5504,298;5508,298;5512,298;5517,304;5521,304;5526,304;5530,276;5534,290;5539,304;5543,296;5547,296;5552,294;5556,294;5560,308;5565,292;5569,314;5573,298;5578,312;5582,298;5586,312;5591,296;5595,304;5600,302;5604,288;5608,300;5613,286;5617,308;5621,292;5626,306;5630,304;5634,318;5639,304;5643,296;5647,296;5652,294;5656,294;5661,294;5665,300;5669,300;5674,284;5678,284;5682,298;5687,296;5691,304;5695,304;5700,288;5704,288;5708,288;5713,300;5717,306;5721,306;5726,306;5730,306;5735,304;5739,282;5743,308;5748,294;5752,306;5756,292;5761,292;5765,298;5769,296;5774,296;5778,296;5782,294;5787,288;5791,286;5796,286;5800,300;5804,284;5809,298;5813,304;5817,304;5822,304;5826,304;5830,302;5835,302;5839,294;5843,280;5848,292;5852,292;5856,290;5861,296;5865,296;5870,296;5874,294;5878,294;5883,294;5887,284;5891,284;5896,284;5900,284;5904,296;5909,282;5913,288;5917,288;5922,302;5926,300;5930,300;5935,292;5939,292;5944,304;5948,290;5952,304;5957,288;5961,296;5965,294;5970,308;5974,294;5978,308;5983,294;5987,284;5991,298;5996,284;6000,298;6004,296;6009,304;6013,302;6018,316;6022,302;6026,302;6031,300;6035,292;6039,292;6044,292;6048,292;6052,290;6057,290;6061,296;6065,296;6070,296;6074,310;6078,294;6083,288;6087,302;6092,300;6096,300;6100,286;6105,298;6109,306;6113,304;6118,292;6122,304;6126,290;6131,282;6135,294;6139,280;6144,294;6148,292;6153,294;6157,300;6161,270;6166,286;6170,298;6174,298;6179,298;6183,304;6187,290;6192,288;6196,302;6200,302;6205,294;6209,308;6213,306;6218,306;6222,292;6227,292;6231,282;6235,254;6240,268;6244,268;6248,266;6253,260;6257,244;6261,258;6266,258;6270,272;6274,270;6279,262;6283,262;6288,276;6292,246;6296,260;6301,246;6305,252;6309,264;6314,222;6318,264;6322,278;6327,270;6331,270;6335,284;6340,256;6344,268;6348,254;6353,274;6357,272;6362,270;6366,272;6370,272;6375,256;6379,278;6383,264;6388,262;6392,276;6396,260;6401,224;6405,266;6409,280;6414,266;6418,250;6422,278;6427,258;6431,270;6436,256;6440,268;6444,254;6449,254;6453,274;6457,274;6462,272;6466,258;6470,272;6475,264;6479,264;6483,248;6488,262;6492,260;6496,260;6501,266;6505,222;6510,266;6514,266;6518,280;6523,242;6527,256;6531,228;6536,270;6540,254;6544,268;6549,246;6553,246;6557,272;6562,272;6566,258;6570,258;6575,250;6579,278;6584,262;6588,262;6592,262;6597,252;\r\nBuffer sent in 0.973 secondsreturn;buffer;965\r\nreceived from UR: measure -> measure (0,1)\r\nSTEPPER: Moving to mstep: 6600 with speed [msteps/sec]: 1000 in StealthChop.\r\n'), 13:12:47
bytearray(b'STEPPER: Moving to mstep: 2400 with speed [msteps/sec]: 4000 in SpreadCycle.\r\n'), 13:12:51
bytearray(b'STEPPER: Moved 4200.00 msteps (ramp: 35%) in 1324.888 ms -> average speed [msteps/sec]: 3170.08\r\nreturn;measure;965\r\n'), 13:12:52
bytearray(b'received from UR: buffer -> buffer (0,1)\r\nSending buffer of size 965data;2400,306;2404,452;2408,164;2413,266;2417,330;2421,314;2426,342;2430,314;2434,328;2439,328;2443,320;2447,320;2452,320;2456,320;2460,320;2465,334;2469,326;2474,326;2478,324;2482,324;2487,324;2491,330;2495,330;2500,316;2504,328;2508,314;2513,328;2517,322;2521,334;2526,320;2530,334;2534,318;2539,332;2543,338;2548,324;2552,324;2556,310;2561,324;2565,330;2569,330;2574,328;2578,330;2582,314;2587,328;2591,334;2595,320;2600,334;2604,304;2608,318;2613,318;2617,340;2622,310;2626,326;2630,324;2635,338;2639,330;2643,330;2648,330;2652,316;2656,316;2661,316;2665,336;2669,322;2674,334;2678,320;2682,334;2687,318;2691,326;2696,326;2700,326;2704,324;2709,312;2713,332;2717,332;2722,332;2726,330;2730,330;2735,316;2739,322;2743,336;2748,322;2752,336;2756,306;2761,320;2765,326;2770,340;2774,326;2778,340;2783,324;2787,316;2791,330;2796,316;2800,330;2804,314;2809,342;2813,320;2817,336;2822,320;2826,334;2831,320;2835,334;2839,324;2844,310;2848,324;2852,324;2857,338;2861,316;2865,328;2870,314;2874,328;2878,328;2883,326;2887,320;2891,318;2896,318;2900,318;2905,332;2909,318;2913,338;2918,324;2922,338;2926,324;2931,338;2935,330;2939,330;2944,342;2948,316;2952,328;2957,314;2961,334;2965,320;2970,334;2974,318;2979,332;2983,324;2987,310;2992,324;2996,322;3000,310;3005,294;3009,316;3013,300;3018,314;3022,300;3026,284;3031,298;3035,292;3039,304;3044,304;3048,304;3053,304;3057,296;3061,296;3066,310;3070,296;3074,294;3079,296;3083,286;3087,300;3092,286;3096,298;3100,300;3105,300;3109,306;3113,306;3118,306;3122,304;3127,304;3131,296;3135,296;3140,280;3144,294;3148,294;3153,308;3157,314;3161,314;3166,312;3170,314;3174,312;3179,326;3183,304;3187,290;3192,304;3196,304;3201,316;3205,294;3209,308;3214,308;3218,308;3222,306;3227,306;3231,312;3235,298;3240,298;3244,296;3248,296;3253,302;3257,316;3262,314;3266,314;3270,314;3275,312;3279,304;3283,290;3288,304;3292,304;3296,302;3301,288;3305,322;3309,308;3314,308;3318,306;3322,306;3327,310;3331,282;3336,296;3340,294;3344,296;3349,280;3353,314;3357,298;3362,298;3366,298;3370,312;3375,296;3379,288;3383,300;3388,286;3392,300;3397,286;3401,306;3405,306;3410,320;3414,304;3418,304;3423,304;3427,294;3431,294;3436,280;3440,294;3444,294;3449,292;3453,300;3457,314;3462,298;3466,298;3471,298;3475,288;3479,288;3484,288;3488,288;3492,288;3497,288;3501,306;3505,306;3510,306;3514,306;3518,306;3523,284;3527,298;3531,282;3536,296;3540,296;3545,310;3549,288;3553,314;3558,300;3562,314;3566,312;3571,312;3575,304;3579,304;3584,304;3588,288;3592,302;3597,302;3601,322;3605,308;3610,322;3614,306;3619,320;3623,298;3627,298;3632,298;3636,296;3640,296;3645,296;3649,316;3653,302;3658,316;3662,314;3666,314;3671,292;3675,304;3679,306;3684,290;3688,304;3693,304;3697,310;3701,310;3706,310;3710,308;3714,308;3719,308;3723,300;3727,314;3732,300;3736,300;3740,286;3745,304;3749,306;3754,306;3758,304;3762,290;3767,290;3771,282;3775,296;3780,282;3784,296;3788,294;3793,308;3797,286;3801,300;3806,300;3810,312;3814,298;3819,290;3823,304;3828,290;3832,304;3836,304;3841,290;3845,294;3849,308;3854,308;3858,308;3862,306;3867,286;3871,286;3875,284;3880,284;3884,284;3889,298;3893,304;3897,304;3902,304;3906,304;3910,302;3915,316;3919,296;3923,278;3928,306;3932,292;3936,292;3941,290;3945,312;3949,296;3954,296;3958,296;3963,310;3967,300;3971,286;3976,314;3980,300;3984,314;3989,298;3993,304;3997,304;4002,318;4006,302;4010,288;4015,302;4019,294;4023,306;4028,308;4032,308;4037,308;4041,300;4045,298;4050,300;4054,298;4058,312;4063,298;4067,304;4071,304;4076,302;4080,302;4084,316;4089,294;4093,294;4097,294;4102,294;4106,308;4111,306;4115,300;4119,312;4124,298;4128,298;4132,296;4137,296;4141,302;4145,316;4150,302;4154,288;4158,286;4163,278;4167,292;4171,292;4176,290;4180,276;4185,290;4189,298;4193,310;4198,296;4202,310;4206,294;4211,280;4215,300;4219,286;4224,300;4228,286;4232,286;4237,292;4241,306;4246,290;4250,304;4254,290;4259,288;4263,296;4267,296;4272,294;4276,282;4280,294;4285,294;4289,288;4293,286;4298,258;4302,300;4306,300;4311,292;4315,292;4320,306;4324,292;4328,304;4333,290;4337,312;4341,296;4346,310;4350,296;4354,280;4359,294;4363,300;4367,314;4372,300;4376,314;4380,300;4385,320;4389,304;4394,318;4398,304;4402,318;4407,302;4411,294;4415,308;4420,308;4424,308;4428,292;4433,306;4437,298;4441,284;4446,298;4450,312;4455,296;4459,304;4463,302;4468,288;4472,302;4476,302;4481,300;4485,308;4489,308;4494,308;4498,308;4502,306;4507,308;4511,298;4515,284;4520,298;4524,298;4529,298;4533,304;4537,318;4542,304;4546,304;4550,302;4555,304;4559,296;4563,280;4568,294;4572,280;4576,294;4581,280;4585,316;4589,300;4594,302;4598,300;4603,314;4607,292;4611,278;4616,292;4620,292;4624,292;4629,278;4633,314;4637,298;4642,298;4646,298;4650,312;4655,290;4659,276;4663,290;4668,290;4672,288;4677,274;4681,296;4685,296;4690,296;4694,294;4698,308;4703,296;4707,272;4711,286;4716,286;4720,286;4724,272;4729,286;4733,306;4738,306;4742,306;4746,306;4751,304;4755,282;4759,296;4764,296;4768,296;4772,282;4777,294;4781,302;4785,316;4790,300;4794,314;4798,314;4803,292;4807,292;4812,292;4816,304;4820,290;4825,290;4829,310;4833,310;4838,296;4842,310;4846,310;4851,288;4855,288;4859,302;4864,302;4868,288;4873,288;4877,308;4881,308;4886,308;4890,308;4894,308;4899,306;4903,300;4907,300;4912,300;4916,286;4920,298;4925,286;4929,306;4933,306;4938,306;4942,306;4947,276;4951,298;4955,298;4960,312;4964,296;4968,310;4973,296;4977,304;4981,302;4986,316;4990,288;4994,288;4999,288;5003,294;5007,306;5012,292;5016,306;5021,306;5025,284;5029,284;5034,284;5038,298;5042,298;5047,298;5051,290;5055,302;5060,290;5064,302;5068,290;5073,266;5077,294;5081,294;5086,294;5090,294;5095,292;5099,286;5103,286;5108,284;5112,284;5116,282;5121,284;5125,304;5129,302;5134,290;5138,274;5142,288;5147,294;5151,308;5155,294;5160,308;5164,306;5169,306;5173,298;5177,312;5182,312;5186,312;5190,296;5195,310;5199,302;5203,288;5208,300;5212,286;5216,300;5221,286;5225,320;5229,306;5234,306;5238,304;5243,318;5247,296;5251,282;5256,296;5260,296;5264,294;5269,294;5273,316;5277,314;5282,300;5286,300;5290,314;5295,292;5299,292;5304,292;5308,290;5312,290;5317,290;5321,310;5325,296;5330,294;5334,294;5338,308;5343,308;5347,286;5351,300;5356,284;5360,298;5364,284;5369,304;5373,304;5378,302;5382,302;5386,316;5391,302;5395,280;5399,294;5404,292;5408,292;5412,278;5417,292;5421,298;5425,298;5430,296;5434,310;5439,296;5443,288;5447,286;5452,286;5456,286;5460,274;5465,286;5469,306;5473,290;5478,292;5482,304;5486,304;5491,282;5495,282;5499,282;5504,282;5508,282;5513,280;5517,302;5521,300;5526,300;5530,314;5534,300;5539,300;5543,292;5547,292;5552,292;5556,276;5560,290;5565,296;5569,282;5573,296;5578,310;5582,296;5587,310;5591,302;5595,286;5600,300;5604,300;5608,300;5613,298;5617,306;5621,290;5626,290;5630,290;5634,304;5639,296;5643,310;5647,296;5652,294;5656,294;5661,294;5665,314;5669,300;5674,300;5678,300;5682,312;5687,312;5691,290;5695,290;5700,290;5704,288;5708,288;5713,288;5717,308;5721,308;5726,308;5730,308;5735,308;5739,286;5743,288;5748,286;5752,300;5756,286;5761,286;5765,292;5769,278;5774,292;5778,306;5782,304;5787,296;5791,296;5796,296;5800,296;5804,296;5809,296;5813,302;5817,302;5822,300;5826,288;5830,286;5835,286;5839,308;5843,294;5848,292;5852,306;5856,292;5861,286;5865,300;5870,298;5874,300;5878,298;5883,284;5887,290;5891,276;5896,290;5900,290;5904,290;5909,276;5913,312;5917,296;5922,296;5926,296;5931,310;5935,302;5939,288;5944,302;5948,288;5952,302;5957,302;5961,306;5965,292;5970,308;5974,306;5978,320;5983,306;5987,284;5991,298;5996,284;6000,296;6005,282;6009,304;6013,288;6018,288;6022,302;6026,316;6031,300;6035,294;6039,294;6044,292;6048,292;6052,292;6057,292;6061,298;6065,298;6070,298;6074,312;6079,298;6083,290;6087,290;6092,290;6096,290;6100,288;6105,288;6109,294;6113,294;6118,294;6122,294;6126,294;6131,308;6135,300;6139,286;6144,300;6148,286;6153,298;6157,290;6161,290;6166,290;6170,304;6174,302;6179,304;6183,282;6187,280;6192,294;6196,280;6200,294;6205,280;6209,314;6213,300;6218,300;6222,300;6227,300;6231,276;6235,248;6240,276;6244,276;6248,276;6253,268;6257,238;6261,252;6266,224;6270,266;6274,280;6279,272;6283,258;6288,256;6292,256;6296,256;6301,228;6305,276;6309,274;6314,260;6318,246;6322,246;6327,252;6331,250;6335,252;6340,236;6344,278;6348,264;6353,270;6357,270;6362,254;6366,254;6370,254;6375,270;6379,262;6383,276;6388,274;6392,260;6396,274;6401,224;6405,266;6409,266;6414,266;6418,252;6423,252;6427,272;6431,272;6436,272;6440,272;6444,272;6449,250;6453,278;6457,278;6462,264;6466,264;6470,264;6475,256;6479,256;6483,228;6488,270;6492,270;6497,270;6501,262;6505,234;6510,248;6514,218;6518,262;6523,254;6527,268;6531,252;6536,254;6540,252;6544,252;6549,272;6553,272;6557,272;6562,272;6566,256;6571,242;6575,264;6579,276;6584,262;6588,262;6592,262;6597,254;\r\nBuffer sent in 0.973 secondsreturn;buffer;965\r\nreceived from UR: measure -> measure (0,1)\r\nSTEPPER: Moving to mstep: 6600 with speed [msteps/sec]: 1000 in StealthChop.\r\n'), 13:12:56
bytearray(b'STEPPER: Moving to mstep: 2400 with speed [msteps/sec]: 4000 in SpreadCycle.\r\n'), 13:13:00
bytearray(b'STEPPER: Moved 4200.00 msteps (ramp: 35%) in 1324.888 ms -> average speed [msteps/sec]: 3170.08\r\nreturn;measure;965\r\n'), 13:13:01
bytearray(b'received from UR: buffer -> buffer (0,1)\r\nSending buffer of size 965data;2400,296;2404,448;2408,160;2413,274;2417,316;2421,322;2426,338;2430,322;2434,336;2439,320;2443,326;2447,326;2452,326;2456,326;2460,310;2465,324;2469,316;2474,344;2478,330;2482,330;2487,314;2491,320;2495,320;2500,318;2504,332;2508,316;2513,318;2517,322;2521,336;2526,322;2530,336;2534,320;2539,324;2543,342;2548,326;2552,326;2556,312;2561,324;2565,330;2569,332;2574,316;2578,330;2582,316;2587,330;2591,336;2595,322;2600,334;2604,306;2608,320;2613,320;2617,338;2622,312;2626,324;2630,322;2635,336;2639,330;2643,328;2648,326;2652,312;2656,326;2661,326;2665,332;2669,316;2674,330;2678,316;2683,330;2687,328;2691,320;2696,334;2700,320;2704,320;2709,320;2713,326;2717,324;2722,338;2726,324;2730,338;2735,322;2739,314;2743,328;2748,302;2752,328;2757,314;2761,328;2765,320;2770,334;2774,318;2778,332;2783,316;2787,324;2791,336;2796,322;2800,322;2804,308;2809,320;2813,314;2817,342;2822,326;2826,340;2831,326;2835,318;2839,332;2844,318;2848,330;2852,330;2857,330;2861,322;2865,336;2870,322;2874,336;2878,322;2883,336;2887,328;2891,314;2896,326;2900,326;2905,326;2909,318;2913,332;2918,332;2922,344;2926,330;2931,344;2935,322;2939,322;2944,334;2948,320;2952,320;2957,304;2961,326;2965,324;2970,338;2974,324;2979,338;2983,330;2987,316;2992,328;2996,328;3000,328;3005,300;3009,306;3013,304;3018,318;3022,304;3026,318;3031,296;3035,282;3040,294;3044,294;3048,294;3053,294;3057,314;3061,300;3066,300;3070,300;3074,314;3079,300;3083,292;3087,292;3092,290;3096,290;3100,290;3105,312;3109,310;3114,310;3118,310;3122,310;3127,296;3131,302;3135,300;3140,286;3144,300;3148,286;3153,314;3157,306;3161,306;3166,306;3170,320;3174,304;3179,296;3183,298;3188,296;3192,310;3196,296;3201,296;3205,302;3209,316;3214,302;3218,316;3222,302;3227,316;3231,306;3235,292;3240,292;3244,306;3248,306;3253,312;3257,326;3262,312;3266,312;3270,310;3275,310;3279,302;3283,302;3288,302;3292,300;3296,300;3301,300;3305,308;3309,306;3314,320;3318,318;3323,318;3327,296;3331,296;3336,310;3340,280;3344,294;3349,294;3353,302;3357,300;3362,314;3366,312;3370,312;3375,298;3379,290;3383,302;3388,288;3392,302;3397,288;3401,308;3405,308;3410,322;3414,306;3418,306;3423,306;3427,298;3431,296;3436,282;3440,296;3444,296;3449,294;3453,302;3457,316;3462,300;3466,298;3471,298;3475,290;3479,290;3484,278;3488,290;3492,290;3497,288;3501,296;3505,308;3510,308;3514,308;3518,306;3523,284;3527,298;3532,282;3536,296;3540,296;3545,310;3549,288;3553,314;3558,300;3562,314;3566,298;3571,300;3575,306;3579,304;3584,304;3588,304;3592,316;3597,294;3601,308;3606,306;3610,308;3614,306;3619,292;3623,312;3627,298;3632,310;3636,310;3640,310;3645,310;3649,302;3653,300;3658,300;3662,300;3666,314;3671,306;3675,306;3680,306;3684,304;3688,304;3693,304;3697,296;3701,296;3706,296;3710,296;3714,308;3719,308;3723,302;3727,314;3732,300;3736,300;3740,300;3745,292;3749,292;3754,306;3758,306;3762,306;3767,304;3771,282;3775,296;3780,296;3784,296;3788,282;3793,296;3797,302;3801,302;3806,302;3810,316;3814,300;3819,280;3823,292;3828,292;3832,292;3836,292;3841,292;3845,298;3849,298;3854,298;3858,312;3862,296;3867,296;3871,288;3875,288;3880,288;3884,286;3889,286;3893,306;3897,292;3902,306;3906,306;3910,304;3915,304;3919,296;3923,282;3928,294;3932,280;3936,294;3941,292;3945,314;3949,312;3954,314;3958,312;3963,312;3967,304;3971,290;3976,302;3980,288;3984,302;3989,302;3993,322;3997,308;4002,322;4006,306;4010,320;4015,298;4019,298;4024,296;4028,296;4032,296;4037,296;4041,314;4045,300;4050,314;4054,314;4058,314;4063,312;4067,304;4071,304;4076,290;4080,304;4084,304;4089,310;4093,310;4098,310;4102,308;4106,308;4111,308;4115,300;4119,300;4124,284;4128,298;4132,298;4137,298;4141,304;4145,304;4150,304;4154,302;4158,302;4163,282;4167,294;4172,280;4176,294;4180,292;4185,292;4189,298;4193,312;4198,298;4202,298;4206,298;4211,312;4215,288;4219,288;4224,288;4228,288;4233,288;4237,294;4241,308;4246,306;4250,292;4254,292;4259,306;4263,284;4267,284;4272,284;4276,284;4280,282;4285,282;4289,302;4293,302;4298,288;4302,302;4307,300;4311,292;4315,278;4320,292;4324,292;4328,290;4333,276;4337,312;4341,312;4346,312;4350,298;4354,312;4359,310;4363,288;4367,302;4372,288;4376,302;4381,288;4385,322;4389,308;4394,322;4398,306;4402,320;4407,306;4411,284;4415,298;4420,298;4424,298;4428,284;4433,296;4437,304;4441,318;4446,302;4450,318;4455,302;4459,294;4463,294;4468,294;4472,294;4476,292;4481,294;4485,312;4489,312;4494,312;4498,312;4502,310;4507,288;4511,302;4516,302;4520,302;4524,300;4529,300;4533,306;4537,306;4542,306;4546,304;4550,304;4555,284;4559,296;4563,280;4568,296;4572,282;4576,294;4581,300;4585,314;4590,300;4594,300;4598,300;4603,312;4607,290;4611,278;4616,290;4620,290;4624,288;4629,288;4633,308;4637,306;4642,306;4646,292;4651,306;4655,296;4659,296;4664,296;4668,296;4672,294;4677,280;4681,300;4685,300;4690,286;4694,300;4698,300;4703,290;4707,276;4711,290;4716,290;4720,288;4725,274;4729,308;4733,308;4738,308;4742,308;4746,308;4751,306;4755,284;4759,298;4764,298;4768,312;4772,298;4777,298;4781,306;4785,318;4790,304;4794,318;4799,302;4803,294;4807,294;4812,294;4816,294;4820,292;4825,292;4829,312;4833,312;4838,298;4842,312;4846,310;4851,288;4855,288;4859,302;4864,288;4868,288;4873,288;4877,308;4881,306;4886,306;4890,306;4894,304;4899,304;4903,296;4907,296;4912,308;4916,296;4920,308;4925,300;4929,314;4934,312;4938,300;4942,298;4947,312;4951,288;4955,276;4960,288;4964,288;4968,288;4973,274;4977,308;4981,306;4986,308;4990,306;4994,306;4999,298;5003,284;5008,298;5012,284;5016,296;5021,282;5025,304;5029,302;5034,302;5038,302;5042,302;5047,280;5051,266;5055,292;5060,292;5064,292;5068,292;5073,284;5077,284;5082,270;5086,282;5090,296;5095,296;5099,288;5103,290;5108,288;5112,288;5116,272;5121,286;5125,306;5129,306;5134,306;5138,306;5142,304;5147,282;5151,296;5156,294;5160,294;5164,280;5169,292;5173,300;5177,312;5182,298;5186,312;5190,310;5195,288;5199,302;5203,288;5208,302;5212,286;5216,288;5221,308;5225,308;5230,306;5234,320;5238,306;5243,306;5247,296;5251,296;5256,296;5260,282;5264,294;5269,294;5273,302;5277,300;5282,314;5286,314;5291,298;5295,292;5299,290;5304,290;5308,290;5312,290;5317,290;5321,310;5325,308;5330,308;5334,308;5338,308;5343,306;5347,284;5351,298;5356,284;5360,298;5365,298;5369,304;5373,304;5378,304;5382,302;5386,302;5391,302;5395,280;5399,294;5404,278;5408,292;5412,290;5417,298;5421,296;5425,310;5430,294;5434,294;5439,294;5443,286;5447,298;5452,298;5456,298;5460,296;5465,296;5469,302;5473,302;5478,300;5482,286;5486,286;5491,290;5495,304;5500,290;5504,290;5508,286;5513,288;5517,294;5521,306;5526,306;5530,306;5534,306;5539,306;5543,298;5547,296;5552,310;5556,296;5560,308;5565,300;5569,302;5574,300;5578,314;5582,298;5587,312;5591,290;5595,290;5600,304;5604,290;5608,290;5613,288;5617,310;5621,296;5626,310;5630,308;5634,308;5639,286;5643,300;5648,298;5652,284;5656,298;5661,298;5665,304;5669,304;5674,316;5678,302;5682,288;5687,300;5691,292;5695,292;5700,292;5704,304;5709,290;5713,296;5717,296;5722,308;5726,296;5730,294;5735,294;5739,288;5743,288;5748,288;5752,300;5756,270;5761,300;5765,306;5769,306;5774,306;5778,306;5783,290;5787,282;5791,296;5796,282;5800,296;5804,282;5809,296;5813,302;5817,272;5822,300;5826,302;5830,300;5835,292;5839,292;5843,292;5848,292;5852,292;5857,290;5861,298;5865,298;5870,296;5874,296;5878,296;5883,296;5887,288;5891,274;5896,288;5900,288;5904,286;5909,294;5913,308;5917,306;5922,292;5926,304;5931,306;5935,294;5939,282;5944,294;5948,280;5952,294;5957,278;5961,314;5965,300;5970,312;5974,298;5978,312;5983,290;5987,288;5992,288;5996,288;6000,300;6005,286;6009,308;6013,306;6018,306;6022,306;6026,320;6031,284;6035,282;6039,282;6044,296;6048,282;6052,280;6057,294;6061,300;6066,300;6070,298;6074,312;6079,298;6083,290;6087,290;6092,288;6096,288;6100,288;6105,286;6109,306;6113,306;6118,304;6122,306;6126,304;6131,282;6135,296;6140,282;6144,294;6148,280;6153,294;6157,300;6161,300;6166,300;6170,312;6174,298;6179,276;6183,290;6187,288;6192,288;6196,274;6200,288;6205,294;6209,308;6214,294;6218,308;6222,292;6227,292;6231,270;6235,268;6240,254;6244,240;6248,268;6253,274;6257,258;6261,258;6266,230;6270,258;6275,242;6279,264;6283,264;6288,262;6292,276;6296,262;6301,248;6305,254;6309,254;6314,254;6318,282;6322,282;6327,274;6331,260;6335,274;6340,274;6344,272;6349,258;6353,252;6357,278;6362,278;6366,264;6370,264;6375,250;6379,256;6383,256;6388,256;6392,254;6396,240;6401,290;6405,262;6409,276;6414,260;6418,246;6423,246;6427,282;6431,266;6436,266;6440,266;6444,266;6449,244;6453,272;6457,272;6462,270;6466,244;6470,256;6475,278;6479,262;6484,262;6488,262;6492,260;6497,240;6501,254;6505,238;6510,268;6514,280;6518,266;6523,258;6527,258;6531,258;6536,272;6540,244;6544,256;6549,262;6553,248;6558,276;6562,276;6566,276;6571,262;6575,268;6579,268;6584,266;6588,266;6592,264;6597,272;\r\nBuffer sent in 0.973 secondsreturn;buffer;965\r\n'), 13:13:05
