bytearray(b'received from UR: s -> s (0,1)\r\n*** STATUS ***\r\nid        :         3 -\r\nstep      :      2400 steps\r\nspeed     :      1500 msteps/s\r\nmspeed    :      1000 msteps/s\r\nsg-thrs   :        80 -\r\ndefault   :     12000 \xc2\xb5m\r\ndispense  :     14640 \xc2\xb5m\r\nblowout   :     33000 \xc2\xb5m\r\nd-offset  :        20 \xc2\xb5m\r\nur0       :         1 -\r\nur1       :         1 -\r\nhomed     :         1 -\r\nreturn;s;2400\r\n'), 13:26:41
bytearray(b'received from UR: measure -> measure (0,1)\r\nSTEPPER: Moving to mstep: 6600 with speed [msteps/sec]: 1000 in StealthChop.\r\n'), 13:26:43
bytearray(b'STEPPER: Moving to mstep: 2400 with speed [msteps/sec]: 4000 in SpreadCycle.\r\n'), 13:26:47
bytearray(b'STEPPER: Moved 4200.00 msteps (ramp: 35%) in 1324.880 ms -> average speed [msteps/sec]: 3170.10\r\nreturn;measure;965\r\n'), 13:26:49
bytearray(b'received from UR: buffer -> buffer (0,1)\r\nSending buffer of size 965data;2400,304;2404,442;2408,154;2413,268;2417,310;2421,332;2426,334;2430,318;2434,332;2439,332;2443,324;2447,324;2452,310;2456,310;2460,310;2465,324;2469,330;2474,332;2478,330;2482,330;2487,316;2491,338;2495,324;2500,324;2504,324;2508,310;2513,338;2517,316;2521,330;2526,316;2530,330;2534,316;2539,330;2543,324;2548,310;2552,322;2556,308;2561,338;2565,316;2569,318;2574,316;2578,330;2582,316;2587,332;2591,324;2595,310;2600,324;2604,310;2608,324;2613,324;2617,318;2622,316;2626,330;2630,330;2635,330;2639,308;2643,308;2648,324;2652,322;2656,322;2661,322;2665,330;2669,328;2674,328;2678,316;2682,330;2687,328;2691,322;2696,322;2700,322;2704,320;2709,308;2713,328;2717,314;2722,328;2726,328;2730,328;2735,314;2739,320;2743,334;2748,320;2752,320;2756,306;2761,334;2765,326;2770,326;2774,326;2778,340;2783,312;2787,318;2791,332;2796,316;2800,330;2804,316;2809,316;2813,322;2817,338;2822,324;2826,336;2830,322;2835,314;2839,316;2844,328;2848,330;2852,316;2857,314;2861,322;2865,322;2870,306;2874,306;2878,320;2883,320;2887,300;2891,300;2896,314;2900,314;2905,314;2909,306;2913,320;2918,306;2922,320;2926,306;2931,320;2935,312;2939,312;2944,312;2948,298;2952,310;2957,298;2961,318;2965,302;2970,302;2974,302;2979,304;2983,310;2987,310;2992,310;2996,296;3000,310;3005,296;3009,318;3013,290;3018,304;3022,304;3026,304;3031,304;3035,310;3040,296;3044,296;3048,296;3053,296;3057,304;3061,304;3066,304;3070,304;3074,304;3079,304;3083,298;3087,296;3092,298;3096,298;3100,298;3105,304;3109,304;3114,318;3118,304;3122,318;3127,304;3131,298;3135,312;3140,298;3144,312;3148,312;3153,312;3157,304;3161,318;3166,304;3170,318;3174,304;3179,310;3183,310;3188,296;3192,310;3196,310;3201,310;3205,318;3209,318;3214,318;3218,320;3222,318;3227,318;3231,310;3235,310;3240,310;3244,310;3248,310;3253,302;3257,316;3262,302;3266,316;3270,316;3275,316;3279,308;3283,308;3288,308;3292,308;3296,308;3301,308;3305,314;3309,314;3314,314;3318,314;3323,314;3327,308;3331,294;3336,322;3340,308;3344,306;3349,306;3353,314;3357,312;3362,314;3366,298;3370,314;3375,298;3379,292;3383,306;3388,306;3392,306;3397,306;3401,314;3405,298;3410,314;3414,300;3418,300;3423,300;3427,294;3431,294;3436,308;3440,294;3444,294;3449,294;3453,300;3458,314;3462,300;3466,300;3471,300;3475,292;3479,308;3484,308;3488,306;3492,294;3497,306;3501,300;3505,314;3510,312;3514,314;3518,300;3523,292;3527,320;3532,306;3536,308;3540,294;3545,306;3549,300;3553,316;3558,300;3562,314;3566,300;3571,314;3575,308;3579,308;3584,308;3588,308;3592,308;3597,300;3601,316;3606,314;3610,314;3614,314;3619,316;3623,294;3627,292;3632,306;3636,308;3640,306;3645,306;3649,328;3653,314;3658,314;3662,312;3666,314;3671,306;3675,292;3680,306;3684,306;3688,304;3693,306;3697,312;3701,312;3706,312;3710,298;3714,312;3719,310;3723,300;3727,304;3732,302;3736,302;3740,302;3745,310;3749,308;3754,324;3758,308;3762,308;3767,294;3771,302;3775,302;3780,302;3784,302;3788,302;3793,302;3797,308;3801,322;3806,308;3810,308;3814,308;3819,302;3823,302;3828,286;3832,300;3836,300;3841,300;3845,306;3849,322;3854,306;3858,306;3862,306;3867,306;3871,286;3875,284;3880,298;3884,298;3889,298;3893,304;3897,304;3902,304;3906,304;3910,304;3915,318;3919,296;3923,296;3928,310;3932,294;3936,308;3941,294;3945,316;3949,302;3954,314;3958,300;3963,314;3967,308;3971,306;3976,320;3980,292;3984,306;3989,306;3993,326;3997,312;4002,312;4006,312;4010,312;4015,310;4019,304;4024,304;4028,304;4032,316;4037,318;4041,310;4045,308;4050,324;4054,308;4058,322;4063,308;4067,302;4071,302;4076,300;4080,300;4084,300;4089,300;4093,320;4098,320;4102,306;4106,320;4111,306;4115,312;4119,312;4124,310;4128,310;4132,296;4137,312;4141,302;4145,304;4150,302;4154,316;4158,302;4163,294;4167,308;4172,294;4176,292;4180,292;4185,306;4189,312;4193,314;4198,298;4202,312;4206,298;4211,312;4215,304;4219,304;4224,302;4228,302;4232,302;4237,294;4241,308;4246,294;4250,306;4254,294;4259,306;4263,298;4267,298;4272,298;4276,298;4280,296;4285,296;4289,302;4293,302;4298,288;4302,302;4306,302;4311,294;4315,294;4320,294;4324,294;4328,294;4333,294;4337,314;4341,300;4346,300;4350,300;4354,314;4359,314;4363,306;4367,306;4372,306;4376,306;4381,304;4385,304;4389,312;4394,312;4398,298;4402,326;4407,310;4411,304;4415,304;4420,304;4424,302;4428,302;4433,302;4437,310;4441,310;4446,308;4450,310;4455,308;4459,302;4463,302;4468,302;4472,302;4476,302;4481,302;4485,308;4489,308;4494,306;4498,308;4502,306;4507,300;4511,300;4516,300;4520,298;4524,286;4529,300;4533,306;4537,320;4542,306;4546,304;4550,304;4555,318;4559,312;4563,312;4568,310;4572,296;4576,310;4581,302;4585,318;4590,304;4594,318;4598,302;4603,304;4607,310;4611,308;4616,308;4620,294;4624,308;4629,308;4633,314;4637,302;4642,314;4646,314;4650,314;4655,292;4659,292;4664,292;4668,306;4672,304;4677,304;4681,310;4685,310;4690,296;4694,296;4698,296;4703,296;4707,300;4711,302;4716,288;4720,288;4724,288;4729,300;4733,308;4738,308;4742,306;4746,306;4751,306;4755,298;4759,298;4764,298;4768,312;4772,312;4777,312;4781,304;4785,318;4790,304;4794,318;4798,302;4803,296;4807,308;4812,294;4816,308;4820,294;4825,294;4829,312;4833,314;4838,298;4842,312;4846,298;4851,312;4855,290;4859,290;4864,304;4868,304;4872,302;4877,310;4881,310;4886,308;4890,308;4894,308;4899,308;4903,300;4907,314;4912,300;4916,300;4920,300;4925,298;4929,306;4933,304;4938,304;4942,304;4947,318;4951,312;4955,310;4960,310;4964,296;4968,310;4973,296;4977,316;4981,302;4986,316;4990,300;4994,314;4999,300;5003,292;5007,304;5012,306;5016,304;5021,304;5025,310;5029,296;5034,310;5038,296;5042,310;5047,296;5051,288;5055,302;5060,302;5064,300;5068,300;5073,294;5077,306;5082,306;5086,306;5090,306;5095,306;5099,298;5103,298;5108,298;5112,296;5116,296;5121,310;5125,288;5129,302;5134,300;5138,316;5142,302;5147,294;5151,308;5156,294;5160,294;5164,292;5169,306;5173,312;5177,314;5182,298;5186,312;5190,298;5195,312;5199,304;5203,290;5208,304;5212,304;5216,304;5221,298;5225,312;5230,296;5234,312;5238,310;5243,312;5247,304;5251,304;5256,304;5260,304;5264,302;5269,304;5273,310;5277,310;5282,310;5286,308;5290,308;5295,302;5299,288;5304,302;5308,302;5312,302;5317,302;5321,308;5325,308;5330,308;5334,306;5338,320;5343,306;5347,298;5351,298;5356,298;5360,298;5364,284;5369,298;5373,304;5378,318;5382,304;5386,304;5391,302;5395,296;5399,296;5404,296;5408,296;5412,296;5417,296;5421,302;5425,316;5430,300;5434,302;5438,300;5443,308;5447,292;5452,292;5456,292;5460,306;5465,292;5469,298;5473,312;5478,310;5482,312;5486,312;5491,298;5495,290;5499,290;5504,290;5508,304;5513,302;5517,296;5521,296;5526,296;5530,310;5534,310;5539,310;5543,302;5547,302;5552,316;5556,286;5560,300;5565,300;5569,308;5573,306;5578,306;5582,306;5587,306;5591,298;5595,298;5600,298;5604,298;5608,298;5613,298;5617,318;5621,304;5626,318;5630,304;5634,318;5639,296;5643,296;5647,296;5652,310;5656,310;5661,310;5665,316;5669,302;5674,302;5678,302;5682,302;5687,302;5691,308;5695,308;5700,308;5704,294;5708,294;5713,300;5717,300;5721,300;5726,300;5730,314;5735,300;5739,306;5743,306;5748,304;5752,304;5756,290;5761,306;5765,296;5769,296;5774,296;5778,310;5782,296;5787,302;5791,302;5795,302;5800,302;5804,288;5809,300;5813,308;5817,308;5822,306;5826,320;5830,306;5835,308;5839,298;5843,298;5848,284;5852,284;5856,298;5861,298;5865,304;5869,304;5874,304;5878,304;5883,304;5887,296;5891,296;5896,296;5900,296;5904,296;5909,296;5913,302;5917,302;5922,302;5926,302;5930,300;5935,294;5939,294;5944,308;5948,306;5952,308;5957,292;5961,314;5965,300;5970,314;5974,300;5978,314;5983,298;5987,292;5991,304;5996,290;6000,304;6005,304;6009,310;6013,296;6018,310;6022,296;6026,310;6031,310;6035,302;6039,290;6044,302;6048,302;6052,302;6057,302;6061,294;6065,308;6070,294;6074,308;6079,308;6083,300;6087,286;6092,286;6096,270;6100,256;6105,270;6109,278;6113,264;6118,276;6122,276;6126,276;6131,284;6135,282;6139,282;6144,282;6148,268;6153,268;6157,274;6161,246;6166,274;6170,288;6174,288;6179,266;6183,264;6187,250;6192,278;6196,278;6200,278;6205,270;6209,256;6213,270;6218,284;6222,270;6227,254;6231,262;6235,274;6240,274;6244,260;6248,258;6253,260;6257,280;6261,280;6266,252;6270,280;6274,280;6279,272;6283,272;6287,272;6292,272;6296,270;6301,270;6305,278;6309,276;6314,262;6318,276;6322,276;6327,274;6331,282;6335,282;6340,280;6344,280;6348,266;6353,274;6357,272;6361,258;6366,272;6370,286;6375,270;6379,278;6383,276;6388,278;6392,276;6396,264;6401,264;6405,270;6409,268;6414,270;6418,282;6422,268;6427,248;6431,274;6435,274;6440,274;6444,258;6449,258;6453,278;6457,278;6462,278;6466,250;6470,278;6475,270;6479,270;6483,284;6488,268;6492,254;6496,268;6501,274;6505,274;6510,274;6514,258;6518,274;6523,272;6527,278;6531,278;6536,278;6540,278;6544,278;6549,262;6553,270;6557,268;6562,254;6566,282;6570,282;6575,274;6579,274;6584,274;6588,274;6592,274;6597,260;\r\nBuffer sent in 0.973 secondsreturn;buffer;965\r\nreceived from UR: measure -> measure (0,1)\r\nSTEPPER: Moving to mstep: 6600 with speed [msteps/sec]: 1000 in StealthChop.\r\n'), 13:26:52
bytearray(b'STEPPER: Moving to mstep: 2400 with speed [msteps/sec]: 4000 in SpreadCycle.\r\n'), 13:26:56
bytearray(b'STEPPER: Moved 4200.00 msteps (ramp: 35%) in 1324.880 ms -> average speed [msteps/sec]: 3170.10\r\nreturn;measure;965\r\n'), 13:26:58
bytearray(b'received from UR: buffer -> buffer (0,1)\r\nSending buffer of size 965data;2400,300;2404,436;2408,190;2413,276;2417,318;2421,326;2426,340;2430,326;2434,340;2439,326;2443,318;2447,332;2452,318;2456,318;2460,318;2465,330;2469,324;2474,338;2478,322;2482,324;2487,322;2491,330;2495,330;2500,330;2504,330;2508,314;2513,316;2517,322;2521,336;2526,322;2530,336;2534,320;2539,334;2543,328;2548,326;2552,340;2556,326;2561,326;2565,318;2569,332;2574,318;2578,344;2582,330;2587,346;2591,322;2595,308;2600,322;2604,308;2608,336;2613,322;2617,344;2622,328;2626,328;2630,314;2635,330;2639,336;2643,322;2648,336;2652,322;2656,322;2661,322;2665,328;2669,314;2674,328;2678,326;2682,326;2687,326;2691,320;2696,318;2700,304;2704,318;2709,318;2713,338;2717,324;2722,338;2726,322;2730,336;2735,322;2739,328;2743,342;2748,314;2752,326;2756,312;2761,326;2765,318;2770,334;2774,332;2778,346;2783,318;2787,310;2791,324;2796,310;2800,338;2804,324;2809,338;2813,316;2817,344;2822,316;2826,330;2830,314;2835,328;2839,334;2844,322;2848,322;2852,308;2857,320;2861,314;2865,314;2870,300;2874,314;2878,314;2883,314;2887,306;2891,306;2896,306;2900,292;2905,304;2909,312;2913,312;2918,312;2922,326;2926,312;2931,312;2935,304;2939,302;2944,316;2948,302;2952,316;2957,302;2961,308;2965,308;2970,308;2974,294;2979,308;2983,300;2987,300;2992,300;2996,286;3000,300;3005,300;3009,320;3013,306;3018,320;3022,306;3026,320;3031,298;3035,298;3039,298;3044,298;3048,298;3053,298;3057,318;3061,304;3066,318;3070,304;3074,304;3079,304;3083,296;3087,296;3092,296;3096,296;3100,296;3105,304;3109,304;3114,318;3118,304;3122,302;3127,302;3131,296;3135,310;3140,310;3144,310;3148,308;3153,310;3157,316;3161,316;3166,316;3170,318;3174,316;3179,296;3183,308;3188,294;3192,308;3196,308;3201,306;3205,314;3209,328;3214,312;3218,326;3222,312;3227,326;3231,304;3235,304;3240,304;3244,304;3248,302;3253,302;3257,324;3262,310;3266,324;3270,310;3275,324;3279,302;3283,302;3288,300;3292,300;3296,302;3301,300;3305,322;3309,322;3314,322;3318,308;3322,320;3327,320;3331,298;3336,300;3340,300;3344,312;3349,286;3353,320;3357,320;3362,320;3366,306;3370,318;3375,304;3379,298;3383,298;3388,298;3392,312;3396,284;3401,298;3405,304;3410,318;3414,304;3418,318;3423,304;3427,296;3431,296;3436,296;3440,296;3444,296;3449,296;3453,302;3457,316;3462,302;3466,316;3471,302;3475,294;3479,294;3484,294;3488,294;3492,294;3497,294;3501,314;3505,314;3510,314;3514,314;3518,314;3523,290;3527,304;3531,292;3536,304;3540,290;3545,304;3549,310;3553,312;3558,296;3562,310;3566,310;3571,310;3575,316;3579,302;3584,316;3588,304;3592,318;3597,304;3601,310;3605,296;3610,310;3614,310;3619,324;3623,316;3627,316;3632,314;3636,300;3640,314;3645,314;3649,306;3653,306;3658,320;3662,306;3666,320;3671,306;3675,312;3680,312;3684,298;3688,312;3693,312;3697,304;3701,304;3706,318;3710,304;3714,316;3719,302;3723,308;3727,310;3732,294;3736,308;3740,308;3745,300;3749,300;3754,314;3758,314;3762,314;3767,312;3771,290;3775,304;3780,304;3784,304;3788,290;3793,304;3797,296;3801,310;3806,294;3810,308;3814,308;3819,308;3823,314;3828,300;3832,300;3836,300;3841,300;3845,304;3849,304;3854,290;3858,304;3862,304;3867,318;3871,296;3875,282;3880,296;3884,296;3888,308;3893,288;3897,302;3902,302;3906,302;3910,302;3915,286;3919,308;3923,292;3928,308;3932,306;3936,320;3941,306;3945,312;3949,312;3954,312;3958,312;3963,312;3967,304;3971,304;3976,304;3980,288;3984,302;3989,302;3993,324;3997,308;4002,322;4006,308;4010,322;4015,308;4019,300;4023,300;4028,300;4032,298;4037,300;4041,320;4045,306;4050,320;4054,304;4058,318;4063,304;4067,298;4071,310;4076,296;4080,296;4084,310;4089,310;4093,302;4097,302;4102,300;4106,314;4111,316;4115,308;4119,306;4124,292;4128,306;4132,306;4137,320;4141,296;4145,312;4150,312;4154,312;4158,310;4163,288;4167,302;4172,302;4176,302;4180,288;4185,300;4189,308;4193,322;4198,308;4202,322;4206,308;4211,322;4215,300;4219,300;4224,298;4228,284;4232,298;4237,304;4241,306;4246,304;4250,318;4254,304;4259,304;4263,294;4267,294;4272,294;4276,294;4280,294;4285,294;4289,300;4293,300;4298,312;4302,312;4306,312;4311,304;4315,290;4320,302;4324,288;4328,302;4333,302;4337,310;4341,294;4346,308;4350,308;4354,308;4359,308;4363,300;4367,314;4372,298;4376,300;4380,298;4385,312;4389,304;4394,318;4398,290;4402,318;4407,302;4411,294;4415,308;4420,308;4424,308;4428,308;4433,306;4437,300;4441,314;4446,300;4450,314;4455,300;4459,306;4463,306;4468,306;4472,306;4476,306;4481,306;4485,300;4489,312;4494,312;4498,298;4502,298;4507,312;4511,306;4515,306;4520,318;4524,304;4529,306;4533,310;4537,312;4542,310;4546,296;4550,296;4555,310;4559,302;4563,302;4568,302;4572,288;4576,300;4581,300;4585,322;4590,306;4594,322;4598,308;4603,322;4607,300;4611,300;4616,300;4620,286;4624,300;4629,300;4633,308;4637,306;4642,320;4646,306;4650,306;4655,300;4659,298;4664,300;4668,286;4672,300;4677,300;4681,306;4685,306;4690,306;4694,306;4698,306;4703,306;4707,296;4711,300;4716,284;4720,298;4724,298;4729,300;4733,306;4738,320;4742,306;4746,320;4751,306;4755,298;4759,312;4764,298;4768,300;4772,298;4777,312;4781,306;4785,320;4790,304;4794,320;4798,304;4803,298;4807,312;4812,296;4816,296;4820,296;4825,296;4829,302;4833,318;4838,302;4842,316;4846,302;4851,316;4855,294;4859,294;4864,294;4868,294;4872,306;4877,314;4881,314;4886,314;4890,314;4894,312;4899,312;4903,304;4907,290;4912,304;4916,304;4920,304;4925,290;4929,312;4933,310;4938,310;4942,310;4947,310;4951,316;4955,302;4960,316;4964,302;4968,302;4973,302;4977,294;4981,294;4986,308;4990,294;4994,308;4999,308;5003,300;5007,314;5012,300;5016,300;5021,300;5025,320;5029,306;5034,320;5038,306;5042,308;5047,306;5051,300;5055,298;5060,284;5064,298;5068,298;5073,298;5077,306;5081,306;5086,306;5090,306;5095,306;5099,298;5103,298;5108,284;5112,296;5116,298;5121,298;5125,304;5129,318;5134,304;5138,318;5142,304;5147,296;5151,310;5156,296;5160,310;5164,294;5169,308;5173,302;5177,316;5182,300;5186,316;5190,300;5195,314;5199,308;5203,306;5208,308;5212,292;5216,306;5221,300;5225,314;5230,314;5234,314;5238,298;5243,314;5247,292;5251,306;5256,306;5260,292;5264,304;5269,306;5273,312;5277,312;5282,312;5286,312;5290,312;5295,304;5299,304;5304,304;5308,292;5312,304;5317,304;5321,312;5325,310;5330,310;5334,310;5338,296;5343,296;5347,288;5351,302;5356,288;5360,302;5364,288;5369,310;5373,308;5378,308;5382,308;5386,322;5391,306;5395,300;5399,314;5404,284;5408,298;5412,284;5417,312;5421,304;5425,304;5430,290;5434,304;5439,304;5443,296;5447,310;5452,296;5456,296;5460,294;5465,294;5469,302;5473,302;5478,298;5482,314;5486,314;5491,292;5495,292;5499,292;5504,292;5508,292;5513,292;5517,298;5521,298;5526,298;5530,312;5534,312;5539,312;5543,304;5547,292;5552,318;5556,304;5560,318;5565,296;5569,310;5574,296;5578,296;5582,296;5587,310;5591,316;5595,302;5600,316;5604,286;5608,302;5613,300;5617,322;5621,306;5626,320;5630,306;5634,320;5639,298;5643,298;5648,298;5652,298;5656,298;5661,296;5665,318;5669,304;5674,318;5678,302;5682,316;5687,302;5691,294;5695,294;5700,294;5704,306;5708,292;5713,292;5717,312;5722,312;5726,312;5730,312;5735,310;5739,290;5743,302;5748,288;5752,302;5756,288;5761,300;5765,308;5769,308;5774,306;5778,320;5782,306;5787,284;5791,298;5796,298;5800,298;5804,282;5809,296;5813,304;5817,318;5822,302;5826,316;5830,302;5835,302;5839,294;5843,294;5848,294;5852,292;5856,292;5861,300;5865,298;5870,298;5874,312;5878,300;5883,298;5887,290;5891,290;5896,290;5900,290;5904,288;5909,288;5913,310;5917,308;5922,310;5926,308;5931,308;5935,300;5939,286;5944,300;5948,286;5952,300;5957,300;5961,292;5965,292;5970,306;5974,304;5978,306;5983,304;5987,296;5991,310;5996,282;6000,296;6005,296;6009,302;6013,286;6018,316;6022,302;6026,316;6031,302;6035,292;6039,292;6044,292;6048,292;6052,292;6057,292;6061,312;6065,312;6070,298;6074,312;6079,312;6083,290;6087,290;6092,276;6096,274;6100,260;6105,274;6109,280;6113,266;6118,280;6122,294;6126,280;6131,272;6135,272;6140,258;6144,270;6148,272;6153,270;6157,278;6161,278;6166,276;6170,262;6174,276;6179,268;6183,282;6187,282;6192,282;6196,280;6200,282;6205,274;6209,288;6214,288;6218,274;6222,272;6227,258;6231,278;6235,278;6240,278;6244,278;6248,276;6253,272;6257,284;6261,270;6266,256;6270,284;6274,284;6279,276;6283,276;6288,276;6292,262;6296,262;6301,234;6305,284;6309,282;6314,268;6318,268;6322,252;6327,254;6331,274;6335,274;6340,260;6344,274;6348,246;6353,280;6357,280;6362,266;6366,266;6370,266;6375,278;6379,258;6383,258;6388,244;6392,272;6396,272;6401,278;6405,278;6409,250;6414,262;6418,234;6422,276;6427,268;6431,268;6436,254;6440,254;6444,240;6449,268;6453,274;6457,274;6462,272;6466,244;6470,258;6475,280;6479,264;6483,264;6488,264;6492,264;6497,262;6501,270;6505,270;6510,268;6514,226;6518,268;6523,260;6527,272;6531,260;6536,272;6540,272;6544,258;6549,266;6553,278;6557,278;6562,278;6566,264;6571,250;6575,272;6579,272;6584,270;6588,270;6592,270;6597,256;\r\nBuffer sent in 0.973 secondsreturn;buffer;965\r\nreceived from UR: measure -> measure (0,1)\r\nSTEPPER: Moving to mstep: 6600 with speed [msteps/sec]: 1000 in StealthChop.\r\n'), 13:27:01
bytearray(b'STEPPER: Moving to mstep: 2400 with speed [msteps/sec]: 4000 in SpreadCycle.\r\n'), 13:27:06
bytearray(b'STEPPER: Moved 4200.00 msteps (ramp: 35%) in 1324.888 ms -> average speed [msteps/sec]: 3170.08\r\nreturn;measure;965\r\n'), 13:27:07
bytearray(b'received from UR: buffer -> buffer (0,1)\r\nSending buffer of size 965data;2400,302;2404,454;2408,166;2413,268;2417,308;2421,318;2426,342;2430,316;2434,330;2439,316;2443,322;2447,322;2452,322;2456,322;2460,308;2465,320;2469,328;2474,328;2478,314;2482,328;2487,326;2491,334;2495,332;2500,320;2504,320;2508,318;2513,318;2517,324;2521,338;2526,324;2530,338;2534,324;2539,338;2543,330;2548,316;2552,330;2556,314;2561,328;2565,322;2569,336;2574,320;2578,334;2582,320;2587,334;2591,340;2595,326;2600,326;2604,312;2609,326;2613,318;2617,346;2622,332;2626,346;2630,318;2635,332;2639,320;2643,324;2648,338;2652,324;2656,336;2661,322;2665,330;2669,328;2674,328;2678,314;2683,330;2687,328;2691,322;2696,334;2700,320;2704,320;2709,320;2713,326;2717,326;2722,326;2726,326;2730,326;2735,324;2739,330;2743,332;2748,316;2752,330;2757,302;2761,330;2765,322;2770,336;2774,320;2778,336;2783,320;2787,312;2791,326;2796,312;2800,340;2804,324;2809,326;2813,318;2817,332;2822,318;2826,346;2831,330;2835,310;2839,322;2844,322;2848,336;2852,322;2857,320;2861,314;2865,314;2870,312;2874,326;2878,312;2883,312;2887,304;2891,304;2896,304;2900,304;2905,304;2909,310;2913,312;2918,310;2922,324;2926,310;2931,322;2935,302;2939,300;2944,314;2948,300;2952,314;2957,286;2961,322;2965,306;2970,320;2974,306;2979,320;2983,298;2987,298;2992,312;2996,296;3000,298;3005,296;3009,318;3013,302;3018,318;3022,304;3026,318;3031,294;3035,294;3039,294;3044,294;3048,294;3053,294;3057,314;3061,300;3066,314;3070,314;3074,314;3079,312;3083,306;3087,304;3092,290;3096,304;3100,304;3105,304;3109,310;3114,310;3118,310;3122,308;3127,294;3131,300;3135,300;3140,300;3144,314;3148,284;3153,298;3157,320;3161,320;3166,304;3170,320;3174,304;3179,312;3183,312;3188,296;3192,310;3196,308;3201,324;3205,302;3209,318;3214,302;3218,316;3222,302;3227,302;3231,308;3235,308;3240,308;3244,308;3248,322;3253,300;3257,316;3262,314;3266,328;3270,314;3275,314;3279,306;3283,306;3288,306;3292,306;3296,304;3301,304;3305,326;3309,312;3314,312;3318,310;3323,324;3327,316;3331,302;3336,316;3340,302;3344,316;3349,314;3353,308;3357,294;3362,308;3366,306;3370,308;3375,306;3379,298;3383,312;3388,298;3392,298;3397,296;3401,318;3405,304;3410,300;3414,302;3418,302;3423,302;3427,308;3431,308;3436,308;3440,308;3444,294;3449,306;3453,300;3457,284;3462,298;3466,312;3471,298;3475,304;3479,304;3484,304;3488,302;3492,288;3497,302;3501,308;3505,308;3510,308;3514,322;3518,306;3523,284;3527,298;3531,300;3536,312;3540,298;3545,312;3549,304;3553,318;3558,302;3562,302;3566,302;3571,316;3575,308;3579,308;3584,322;3588,292;3592,306;3597,294;3601,328;3605,314;3610,314;3614,312;3619,326;3623,304;3627,304;3632,304;3636,290;3640,304;3645,302;3649,324;3653,310;3658,324;3662,308;3666,322;3671,300;3675,314;3680,312;3684,312;3688,312;3693,298;3697,318;3701,304;3706,304;3710,302;3714,302;3719,302;3723,308;3727,322;3732,308;3736,308;3740,294;3745,314;3749,314;3754,298;3758,298;3762,312;3767,312;3771,290;3775,304;3780,304;3784,304;3788,304;3793,316;3797,296;3801,310;3806,296;3810,294;3814,294;3819,302;3823,314;3828,302;3832,300;3836,298;3841,298;3845,306;3849,306;3854,304;3858,318;3862,304;3867,304;3871,296;3875,294;3880,294;3884,294;3889,294;3893,314;3897,300;3902,314;3906,314;3910,312;3915,312;3919,304;3923,292;3928,304;3932,290;3936,304;3941,290;3945,310;3949,310;3954,312;3958,310;3963,310;3967,302;3971,288;3976,300;3980,300;3984,314;3989,300;3993,320;3997,306;4002,320;4006,306;4010,320;4015,306;4019,298;4023,298;4028,298;4032,298;4037,296;4041,318;4045,304;4050,318;4054,304;4058,318;4063,316;4067,294;4071,296;4076,308;4080,308;4084,294;4089,308;4093,314;4098,314;4102,314;4106,314;4111,314;4115,292;4119,306;4124,306;4128,304;4132,290;4137,304;4141,312;4145,312;4150,310;4154,312;4158,310;4163,288;4167,302;4172,302;4176,302;4180,286;4185,302;4189,308;4193,310;4198,308;4202,322;4206,308;4211,286;4215,300;4219,300;4224,300;4228,286;4232,298;4237,306;4241,306;4246,304;4250,320;4254,304;4259,304;4263,296;4267,296;4272,296;4276,282;4280,296;4285,296;4289,288;4293,288;4298,302;4302,300;4307,302;4311,308;4315,278;4320,306;4324,292;4328,306;4333,290;4337,312;4341,312;4346,310;4350,296;4354,310;4359,310;4363,302;4367,316;4372,302;4376,316;4381,300;4385,300;4389,308;4394,322;4398,306;4402,320;4407,292;4411,298;4415,312;4420,312;4424,312;4428,312;4433,312;4437,304;4441,318;4446,304;4450,304;4455,290;4459,298;4463,310;4468,310;4472,310;4476,310;4481,310;4485,304;4489,318;4494,304;4498,302;4502,302;4507,316;4511,296;4515,296;4520,308;4524,294;4529,308;4533,316;4537,316;4542,316;4546,316;4550,314;4555,314;4559,306;4563,292;4568,306;4572,292;4576,306;4581,292;4585,314;4589,314;4594,314;4598,312;4603,314;4607,306;4611,292;4616,304;4620,290;4624,304;4629,304;4633,310;4637,310;4642,310;4646,310;4650,296;4655,304;4659,302;4664,302;4668,304;4672,302;4677,302;4681,308;4685,296;4690,308;4694,308;4698,294;4703,294;4707,300;4711,300;4716,302;4720,314;4724,300;4729,306;4733,306;4738,320;4742,306;4746,320;4751,306;4755,298;4759,310;4764,296;4768,310;4772,310;4777,310;4781,302;4785,316;4790,302;4794,316;4799,314;4803,294;4807,306;4812,292;4816,306;4820,292;4825,306;4829,312;4833,312;4838,312;4842,326;4846,312;4851,312;4855,304;4859,304;4864,302;4868,288;4873,302;4877,308;4881,308;4886,308;4890,322;4894,308;4899,308;4903,298;4907,298;4912,298;4916,298;4920,298;4925,298;4929,318;4933,304;4938,318;4942,304;4947,302;4951,310;4955,294;4960,308;4964,308;4968,308;4973,294;4977,314;4981,300;4986,314;4990,300;4994,300;4999,298;5003,306;5007,306;5012,292;5016,304;5021,304;5025,284;5029,298;5034,312;5038,298;5042,312;5047,296;5051,290;5055,302;5060,302;5064,302;5068,288;5073,302;5077,308;5082,308;5086,308;5090,308;5095,308;5099,286;5103,298;5108,298;5112,298;5116,284;5121,298;5125,306;5129,320;5134,304;5138,320;5142,304;5147,284;5151,310;5156,296;5160,310;5164,296;5169,310;5173,304;5177,316;5182,302;5186,316;5190,302;5195,316;5199,308;5203,294;5208,306;5212,292;5217,306;5221,314;5225,312;5230,314;5234,328;5238,312;5243,314;5247,304;5251,304;5256,304;5260,290;5264,304;5269,304;5273,312;5277,312;5282,312;5286,310;5291,312;5295,304;5299,304;5304,302;5308,290;5312,302;5317,302;5321,310;5325,308;5330,310;5334,308;5338,308;5343,294;5347,300;5351,300;5356,300;5360,312;5365,298;5369,306;5373,306;5378,320;5382,304;5386,318;5391,304;5395,296;5399,310;5404,296;5408,310;5412,310;5417,288;5421,302;5425,304;5430,302;5434,302;5439,302;5443,308;5447,308;5452,294;5456,294;5460,294;5465,294;5469,300;5473,314;5478,314;5482,300;5486,300;5491,290;5495,292;5499,292;5504,292;5508,306;5513,304;5517,296;5521,312;5526,298;5530,310;5534,296;5539,296;5543,316;5547,300;5552,314;5556,300;5560,314;5565,292;5569,320;5574,304;5578,318;5582,304;5587,304;5591,296;5595,294;5600,294;5604,294;5608,308;5613,294;5617,314;5621,298;5626,312;5630,298;5634,312;5639,304;5643,304;5648,302;5652,302;5656,302;5661,316;5665,280;5669,308;5674,322;5678,308;5682,308;5687,306;5691,298;5695,298;5700,298;5704,298;5708,298;5713,298;5717,304;5722,318;5726,304;5730,318;5735,302;5739,296;5743,308;5748,294;5752,308;5756,308;5761,286;5765,300;5769,314;5774,300;5778,312;5782,298;5787,304;5791,304;5796,290;5800,304;5804,302;5809,304;5813,294;5817,296;5822,294;5826,308;5830,294;5835,308;5839,300;5843,286;5848,300;5852,300;5857,300;5861,306;5865,306;5870,292;5874,304;5878,304;5883,304;5887,296;5891,284;5896,296;5900,296;5904,296;5909,282;5913,316;5917,302;5922,302;5926,288;5931,302;5935,308;5939,308;5944,308;5948,294;5952,306;5957,292;5961,314;5965,314;5970,314;5974,300;5978,314;5983,298;5987,292;5991,306;5996,290;6000,304;6005,290;6009,312;6013,310;6018,324;6022,310;6026,310;6031,308;6035,302;6039,300;6044,288;6048,300;6052,300;6057,300;6061,306;6065,320;6070,306;6074,306;6079,304;6083,298;6087,282;6092,268;6096,268;6100,266;6105,274;6109,286;6113,286;6118,286;6122,272;6126,272;6131,264;6135,276;6140,248;6144,276;6148,276;6153,290;6157,268;6161,254;6166,254;6170,238;6174,280;6179,272;6183,272;6187,272;6192,272;6196,258;6200,272;6205,278;6209,264;6214,262;6218,262;6222,276;6227,278;6231,254;6235,240;6240,282;6244,268;6248,282;6253,274;6257,230;6261,272;6266,272;6270,270;6274,242;6279,276;6283,248;6288,262;6292,262;6296,260;6301,246;6305,282;6309,282;6314,266;6318,254;6322,266;6327,258;6331,258;6335,256;6340,242;6344,284;6348,270;6353,276;6357,274;6362,260;6366,274;6370,276;6375,274;6379,266;6383,266;6388,280;6392,280;6396,278;6401,272;6405,256;6409,256;6414,270;6418,284;6422,268;6427,246;6431,274;6436,274;6440,274;6444,274;6449,250;6453,252;6457,236;6462,264;6466,248;6470,276;6475,270;6479,268;6483,282;6488,280;6492,266;6497,280;6501,258;6505,244;6510,270;6514,270;6518,270;6523,234;6527,276;6531,262;6536,276;6540,274;6544,274;6549,266;6553,252;6557,278;6562,280;6566,278;6571,264;6575,272;6579,270;6584,270;6588,270;6592,284;6597,248;\r\nBuffer sent in 0.973 secondsreturn;buffer;965\r\nreceived from UR: measure -> measure (0,1)\r\nSTEPPER: Moving to mstep: 6600 with speed [msteps/sec]: 1000 in StealthChop.\r\n'), 13:27:10
bytearray(b'STEPPER: Moving to mstep: 2400 with speed [msteps/sec]: 4000 in SpreadCycle.\r\n'), 13:27:15
bytearray(b'STEPPER: Moved 4200.00 msteps (ramp: 35%) in 1324.880 ms -> average speed [msteps/sec]: 3170.10\r\nreturn;measure;965\r\n'), 13:27:16
bytearray(b'received from UR: buffer -> buffer (0,1)\r\nSending buffer of size 965data;2400,312;2404,446;2408,158;2413,272;2417,314;2421,320;2426,334;2430,320;2434,334;2439,320;2443,310;2447,324;2452,324;2456,324;2460,322;2465,336;2469,314;2474,328;2478,328;2482,328;2487,314;2491,320;2495,320;2500,332;2504,332;2508,332;2513,332;2517,322;2521,324;2526,322;2530,336;2534,322;2539,314;2543,328;2548,328;2552,328;2556,312;2561,326;2565,320;2569,334;2574,318;2578,332;2582,318;2587,332;2591,338;2595,324;2600,324;2604,308;2609,324;2613,322;2617,330;2622,328;2626,330;2630,328;2635,342;2639,334;2643,320;2648,332;2652,320;2656,332;2661,318;2665,338;2669,324;2674,338;2678,324;2683,324;2687,322;2691,328;2696,328;2700,314;2704,316;2709,314;2713,334;2717,334;2722,332;2726,318;2730,332;2735,332;2739,324;2743,338;2748,322;2752,336;2757,322;2761,336;2765,326;2770,340;2774,326;2778,340;2783,324;2787,316;2791,330;2796,316;2800,330;2804,314;2809,328;2813,320;2817,334;2822,320;2826,334;2831,318;2835,332;2839,326;2844,324;2848,324;2852,322;2857,322;2861,314;2865,312;2870,298;2874,312;2878,312;2883,326;2887,304;2891,304;2896,304;2900,316;2905,302;2909,308;2913,308;2918,308;2922,320;2926,306;2931,320;2935,312;2939,298;2944,310;2948,296;2952,310;2957,296;2961,316;2965,314;2970,314;2974,314;2979,314;2983,306;2987,292;2992,306;2996,304;3000,306;3005,306;3009,312;3013,296;3018,310;3022,310;3026,324;3031,288;3035,302;3040,288;3044,300;3048,300;3053,300;3057,306;3061,294;3066,308;3070,306;3074,308;3079,306;3083,300;3087,314;3092,300;3096,298;3100,284;3105,298;3109,306;3114,306;3118,304;3122,318;3127,304;3131,296;3135,310;3140,310;3144,310;3148,296;3153,308;3157,316;3161,316;3166,314;3170,314;3174,312;3179,306;3183,322;3188,306;3192,306;3196,292;3201,306;3205,312;3209,326;3214,310;3218,312;3222,310;3227,324;3231,302;3235,302;3240,316;3244,300;3249,314;3253,306;3257,320;3262,306;3266,320;3270,306;3275,320;3279,310;3283,310;3288,310;3292,310;3296,310;3301,296;3305,316;3309,316;3314,302;3318,300;3323,314;3327,306;3331,292;3336,304;3340,304;3344,318;3349,304;3353,310;3357,310;3362,310;3366,308;3370,308;3375,308;3379,300;3383,302;3388,298;3392,300;3397,300;3401,320;3405,306;3410,320;3414,304;3418,318;3423,304;3427,296;3431,296;3436,296;3440,294;3444,294;3449,294;3453,300;3457,300;3462,300;3466,300;3471,300;3475,292;3479,292;3484,290;3488,304;3492,290;3497,304;3501,294;3505,294;3510,306;3514,308;3518,308;3523,322;3527,300;3531,300;3536,300;3540,298;3545,312;3549,304;3553,318;3558,304;3562,318;3566,318;3571,316;3575,308;3579,308;3584,308;3588,294;3592,308;3597,308;3601,328;3605,314;3610,328;3614,312;3619,326;3623,304;3627,290;3632,302;3636,302;3640,316;3645,302;3649,308;3653,308;3658,322;3662,308;3666,322;3671,306;3675,300;3680,312;3684,312;3688,298;3693,296;3697,318;3701,316;3706,316;3710,302;3714,302;3719,302;3723,308;3727,306;3732,292;3736,306;3740,306;3745,320;3749,312;3754,312;3758,310;3762,312;3767,310;3771,302;3775,302;3780,302;3784,302;3788,300;3793,300;3797,306;3801,306;3806,306;3810,306;3814,304;3819,296;3823,296;3828,296;3832,308;3836,308;3841,308;3845,300;3849,314;3854,300;3858,312;3862,298;3867,298;3871,304;3875,290;3880,304;3884,302;3889,288;3893,308;3897,308;3902,306;3906,292;3910,306;3915,306;3919,298;3923,298;3928,312;3932,296;3936,296;3941,296;3945,316;3949,302;3954,300;3958,300;3963,314;3967,306;3971,306;3976,318;3980,304;3984,304;3989,302;3993,324;3997,308;4002,308;4006,292;4010,320;4015,306;4019,298;4023,312;4028,310;4032,310;4037,310;4041,316;4045,300;4050,314;4054,300;4058,314;4063,312;4067,304;4071,304;4076,304;4080,304;4084,304;4089,304;4093,310;4097,308;4102,308;4106,308;4111,308;4115,300;4119,300;4124,298;4128,310;4132,296;4137,310;4141,302;4145,302;4150,302;4154,316;4158,298;4163,306;4167,306;4172,290;4176,304;4180,304;4185,316;4189,308;4193,294;4198,294;4202,308;4206,306;4211,306;4215,312;4219,312;4224,310;4228,296;4232,310;4237,302;4241,316;4246,300;4250,314;4254,298;4259,312;4263,304;4267,304;4272,290;4276,288;4280,300;4285,300;4289,278;4293,306;4298,304;4302,304;4307,304;4311,296;4315,294;4320,294;4324,280;4328,294;4333,292;4337,314;4341,298;4346,312;4350,312;4354,312;4359,310;4363,304;4367,316;4372,302;4376,316;4381,302;4385,316;4389,308;4394,322;4398,306;4402,320;4407,306;4411,298;4415,310;4420,310;4424,310;4428,310;4433,308;4437,314;4441,328;4446,300;4450,314;4455,298;4459,306;4463,304;4468,304;4472,304;4476,304;4481,302;4485,310;4489,310;4494,308;4498,310;4502,308;4507,322;4511,314;4515,300;4520,298;4524,298;4529,312;4533,318;4537,318;4542,316;4546,316;4550,302;4555,316;4559,308;4563,294;4568,306;4572,306;4576,306;4581,292;4585,312;4589,296;4594,310;4598,296;4603,310;4607,302;4611,300;4616,300;4620,286;4624,298;4629,298;4633,304;4637,304;4642,304;4646,302;4650,316;4655,300;4659,294;4664,306;4668,306;4672,304;4677,304;4681,298;4685,296;4690,310;4694,296;4698,308;4703,308;4707,300;4711,314;4716,298;4720,298;4724,284;4729,298;4733,304;4738,304;4742,304;4746,318;4751,302;4755,308;4759,308;4764,294;4768,306;4772,308;4777,320;4781,300;4785,314;4790,312;4794,326;4798,310;4803,304;4807,304;4812,302;4816,302;4820,300;4825,300;4829,306;4833,306;4838,306;4842,320;4846,304;4851,318;4855,296;4859,310;4864,308;4868,308;4873,308;4877,300;4881,314;4886,312;4890,312;4894,312;4899,310;4903,304;4907,316;4912,302;4916,300;4920,300;4925,300;4929,306;4933,304;4938,306;4942,304;4947,304;4951,310;4955,296;4960,308;4964,308;4968,308;4973,292;4977,314;4981,298;4986,312;4990,298;4994,312;4999,296;5003,290;5007,302;5012,288;5016,300;5021,300;5025,308;5029,306;5034,308;5038,306;5042,320;5047,304;5051,296;5055,296;5060,294;5064,294;5068,294;5073,308;5077,300;5081,300;5086,312;5090,312;5095,312;5099,304;5103,302;5108,302;5112,302;5116,302;5121,300;5125,308;5129,320;5134,306;5138,306;5142,304;5147,296;5151,310;5156,296;5160,308;5164,296;5169,308;5173,300;5177,314;5182,312;5186,312;5190,298;5195,310;5199,302;5203,302;5208,302;5212,300;5216,300;5221,306;5225,320;5230,304;5234,318;5238,304;5243,318;5247,308;5251,308;5256,308;5260,294;5264,306;5269,292;5273,312;5277,312;5282,310;5286,310;5291,308;5295,302;5299,300;5304,300;5308,298;5312,298;5317,284;5321,318;5325,304;5330,316;5334,302;5338,316;5343,314;5347,292;5351,306;5356,306;5360,306;5365,290;5369,312;5373,310;5378,310;5382,294;5386,308;5391,308;5395,300;5399,314;5404,298;5408,298;5412,284;5417,296;5421,302;5425,316;5430,300;5434,314;5439,300;5443,292;5447,304;5452,304;5456,290;5460,288;5465,290;5469,308;5473,308;5478,306;5482,306;5486,304;5491,304;5495,296;5499,296;5504,294;5508,294;5513,294;5517,312;5521,312;5526,298;5530,310;5534,296;5539,310;5543,300;5547,286;5552,300;5556,286;5560,298;5565,296;5569,318;5573,302;5578,316;5582,302;5587,314;5591,306;5595,292;5600,318;5604,304;5608,302;5613,288;5617,310;5621,294;5626,308;5630,292;5634,306;5639,298;5643,312;5648,312;5652,298;5656,298;5661,296;5665,316;5669,302;5674,302;5678,300;5682,302;5687,314;5691,292;5695,306;5700,306;5704,304;5708,304;5713,296;5717,296;5722,310;5726,296;5730,294;5735,294;5739,300;5743,300;5748,298;5752,298;5756,282;5761,296;5765,302;5769,304;5774,302;5778,300;5782,300;5787,292;5791,320;5796,304;5800,304;5804,290;5809,304;5813,310;5817,310;5822,294;5826,308;5830,294;5835,308;5839,298;5843,284;5848,298;5852,298;5857,296;5861,302;5865,302;5870,302;5874,316;5878,300;5883,300;5887,292;5891,292;5896,292;5900,290;5904,304;5909,304;5913,310;5917,310;5922,308;5926,308;5931,308;5935,302;5939,300;5944,300;5948,286;5952,312;5957,298;5961,304;5965,304;5970,318;5974,302;5978,316;5983,302;5987,280;5991,294;5996,294;6000,306;6005,306;6009,314;6013,298;6018,312;6022,312;6026,312;6031,296;6035,290;6039,288;6044,302;6048,302;6052,302;6057,300;6061,294;6065,308;6070,306;6074,308;6079,306;6083,298;6087,296;6092,282;6096,282;6100,266;6105,258;6109,272;6113,272;6118,272;6122,270;6126,284;6131,262;6135,276;6139,276;6144,262;6148,260;6153,274;6157,280;6161,266;6166,266;6170,278;6174,278;6179,270;6183,270;6187,254;6192,282;6196,268;6200,280;6205,272;6209,232;6214,272;6218,286;6222,284;6227,270;6231,260;6235,262;6240,260;6244,274;6248,258;6253,264;6257,264;6261,264;6266,262;6270,276;6274,276;6279,266;6283,266;6288,264;6292,264;6296,264;6301,276;6305,254;6309,266;6314,266;6318,264;6322,250;6327,270;6331,268;6335,268;6340,268;6344,266;6348,252;6353,286;6357,270;6362,284;6366,268;6370,240;6375,266;6379,274;6383,272;6388,272;6392,270;6396,270;6401,276;6405,260;6409,260;6414,274;6418,288;6422,272;6427,280;6431,278;6436,278;6440,278;6444,276;6449,276;6453,254;6457,224;6462,266;6466,266;6470,264;6475,286;6479,270;6483,270;6488,268;6492,254;6496,254;6501,274;6505,274;6510,272;6514,272;6518,270;6523,226;6527,276;6531,262;6536,260;6540,260;6544,258;6549,280;6553,280;6557,278;6562,250;6566,262;6570,262;6575,282;6579,268;6584,266;6588,266;6592,280;6597,256;\r\nBuffer sent in 0.973 secondsreturn;buffer;965\r\nreceived from UR: measure -> measure (0,1)\r\nSTEPPER: Moving to mstep: 6600 with speed [msteps/sec]: 1000 in StealthChop.\r\n'), 13:27:19
bytearray(b'STEPPER: Moving to mstep: 2400 with speed [msteps/sec]: 4000 in SpreadCycle.\r\n'), 13:27:24
bytearray(b'STEPPER: Moved 4200.00 msteps (ramp: 35%) in 1324.888 ms -> average speed [msteps/sec]: 3170.08\r\nreturn;measure;965\r\n'), 13:27:25
bytearray(b'received from UR: buffer -> buffer (0,1)\r\nSending buffer of size 965data;2400,304;2404,460;2408,158;2413,272;2417,314;2421,320;2426,334;2430,318;2434,332;2439,318;2443,310;2447,324;2452,322;2456,336;2460,322;2465,322;2469,328;2473,328;2478,326;2482,340;2487,324;2491,330;2495,330;2500,316;2504,314;2508,314;2513,328;2517,318;2521,334;2526,332;2530,332;2534,330;2539,330;2543,336;2548,322;2552,334;2556,306;2561,334;2565,326;2569,340;2574,324;2578,338;2582,324;2587,338;2591,344;2595,328;2600,328;2604,312;2608,326;2613,312;2617,332;2622,316;2626,330;2630,316;2635,330;2639,336;2643,334;2648,320;2652,320;2656,332;2661,318;2665,326;2669,324;2674,324;2678,322;2683,336;2687,336;2691,312;2696,326;2700,312;2704,326;2709,324;2713,332;2717,316;2722,330;2726,328;2730,328;2735,328;2739,320;2743,332;2748,304;2752,332;2757,316;2761,344;2765,322;2770,322;2774,320;2778,334;2783,320;2787,312;2791,326;2796,310;2800,338;2804,310;2809,336;2813,314;2817,328;2822,314;2826,340;2831,326;2835,340;2839,318;2844,316;2848,330;2852,314;2857,330;2861,306;2865,306;2870,306;2874,320;2878,306;2883,318;2887,312;2891,312;2896,310;2900,310;2905,310;2909,304;2913,316;2918,302;2922,316;2926,302;2931,314;2935,320;2939,292;2944,320;2948,306;2952,320;2957,306;2961,312;2965,312;2970,312;2974,296;2979,310;2983,302;2987,302;2992,316;2996,302;3000,314;3005,300;3009,322;3013,306;3018,320;3022,306;3026,320;3031,298;3035,298;3039,298;3044,296;3048,310;3053,296;3057,302;3061,288;3066,302;3070,302;3074,302;3079,300;3083,294;3087,306;3092,306;3096,306;3100,306;3105,304;3109,312;3114,312;3118,310;3122,324;3127,310;3131,288;3135,302;3140,286;3144,314;3148,300;3153,314;3157,306;3161,320;3166,304;3170,318;3174,302;3179,308;3183,322;3188,308;3192,308;3196,308;3201,320;3205,298;3209,326;3214,312;3218,324;3222,310;3227,310;3231,316;3235,302;3240,316;3244,300;3249,300;3253,306;3257,320;3262,306;3266,320;3270,304;3275,318;3279,310;3283,310;3288,310;3292,322;3296,308;3301,308;3305,314;3309,312;3314,312;3318,312;3323,312;3327,318;3331,302;3336,302;3340,300;3344,314;3349,300;3353,320;3357,306;3362,320;3366,306;3370,318;3375,304;3379,296;3383,310;3388,294;3392,308;3397,294;3401,314;3405,312;3410,314;3414,300;3418,312;3423,298;3427,304;3431,304;3436,290;3440,302;3444,302;3449,294;3453,292;3457,306;3462,306;3466,306;3471,304;3475,310;3479,296;3484,296;3488,310;3492,294;3497,294;3501,314;3505,314;3510,300;3514,312;3518,312;3523,290;3527,304;3531,288;3536,302;3540,288;3545,300;3549,306;3553,320;3558,306;3562,318;3566,304;3571,318;3575,310;3579,294;3584,308;3588,294;3592,308;3597,292;3601,328;3605,312;3610,326;3614,310;3619,324;3623,302;3627,302;3632,300;3636,300;3640,314;3645,300;3649,320;3653,304;3658,318;3662,318;3666,318;3671,302;3675,308;3680,322;3684,322;3688,306;3693,306;3697,312;3701,312;3706,298;3710,296;3714,310;3719,310;3723,302;3727,314;3732,300;3736,300;3740,300;3745,304;3749,304;3754,304;3758,304;3762,302;3767,288;3771,294;3775,308;3780,294;3784,308;3788,292;3793,306;3797,298;3801,312;3806,296;3810,310;3815,296;3819,302;3823,300;3828,300;3832,314;3836,298;3841,312;3845,304;3849,304;3854,302;3858,316;3862,302;3867,294;3871,306;3875,292;3880,306;3884,292;3889,290;3893,298;3897,312;3902,296;3906,296;3910,294;3915,308;3919,314;3923,300;3928,314;3932,298;3936,298;3941,284;3945,318;3949,304;3954,318;3958,316;3963,316;3967,308;3971,294;3976,320;3980,306;3984,320;3989,306;3993,312;3997,310;4002,324;4006,310;4010,324;4015,308;4019,302;4023,314;4028,300;4032,300;4037,312;4041,320;4045,304;4050,318;4054,302;4058,318;4063,302;4067,308;4071,308;4076,306;4080,306;4084,306;4089,304;4093,310;4097,310;4102,310;4106,310;4111,308;4115,300;4119,300;4124,300;4128,314;4132,298;4137,312;4141,304;4145,304;4150,304;4154,318;4158,302;4163,294;4167,308;4172,294;4176,306;4180,292;4185,306;4189,298;4193,312;4198,298;4202,312;4206,296;4211,310;4215,302;4219,302;4224,302;4228,300;4232,300;4237,306;4241,306;4246,292;4250,320;4254,304;4259,304;4263,296;4267,282;4272,296;4276,294;4280,294;4285,294;4289,300;4293,300;4298,312;4302,312;4306,312;4311,304;4315,288;4320,302;4324,288;4328,300;4333,286;4337,308;4341,306;4346,306;4350,306;4354,318;4359,304;4363,296;4367,310;4372,310;4376,310;4381,294;4385,314;4389,300;4394,314;4398,298;4402,312;4407,298;4411,304;4415,318;4420,302;4424,302;4428,302;4433,316;4437,306;4441,308;4446,306;4450,320;4455,306;4459,312;4463,298;4468,310;4472,310;4476,310;4481,308;4485,300;4489,314;4494,312;4498,300;4502,298;4507,312;4511,304;4515,302;4520,316;4524,302;4529,302;4533,308;4537,308;4542,306;4546,320;4550,306;4555,306;4559,312;4563,298;4568,310;4572,296;4576,296;4581,294;4585,314;4589,300;4594,314;4598,298;4603,314;4607,304;4611,304;4616,304;4620,302;4624,302;4629,302;4633,306;4637,306;4642,306;4646,306;4650,306;4655,298;4659,296;4663,296;4668,296;4672,296;4677,294;4681,302;4685,300;4690,314;4694,314;4698,314;4703,298;4707,292;4711,304;4716,290;4720,304;4724,288;4729,302;4733,306;4738,308;4742,306;4746,306;4751,306;4755,298;4759,312;4764,298;4768,310;4772,296;4777,310;4781,302;4785,316;4790,302;4794,328;4798,314;4803,292;4807,304;4812,290;4816,304;4820,288;4825,302;4829,308;4833,322;4838,308;4842,322;4846,306;4851,320;4855,298;4859,298;4864,310;4868,298;4872,310;4877,302;4881,302;4886,302;4890,314;4894,300;4899,314;4903,306;4907,306;4912,304;4916,304;4920,316;4925,302;4929,308;4933,308;4938,308;4942,306;4947,306;4951,312;4955,296;4960,310;4964,296;4968,310;4973,294;4977,314;4981,300;4986,312;4990,298;4994,312;4999,296;5003,302;5007,302;5012,302;5016,314;5021,300;5025,306;5029,306;5034,304;5038,304;5042,318;5047,302;5051,294;5055,308;5060,292;5064,306;5068,290;5073,290;5077,310;5081,308;5086,308;5090,308;5095,306;5099,298;5103,296;5108,296;5112,310;5116,294;5121,308;5125,300;5129,312;5134,312;5138,310;5142,310;5147,288;5151,314;5155,300;5160,312;5164,298;5169,298;5173,304;5177,316;5182,302;5186,316;5190,314;5195,314;5199,304;5203,290;5208,302;5212,302;5216,302;5221,300;5225,320;5230,306;5234,318;5238,302;5243,318;5247,308;5251,294;5256,294;5260,292;5264,306;5269,306;5273,312;5277,312;5282,312;5286,310;5290,310;5295,300;5299,300;5304,298;5308,298;5312,312;5317,298;5321,302;5325,302;5330,316;5334,302;5338,300;5343,300;5347,292;5351,304;5356,290;5360,304;5365,302;5369,296;5373,294;5378,308;5382,306;5386,320;5391,304;5395,296;5399,296;5404,294;5408,294;5412,292;5417,292;5421,298;5425,312;5430,298;5434,310;5439,310;5443,300;5447,300;5452,300;5456,300;5460,298;5465,296;5469,302;5473,302;5478,302;5482,286;5486,286;5491,300;5495,304;5499,304;5504,302;5508,288;5513,302;5517,308;5521,320;5526,306;5530,320;5534,306;5539,318;5543,296;5547,296;5552,308;5556,294;5560,308;5565,292;5569,314;5573,298;5578,312;5582,310;5587,310;5591,316;5595,300;5600,314;5604,312;5608,298;5613,296;5617,318;5621,302;5626,316;5630,302;5634,314;5639,292;5643,290;5647,304;5652,304;5656,302;5661,288;5665,308;5669,308;5674,308;5678,306;5682,306;5687,304;5691,296;5695,310;5700,308;5704,308;5708,306;5713,306;5717,310;5722,312;5726,310;5730,296;5735,296;5739,302;5743,300;5748,286;5752,300;5756,284;5761,298;5765,304;5769,318;5774,302;5778,316;5782,302;5787,292;5791,306;5796,292;5800,304;5804,290;5809,302;5813,294;5817,294;5822,292;5826,308;5830,306;5835,320;5839,298;5843,296;5848,296;5852,308;5857,308;5861,298;5865,298;5870,298;5874,298;5878,296;5883,296;5887,300;5891,286;5896,298;5900,296;5904,310;5909,296;5913,302;5917,302;5922,300;5926,298;5931,312;5935,304;5939,304;5944,316;5948,288;5952,302;5957,302;5961,308;5965,306;5970,320;5974,304;5978,318;5983,296;5987,294;5991,308;5996,294;6000,306;6005,290;6009,312;6013,296;6018,310;6022,308;6026,322;6031,308;6035,300;6039,298;6044,298;6048,298;6052,296;6057,310;6061,302;6065,314;6070,314;6074,314;6079,298;6083,290;6087,290;6092,288;6096,288;6100,258;6105,286;6109,278;6113,276;6118,274;6122,260;6126,272;6131,264;6135,278;6140,262;6144,276;6148,262;6153,274;6157,280;6161,280;6166,278;6170,278;6174,278;6179,268;6183,282;6187,254;6192,266;6196,266;6200,278;6205,284;6209,270;6214,268;6218,238;6222,266;6227,278;6231,270;6235,282;6240,282;6244,282;6248,280;6253,270;6257,226;6261,268;6266,282;6270,280;6274,264;6279,272;6283,270;6288,284;6292,254;6296,268;6301,266;6305,258;6309,272;6314,242;6318,284;6322,284;6327,276;6331,260;6335,274;6340,246;6344,258;6349,242;6353,290;6357,274;6362,274;6366,260;6370,258;6375,272;6379,264;6383,276;6388,276;6392,260;6396,246;6401,282;6405,266;6409,266;6414,264;6418,278;6423,264;6427,254;6431,268;6436,268;6440,266;6444,238;6449,278;6453,270;6457,256;6462,282;6466,282;6470,282;6475,258;6479,256;6483,256;6488,256;6492,270;6497,282;6501,274;6505,260;6510,272;6514,258;6518,272;6523,264;6527,276;6531,276;6536,260;6540,274;6544,272;6549,278;6553,278;6557,276;6562,260;6566,274;6571,274;6575,278;6579,264;6584,278;6588,250;6592,260;6597,252;\r\nBuffer sent in 0.973 secondsreturn;buffer;965\r\nreceived from UR: measure -> measure (0,1)\r\nSTEPPER: Moving to mstep: 6600 with speed [msteps/sec]: 1000 in StealthChop.\r\n'), 13:27:28
bytearray(b'STEPPER: Moving to mstep: 2400 with speed [msteps/sec]: 4000 in SpreadCycle.\r\n'), 13:27:33
bytearray(b'STEPPER: Moved 4200.00 msteps (ramp: 35%) in 1324.888 ms -> average speed [msteps/sec]: 3170.08\r\nreturn;measure;965\r\n'), 13:27:34
bytearray(b'received from UR: buffer -> buffer (0,1)\r\nSending buffer of size 965data;2400,308;2404,462;2408,144;2413,272;2417,314;2421,322;2426,334;2430,318;2434,332;2439,316;2443,324;2447,322;2452,322;2456,322;2460,306;2465,334;2469,326;2474,340;2478,324;2482,338;2487,324;2491,314;2495,328;2500,314;2504,328;2508,312;2513,326;2517,332;2521,332;2526,318;2530,330;2534,330;2539,330;2543,334;2548,320;2552,332;2556,318;2561,332;2565,322;2569,336;2574,322;2578,336;2582,320;2587,334;2591,324;2595,310;2600,324;2604,308;2608,322;2613,320;2617,340;2622,326;2626,338;2630,324;2635,338;2639,328;2643,314;2648,326;2652,312;2656,324;2661,312;2665,332;2669,330;2674,342;2678,328;2682,328;2687,326;2691,318;2696,332;2700,316;2704,330;2709,316;2713,330;2717,322;2722,336;2726,334;2730,334;2735,320;2739,310;2743,324;2748,308;2752,336;2756,308;2761,334;2765,326;2770,340;2774,324;2778,338;2783,322;2787,316;2791,328;2796,314;2800,328;2804,312;2809,326;2813,318;2817,346;2822,330;2826,342;2830,328;2835,342;2839,334;2844,306;2848,332;2852,318;2857,318;2861,310;2865,322;2870,308;2874,320;2878,306;2883,320;2887,312;2891,298;2896,310;2900,296;2905,310;2909,316;2913,316;2918,314;2922,314;2926,312;2931,326;2935,304;2939,288;2944,316;2948,288;2952,314;2957,286;2961,320;2965,304;2970,318;2974,304;2979,318;2983,308;2987,294;2992,306;2996,292;3000,304;3005,290;3009,324;3013,310;3018,322;3022,308;3026,322;3031,306;3035,298;3039,298;3044,298;3048,296;3053,296;3057,316;3061,314;3066,314;3070,312;3074,312;3079,312;3083,290;3087,302;3092,288;3096,302;3100,286;3105,300;3109,306;3113,318;3118,304;3122,318;3127,316;3131,280;3135,308;3140,294;3144,308;3148,292;3153,306;3157,312;3161,326;3166,310;3170,326;3174,310;3179,288;3183,316;3187,300;3192,314;3196,300;3201,314;3205,306;3209,320;3214,304;3218,332;3222,318;3227,318;3231,308;3235,308;3240,308;3244,294;3248,306;3253,306;3257,326;3261,312;3266,326;3270,310;3275,324;3279,316;3283,302;3288,314;3292,300;3296,314;3301,300;3305,320;3309,306;3314,318;3318,318;3322,316;3327,316;3331,292;3336,308;3340,292;3344,306;3349,292;3353,312;3357,312;3362,324;3366,312;3370,312;3375,310;3379,288;3383,302;3388,288;3392,302;3396,288;3401,302;3405,308;3410,320;3414,306;3418,320;3423,306;3427,298;3431,296;3436,296;3440,296;3444,296;3449,296;3453,300;3457,316;3462,302;3466,302;3471,300;3475,292;3479,304;3484,290;3488,304;3492,288;3497,302;3501,308;3505,310;3510,308;3514,308;3518,308;3523,286;3527,298;3531,284;3536,312;3540,296;3545,310;3549,316;3553,316;3558,314;3562,314;3566,314;3571,326;3575,302;3579,290;3584,316;3588,302;3592,314;3597,300;3601,322;3605,306;3610,320;3614,304;3619,332;3623,310;3627,294;3632,308;3636,294;3640,306;3645,292;3649,326;3653,312;3658,326;3662,310;3666,324;3671,310;3675,302;3679,314;3684,300;3688,314;3693,300;3697,322;3701,308;3706,320;3710,306;3714,320;3719,318;3723,298;3727,310;3732,296;3736,310;3740,294;3745,308;3749,314;3753,314;3758,312;3762,314;3767,312;3771,290;3775,304;3780,288;3784,302;3788,288;3793,302;3797,306;3801,320;3806,306;3810,318;3814,304;3819,296;3823,296;3827,294;3832,294;3836,292;3841,306;3845,312;3849,312;3854,298;3858,310;3862,310;3867,310;3871,300;3875,286;3880,300;3884,286;3888,298;3893,298;3897,304;3902,302;3906,316;3910,302;3915,316;3919,306;3923,292;3928,306;3932,290;3936,304;3941,290;3945,310;3949,310;3954,322;3958,308;3962,322;3967,306;3971,298;3976,312;3980,296;3984,312;3989,296;3993,318;3997,304;4002,330;4006,316;4010,330;4015,314;4019,292;4023,306;4028,290;4032,304;4037,302;4041,302;4045,308;4050,322;4054,308;4058,322;4063,306;4067,298;4071,312;4076,296;4080,310;4084,296;4089,308;4093,314;4097,314;4102,312;4106,312;4111,310;4115,302;4119,316;4124,316;4128,302;4132,300;4137,314;4141,306;4145,306;4150,304;4154,318;4158,304;4163,282;4167,310;4171,294;4176,308;4180,292;4185,306;4189,312;4193,312;4198,310;4202,312;4206,310;4211,310;4215,300;4219,298;4224,298;4228,284;4232,298;4237,296;4241,316;4245,302;4250,316;4254,300;4259,302;4263,306;4267,290;4272,292;4276,288;4280,302;4285,288;4289,308;4293,308;4298,308;4302,306;4306,306;4311,298;4315,296;4319,296;4324,282;4328,310;4333,294;4337,316;4341,314;4346,312;4350,314;4354,314;4359,298;4363,304;4367,318;4372,290;4376,316;4380,302;4385,302;4389,308;4394,322;4398,306;4402,320;4407,306;4411,298;4415,312;4420,296;4424,310;4428,296;4433,296;4437,302;4441,328;4446,314;4450,314;4454,312;4459,304;4463,304;4468,290;4472,302;4476,300;4481,300;4485,306;4489,320;4494,306;4498,318;4502,304;4507,318;4511,308;4515,294;4520,308;4524,292;4528,306;4533,312;4537,312;4542,312;4546,312;4550,310;4555,310;4559,300;4563,288;4568,300;4572,286;4576,300;4581,284;4585,318;4589,304;4594,318;4598,302;4603,316;4607,308;4611,294;4616,306;4620,292;4624,306;4629,290;4633,326;4637,310;4642,310;4646,308;4650,322;4655,308;4659,286;4663,300;4668,298;4672,298;4677,284;4681,318;4685,302;4690,302;4694,302;4698,314;4703,314;4707,290;4711,304;4716,290;4720,302;4724,288;4729,302;4733,308;4737,308;4742,306;4746,320;4751,306;4755,296;4759,310;4764,296;4768,308;4772,294;4777,308;4781,312;4785,326;4790,312;4794,324;4798,310;4803,288;4807,302;4811,300;4816,300;4820,300;4825,312;4829,304;4833,318;4838,304;4842,318;4846,304;4851,316;4855,308;4859,294;4864,308;4868,294;4872,306;4877,292;4881,312;4885,312;4890,312;4894,312;4899,310;4903,304;4907,302;4912,302;4916,288;4920,302;4925,300;4929,308;4933,306;4938,320;4942,306;4946,318;4951,304;4955,296;4960,308;4964,294;4968,308;4973,292;4977,314;4981,312;4986,312;4990,310;4994,310;4999,310;5003,288;5007,302;5012,286;5016,300;5020,300;5025,298;5029,304;5034,320;5038,304;5042,318;5047,302;5051,294;5055,294;5060,292;5064,306;5068,292;5073,306;5077,296;5081,298;5086,296;5090,296;5095,294;5099,300;5103,314;5108,300;5112,312;5116,284;5121,298;5125,304;5129,318;5134,302;5138,316;5142,316;5147,316;5151,308;5155,292;5160,306;5164,292;5169,306;5173,310;5177,324;5182,310;5186,324;5190,308;5195,322;5199,314;5203,298;5208,300;5212,284;5216,310;5221,296;5225,316;5229,302;5234,316;5238,314;5243,314;5247,304;5251,304;5256,302;5260,288;5264,302;5269,300;5273,308;5277,306;5282,318;5286,304;5290,306;5295,302;5299,294;5303,294;5308,294;5312,306;5317,306;5321,298;5325,298;5330,308;5334,310;5338,296;5343,294;5347,300;5351,314;5356,300;5360,314;5364,284;5369,298;5373,304;5377,318;5382,302;5386,316;5391,302;5395,294;5399,306;5404,292;5408,306;5412,292;5417,306;5421,312;5425,312;5430,310;5434,310;5438,310;5443,288;5447,300;5451,286;5456,300;5460,284;5465,298;5469,304;5473,304;5478,304;5482,304;5486,302;5491,302;5495,294;5499,292;5504,292;5508,292;5512,306;5517,290;5521,310;5526,310;5530,310;5534,308;5539,308;5543,300;5547,286;5552,314;5556,284;5560,312;5565,298;5569,318;5573,302;5578,316;5582,302;5586,316;5591,308;5595,292;5600,306;5604,290;5608,304;5613,290;5617,312;5621,310;5626,324;5630,308;5634,322;5639,308;5643,300;5647,300;5652,298;5656,298;5660,298;5665,298;5669,304;5674,318;5678,304;5682,304;5687,302;5691,294;5695,294;5700,292;5704,306;5708,292;5713,306;5717,312;5721,312;5726,310;5730,310;5735,310;5739,288;5743,300;5748,286;5752,300;5756,284;5761,298;5765,304;5769,318;5774,304;5778,318;5782,304;5787,316;5791,294;5795,294;5800,308;5804,292;5809,306;5813,300;5817,312;5822,312;5826,310;5830,296;5835,310;5839,302;5843,288;5848,302;5852,288;5856,300;5861,286;5865,308;5869,306;5874,306;5878,306;5883,306;5887,298;5891,284;5896,296;5900,296;5904,296;5909,282;5913,316;5917,302;5922,316;5926,302;5930,314;5935,314;5939,280;5943,306;5948,292;5952,306;5957,290;5961,312;5965,312;5970,312;5974,310;5978,310;5983,296;5987,288;5991,302;5996,286;6000,300;6004,286;6009,300;6013,306;6018,320;6022,306;6026,320;6031,304;6035,296;6039,296;6044,296;6048,294;6052,294;6057,294;6061,302;6065,314;6070,300;6074,312;6078,312;6083,290;6087,288;6092,274;6096,274;6100,242;6105,286;6109,278;6113,278;6118,276;6122,234;6126,276;6131,268;6135,282;6139,268;6144,266;6148,252;6152,280;6157,272;6161,258;6166,284;6170,284;6174,284;6179,284;6183,260;6187,246;6192,288;6196,274;6200,286;6205,266;6209,250;6213,278;6218,292;6222,278;6227,276;6231,268;6235,268;6240,254;6244,252;6248,280;6253,266;6257,256;6261,284;6266,284;6270,284;6274,282;6279,260;6283,246;6287,274;6292,272;6296,274;6301,244;6305,278;6309,278;6314,278;6318,276;6322,262;6327,276;6331,240;6335,282;6340,266;6344,280;6348,280;6353,230;6357,272;6361,286;6366,284;6370,284;6375,270;6379,248;6383,276;6388,276;6392,276;6396,246;6401,288;6405,266;6409,266;6414,280;6418,280;6422,266;6427,258;6431,270;6435,258;6440,256;6444,270;6449,256;6453,276;6457,276;6462,276;6466,246;6470,262;6475,252;6479,252;6483,236;6488,280;6492,266;6496,266;6501,270;6505,244;6509,270;6514,270;6518,270;6523,254;6527,276;6531,246;6536,260;6540,260;6544,260;6549,244;6553,280;6557,266;6562,252;6566,278;6570,278;6575,256;6579,270;6584,256;6588,240;6592,282;6597,268;\r\nBuffer sent in 0.973 secondsreturn;buffer;965\r\nreceived from UR: measure -> measure (0,1)\r\nSTEPPER: Moving to mstep: 6600 with speed [msteps/sec]: 1000 in StealthChop.\r\n'), 13:27:37
bytearray(b'STEPPER: Moving to mstep: 2400 with speed [msteps/sec]: 4000 in SpreadCycle.\r\n'), 13:27:41
bytearray(b'STEPPER: Moved 4200.00 msteps (ramp: 35%) in 1324.888 ms -> average speed [msteps/sec]: 3170.08\r\nreturn;measure;965\r\n'), 13:27:43
bytearray(b'received from UR: buffer -> buffer (0,1)\r\nSending buffer of size 965data;2400,308;2404,450;2408,160;2413,274;2417,318;2421,324;2426,338;2430,322;2434,336;2439,322;2443,328;2447,326;2452,312;2456,326;2460,326;2465,326;2469,316;2474,328;2478,316;2482,330;2487,330;2491,322;2495,322;2500,320;2504,320;2508,320;2513,332;2517,324;2521,338;2526,324;2530,338;2534,322;2539,336;2543,328;2548,312;2552,326;2556,326;2561,326;2565,318;2569,346;2574,316;2578,330;2582,330;2587,330;2591,334;2595,306;2600,320;2604,320;2608,332;2613,318;2617,338;2622,322;2626,336;2630,322;2635,336;2639,328;2643,312;2648,326;2652,326;2656,326;2661,324;2665,332;2669,316;2674,330;2678,328;2682,328;2687,314;2691,320;2696,320;2700,320;2704,332;2709,318;2713,336;2717,322;2722,336;2726,334;2730,334;2735,332;2739,310;2743,324;2748,308;2752,322;2756,322;2761,334;2765,326;2770,340;2774,326;2778,338;2783,324;2787,316;2791,330;2796,314;2800,328;2804,300;2809,326;2813,318;2817,348;2822,332;2826,346;2830,318;2835,310;2839,322;2844,322;2848,322;2852,308;2857,320;2861,312;2865,326;2870,310;2874,326;2878,310;2883,312;2887,302;2891,300;2896,302;2900,300;2905,300;2909,320;2913,320;2918,306;2922,320;2926,318;2931,318;2935,310;2939,296;2944,308;2948,294;2952,308;2957,294;2961,314;2965,314;2970,314;2974,312;2979,312;2983,304;2987,304;2992,302;2996,288;3000,302;3005,302;3009,322;3013,308;3018,322;3022,306;3026,320;3031,298;3035,296;3039,296;3044,296;3048,296;3053,294;3057,316;3061,300;3066,314;3070,314;3074,314;3079,312;3083,292;3087,304;3092,290;3096,302;3100,302;3105,302;3109,308;3113,322;3118,308;3122,308;3127,306;3131,298;3135,312;3140,298;3144,312;3148,296;3153,310;3157,316;3161,330;3166,314;3170,316;3174,314;3179,326;3183,306;3188,290;3192,302;3196,302;3201,316;3205,306;3209,320;3214,320;3218,320;3222,304;3227,318;3231,310;3235,294;3240,308;3244,306;3248,306;3253,292;3257,326;3262,312;3266,326;3270,310;3275,324;3279,302;3283,302;3288,300;3292,300;3296,312;3301,298;3305,318;3309,318;3314,318;3318,316;3322,316;3327,314;3331,292;3336,306;3340,306;3344,304;3349,290;3353,312;3357,310;3362,310;3366,308;3370,322;3375,308;3379,284;3383,298;3388,298;3392,312;3396,296;3401,296;3405,302;3410,302;3414,300;3418,314;3423,300;3427,306;3431,306;3436,306;3440,304;3444,290;3449,304;3453,310;3457,310;3462,296;3466,310;3471,308;3475,300;3479,300;3484,286;3488,298;3492,298;3497,298;3501,304;3505,316;3510,302;3514,302;3518,300;3523,292;3527,306;3531,292;3536,306;3540,290;3545,304;3549,296;3553,310;3558,308;3562,308;3566,308;3571,294;3575,314;3579,298;3584,312;3588,312;3592,326;3597,302;3601,318;3605,302;3610,330;3614,314;3619,328;3623,306;3627,304;3632,306;3636,292;3640,304;3645,304;3649,324;3653,308;3658,322;3662,306;3666,322;3671,300;3675,300;3679,312;3684,298;3688,312;3693,312;3697,318;3701,304;3706,318;3710,316;3714,314;3719,316;3723,308;3727,308;3732,292;3736,306;3740,306;3745,306;3749,312;3754,312;3758,310;3762,310;3767,310;3771,302;3775,300;3780,286;3784,300;3788,300;3793,300;3797,304;3801,318;3806,304;3810,318;3814,302;3819,294;3823,294;3828,294;3832,292;3836,306;3841,304;3845,298;3849,312;3854,310;3858,310;3862,310;3867,310;3871,302;3875,286;3880,300;3884,300;3888,300;3893,306;3897,306;3902,304;3906,304;3910,304;3915,318;3919,296;3923,282;3928,296;3932,294;3936,308;3941,294;3945,316;3949,314;3954,314;3958,314;3963,314;3967,320;3971,306;3976,304;3980,290;3984,304;3989,302;3993,324;3997,308;4002,308;4006,308;4010,322;4015,304;4019,300;4023,314;4028,312;4032,312;4037,298;4041,320;4045,304;4050,318;4054,302;4058,318;4063,316;4067,294;4071,308;4076,308;4080,306;4084,292;4089,306;4093,312;4098,312;4102,312;4106,312;4111,310;4115,288;4119,302;4124,300;4128,302;4132,286;4137,300;4141,306;4145,306;4150,304;4154,304;4158,304;4163,296;4167,310;4172,294;4176,308;4180,280;4185,306;4189,300;4193,312;4198,312;4202,312;4206,298;4211,296;4215,304;4219,302;4224,316;4228,302;4232,302;4237,294;4241,308;4246,292;4250,306;4254,306;4259,278;4263,298;4267,296;4272,296;4276,296;4280,310;4285,296;4289,302;4293,302;4298,314;4302,314;4306,300;4311,292;4315,306;4320,306;4324,290;4328,304;4333,290;4337,310;4341,296;4346,296;4350,308;4354,308;4359,306;4363,314;4367,312;4372,312;4376,312;4381,296;4385,318;4389,302;4394,330;4398,302;4402,316;4407,300;4411,294;4415,306;4420,306;4424,318;4428,304;4433,304;4437,296;4441,310;4446,310;4450,310;4455,308;4459,300;4463,300;4468,300;4472,300;4476,298;4481,298;4485,318;4489,318;4494,304;4498,318;4502,316;4507,294;4511,308;4515,294;4520,306;4524,292;4529,306;4533,312;4537,312;4542,312;4546,310;4550,310;4555,310;4559,316;4563,300;4568,300;4572,300;4576,300;4581,286;4585,320;4589,304;4594,318;4598,304;4603,316;4607,308;4611,308;4616,308;4620,294;4624,294;4629,306;4633,300;4637,298;4642,298;4646,298;4650,310;4655,296;4659,302;4663,302;4668,302;4672,302;4677,300;4681,306;4685,306;4690,306;4694,304;4698,318;4703,304;4707,282;4711,296;4716,294;4720,308;4724,294;4729,308;4733,314;4738,314;4742,312;4746,312;4751,312;4755,290;4759,302;4764,302;4768,316;4772,302;4777,314;4781,306;4785,320;4790,304;4794,318;4798,290;4803,296;4807,310;4812,310;4816,308;4820,308;4825,308;4829,300;4833,314;4838,298;4842,298;4846,298;4851,324;4855,304;4859,302;4864,302;4868,316;4872,316;4877,294;4881,308;4886,306;4890,306;4894,306;4899,306;4903,310;4907,296;4912,310;4916,310;4920,310;4925,308;4929,314;4933,300;4938,314;4942,312;4946,298;4951,304;4955,304;4960,302;4964,302;4968,314;4973,300;4977,308;4981,306;4986,320;4990,306;4994,320;4999,304;5003,298;5007,296;5012,296;5016,296;5021,294;5025,316;5029,302;5034,314;5038,314;5042,314;5047,298;5051,304;5055,304;5060,290;5064,302;5068,302;5073,302;5077,308;5081,308;5086,308;5090,306;5095,306;5099,298;5103,298;5108,284;5112,298;5116,296;5121,296;5125,302;5129,318;5134,302;5138,302;5142,302;5147,294;5151,308;5155,308;5160,322;5164,308;5169,308;5173,300;5177,314;5182,298;5186,298;5190,298;5195,312;5199,306;5203,304;5208,316;5212,302;5216,302;5221,288;5225,322;5229,308;5234,322;5238,308;5243,322;5247,300;5251,298;5256,298;5260,298;5264,298;5269,298;5273,318;5277,306;5282,306;5286,304;5290,318;5295,296;5299,296;5303,296;5308,296;5312,296;5317,294;5321,314;5325,314;5330,314;5334,314;5338,314;5343,314;5347,292;5351,292;5356,306;5360,306;5364,306;5369,306;5373,298;5377,312;5382,298;5386,298;5391,298;5395,290;5399,304;5404,304;5408,304;5412,290;5417,304;5421,296;5425,310;5430,294;5434,280;5438,294;5443,300;5447,300;5452,300;5456,300;5460,300;5465,298;5469,304;5473,306;5478,304;5482,302;5486,302;5491,316;5495,294;5499,294;5504,292;5508,306;5512,306;5517,312;5521,312;5526,312;5530,312;5534,310;5539,310;5543,316;5547,302;5552,316;5556,286;5560,300;5565,300;5569,322;5573,306;5578,306;5582,292;5587,320;5591,312;5595,312;5600,312;5604,296;5608,310;5613,296;5617,316;5621,302;5626,314;5630,300;5634,314;5639,292;5643,304;5647,304;5652,288;5656,302;5661,302;5665,308;5669,308;5674,322;5678,306;5682,306;5687,306;5691,298;5695,298;5700,296;5704,296;5708,296;5713,296;5717,304;5721,316;5726,318;5730,316;5735,302;5739,294;5743,296;5748,282;5752,294;5756,294;5761,294;5765,300;5769,314;5774,314;5778,314;5782,300;5787,290;5791,304;5795,290;5800,304;5804,288;5809,302;5813,308;5817,322;5822,308;5826,306;5830,306;5835,320;5839,296;5843,282;5848,294;5852,294;5856,294;5861,300;5865,314;5869,300;5874,300;5878,298;5883,312;5887,290;5891,290;5896,290;5900,290;5904,302;5909,288;5913,310;5917,308;5922,308;5926,308;5930,320;5935,298;5939,284;5944,298;5948,296;5952,298;5957,282;5961,316;5965,302;5970,302;5974,288;5978,314;5983,300;5987,306;5991,306;5996,290;6000,304;6004,290;6009,312;6013,310;6018,310;6022,294;6026,308;6031,308;6035,300;6039,298;6044,284;6048,298;6052,298;6057,296;6061,304;6065,316;6070,302;6074,316;6079,302;6083,292;6087,292;6092,278;6096,276;6100,262;6105,262;6109,280;6113,282;6118,280;6122,266;6126,280;6131,258;6135,270;6139,256;6144,270;6148,270;6153,268;6157,276;6161,288;6166,274;6170,272;6174,286;6179,286;6183,264;6187,262;6192,262;6196,262;6200,260;6205,282;6209,296;6213,280;6218,280;6222,266;6227,252;6231,286;6235,258;6240,272;6244,270;6248,270;6253,270;6257,276;6261,276;6266,262;6270,276;6274,290;6279,282;6283,282;6287,282;6292,266;6296,266;6301,280;6305,286;6309,286;6314,284;6318,270;6322,256;6327,262;6331,236;6335,276;6340,274;6344,288;6348,274;6353,252;6357,266;6361,252;6366,280;6370,280;6375,278;6379,272;6383,270;6388,270;6392,284;6396,268;6401,282;6405,274;6409,260;6414,274;6418,274;6422,272;6427,278;6431,278;6435,278;6440,264;6444,262;6449,262;6453,282;6457,254;6462,268;6466,282;6470,266;6475,222;6479,272;6483,270;6488,270;6492,270;6496,270;6501,276;6505,274;6509,274;6514,260;6518,258;6523,230;6527,278;6531,264;6536,278;6540,262;6544,276;6549,256;6553,254;6557,282;6562,282;6566,268;6570,266;6575,272;6579,272;6583,272;6588,284;6592,284;6597,270;\r\nBuffer sent in 0.973 secondsreturn;buffer;965\r\nreceived from UR: measure -> measure (0,1)\r\nSTEPPER: Moving to mstep: 6600 with speed [msteps/sec]: 1000 in StealthChop.\r\n'), 13:27:46
bytearray(b'STEPPER: Moving to mstep: 2400 with speed [msteps/sec]: 4000 in SpreadCycle.\r\n'), 13:27:50
bytearray(b'STEPPER: Moved 4200.00 msteps (ramp: 35%) in 1324.888 ms -> average speed [msteps/sec]: 3170.08\r\nreturn;measure;965\r\n'), 13:27:52
bytearray(b'received from UR: buffer -> buffer (0,1)\r\nSending buffer of size 965data;2400,292;2404,458;2408,156;2413,270;2417,326;2421,318;2426,334;2430,318;2434,332;2439,318;2443,324;2447,324;2452,322;2456,322;2460,308;2465,322;2469,328;2474,328;2478,314;2482,342;2487,328;2491,320;2495,334;2500,318;2504,318;2508,318;2513,332;2517,324;2521,340;2526,324;2530,338;2534,324;2539,338;2543,330;2548,330;2552,342;2556,314;2561,328;2565,320;2569,334;2574,320;2578,334;2582,320;2587,334;2591,326;2595,310;2600,326;2604,324;2608,324;2613,310;2617,330;2622,316;2626,328;2630,314;2635,342;2639,334;2643,320;2648,320;2652,318;2656,318;2661,318;2665,338;2669,324;2674,338;2678,322;2683,336;2687,322;2691,314;2696,326;2700,326;2704,326;2709,324;2713,332;2717,316;2722,330;2726,330;2730,330;2735,330;2739,308;2743,322;2748,306;2752,334;2757,320;2761,332;2765,324;2770,338;2774,324;2778,338;2783,322;2787,316;2791,328;2796,314;2800,328;2804,326;2809,340;2813,318;2817,332;2822,316;2826,330;2831,316;2835,322;2839,336;2844,322;2848,320;2852,306;2857,318;2861,312;2865,324;2870,310;2874,296;2878,308;2883,322;2887,314;2891,314;2896,314;2900,300;2905,300;2909,320;2913,320;2918,306;2922,318;2926,318;2931,318;2935,310;2939,310;2944,310;2948,310;2952,308;2957,294;2961,316;2965,300;2970,314;2974,300;2979,312;2983,306;2987,290;2992,304;2996,304;3000,316;3005,302;3009,310;3013,310;3018,310;3022,296;3026,310;3031,310;3035,300;3039,300;3044,286;3048,300;3053,300;3057,306;3061,306;3066,320;3070,304;3074,304;3079,304;3083,296;3087,296;3092,294;3096,294;3100,294;3105,308;3109,314;3114,314;3118,312;3122,312;3127,310;3131,290;3135,304;3140,288;3144,302;3148,302;3153,316;3157,308;3161,320;3166,306;3170,320;3174,306;3179,298;3183,312;3188,298;3192,312;3196,298;3201,310;3205,302;3209,316;3214,302;3218,316;3222,302;3227,300;3231,308;3235,308;3240,308;3244,306;3249,320;3253,300;3257,326;3262,312;3266,326;3270,310;3275,324;3279,302;3283,302;3288,302;3292,302;3296,300;3301,300;3305,320;3309,306;3314,320;3318,306;3323,306;3327,310;3331,296;3336,310;3340,310;3344,310;3349,308;3353,314;3357,314;3362,314;3366,314;3370,314;3375,312;3379,304;3383,304;3388,290;3392,304;3397,302;3401,310;3405,308;3410,322;3414,306;3418,308;3423,292;3427,298;3431,298;3436,298;3440,312;3444,298;3449,298;3453,288;3457,302;3462,302;3466,302;3471,302;3475,308;3479,308;3484,292;3488,292;3492,292;3497,304;3501,310;3505,312;3510,310;3514,310;3518,310;3523,288;3527,302;3531,286;3536,300;3540,300;3545,314;3549,306;3553,320;3558,318;3562,318;3566,304;3571,318;3575,310;3579,310;3584,308;3588,294;3592,308;3597,294;3601,328;3606,312;3610,312;3614,298;3619,312;3623,304;3627,316;3632,316;3636,316;3640,316;3645,300;3649,322;3653,306;3658,306;3662,306;3666,304;3671,310;3675,310;3680,310;3684,310;3688,308;3693,308;3697,314;3701,314;3706,300;3710,298;3714,312;3719,312;3723,304;3727,304;3732,288;3736,302;3741,302;3745,310;3749,308;3754,322;3758,306;3762,306;3767,292;3771,298;3775,310;3780,310;3784,310;3788,296;3793,310;3797,302;3801,316;3806,300;3810,302;3815,300;3819,292;3823,306;3828,306;3832,304;3836,290;3841,304;3845,310;3849,310;3854,310;3858,310;3862,308;3867,286;3871,300;3875,298;3880,298;3884,284;3889,296;3893,304;3897,302;3902,302;3906,316;3910,302;3915,314;3919,306;3923,292;3928,304;3932,290;3936,304;3941,288;3945,310;3949,308;3954,308;3958,294;3963,308;3967,314;3971,314;3976,312;3980,312;3984,312;3989,296;3993,318;3997,302;4002,330;4006,302;4010,316;4015,302;4019,306;4023,306;4028,320;4032,318;4037,304;4041,312;4045,310;4050,312;4054,308;4058,308;4063,294;4067,300;4071,314;4076,314;4080,312;4084,312;4089,312;4093,304;4098,318;4102,304;4106,302;4111,302;4115,308;4119,308;4124,308;4128,320;4132,306;4137,306;4141,312;4145,312;4150,310;4154,296;4158,294;4163,302;4167,302;4172,300;4176,314;4180,300;4185,312;4189,304;4193,318;4198,302;4202,316;4206,302;4211,302;4215,308;4219,294;4224,306;4228,306;4232,304;4237,296;4241,310;4246,296;4250,310;4254,294;4259,308;4263,300;4267,300;4272,300;4276,286;4280,298;4285,298;4289,304;4293,302;4298,316;4302,302;4307,302;4311,308;4315,294;4320,294;4324,294;4328,306;4333,292;4337,312;4341,312;4346,312;4350,310;4354,310;4359,310;4363,302;4367,316;4372,302;4376,316;4381,300;4385,314;4389,306;4394,320;4398,290;4402,318;4407,304;4411,296;4415,310;4420,308;4424,308;4428,308;4433,308;4437,300;4441,314;4446,312;4450,312;4455,298;4459,304;4463,304;4468,304;4472,302;4476,302;4481,316;4485,296;4489,310;4494,308;4498,308;4502,308;4507,294;4511,314;4515,300;4520,314;4524,300;4529,312;4533,306;4537,320;4542,304;4546,318;4550,306;4555,318;4559,296;4563,296;4568,308;4572,294;4576,294;4581,294;4585,314;4589,314;4594,314;4598,312;4603,312;4607,304;4611,304;4616,302;4620,288;4624,302;4629,302;4633,310;4637,308;4642,320;4646,306;4650,306;4655,298;4659,296;4664,296;4668,296;4672,294;4677,294;4681,302;4685,300;4690,314;4694,312;4698,312;4703,312;4707,290;4711,302;4716,288;4720,300;4724,288;4729,308;4733,306;4738,306;4742,304;4746,304;4751,302;4755,294;4759,308;4764,308;4768,320;4772,306;4777,320;4781,298;4785,310;4790,310;4794,308;4799,294;4803,300;4807,314;4812,312;4816,312;4820,296;4825,310;4829,302;4833,330;4838,300;4842,314;4846,300;4851,312;4855,304;4859,318;4864,304;4868,304;4873,316;4877,308;4881,308;4886,308;4890,306;4894,306;4899,306;4903,312;4907,312;4912,310;4916,310;4920,310;4925,294;4929,314;4933,314;4938,300;4942,298;4947,312;4951,304;4955,290;4960,304;4964,302;4968,316;4973,286;4977,322;4981,306;4986,320;4990,306;4994,320;4999,304;5003,296;5007,310;5012,296;5016,308;5021,308;5025,300;5029,300;5034,314;5038,298;5042,312;5047,298;5051,304;5055,304;5060,302;5064,300;5068,314;5073,292;5077,292;5081,306;5086,304;5090,304;5095,304;5099,296;5103,310;5108,294;5112,308;5116,308;5121,306;5125,300;5129,314;5134,312;5138,312;5142,312;5147,304;5151,304;5156,288;5160,302;5164,300;5169,314;5173,306;5177,320;5182,306;5186,320;5190,304;5195,320;5199,312;5203,296;5208,298;5212,296;5216,296;5221,304;5225,318;5230,302;5234,316;5238,302;5243,316;5247,306;5251,292;5256,292;5260,306;5264,304;5269,290;5273,312;5277,310;5282,310;5286,308;5291,310;5295,300;5299,300;5304,298;5308,298;5312,298;5317,284;5321,318;5325,316;5330,316;5334,316;5338,314;5343,314;5347,306;5351,306;5356,290;5360,304;5365,290;5369,310;5373,308;5378,310;5382,308;5386,308;5391,306;5395,298;5399,298;5404,284;5408,298;5412,296;5417,296;5421,302;5425,316;5430,314;5434,316;5439,300;5443,292;5447,292;5452,290;5456,290;5460,290;5465,290;5469,296;5473,310;5478,310;5482,310;5486,308;5491,288;5495,300;5499,286;5504,300;5508,300;5513,300;5517,306;5521,306;5526,304;5530,304;5534,290;5539,304;5543,296;5547,296;5552,308;5556,294;5560,306;5565,292;5569,314;5573,312;5578,312;5582,298;5587,326;5591,304;5595,290;5600,302;5604,302;5608,302;5613,288;5617,322;5621,308;5626,322;5630,306;5634,320;5639,298;5643,298;5648,298;5652,298;5656,298;5661,296;5665,318;5669,304;5674,316;5678,302;5682,314;5687,314;5691,292;5695,292;5700,306;5704,306;5708,290;5713,312;5717,310;5722,310;5726,308;5730,322;5735,308;5739,286;5743,298;5748,298;5752,298;5756,282;5761,296;5765,302;5769,302;5774,286;5778,300;5783,298;5787,306;5791,306;5796,290;5800,304;5804,304;5809,316;5813,294;5817,280;5822,294;5826,308;5830,294;5835,306;5839,312;5843,298;5848,296;5852,296;5857,296;5861,302;5865,300;5870,300;5874,314;5878,312;5883,298;5887,290;5891,290;5896,290;5900,288;5904,302;5909,300;5913,292;5917,292;5922,306;5926,304;5931,318;5935,296;5939,280;5944,294;5948,294;5952,306;5957,292;5961,312;5965,312;5970,312;5974,310;5978,324;5983,308;5987,286;5991,300;5996,300;6000,298;6005,284;6009,318;6013,304;6018,318;6022,302;6026,316;6031,302;6035,292;6039,292;6044,292;6048,290;6052,290;6057,290;6061,296;6065,294;6070,292;6074,294;6079,306;6083,312;6087,296;6092,294;6096,280;6100,280;6105,278;6109,284;6113,270;6118,284;6122,284;6126,268;6131,274;6135,274;6140,260;6144,274;6148,258;6153,236;6157,278;6161,292;6166,278;6170,290;6174,276;6179,252;6183,280;6187,266;6192,280;6196,278;6200,276;6205,282;6209,282;6214,282;6218,266;6222,280;6227,294;6231,284;6235,284;6240,270;6244,282;6248,282;6253,274;6257,286;6261,286;6266,286;6270,270;6274,270;6279,262;6283,248;6288,276;6292,276;6296,276;6301,274;6305,224;6309,280;6314,280;6318,280;6322,264;6327,272;6331,256;6335,270;6340,256;6344,268;6348,240;6353,288;6357,286;6362,272;6366,258;6370,258;6375,272;6379,264;6383,264;6388,248;6392,278;6396,276;6401,282;6405,268;6409,240;6414,266;6418,280;6423,266;6427,272;6431,272;6436,286;6440,270;6444,270;6449,270;6453,276;6457,248;6462,274;6466,274;6470,274;6475,266;6479,264;6483,236;6488,278;6492,264;6497,276;6501,268;6505,224;6510,268;6514,268;6518,280;6523,258;6527,258;6531,242;6536,272;6540,270;6544,284;6549,276;6553,248;6557,260;6562,232;6566,274;6571,288;6575,266;6579,252;6584,264;6588,266;6592,278;6597,264;\r\nBuffer sent in 0.973 secondsreturn;buffer;965\r\nreceived from UR: measure -> measure (0,1)\r\nSTEPPER: Moving to mstep: 6600 with speed [msteps/sec]: 1000 in StealthChop.\r\n'), 13:27:55
bytearray(b'STEPPER: Moving to mstep: 2400 with speed [msteps/sec]: 4000 in SpreadCycle.\r\n'), 13:28:00
bytearray(b'STEPPER: Moved 4200.00 msteps (ramp: 35%) in 1324.888 ms -> average speed [msteps/sec]: 3170.08\r\nreturn;measure;965\r\n'), 13:28:01
bytearray(b'received from UR: buffer -> buffer (0,1)\r\nSending buffer of size 965data;2400,296;2404,456;2408,156;2413,270;2417,312;2421,318;2426,346;2430,318;2434,346;2439,330;2443,310;2447,322;2452,308;2456,322;2460,322;2465,336;2469,314;2474,328;2478,328;2482,328;2487,326;2491,320;2495,332;2500,332;2504,332;2508,316;2513,332;2517,338;2521,338;2526,322;2530,336;2534,322;2539,336;2543,328;2548,314;2552,328;2556,312;2561,326;2565,318;2569,332;2574,316;2578,330;2582,316;2587,330;2591,336;2595,308;2600,322;2604,306;2608,334;2613,320;2617,340;2622,326;2626,340;2630,326;2635,340;2639,332;2643,332;2648,330;2652,316;2656,330;2661,316;2665,336;2669,322;2674,336;2678,320;2682,334;2687,334;2691,314;2696,326;2700,312;2704,326;2709,326;2713,332;2717,332;2722,330;2726,318;2730,332;2735,332;2739,310;2743,324;2748,310;2752,324;2756,322;2761,338;2765,314;2770,328;2774,328;2778,342;2783,328;2787,304;2791,320;2796,318;2800,332;2804,318;2809,332;2813,324;2817,338;2822,324;2826,338;2831,324;2835,316;2839,330;2844,316;2848,330;2852,330;2857,330;2861,308;2865,322;2870,306;2874,306;2878,306;2883,306;2887,312;2891,312;2896,312;2900,312;2905,312;2909,304;2913,304;2918,304;2922,316;2926,316;2931,316;2935,306;2939,308;2944,306;2948,292;2952,306;2957,294;2961,314;2965,312;2970,312;2974,298;2979,312;2983,318;2987,302;2992,302;2996,302;3000,316;3005,300;3009,322;3013,308;3018,322;3022,306;3026,320;3031,306;3035,312;3039,298;3044,298;3048,310;3053,296;3057,302;3061,288;3066,302;3070,300;3074,302;3079,300;3083,306;3087,306;3092,290;3096,304;3100,290;3105,304;3109,310;3113,310;3118,308;3122,308;3127,308;3131,286;3135,314;3140,286;3144,314;3148,298;3153,300;3157,306;3161,318;3166,304;3170,320;3174,318;3179,296;3183,310;3188,294;3192,322;3196,308;3201,322;3205,298;3209,312;3214,312;3218,326;3222,310;3227,310;3231,302;3235,302;3240,302;3244,300;3248,314;3253,306;3257,306;3262,306;3266,320;3270,304;3275,318;3279,310;3283,298;3288,310;3292,310;3296,296;3301,310;3305,316;3309,302;3314,316;3318,316;3322,316;3327,308;3331,308;3336,308;3340,306;3344,306;3349,292;3353,314;3357,312;3362,312;3366,312;3370,312;3375,298;3379,304;3383,304;3388,292;3392,304;3397,290;3401,324;3405,296;3410,324;3414,310;3418,310;3423,308;3427,300;3431,300;3436,300;3440,300;3444,300;3449,300;3453,306;3457,320;3462,306;3466,320;3471,304;3475,298;3479,296;3484,282;3488,296;3492,294;3497,296;3501,302;3505,302;3510,302;3514,316;3518,302;3523,294;3527,306;3531,292;3536,308;3540,292;3545,320;3549,312;3553,312;3558,312;3562,312;3566,310;3571,324;3575,316;3579,302;3584,316;3588,300;3592,314;3597,300;3601,322;3605,306;3610,320;3614,304;3619,318;3623,310;3627,296;3632,310;3636,296;3640,308;3645,308;3649,314;3653,300;3658,314;3662,312;3666,314;3671,312;3675,304;3680,304;3684,318;3688,318;3693,304;3697,310;3701,310;3706,308;3710,310;3714,310;3719,308;3723,302;3727,314;3732,302;3736,314;3740,300;3745,300;3749,306;3754,306;3758,304;3762,306;3767,304;3771,296;3775,296;3780,296;3784,310;3788,294;3793,308;3797,314;3801,314;3806,300;3810,314;3814,300;3819,292;3823,304;3828,304;3832,304;3836,304;3841,304;3845,310;3849,310;3854,310;3858,294;3862,294;3867,308;3871,300;3875,302;3880,300;3884,300;3889,298;3893,306;3897,306;3902,306;3906,306;3910,304;3915,304;3919,296;3923,282;3928,310;3932,296;3936,310;3941,294;3945,314;3949,314;3954,314;3958,312;3963,312;3967,320;3971,304;3976,304;3980,304;3984,318;3989,302;3993,310;3997,294;4002,308;4006,308;4010,322;4015,306;4019,300;4023,298;4028,298;4032,312;4037,298;4041,318;4045,304;4050,318;4054,316;4058,316;4063,302;4067,308;4071,320;4076,320;4080,306;4084,304;4089,306;4093,310;4097,296;4102,296;4106,310;4111,308;4115,300;4119,314;4124,300;4128,312;4132,298;4137,312;4141,304;4145,318;4150,304;4154,302;4158,302;4163,294;4167,308;4171,294;4176,294;4180,292;4185,306;4189,314;4193,314;4198,312;4202,312;4206,310;4211,312;4215,302;4219,302;4224,302;4228,300;4232,300;4237,300;4241,308;4246,306;4250,320;4254,306;4259,318;4263,296;4267,296;4272,296;4276,282;4280,296;4285,294;4289,316;4293,302;4298,300;4302,300;4306,300;4311,304;4315,304;4320,304;4324,290;4328,302;4333,302;4337,308;4341,308;4346,308;4350,306;4354,320;4359,306;4363,298;4367,312;4372,298;4376,312;4381,296;4385,318;4389,302;4394,316;4398,300;4402,316;4407,300;4411,306;4415,306;4420,304;4424,306;4428,304;4433,304;4437,310;4441,310;4446,294;4450,322;4455,308;4459,300;4463,300;4468,298;4472,300;4476,310;4481,312;4485,304;4489,318;4494,304;4498,318;4502,316;4507,294;4511,308;4515,308;4520,320;4524,306;4529,306;4533,312;4537,312;4542,310;4546,296;4550,296;4555,310;4559,316;4563,302;4568,314;4572,300;4576,300;4581,286;4585,320;4589,306;4594,320;4598,304;4603,318;4607,296;4611,296;4616,308;4620,294;4624,308;4629,292;4633,314;4637,312;4642,310;4646,312;4650,312;4655,310;4659,288;4663,302;4668,288;4672,302;4677,288;4681,308;4685,308;4690,308;4694,306;4698,306;4703,306;4707,284;4711,296;4716,296;4720,310;4724,294;4729,308;4733,316;4737,314;4742,314;4746,314;4751,312;4755,290;4759,304;4764,304;4768,318;4772,302;4777,304;4781,308;4785,322;4790,308;4794,322;4798,306;4803,300;4807,312;4812,298;4816,300;4820,298;4825,298;4829,304;4833,318;4838,302;4842,318;4846,302;4851,316;4855,294;4859,294;4864,308;4868,306;4872,306;4877,300;4881,312;4886,312;4890,312;4894,310;4899,310;4903,304;4907,316;4912,302;4916,288;4920,302;4925,300;4929,322;4933,308;4938,308;4942,306;4947,306;4951,312;4955,298;4960,298;4964,296;4968,296;4973,296;4977,318;4981,302;4986,316;4990,302;4994,316;4999,314;5003,292;5007,306;5012,292;5016,304;5021,304;5025,310;5029,296;5034,310;5038,294;5042,308;5047,308;5051,300;5055,298;5060,298;5064,298;5068,298;5073,312;5077,304;5081,304;5086,302;5090,302;5095,302;5099,294;5103,294;5108,294;5112,308;5116,292;5121,306;5125,312;5129,312;5134,312;5138,312;5142,312;5147,290;5151,304;5155,288;5160,304;5164,290;5169,304;5173,308;5177,322;5182,308;5186,322;5190,306;5195,320;5199,312;5203,298;5208,312;5212,296;5216,296;5221,296;5225,316;5230,302;5234,316;5238,314;5243,314;5247,306;5251,292;5256,304;5260,304;5264,304;5269,304;5273,310;5277,308;5282,308;5286,294;5290,306;5295,306;5299,298;5304,312;5308,312;5312,296;5317,296;5321,316;5325,302;5330,314;5334,314;5338,314;5343,314;5347,292;5351,306;5356,290;5360,304;5364,288;5369,310;5373,310;5378,310;5382,308;5386,322;5391,308;5395,286;5399,300;5404,286;5408,300;5412,284;5417,298;5421,306;5425,318;5430,304;5434,318;5439,304;5443,296;5447,296;5452,294;5456,308;5460,294;5465,292;5469,300;5473,312;5478,298;5482,312;5486,310;5491,290;5495,302;5499,288;5504,302;5508,288;5513,300;5517,308;5521,310;5526,308;5530,308;5534,308;5539,320;5543,314;5547,298;5552,312;5556,298;5560,312;5565,298;5569,304;5573,304;5578,318;5582,304;5587,304;5591,310;5595,296;5600,310;5604,296;5608,308;5613,294;5617,316;5621,300;5626,314;5630,314;5634,316;5639,300;5643,278;5647,304;5652,304;5656,304;5661,304;5665,310;5669,296;5674,310;5678,296;5682,308;5687,308;5691,300;5695,300;5700,302;5704,314;5708,284;5713,300;5717,306;5721,318;5726,304;5730,304;5735,304;5739,296;5743,296;5748,294;5752,308;5756,294;5761,308;5765,286;5769,300;5774,298;5778,312;5782,296;5787,304;5791,302;5796,302;5800,302;5804,302;5809,314;5813,306;5817,308;5822,306;5826,320;5830,304;5835,318;5839,296;5843,296;5848,294;5852,294;5856,294;5861,300;5865,302;5870,300;5874,300;5878,298;5883,298;5887,292;5891,290;5896,304;5900,290;5904,302;5909,274;5913,310;5917,308;5922,308;5926,306;5931,306;5935,298;5939,284;5944,298;5948,284;5952,312;5957,296;5961,318;5965,302;5970,316;5974,302;5978,316;5983,300;5987,294;5991,308;5996,292;6000,306;6005,306;6009,312;6013,298;6018,312;6022,296;6026,296;6031,282;6035,302;6039,302;6044,300;6048,302;6052,300;6057,298;6061,306;6065,320;6070,304;6074,304;6079,302;6083,296;6087,294;6092,294;6096,294;6100,280;6105,278;6109,286;6113,270;6118,270;6122,270;6126,270;6131,276;6135,262;6139,274;6144,274;6148,260;6153,274;6157,280;6161,280;6166,278;6170,278;6174,278;6179,256;6183,270;6187,254;6192,282;6196,282;6200,268;6205,260;6209,258;6213,274;6218,286;6222,286;6227,286;6231,262;6235,248;6240,276;6244,276;6248,276;6253,246;6257,282;6261,282;6266,280;6270,280;6274,266;6279,272;6283,258;6288,270;6292,272;6296,270;6301,270;6305,276;6309,276;6314,262;6318,274;6322,246;6327,268;6331,266;6335,266;6340,252;6344,266;6348,252;6353,272;6357,284;6362,286;6366,270;6370,270;6375,270;6379,276;6383,276;6388,262;6392,274;6396,274;6401,254;6405,266;6409,282;6414,266;6418,236;6422,266;6427,272;6431,272;6436,256;6440,270;6444,270;6449,248;6453,276;6457,276;6462,276;6466,276;6470,274;6475,254;6479,266;6483,252;6488,252;6492,252;6497,266;6501,272;6505,258;6510,272;6514,256;6518,272;6523,284;6527,264;6531,276;6536,262;6540,276;6544,276;6549,268;6553,252;6557,266;6562,238;6566,280;6571,280;6575,272;6579,256;6584,256;6588,256;6592,254;6597,240;\r\nBuffer sent in 0.973 secondsreturn;buffer;965\r\nreceived from UR: measure -> measure (0,1)\r\nSTEPPER: Moving to mstep: 6600 with speed [msteps/sec]: 1000 in StealthChop.\r\n'), 13:28:04
bytearray(b'STEPPER: Moving to mstep: 2400 with speed [msteps/sec]: 4000 in SpreadCycle.\r\n'), 13:28:09
bytearray(b'STEPPER: Moved 4200.00 msteps (ramp: 35%) in 1324.880 ms -> average speed [msteps/sec]: 3170.10\r\nreturn;measure;965\r\n'), 13:28:10
bytearray(b'received from UR: buffer -> buffer (0,1)\r\nSending buffer of size 965data;2400,310;2404,432;2408,188;2413,272;2417,316;2421,322;2426,338;2430,322;2434,336;2439,322;2443,328;2447,328;2452,314;2456,328;2460,328;2465,328;2469,320;2474,336;2478,320;2482,334;2487,334;2491,312;2495,326;2500,326;2504,326;2508,326;2513,324;2517,318;2521,332;2526,330;2530,330;2534,316;2539,330;2543,322;2547,322;2552,336;2556,322;2561,334;2565,328;2569,328;2574,326;2578,340;2582,312;2587,328;2591,318;2595,318;2600,332;2604,318;2608,318;2613,304;2617,338;2622,324;2626,338;2630,324;2635,338;2639,328;2643,314;2648,328;2652,328;2656,328;2661,326;2665,334;2669,318;2674,332;2678,318;2682,332;2687,330;2691,322;2696,322;2700,308;2704,322;2709,308;2713,342;2717,328;2722,328;2726,326;2730,342;2735,326;2739,318;2743,332;2748,318;2752,330;2756,316;2761,330;2765,322;2770,336;2774,320;2778,334;2783,320;2787,310;2791,326;2796,326;2800,326;2804,310;2809,338;2813,316;2817,330;2822,316;2826,330;2831,328;2835,320;2839,334;2844,318;2848,318;2852,318;2857,330;2861,308;2865,322;2870,308;2874,308;2878,306;2883,320;2887,312;2891,298;2896,312;2900,310;2905,310;2909,316;2913,316;2918,316;2922,316;2926,314;2931,314;2935,306;2939,290;2944,304;2948,304;2952,302;2957,288;2961,322;2965,308;2970,320;2974,306;2979,320;2983,298;2987,296;2992,296;2996,296;3000,310;3005,296;3009,316;3013,300;3018,314;3022,300;3026,286;3031,298;3035,292;3039,304;3044,304;3048,304;3053,304;3057,282;3061,294;3066,308;3070,308;3074,308;3079,306;3083,300;3087,300;3092,286;3096,298;3100,298;3105,296;3109,304;3113,316;3118,316;3122,316;3127,314;3131,294;3135,306;3140,292;3144,304;3148,292;3153,304;3157,310;3161,324;3166,308;3170,322;3174,308;3179,300;3183,312;3188,298;3192,312;3196,296;3201,310;3205,316;3209,330;3214,314;3218,328;3222,312;3227,326;3231,304;3235,302;3240,302;3244,300;3248,300;3253,306;3257,318;3262,318;3266,318;3270,316;3275,316;3279,306;3283,292;3288,304;3292,304;3296,304;3301,302;3305,322;3309,308;3314,322;3318,306;3323,320;3327,312;3331,310;3336,310;3340,294;3344,308;3349,294;3353,314;3357,312;3362,300;3366,296;3370,310;3375,296;3379,302;3383,314;3388,300;3392,300;3397,298;3401,306;3405,304;3410,304;3414,304;3418,318;3423,302;3427,294;3431,294;3436,292;3440,292;3444,306;3449,306;3453,298;3457,312;3462,310;3466,310;3471,308;3475,302;3479,302;3484,300;3488,300;3492,298;3497,298;3501,304;3505,290;3510,290;3514,304;3518,302;3523,316;3527,308;3531,294;3536,308;3540,292;3545,306;3549,312;3553,324;3558,310;3562,310;3566,296;3571,310;3575,302;3579,300;3584,314;3588,298;3592,312;3597,298;3601,320;3605,304;3610,318;3614,302;3619,316;3623,308;3627,306;3632,306;3636,320;3640,318;3645,306;3649,310;3653,308;3658,322;3662,308;3666,308;3671,306;3675,298;3680,312;3684,312;3688,310;3693,310;3697,316;3701,314;3706,314;3710,314;3714,314;3719,312;3723,304;3727,316;3732,304;3736,316;3740,288;3745,308;3749,308;3754,306;3758,304;3762,306;3767,304;3771,296;3775,310;3780,294;3784,308;3788,308;3793,306;3797,300;3801,312;3806,312;3810,326;3815,310;3819,302;3823,316;3828,302;3832,300;3836,314;3841,302;3845,306;3849,320;3854,306;3858,320;3862,304;3867,304;3871,296;3875,296;3880,294;3884,294;3889,294;3893,302;3897,314;3902,312;3906,312;3910,312;3915,312;3919,304;3923,288;3928,302;3932,288;3936,302;3941,286;3945,308;3949,306;3954,306;3958,304;3963,318;3967,310;3971,296;3976,310;3980,308;3984,322;3989,306;3993,314;3997,312;4002,326;4006,310;4010,324;4015,310;4019,302;4023,302;4028,298;4032,300;4037,298;4041,320;4045,304;4050,318;4054,316;4058,316;4063,302;4067,308;4071,306;4076,292;4080,304;4084,304;4089,304;4093,310;4097,312;4102,308;4106,308;4111,294;4115,300;4119,300;4124,298;4128,312;4132,296;4137,310;4141,316;4145,316;4150,316;4154,314;4158,314;4163,292;4167,306;4171,292;4176,306;4180,290;4185,302;4189,310;4193,310;4198,310;4202,322;4206,308;4211,322;4215,300;4219,300;4224,298;4228,284;4232,298;4237,304;4241,314;4246,302;4250,316;4254,302;4259,302;4263,292;4267,292;4272,292;4276,290;4280,290;4285,302;4289,294;4293,294;4298,308;4302,306;4306,306;4311,312;4315,298;4320,310;4324,296;4328,310;4333,296;4337,302;4341,300;4346,314;4350,312;4354,314;4359,312;4363,290;4367,304;4372,304;4376,304;4381,288;4385,302;4389,308;4394,322;4398,306;4402,320;4407,306;4411,298;4415,298;4420,296;4424,310;4428,294;4433,294;4437,314;4441,314;4446,314;4450,328;4455,312;4459,290;4463,304;4468,304;4472,302;4476,290;4481,302;4485,308;4489,308;4494,294;4498,322;4502,306;4507,320;4511,312;4515,296;4520,310;4524,296;4529,308;4533,316;4537,316;4542,314;4546,300;4550,298;4555,312;4559,304;4563,304;4568,318;4572,304;4576,304;4581,288;4585,322;4589,308;4594,322;4598,306;4603,320;4607,298;4611,284;4616,298;4620,296;4624,296;4629,296;4633,316;4637,316;4642,314;4646,300;4650,314;4655,312;4659,290;4663,302;4668,302;4672,302;4677,300;4681,308;4685,306;4690,318;4694,304;4698,304;4703,302;4707,294;4711,306;4716,292;4720,304;4724,290;4729,304;4733,310;4738,322;4742,308;4746,308;4751,306;4755,298;4759,312;4764,296;4768,310;4772,296;4777,310;4781,302;4785,316;4790,314;4794,314;4798,312;4803,306;4807,304;4812,290;4816,304;4820,302;4825,302;4829,308;4833,322;4838,306;4842,322;4846,304;4851,318;4855,296;4859,296;4864,294;4868,294;4873,308;4877,314;4881,314;4886,312;4890,312;4894,310;4899,312;4903,302;4907,288;4912,300;4916,300;4920,314;4925,300;4929,306;4933,304;4938,318;4942,302;4947,302;4951,308;4955,292;4960,306;4964,306;4968,306;4973,290;4977,310;4981,296;4986,308;4990,294;4994,306;4999,292;5003,284;5007,298;5012,296;5016,310;5021,296;5025,302;5029,302;5034,300;5038,300;5042,314;5047,298;5051,292;5055,304;5060,302;5064,316;5068,302;5073,302;5077,292;5081,306;5086,306;5090,304;5095,304;5099,296;5103,310;5108,294;5112,308;5116,306;5121,306;5125,312;5129,312;5134,312;5138,312;5142,310;5147,310;5151,302;5155,286;5160,300;5164,298;5169,312;5173,304;5177,318;5182,302;5186,316;5190,302;5195,316;5199,306;5203,292;5208,304;5212,304;5216,304;5221,288;5225,322;5229,308;5234,322;5238,306;5243,320;5247,298;5251,298;5256,296;5260,296;5264,296;5269,296;5273,316;5277,316;5282,314;5286,314;5290,314;5295,306;5299,290;5304,304;5308,304;5312,302;5317,288;5321,310;5325,308;5330,308;5334,306;5338,320;5343,306;5347,282;5351,296;5356,296;5360,296;5364,294;5369,314;5373,314;5378,314;5382,298;5386,312;5391,310;5395,288;5399,302;5404,288;5408,302;5412,286;5417,300;5421,306;5425,306;5430,306;5434,318;5438,304;5443,296;5447,296;5452,294;5456,294;5460,294;5465,292;5469,312;5473,298;5478,312;5482,312;5486,310;5491,288;5495,288;5499,288;5504,300;5508,286;5513,300;5517,306;5521,306;5526,304;5530,318;5534,304;5539,318;5543,308;5547,294;5552,308;5556,294;5560,306;5565,306;5569,312;5573,298;5578,312;5582,296;5587,310;5591,314;5595,302;5600,314;5604,300;5608,300;5613,314;5617,292;5621,304;5626,318;5630,304;5634,318;5639,302;5643,310;5647,308;5652,308;5656,308;5661,294;5665,314;5669,300;5674,298;5678,298;5682,298;5687,296;5691,304;5695,304;5700,302;5704,302;5708,288;5713,300;5717,308;5721,306;5726,292;5730,306;5735,306;5739,298;5743,312;5748,298;5752,310;5756,296;5761,310;5765,302;5769,302;5774,302;5778,300;5782,286;5787,294;5791,306;5796,306;5800,306;5804,292;5809,304;5813,298;5817,310;5822,296;5826,310;5830,308;5835,310;5839,302;5843,286;5848,300;5852,300;5856,300;5861,304;5865,304;5870,304;5874,304;5878,302;5883,302;5887,294;5891,294;5896,294;5900,292;5904,292;5909,292;5913,312;5917,310;5922,312;5926,312;5930,310;5935,302;5939,302;5944,302;5948,302;5952,314;5957,300;5961,308;5965,306;5970,306;5974,292;5978,306;5983,304;5987,296;5991,310;5996,294;6000,310;6004,296;6009,302;6013,300;6018,316;6022,300;6026,286;6031,300;6035,292;6039,306;6044,304;6048,304;6052,304;6057,304;6061,296;6065,308;6070,308;6074,308;6079,308;6083,286;6087,284;6092,270;6096,270;6100,284;6105,268;6109,276;6113,290;6118,274;6122,274;6126,274;6131,266;6135,266;6139,238;6144,278;6148,278;6153,278;6157,270;6161,254;6166,254;6170,268;6174,282;6179,260;6183,258;6187,244;6192,286;6196,272;6200,284;6205,276;6209,262;6213,260;6218,232;6222,274;6227,288;6231,266;6235,252;6240,280;6244,280;6248,280;6253,258;6257,256;6261,284;6266,284;6270,284;6274,256;6279,262;6283,262;6288,260;6292,246;6296,274;6301,274;6305,266;6309,266;6314,266;6318,280;6322,292;6327,278;6331,270;6335,284;6340,270;6344,284;6348,254;6353,290;6357,274;6362,260;6366,274;6370,288;6375,272;6379,250;6383,278;6388,278;6392,278;6396,278;6401,256;6405,256;6409,228;6414,270;6418,284;6422,282;6427,262;6431,260;6436,258;6440,272;6444,272;6449,272;6453,264;6457,236;6462,278;6466,278;6470,276;6475,270;6479,268;6483,282;6488,270;6492,268;6496,280;6501,260;6505,230;6510,274;6514,274;6518,272;6523,272;6527,264;6531,278;6536,278;6540,264;6544,276;6549,270;6553,254;6557,254;6562,254;6566,280;6570,282;6575,274;6579,272;6584,272;6588,272;6592,272;6597,272;\r\nBuffer sent in 0.973 secondsreturn;buffer;965\r\n'), 13:28:13
