bytearray(b'received from UR: s -> s (0,1)\r\n*** STATUS ***\r\nid        :         3 -\r\nstep      :      2400 steps\r\nspeed     :      1500 msteps/s\r\nmspeed    :      1000 msteps/s\r\nsg-thrs   :        80 -\r\ndefault   :     12000 \xc2\xb5m\r\ndispense  :     14640 \xc2\xb5m\r\nblowout   :     33000 \xc2\xb5m\r\nd-offset  :        20 \xc2\xb5m\r\nur0       :         1 -\r\nur1       :         1 -\r\nhomed     :         1 -\r\nreturn;s;2400\r\n'), 13:20:47
bytearray(b'received from UR: measure -> measure (0,1)\r\nSTEPPER: Moving to mstep: 6600 with speed [msteps/sec]: 1000 in StealthChop.\r\n'), 13:20:49
bytearray(b'STEPPER: Moving to mstep: 2400 with speed [msteps/sec]: 4000 in SpreadCycle.\r\n'), 13:20:53
bytearray(b'STEPPER: Moved 4200.00 msteps (ramp: 35%) in 1324.888 ms -> average speed [msteps/sec]: 3170.08\r\nreturn;measure;965\r\n'), 13:20:55
bytearray(b'received from UR: buffer -> buffer (0,1)\r\nSending buffer of size 965data;2400,300;2404,462;2408,132;2413,272;2417,316;2421,320;2426,336;2430,320;2434,334;2439,318;2443,326;2447,324;2452,312;2456,326;2460,324;2465,322;2469,316;2474,330;2478,328;2482,330;2487,328;2491,320;2495,332;2500,318;2504,332;2508,318;2513,332;2517,324;2521,338;2526,322;2530,336;2534,322;2539,336;2543,328;2548,314;2552,326;2556,312;2561,326;2565,318;2569,332;2574,332;2578,332;2582,316;2587,344;2591,336;2595,308;2600,334;2604,320;2608,334;2613,306;2617,340;2622,324;2626,340;2630,324;2635,338;2639,330;2643,316;2648,328;2652,314;2656,328;2661,312;2665,334;2669,332;2674,332;2678,318;2682,332;2687,332;2691,310;2696,324;2700,322;2704,324;2709,308;2713,322;2717,326;2722,342;2726,326;2730,340;2735,326;2739,304;2743,332;2748,318;2752,330;2756,316;2761,330;2765,322;2770,336;2774,320;2778,336;2783,320;2787,312;2791,326;2796,310;2800,324;2804,310;2809,324;2813,330;2817,344;2822,328;2826,342;2830,326;2835,340;2839,332;2844,318;2848,332;2852,316;2857,330;2861,322;2865,336;2870,320;2874,336;2878,334;2883,334;2887,326;2891,326;2896,340;2900,326;2904,324;2909,324;2913,330;2918,330;2922,330;2926,328;2931,342;2935,334;2939,306;2944,334;2948,320;2952,334;2957,304;2961,340;2965,324;2970,338;2974,322;2979,338;2983,322;2987,314;2992,328;2996,314;3000,328;3005,312;3009,336;3013,320;3018,334;3022,318;3026,334;3031,332;3035,310;3039,324;3044,322;3048,324;3053,308;3057,322;3061,328;3066,328;3070,328;3074,342;3079,326;3083,306;3087,320;3092,318;3096,318;3100,304;3105,318;3109,324;3113,338;3118,324;3122,338;3127,324;3131,302;3135,330;3140,316;3144,330;3148,302;3153,328;3157,336;3161,336;3166,320;3170,336;3174,320;3179,336;3183,326;3187,312;3192,326;3196,310;3201,324;3205,330;3209,344;3214,318;3218,344;3222,330;3227,344;3231,322;3235,322;3240,322;3244,308;3248,322;3253,320;3257,342;3262,326;3266,340;3270,326;3275,340;3279,326;3283,318;3288,332;3292,332;3296,318;3301,316;3305,336;3309,322;3314,336;3318,322;3322,322;3327,320;3331,314;3335,328;3340,312;3344,326;3349,312;3353,332;3357,330;3362,332;3366,330;3370,344;3375,328;3379,322;3383,336;3388,306;3392,334;3396,320;3401,334;3405,326;3409,340;3414,326;3418,340;3423,324;3427,318;3431,330;3436,316;3440,330;3444,316;3449,328;3453,320;3457,336;3462,320;3466,334;3470,320;3475,334;3479,326;3484,310;3488,324;3492,310;3497,322;3501,330;3505,330;3510,328;3514,328;3518,328;3523,342;3527,334;3531,306;3536,332;3540,304;3544,332;3549,304;3553,338;3558,324;3562,338;3566,322;3571,336;3575,328;3579,314;3584,328;3588,312;3592,328;3597,312;3601,346;3605,332;3610,346;3614,318;3618,346;3623,330;3627,308;3632,322;3636,322;3640,322;3645,306;3649,342;3653,326;3658,340;3662,324;3666,340;3671,324;3675,316;3679,330;3684,316;3688,328;3693,314;3697,328;3701,332;3706,334;3710,318;3714,332;3719,332;3723,310;3727,324;3732,308;3736,336;3740,306;3745,334;3749,326;3753,340;3758,324;3762,338;3767,324;3771,316;3775,330;3780,314;3784,328;3788,314;3793,328;3797,332;3801,334;3806,318;3810,332;3814,318;3819,332;3823,324;3827,310;3832,324;3836,324;3841,336;3845,316;3849,330;3854,314;3858,330;3862,326;3867,328;3871,334;3875,320;3880,334;3884,306;3888,332;3893,318;3897,340;3901,324;3906,340;3910,324;3915,338;3919,324;3923,316;3928,330;3932,302;3936,330;3941,314;3945,336;3949,320;3954,336;3958,334;3962,334;3967,320;3971,312;3975,326;3980,312;3984,326;3989,310;3993,324;3997,318;4002,344;4006,330;4010,344;4015,316;4019,322;4023,322;4028,308;4032,322;4036,320;4041,322;4045,326;4049,342;4054,326;4058,340;4063,326;4067,318;4071,332;4076,316;4080,328;4084,316;4089,330;4093,322;4097,336;4102,334;4106,334;4110,320;4115,334;4119,326;4123,312;4128,324;4132,310;4137,324;4141,330;4145,344;4150,328;4154,328;4158,326;4163,342;4167,334;4171,304;4176,332;4180,318;4184,332;4189,304;4193,338;4198,324;4202,336;4206,322;4211,336;4215,328;4219,314;4224,326;4228,312;4232,326;4237,312;4241,334;4245,318;4250,332;4254,316;4258,344;4263,330;4267,308;4272,322;4276,320;4280,322;4285,306;4289,340;4293,326;4298,326;4302,326;4306,338;4311,324;4315,302;4319,330;4324,314;4328,328;4332,300;4337,328;4341,334;4346,334;4350,320;4354,334;4359,318;4363,310;4367,324;4372,308;4376,324;4380,308;4385,336;4389,328;4393,342;4398,326;4402,340;4406,326;4411,304;4415,332;4420,318;4424,332;4428,316;4433,330;4437,322;4441,336;4446,322;4450,336;4454,320;4459,334;4463,326;4467,312;4472,322;4476,310;4480,324;4485,322;4489,330;4494,328;4498,342;4502,326;4507,326;4511,318;4515,318;4520,330;4524,316;4528,330;4533,314;4537,336;4541,334;4546,334;4550,320;4554,332;4559,332;4563,310;4568,324;4572,308;4576,322;4581,308;4585,342;4589,328;4594,342;4598,326;4602,340;4607,326;4611,304;4615,332;4620,316;4624,330;4628,316;4633,330;4637,322;4642,336;4646,322;4650,336;4655,320;4659,312;4663,326;4668,312;4672,326;4676,312;4681,326;4685,330;4689,332;4694,318;4698,332;4703,330;4707,308;4711,322;4716,308;4720,322;4724,306;4729,334;4733,326;4737,340;4742,324;4746,340;4750,324;4755,338;4759,330;4763,314;4768,328;4772,300;4777,328;4781,320;4785,334;4790,318;4794,332;4798,318;4803,332;4807,324;4811,322;4816,336;4820,320;4824,334;4829,334;4833,326;4837,326;4842,340;4846,324;4851,340;4855,318;4859,316;4864,330;4868,316;4872,344;4877,330;4881,322;4885,320;4890,334;4894,320;4898,334;4903,320;4907,326;4911,326;4916,312;4920,326;4925,310;4929,332;4933,330;4938,332;4942,330;4946,330;4951,330;4955,308;4959,336;4964,308;4968,336;4972,308;4977,334;4981,326;4986,340;4990,324;4994,338;4999,324;5003,316;5007,330;5012,314;5016,328;5020,314;5025,328;5029,320;5033,334;5038,320;5042,334;5046,318;5051,334;5055,324;5060,310;5064,324;5068,310;5073,322;5077,328;5081,328;5086,326;5090,326;5094,326;5099,340;5103,318;5107,304;5112,332;5116,316;5120,330;5125,302;5129,336;5134,322;5138,336;5142,322;5147,336;5151,328;5155,312;5160,328;5164,312;5168,326;5173,312;5177,346;5181,318;5186,344;5190,316;5194,344;5199,330;5203,308;5208,336;5212,308;5216,334;5221,306;5225,334;5229,326;5234,340;5238,324;5242,338;5247,324;5251,316;5255,330;5260,316;5264,330;5268,314;5273,328;5277,322;5282,336;5286,320;5290,336;5295,322;5299,312;5303,326;5308,312;5312,326;5316,312;5321,326;5325,332;5329,332;5334,318;5338,332;5342,330;5347,310;5351,324;5356,308;5360,322;5364,308;5369,336;5373,328;5377,342;5382,326;5386,340;5390,326;5395,340;5399,332;5403,316;5408,330;5412,314;5417,328;5421,314;5425,334;5430,318;5434,332;5438,318;5443,332;5447,322;5451,322;5456,320;5460,306;5464,320;5469,318;5473,338;5477,324;5482,338;5486,322;5491,336;5495,322;5499,314;5504,328;5508,312;5512,326;5517,312;5521,332;5525,318;5530,332;5534,330;5538,330;5543,328;5547,306;5551,334;5556,306;5560,334;5565,318;5569,332;5573,324;5578,338;5582,322;5586,336;5591,322;5595,314;5599,328;5604,312;5608,326;5612,310;5617,324;5621,316;5625,344;5630,328;5634,342;5639,328;5643,320;5647,332;5652,332;5656,318;5660,316;5665,330;5669,322;5673,336;5678,320;5682,334;5686,318;5691,334;5695,324;5699,310;5704,324;5708,322;5713,322;5717,328;5721,342;5726,326;5730,340;5734,326;5739,338;5743,330;5747,330;5752,328;5756,314;5760,328;5765,314;5769,334;5773,318;5778,332;5782,318;5787,332;5791,324;5795,308;5800,336;5804,308;5808,334;5813,320;5817,342;5821,326;5826,340;5830,326;5834,340;5839,324;5843,316;5847,330;5852,316;5856,328;5861,314;5865,320;5869,318;5874,318;5878,304;5882,302;5887,302;5891,280;5895,294;5900,278;5904,292;5908,278;5913,296;5917,296;5921,310;5926,308;5930,308;5935,308;5939,284;5943,298;5948,284;5952,296;5956,282;5961,294;5965,300;5969,314;5974,298;5978,312;5982,298;5987,288;5991,300;5996,286;6000,300;6004,286;6009,298;6013,304;6017,318;6022,302;6026,302;6030,300;6035,314;6039,292;6043,292;6048,290;6052,290;6056,288;6061,294;6065,306;6070,292;6074,306;6078,292;6083,290;6087,298;6091,296;6096,294;6100,294;6104,294;6109,280;6113,312;6117,298;6122,298;6126,298;6131,310;6135,288;6139,288;6144,302;6148,286;6152,300;6157,284;6161,304;6165,304;6170,304;6174,304;6178,316;6183,302;6187,280;6191,292;6196,292;6200,290;6205,278;6209,310;6213,296;6218,308;6222,294;6226,306;6231,292;6235,270;6239,268;6244,254;6248,254;6252,240;6257,288;6261,274;6265,272;6270,272;6274,228;6279,270;6283,262;6287,276;6292,262;6296,260;6300,246;6305,266;6309,266;6313,250;6318,264;6322,250;6326,264;6331,256;6335,268;6339,240;6344,268;6348,254;6353,266;6357,274;6361,286;6366,272;6370,258;6374,270;6379,262;6383,276;6387,248;6392,276;6396,260;6400,274;6405,266;6409,280;6413,264;6418,250;6422,248;6427,248;6431,254;6435,240;6440,266;6444,266;6448,266;6453,238;6457,272;6461,272;6466,270;6470,270;6474,242;6479,276;6483,260;6487,274;6492,230;6496,272;6501,244;6505,250;6509,278;6514,262;6518,262;6522,246;6527,274;6531,254;6535,268;6540,238;6544,266;6548,250;6553,272;6557,270;6562,254;6566,268;6570,268;6575,268;6579,246;6583,258;6588,244;6592,258;6596,242;\r\nBuffer sent in 0.973 secondsreturn;buffer;965\r\nreceived from UR: measure -> measure (0,1)\r\nSTEPPER: Moving to mstep: 6600 with speed [msteps/sec]: 1000 in StealthChop.\r\n'), 13:20:58
bytearray(b'STEPPER: Moving to mstep: 2400 with speed [msteps/sec]: 4000 in SpreadCycle.\r\n'), 13:21:02
bytearray(b'STEPPER: Moved 4200.00 msteps (ramp: 35%) in 1324.880 ms -> average speed [msteps/sec]: 3170.10\r\nreturn;measure;965\r\n'), 13:21:04
bytearray(b'received from UR: buffer -> buffer (0,1)\r\nSending buffer of size 965data;2400,302;2404,462;2408,144;2413,272;2417,316;2421,322;2426,336;2430,320;2434,336;2439,320;2443,312;2447,326;2452,312;2456,324;2460,312;2465,324;2469,330;2474,344;2478,328;2482,344;2487,328;2491,320;2495,320;2500,318;2504,318;2508,318;2513,318;2517,324;2521,338;2526,322;2530,336;2534,322;2539,336;2543,328;2548,312;2552,328;2556,312;2561,340;2565,320;2569,332;2574,318;2578,332;2582,316;2587,332;2591,324;2595,308;2600,336;2604,322;2608,336;2613,320;2617,342;2622,326;2626,340;2630,326;2635,340;2639,318;2643,316;2648,330;2652,316;2656,330;2661,328;2665,320;2669,320;2674,332;2678,318;2682,332;2687,316;2691,322;2696,322;2700,322;2704,334;2709,320;2713,328;2717,326;2722,340;2726,326;2730,340;2735,324;2739,316;2743,330;2748,316;2752,328;2756,314;2761,328;2765,320;2770,334;2774,318;2778,332;2783,318;2787,310;2791,336;2796,322;2800,336;2804,320;2809,334;2813,326;2817,340;2822,324;2826,338;2830,324;2835,314;2839,328;2844,314;2848,328;2852,326;2857,340;2861,318;2865,332;2870,316;2874,330;2878,328;2883,328;2887,320;2891,320;2896,334;2900,318;2905,332;2909,332;2913,324;2918,324;2922,338;2926,336;2931,336;2935,314;2939,314;2944,326;2948,326;2952,326;2957,310;2961,332;2965,316;2970,330;2974,328;2979,330;2983,322;2987,320;2992,334;2996,318;3000,332;3005,332;3009,324;3013,322;3018,336;3022,322;3026,336;3031,320;3035,312;3039,326;3044,326;3048,338;3053,324;3057,324;3061,316;3066,330;3070,314;3074,328;3079,314;3083,320;3087,332;3092,332;3096,318;3100,316;3105,330;3109,322;3113,336;3118,322;3122,334;3127,320;3131,312;3135,326;3140,326;3144,338;3148,310;3153,322;3157,316;3161,330;3166,328;3170,342;3174,326;3179,340;3183,332;3187,318;3192,330;3196,316;3201,330;3205,322;3209,336;3214,320;3218,334;3222,320;3227,334;3231,326;3235,324;3240,324;3244,324;3248,338;3253,336;3257,328;3261,314;3266,342;3270,326;3275,340;3279,326;3283,332;3288,332;3292,316;3296,316;3301,316;3305,336;3309,334;3314,334;3318,320;3322,332;3327,318;3331,324;3335,324;3340,310;3344,336;3349,322;3353,334;3357,328;3362,328;3366,326;3370,340;3375,324;3379,316;3383,330;3388,316;3392,330;3396,300;3401,328;3405,320;3409,334;3414,318;3418,332;3423,318;3427,324;3431,324;3436,322;3440,322;3444,322;3449,334;3453,328;3457,342;3462,312;3466,328;3470,326;3475,326;3479,318;3484,318;3488,332;3492,330;3497,318;3501,324;3505,338;3510,322;3514,336;3518,322;3523,322;3527,328;3531,314;3536,328;3540,312;3544,326;3549,310;3553,330;3558,330;3562,344;3566,330;3571,342;3575,320;3579,308;3584,334;3588,320;3592,334;3597,320;3601,340;3605,324;3610,340;3614,324;3618,338;3623,322;3627,316;3632,328;3636,314;3640,342;3645,328;3649,334;3653,320;3658,334;3662,318;3666,332;3671,316;3675,322;3679,322;3684,322;3688,336;3693,320;3697,320;3701,326;3706,340;3710,326;3714,326;3719,324;3723,316;3727,330;3732,316;3736,330;3740,316;3745,330;3749,322;3753,336;3758,334;3762,334;3767,332;3771,312;3775,326;3780,310;3784,338;3788,324;3793,324;3797,316;3801,330;3806,328;3810,342;3814,328;3819,342;3823,334;3827,318;3832,318;3836,304;3841,332;3845,318;3849,338;3854,324;3858,338;3862,322;3867,336;3871,328;3875,314;3880,328;3884,314;3888,326;3893,326;3897,332;3901,318;3906,332;3910,332;3914,332;3919,330;3923,308;3928,336;3932,322;3936,336;3941,322;3945,328;3949,326;3954,328;3958,326;3962,340;3967,326;3971,304;3975,332;3980,318;3984,332;3989,316;3993,330;3997,322;4002,336;4006,320;4010,336;4015,320;4019,312;4023,326;4028,312;4032,326;4036,324;4041,338;4045,316;4049,330;4054,314;4058,342;4063,328;4067,318;4071,332;4076,318;4080,332;4084,316;4089,330;4093,322;4097,322;4102,320;4106,334;4110,320;4115,334;4119,326;4123,310;4128,326;4132,312;4137,338;4141,316;4145,330;4150,316;4154,330;4158,328;4163,330;4167,320;4171,306;4176,334;4180,320;4184,334;4189,320;4193,326;4198,324;4202,338;4206,322;4211,338;4215,328;4219,314;4224,328;4228,314;4232,328;4237,314;4241,334;4245,318;4250,332;4254,318;4258,332;4263,316;4267,324;4272,324;4276,322;4280,336;4285,336;4289,328;4293,316;4298,328;4302,326;4306,328;4311,326;4315,318;4319,332;4324,318;4328,332;4332,318;4337,330;4341,322;4346,336;4350,322;4354,336;4359,320;4363,312;4367,326;4372,310;4376,324;4380,310;4385,324;4389,330;4393,344;4398,328;4402,342;4406,312;4411,340;4415,332;4420,330;4424,330;4428,316;4433,328;4437,320;4441,334;4446,320;4450,334;4454,318;4459,332;4463,336;4467,324;4472,322;4476,322;4480,336;4485,322;4489,328;4494,326;4498,326;4502,324;4507,326;4511,330;4515,330;4520,328;4524,314;4528,328;4533,314;4537,334;4541,334;4546,332;4550,318;4554,332;4559,332;4563,310;4568,324;4572,308;4576,336;4581,322;4585,334;4589,326;4594,340;4598,326;4602,340;4607,324;4611,316;4615,330;4620,316;4624,314;4628,314;4633,328;4637,320;4642,334;4646,318;4650,332;4655,316;4659,324;4663,336;4668,336;4672,322;4676,320;4681,334;4685,326;4689,326;4694,324;4698,324;4703,324;4707,316;4711,328;4716,314;4720,326;4724,312;4729,326;4733,318;4737,332;4742,316;4746,330;4750,316;4755,328;4759,334;4763,332;4768,332;4772,316;4777,330;4781,322;4785,336;4790,320;4794,334;4798,318;4803,332;4807,338;4811,324;4816,336;4820,322;4824,320;4829,320;4833,340;4837,324;4842,338;4846,322;4851,338;4855,322;4859,326;4864,326;4868,312;4872,324;4877,322;4881,330;4885,314;4890,328;4894,326;4898,326;4903,324;4907,332;4911,330;4916,314;4920,328;4925,314;4929,340;4933,332;4938,332;4942,330;4946,330;4951,328;4955,320;4959,318;4964,318;4968,332;4972,316;4977,344;4981,322;4985,320;4990,320;4994,334;4999,318;5003,324;5007,322;5012,322;5016,334;5020,320;5025,334;5029,312;5033,324;5038,324;5042,336;5046,322;5051,336;5055,326;5060,312;5064,326;5068,324;5073,338;5077,316;5081,330;5086,314;5090,328;5094,326;5099,328;5103,332;5107,318;5112,330;5116,316;5120,344;5125,328;5129,322;5134,320;5138,334;5142,318;5147,332;5151,324;5155,310;5160,336;5164,322;5168,334;5173,320;5177,340;5181,324;5186,338;5190,322;5194,336;5199,322;5203,312;5208,326;5212,312;5216,338;5221,324;5225,330;5229,314;5234,340;5238,326;5242,340;5247,326;5251,316;5255,330;5260,316;5264,342;5268,328;5273,328;5277,318;5282,332;5286,318;5290,330;5295,316;5299,322;5303,334;5308,320;5312,332;5316,332;5321,330;5325,322;5329,336;5334,334;5338,334;5342,332;5347,310;5351,324;5356,322;5360,322;5364,320;5369,320;5373,324;5377,338;5382,324;5386,336;5390,322;5395,334;5399,326;5403,312;5408,324;5412,324;5417,336;5421,314;5425,328;5430,326;5434,340;5438,326;5443,338;5447,314;5451,316;5456,328;5460,314;5464,342;5469,326;5473,318;5477,318;5482,330;5486,316;5491,330;5495,322;5499,320;5504,334;5508,320;5512,332;5517,318;5521,324;5525,324;5530,338;5534,336;5538,336;5543,320;5547,312;5551,326;5556,312;5560,326;5565,324;5569,322;5573,314;5578,330;5582,314;5586,328;5591,312;5595,318;5599,332;5604,316;5608,344;5612,328;5617,328;5621,320;5625,334;5630,318;5634,332;5639,316;5643,322;5647,322;5652,320;5656,334;5660,334;5665,320;5669,324;5673,338;5678,322;5682,336;5686,322;5691,336;5695,326;5699,326;5704,326;5708,326;5713,324;5717,316;5721,330;5726,328;5730,328;5734,328;5739,328;5743,332;5747,318;5752,332;5756,332;5760,330;5765,316;5769,336;5773,320;5778,334;5782,318;5787,332;5791,324;5795,324;5800,336;5804,322;5808,322;5813,320;5817,340;5821,324;5826,338;5830,324;5834,324;5839,322;5843,314;5847,340;5852,324;5856,324;5861,310;5865,330;5869,314;5874,312;5878,312;5882,310;5887,310;5891,286;5895,300;5900,284;5904,298;5908,284;5913,302;5917,302;5922,302;5926,300;5930,314;5935,298;5939,290;5943,290;5948,274;5952,302;5956,286;5961,300;5965,306;5969,306;5974,304;5978,304;5982,302;5987,282;5991,294;5996,280;6000,292;6004,290;6009,290;6013,296;6017,310;6022,296;6026,310;6030,294;6035,286;6039,286;6043,284;6048,298;6052,284;6056,296;6061,302;6065,302;6070,300;6074,300;6078,300;6083,314;6087,292;6091,292;6096,304;6100,290;6104,302;6109,302;6113,294;6117,294;6122,308;6126,306;6130,306;6135,298;6139,282;6144,296;6148,280;6152,292;6157,278;6161,312;6165,298;6170,312;6174,296;6178,296;6183,280;6187,300;6191,300;6196,300;6200,298;6205,284;6209,304;6213,290;6218,286;6222,288;6226,300;6231,286;6235,278;6239,264;6244,262;6248,262;6252,260;6257,266;6261,266;6265,236;6270,278;6274,278;6279,276;6283,254;6287,266;6292,252;6296,252;6300,236;6305,278;6309,270;6313,270;6318,254;6322,240;6326,282;6331,260;6335,272;6339,244;6344,256;6348,242;6353,270;6357,274;6361,274;6366,260;6370,244;6374,272;6379,286;6383,264;6387,262;6392,260;6396,274;6400,274;6405,266;6409,222;6413,264;6418,278;6422,278;6427,262;6431,254;6435,254;6440,254;6444,252;6448,252;6453,266;6457,274;6461,272;6466,258;6470,270;6474,270;6479,276;6483,248;6487,260;6492,246;6496,258;6501,260;6505,236;6509,250;6514,262;6518,262;6522,246;6527,268;6531,252;6535,266;6540,264;6544,264;6548,262;6553,256;6557,268;6562,254;6566,266;6570,280;6575,266;6579,270;6583,256;6588,270;6592,270;6596,254;\r\nBuffer sent in 0.973 secondsreturn;buffer;965\r\nreceived from UR: measure -> measure (0,1)\r\nSTEPPER: Moving to mstep: 6600 with speed [msteps/sec]: 1000 in StealthChop.\r\n'), 13:21:07
bytearray(b'STEPPER: Moving to mstep: 2400 with speed [msteps/sec]: 4000 in SpreadCycle.\r\n'), 13:21:11
bytearray(b'STEPPER: Moved 4200.00 msteps (ramp: 35%) in 1324.888 ms -> average speed [msteps/sec]: 3170.08\r\nreturn;measure;965\r\n'), 13:21:13
bytearray(b'received from UR: buffer -> buffer (0,1)\r\nSending buffer of size 965data;2400,304;2404,444;2408,168;2413,268;2417,326;2421,318;2426,332;2430,330;2434,344;2439,316;2443,322;2447,322;2452,322;2456,322;2460,320;2465,320;2469,326;2474,326;2478,324;2482,338;2487,324;2491,316;2495,314;2500,314;2504,328;2508,328;2513,326;2517,318;2521,332;2526,318;2530,330;2534,330;2539,330;2543,336;2548,322;2552,320;2556,320;2561,334;2565,326;2569,326;2574,324;2578,338;2582,324;2587,338;2591,330;2595,314;2600,328;2604,312;2608,326;2613,326;2617,334;2622,330;2626,344;2630,330;2635,330;2639,320;2643,320;2648,320;2652,318;2656,318;2661,316;2665,338;2669,322;2674,336;2678,322;2682,322;2687,320;2691,312;2696,326;2700,324;2704,324;2709,324;2713,330;2717,328;2722,330;2726,328;2730,342;2735,326;2739,318;2743,332;2748,318;2752,330;2756,316;2761,330;2765,336;2770,336;2774,320;2778,332;2783,320;2787,326;2791,326;2796,312;2800,324;2804,310;2809,324;2813,330;2817,344;2822,328;2826,342;2830,326;2835,340;2839,332;2844,332;2848,330;2852,316;2857,330;2861,322;2865,336;2870,320;2874,334;2878,318;2883,332;2887,324;2891,324;2896,322;2900,322;2904,322;2909,320;2913,340;2918,326;2922,326;2926,324;2931,338;2935,330;2939,314;2944,314;2948,312;2952,340;2957,326;2961,332;2965,316;2970,330;2974,328;2979,328;2983,326;2987,320;2992,334;2996,334;3000,332;3005,316;3009,336;3013,320;3018,336;3022,320;3026,334;3031,318;3035,326;3039,324;3044,322;3048,324;3053,322;3057,322;3061,314;3066,328;3070,326;3074,326;3079,324;3083,330;3087,316;3092,316;3096,314;3100,314;3105,328;3109,320;3113,332;3118,318;3122,332;3127,318;3131,324;3135,322;3140,322;3144,336;3148,306;3153,320;3157,326;3161,340;3166,324;3170,338;3174,324;3179,338;3183,342;3188,328;3192,328;3196,312;3201,326;3205,318;3209,346;3214,316;3218,330;3222,316;3227,344;3231,334;3235,334;3240,332;3244,318;3248,332;3253,330;3257,338;3262,322;3266,336;3270,320;3275,334;3279,326;3283,326;3288,324;3292,324;3296,324;3301,324;3305,330;3309,328;3314,328;3318,326;3322,342;3327,326;3331,318;3336,332;3340,304;3344,318;3349,316;3353,330;3357,336;3362,336;3366,322;3370,336;3375,320;3379,324;3383,326;3388,312;3392,326;3396,310;3401,324;3405,330;3410,344;3414,330;3418,344;3423,328;3427,306;3431,320;3436,320;3440,334;3444,320;3449,332;3453,324;3457,338;3462,324;3466,324;3470,324;3475,338;3479,330;3484,314;3488,314;3492,314;3497,328;3501,320;3505,332;3510,318;3514,332;3518,318;3523,332;3527,324;3531,310;3536,322;3540,322;3544,336;3549,322;3553,328;3558,314;3562,342;3566,326;3571,326;3575,332;3579,304;3584,318;3588,318;3592,330;3597,316;3601,336;3605,322;3610,336;3614,320;3618,348;3623,320;3627,324;3632,324;3636,324;3640,322;3645,322;3649,342;3653,314;3658,342;3662,326;3666,326;3671,324;3675,330;3679,330;3684,316;3688,314;3693,314;3697,340;3701,318;3706,332;3710,318;3714,330;3719,330;3723,308;3727,322;3732,308;3736,336;3740,320;3745,334;3749,326;3753,326;3758,324;3762,326;3767,326;3771,318;3775,330;3780,316;3784,316;3788,314;3793,342;3797,320;3801,336;3806,320;3810,334;3814,320;3819,334;3823,326;3827,324;3832,324;3836,324;3841,324;3845,316;3849,330;3854,328;3858,328;3862,328;3867,328;3871,320;3875,318;3880,332;3884,332;3888,332;3893,316;3897,324;3901,322;3906,336;3910,320;3915,334;3919,320;3923,326;3928,324;3932,310;3936,336;3941,308;3945,328;3949,328;3954,342;3958,326;3962,340;3967,324;3971,316;3975,330;3980,330;3984,328;3989,314;3993,328;3997,318;4002,346;4006,318;4010,332;4015,316;4019,322;4023,322;4028,320;4032,320;4036,320;4041,334;4045,324;4050,338;4054,322;4058,338;4063,322;4067,314;4071,326;4076,312;4080,340;4084,326;4089,324;4093,316;4097,330;4102,328;4106,328;4110,326;4115,328;4119,332;4124,318;4128,332;4132,330;4137,330;4141,320;4145,334;4150,318;4154,334;4158,320;4163,332;4167,324;4171,322;4176,336;4180,320;4184,332;4189,306;4193,338;4198,324;4202,338;4206,324;4211,336;4215,314;4219,312;4224,340;4228,326;4232,324;4237,324;4241,330;4245,328;4250,328;4254,326;4258,340;4263,326;4267,318;4272,330;4276,316;4280,316;4285,328;4289,334;4293,320;4298,332;4302,318;4306,330;4311,330;4315,322;4319,320;4324,306;4328,334;4333,318;4337,332;4341,324;4346,338;4350,322;4354,336;4359,320;4363,310;4367,326;4372,312;4376,338;4380,324;4385,338;4389,316;4393,342;4398,326;4402,340;4407,324;4411,318;4415,330;4420,316;4424,328;4428,312;4433,312;4437,332;4441,346;4446,330;4450,344;4454,330;4459,342;4463,334;4467,334;4472,332;4476,318;4481,332;4485,330;4489,324;4494,322;4498,334;4502,320;4507,334;4511,324;4515,324;4520,322;4524,308;4528,320;4533,306;4537,340;4541,326;4546,338;4550,324;4555,336;4559,314;4563,314;4568,340;4572,326;4576,326;4581,312;4585,330;4589,316;4594,342;4598,314;4602,326;4607,326;4611,318;4615,330;4620,316;4624,316;4629,314;4633,314;4637,334;4642,334;4646,332;4650,332;4655,330;4659,308;4663,336;4668,336;4672,334;4676,320;4681,332;4685,324;4689,338;4694,324;4698,324;4703,322;4707,334;4711,328;4716,312;4720,326;4724,312;4729,338;4733,330;4737,330;4742,330;4746,328;4750,328;4755,340;4759,332;4763,318;4768,330;4772,316;4777,328;4781,320;4785,334;4790,332;4794,346;4798,332;4803,332;4807,336;4811,322;4816,334;4820,320;4824,334;4829,320;4833,340;4837,324;4842,338;4846,322;4851,336;4855,328;4859,326;4864,326;4868,326;4872,324;4877,324;4881,330;4885,328;4890,328;4894,314;4898,340;4903,326;4907,316;4912,330;4916,330;4920,326;4925,314;4929,334;4933,318;4938,332;4942,318;4946,330;4951,328;4955,322;4959,334;4964,318;4968,318;4972,318;4977,330;4981,322;4986,336;4990,320;4994,334;4999,320;5003,326;5007,326;5012,324;5016,324;5020,322;5025,322;5029,328;5033,328;5038,328;5042,340;5046,312;5051,340;5055,332;5060,316;5064,330;5068,314;5073,314;5077,334;5081,334;5086,332;5090,332;5094,330;5099,330;5103,336;5107,322;5112,334;5116,318;5120,318;5125,316;5129,338;5134,322;5138,336;5142,320;5147,334;5151,340;5155,324;5160,338;5164,322;5168,336;5173,308;5177,342;5181,312;5186,326;5190,324;5194,338;5199,324;5203,314;5208,314;5212,312;5216,326;5221,326;5225,324;5229,330;5234,344;5238,328;5242,342;5247,314;5251,334;5255,332;5260,318;5264,330;5268,330;5273,330;5277,322;5282,336;5286,320;5290,334;5295,318;5299,324;5303,324;5308,322;5312,322;5316,320;5321,334;5325,326;5329,326;5334,324;5338,338;5342,322;5347,336;5351,342;5356,326;5360,326;5364,312;5369,324;5373,316;5377,330;5382,314;5386,328;5390,328;5395,340;5399,318;5403,318;5408,332;5412,316;5416,318;5421,316;5425,336;5430,320;5434,334;5438,318;5443,332;5447,324;5451,324;5456,324;5460,322;5464,322;5469,306;5473,326;5477,326;5482,340;5486,324;5491,324;5495,324;5499,330;5504,328;5508,314;5512,328;5517,312;5521,332;5525,318;5530,332;5534,318;5538,330;5543,330;5547,308;5552,320;5556,306;5560,334;5565,318;5569,326;5573,324;5578,336;5582,322;5586,336;5591,322;5595,314;5599,342;5604,326;5608,326;5612,312;5617,324;5621,316;5626,344;5630,316;5634,330;5639,328;5643,306;5647,318;5652,320;5656,332;5660,318;5665,316;5669,322;5673,336;5678,320;5682,320;5686,320;5691,330;5695,324;5700,324;5704,324;5708,322;5713,336;5717,326;5721,328;5726,326;5730,326;5734,324;5739,326;5743,330;5747,316;5752,316;5756,316;5760,330;5765,328;5769,334;5774,320;5778,334;5782,318;5787,334;5791,324;5795,310;5800,324;5804,322;5808,322;5813,322;5817,330;5821,328;5826,328;5830,326;5834,340;5839,324;5843,318;5848,330;5852,316;5856,328;5861,314;5865,320;5869,306;5874,318;5878,304;5882,302;5887,302;5891,294;5895,294;5900,292;5904,290;5908,290;5913,296;5917,296;5922,308;5926,294;5930,294;5935,294;5939,286;5943,312;5948,298;5952,298;5956,298;5961,298;5965,302;5969,316;5974,302;5978,302;5982,300;5987,292;5991,306;5996,290;6000,290;6004,290;6009,288;6013,294;6017,294;6022,294;6026,306;6030,306;6035,306;6039,298;6043,296;6048,296;6052,296;6057,294;6061,300;6065,300;6070,300;6074,298;6078,298;6083,310;6087,288;6091,302;6096,300;6100,300;6104,298;6109,284;6113,304;6117,302;6122,302;6126,300;6131,314;6135,306;6139,304;6144,302;6148,288;6152,300;6157,286;6161,306;6165,304;6170,304;6174,290;6178,316;6183,300;6187,294;6192,306;6196,290;6200,302;6205,288;6209,310;6213,308;6218,308;6222,292;6226,306;6231,290;6235,268;6239,266;6244,266;6248,264;6252,264;6257,256;6261,270;6266,268;6270,268;6274,266;6279,264;6283,272;6287,270;6292,268;6296,268;6300,252;6305,246;6309,272;6313,270;6318,270;6322,268;6326,268;6331,274;6335,272;6340,258;6344,270;6348,256;6353,254;6357,274;6361,274;6366,272;6370,272;6374,256;6379,276;6383,274;6387,260;6392,272;6396,256;6400,256;6405,276;6409,274;6414,274;6418,272;6422,258;6427,214;6431,276;6435,276;6440,260;6444,274;6448,272;6453,264;6457,220;6461,262;6466,262;6470,274;6474,246;6479,266;6483,278;6488,278;6492,276;6496,262;6501,276;6505,268;6509,280;6514,252;6518,264;6522,250;6527,270;6531,268;6535,268;6540,268;6544,266;6549,266;6553,284;6557,284;6562,270;6566,268;6570,254;6575,268;6579,260;6583,272;6588,242;6592,256;6596,256;\r\nBuffer sent in 0.973 secondsreturn;buffer;965\r\nreceived from UR: measure -> measure (0,1)\r\nSTEPPER: Moving to mstep: 6600 with speed [msteps/sec]: 1000 in StealthChop.\r\n'), 13:21:16
bytearray(b'STEPPER: Moving to mstep: 2400 with speed [msteps/sec]: 4000 in SpreadCycle.\r\n'), 13:21:20
bytearray(b'STEPPER: Moved 4200.00 msteps (ramp: 35%) in 1324.884 ms -> average speed [msteps/sec]: 3170.09\r\nreturn;measure;965\r\n'), 13:21:22
bytearray(b'received from UR: buffer -> buffer (0,1)\r\nSending buffer of size 965data;2400,300;2404,452;2408,162;2413,276;2417,318;2421,324;2426,338;2430,322;2434,334;2439,320;2443,312;2447,324;2452,324;2456,324;2460,322;2465,322;2469,326;2474,340;2478,326;2482,324;2487,324;2491,328;2495,328;2500,312;2504,312;2508,310;2513,338;2517,316;2521,328;2526,328;2530,328;2534,326;2539,338;2543,330;2548,316;2552,328;2556,328;2561,326;2565,318;2569,330;2574,330;2578,330;2582,328;2587,340;2591,332;2595,318;2600,318;2604,316;2608,342;2613,328;2617,334;2622,318;2626,332;2630,316;2635,330;2639,322;2643,320;2648,334;2652,320;2656,320;2661,332;2665,324;2669,322;2674,336;2678,322;2682,334;2687,320;2691,310;2696,324;2700,322;2704,322;2709,322;2713,342;2717,326;2722,340;2726,324;2730,324;2735,336;2739,314;2743,328;2748,312;2752,324;2756,310;2761,338;2765,328;2770,328;2774,326;2778,340;2783,324;2787,316;2791,330;2796,316;2800,328;2804,314;2809,326;2813,318;2817,332;2822,330;2826,344;2830,328;2835,342;2839,318;2844,304;2848,318;2852,318;2857,330;2861,324;2865,336;2870,334;2874,334;2878,316;2883,332;2887,324;2891,322;2896,322;2900,322;2905,334;2909,320;2913,340;2918,324;2922,324;2926,324;2931,336;2935,328;2939,314;2944,328;2948,312;2952,326;2957,326;2961,332;2965,332;2970,332;2974,330;2979,330;2983,314;2987,320;2992,334;2996,318;3000,332;3005,318;3009,338;3013,324;3018,336;3022,322;3026,336;3031,320;3035,312;3039,326;3044,310;3048,338;3053,324;3057,330;3061,314;3066,328;3070,326;3074,326;3079,326;3083,332;3087,330;3092,314;3096,328;3100,314;3105,314;3109,334;3114,334;3118,332;3122,332;3127,330;3131,308;3135,336;3140,322;3144,334;3148,320;3153,322;3157,324;3161,338;3166,322;3170,336;3174,322;3179,334;3183,326;3188,326;3192,324;3196,324;3201,324;3205,328;3209,342;3214,326;3218,340;3222,324;3227,338;3231,330;3235,328;3240,328;3244,314;3248,326;3253,310;3257,330;3262,330;3266,344;3270,328;3275,328;3279,320;3283,332;3288,330;3292,316;3296,316;3301,314;3305,332;3309,318;3314,332;3318,318;3322,330;3327,328;3331,320;3336,334;3340,318;3344,332;3349,316;3353,336;3357,322;3362,334;3366,318;3370,332;3375,316;3379,322;3383,334;3388,320;3392,320;3396,318;3401,318;3405,324;3410,338;3414,322;3418,336;3423,320;3427,326;3431,326;3436,324;3440,324;3444,322;3449,322;3453,328;3457,328;3462,326;3466,324;3470,324;3475,336;3479,314;3484,314;3488,326;3492,326;3497,324;3501,330;3505,330;3510,314;3514,328;3518,326;3523,326;3527,332;3531,318;3536,330;3540,314;3544,328;3549,312;3553,334;3558,318;3562,332;3566,316;3571,330;3575,334;3579,320;3584,320;3588,304;3592,318;3597,316;3601,338;3605,322;3610,334;3614,320;3619,334;3623,318;3627,322;3632,322;3636,320;3640,334;3645,320;3649,338;3653,324;3658,338;3662,322;3666,336;3671,320;3675,326;3679,326;3684,324;3688,324;3693,324;3697,322;3701,328;3706,328;3710,326;3714,340;3719,324;3723,316;3727,328;3732,328;3736,328;3740,312;3745,324;3749,330;3753,330;3758,328;3762,328;3767,324;3771,338;3775,330;3780,314;3784,328;3788,312;3793,340;3797,316;3801,330;3806,316;3810,330;3814,312;3819,340;3823,330;3827,316;3832,328;3836,328;3841,326;3845,318;3849,332;3854,316;3858,330;3862,314;3867,330;3871,322;3875,320;3880,334;3884,318;3888,332;3893,318;3897,338;3901,322;3906,336;3910,322;3915,336;3919,328;3923,312;3928,326;3932,310;3936,338;3941,322;3945,328;3949,328;3954,328;3958,326;3962,340;3967,324;3971,316;3975,330;3980,314;3984,328;3989,314;3993,326;3997,332;4002,346;4006,330;4010,344;4015,314;4019,320;4023,332;4028,318;4032,332;4036,332;4041,330;4045,322;4049,336;4054,320;4058,334;4063,318;4067,322;4071,324;4076,322;4080,320;4084,320;4089,318;4093,324;4097,324;4102,322;4106,336;4110,320;4115,334;4119,326;4124,324;4128,324;4132,322;4137,322;4141,326;4145,340;4150,324;4154,324;4158,324;4163,324;4167,328;4171,314;4176,314;4180,312;4184,324;4189,324;4193,344;4198,328;4202,342;4206,326;4211,340;4215,332;4219,316;4224,330;4228,316;4232,328;4237,314;4241,334;4245,318;4250,332;4254,332;4258,332;4263,330;4267,322;4272,320;4276,306;4280,332;4285,318;4289,338;4293,322;4298,322;4302,322;4306,336;4311,320;4315,326;4319,326;4324,310;4328,324;4333,308;4337,336;4341,328;4346,326;4350,326;4354,338;4359,324;4363,330;4367,328;4372,314;4376,326;4380,312;4385,324;4389,330;4393,344;4398,328;4402,342;4407,326;4411,318;4415,332;4420,330;4424,330;4428,314;4433,328;4437,320;4441,332;4446,318;4450,330;4454,330;4459,328;4463,320;4467,320;4472,332;4476,318;4481,330;4485,330;4489,336;4494,320;4498,334;4502,318;4507,332;4511,324;4515,322;4520,322;4524,322;4528,320;4533,306;4537,340;4541,324;4546,324;4550,322;4555,336;4559,336;4563,312;4568,326;4572,310;4576,324;4581,324;4585,344;4589,328;4594,342;4598,326;4602,340;4607,324;4611,316;4615,330;4620,316;4624,328;4629,312;4633,324;4637,318;4642,330;4646,316;4650,328;4655,328;4659,320;4663,332;4668,332;4672,330;4676,316;4681,330;4685,334;4689,334;4694,334;4698,332;4703,318;4707,322;4711,322;4716,320;4720,334;4724,320;4729,332;4733,324;4737,324;4742,322;4746,336;4750,320;4755,334;4759,324;4764,310;4768,336;4772,322;4777,336;4781,326;4785,340;4790,324;4794,338;4798,322;4803,336;4807,328;4811,312;4816,326;4820,310;4824,338;4829,324;4833,330;4838,328;4842,340;4846,324;4851,338;4855,330;4859,316;4864,328;4868,312;4872,312;4877,310;4881,330;4885,330;4890,330;4894,328;4898,328;4903,326;4907,332;4912,332;4916,316;4920,330;4925,328;4929,336;4933,334;4938,334;4942,318;4946,332;4951,316;4955,322;4959,336;4964,320;4968,332;4972,318;4977,332;4981,322;4986,336;4990,320;4994,334;4999,320;5003,310;5007,324;5012,308;5016,322;5020,320;5025,334;5029,324;5033,338;5038,322;5042,336;5046,320;5051,334;5055,324;5060,324;5064,322;5068,306;5073,320;5077,326;5081,340;5086,324;5090,338;5094,322;5099,334;5103,314;5107,326;5112,324;5116,324;5120,324;5125,308;5129,328;5134,326;5138,326;5142,326;5147,338;5151,330;5155,314;5160,314;5164,314;5168,340;5173,326;5177,332;5181,318;5186,332;5190,330;5194,344;5199,328;5203,306;5208,334;5212,318;5216,330;5221,316;5225,336;5229,320;5234,334;5238,318;5242,332;5247,318;5251,324;5255,322;5260,322;5264,320;5268,320;5273,334;5277,324;5282,324;5286,322;5290,336;5295,322;5299,314;5303,326;5308,326;5312,324;5316,324;5321,322;5325,328;5329,328;5334,326;5338,326;5343,326;5347,318;5351,330;5356,316;5360,330;5364,314;5369,328;5373,320;5377,334;5382,318;5386,332;5390,316;5395,330;5399,322;5403,308;5408,320;5412,306;5417,334;5421,334;5425,326;5430,324;5434,338;5438,322;5443,336;5447,328;5451,326;5456,326;5460,312;5464,324;5469,310;5473,344;5478,328;5482,328;5486,326;5491,326;5495,318;5499,318;5504,330;5508,330;5512,328;5517,314;5521,332;5525,318;5530,330;5534,330;5538,328;5543,328;5547,318;5552,318;5556,318;5560,332;5565,330;5569,330;5573,320;5578,334;5582,318;5586,332;5591,318;5595,324;5599,322;5604,306;5608,320;5612,306;5617,332;5621,326;5626,340;5630,324;5634,338;5639,322;5643,330;5647,328;5652,314;5656,328;5660,312;5665,326;5669,332;5673,332;5678,330;5682,332;5686,330;5691,330;5695,336;5700,334;5704,334;5708,318;5713,332;5717,324;5721,324;5726,324;5730,338;5734,322;5739,336;5743,328;5747,312;5752,340;5756,326;5760,326;5765,310;5769,330;5774,330;5778,330;5782,314;5787,330;5791,332;5795,318;5800,332;5804,318;5808,330;5813,318;5817,336;5821,320;5826,334;5830,320;5834,332;5839,318;5843,324;5848,322;5852,322;5856,320;5861,320;5865,324;5869,310;5874,308;5878,308;5882,306;5887,306;5891,298;5895,296;5900,296;5904,280;5908,280;5913,300;5917,284;5922,298;5926,296;5930,298;5935,310;5939,288;5943,300;5948,286;5952,284;5956,282;5961,296;5965,302;5969,302;5974,300;5978,300;5982,298;5987,290;5991,290;5996,290;6000,288;6004,288;6009,286;6013,306;6017,320;6022,304;6026,318;6030,302;6035,294;6039,292;6043,292;6048,292;6052,290;6057,290;6061,296;6065,308;6070,294;6074,306;6078,304;6083,292;6087,296;6091,296;6096,294;6100,308;6104,292;6109,298;6113,298;6117,282;6122,296;6126,294;6131,308;6135,312;6139,298;6144,298;6148,296;6152,296;6157,294;6161,300;6165,300;6170,300;6174,298;6178,312;6183,302;6187,302;6191,300;6196,300;6200,298;6205,282;6209,304;6213,302;6218,300;6222,300;6226,300;6231,298;6235,274;6239,260;6244,258;6248,272;6252,270;6257,276;6261,260;6266,230;6270,272;6274,272;6279,284;6283,248;6287,260;6292,244;6296,272;6300,272;6305,264;6309,262;6313,220;6318,274;6322,274;6326,274;6331,250;6335,264;6340,248;6344,276;6348,262;6353,274;6357,266;6361,236;6366,264;6370,278;6374,276;6379,254;6383,252;6387,252;6392,266;6396,264;6400,278;6405,254;6409,226;6414,266;6418,280;6422,266;6427,242;6431,270;6435,270;6440,268;6444,268;6448,266;6453,272;6457,272;6461,270;6466,270;6470,268;6475,240;6479,274;6483,260;6488,272;6492,258;6496,256;6501,262;6505,262;6509,260;6514,244;6518,258;6522,258;6527,248;6531,262;6535,274;6540,260;6544,258;6549,272;6553,276;6557,278;6562,276;6566,274;6570,274;6575,252;6579,238;6583,264;6588,264;6592,262;6596,262;\r\nBuffer sent in 0.973 secondsreturn;buffer;965\r\nreceived from UR: measure -> measure (0,1)\r\nSTEPPER: Moving to mstep: 6600 with speed [msteps/sec]: 1000 in StealthChop.\r\n'), 13:21:25
bytearray(b'STEPPER: Moving to mstep: 2400 with speed [msteps/sec]: 4000 in SpreadCycle.\r\n'), 13:21:29
bytearray(b'STEPPER: Moved 4200.00 msteps (ramp: 35%) in 1324.888 ms -> average speed [msteps/sec]: 3170.08\r\nreturn;measure;965\r\n'), 13:21:31
bytearray(b'received from UR: buffer -> buffer (0,1)\r\nSending buffer of size 965data;2400,294;2404,448;2408,160;2413,272;2417,314;2421,320;2426,334;2430,318;2434,346;2439,330;2443,322;2447,320;2452,306;2456,332;2460,318;2465,332;2469,322;2474,322;2478,320;2482,334;2487,318;2491,326;2495,324;2500,322;2504,336;2508,320;2513,334;2517,326;2521,326;2526,322;2530,336;2534,322;2539,336;2543,326;2548,312;2552,326;2556,310;2561,324;2565,328;2569,328;2574,314;2578,342;2582,326;2587,340;2591,330;2595,316;2600,328;2604,314;2608,326;2613,312;2617,332;2622,316;2626,330;2630,330;2635,342;2639,334;2643,318;2648,332;2652,332;2656,330;2661,316;2665,334;2669,320;2674,334;2678,318;2682,332;2687,316;2691,320;2696,334;2700,318;2704,332;2709,316;2713,336;2717,334;2722,334;2726,332;2730,332;2735,316;2739,322;2743,334;2748,320;2752,332;2756,318;2761,330;2765,322;2770,336;2774,320;2778,334;2783,318;2787,324;2791,338;2796,322;2800,334;2804,320;2809,334;2813,324;2817,338;2822,322;2826,336;2830,320;2835,334;2839,340;2844,324;2848,324;2852,308;2857,322;2861,326;2865,340;2870,326;2874,340;2878,324;2883,338;2887,330;2891,316;2896,328;2900,326;2905,326;2909,318;2913,330;2918,316;2922,328;2926,328;2931,326;2935,332;2939,318;2944,330;2948,314;2952,314;2957,312;2961,332;2965,318;2970,332;2974,316;2979,330;2983,314;2987,320;2992,334;2996,332;3000,332;3005,316;3009,336;3013,322;3018,334;3022,320;3026,332;3031,318;3035,322;3039,322;3044,322;3048,334;3053,320;3057,326;3061,324;3066,324;3070,322;3074,336;3079,322;3083,312;3087,326;3092,312;3096,340;3100,324;3105,322;3109,314;3113,328;3118,326;3122,328;3127,326;3131,304;3135,330;3140,316;3144,344;3148,328;3153,328;3157,318;3161,332;3166,318;3170,330;3174,316;3179,328;3183,334;3187,318;3192,332;3196,332;3201,330;3205,320;3209,334;3214,320;3218,334;3222,318;3227,332;3231,322;3235,322;3240,334;3244,320;3248,318;3253,318;3257,338;3261,322;3266,336;3270,322;3275,320;3279,326;3283,324;3288,338;3292,336;3296,322;3301,322;3305,328;3309,326;3314,326;3318,324;3322,324;3327,322;3331,314;3335,328;3340,314;3344,326;3349,312;3353,324;3357,330;3362,330;3366,328;3370,328;3375,314;3379,318;3383,334;3388,332;3392,330;3396,316;3401,330;3405,320;3409,334;3414,320;3418,334;3423,318;3427,324;3431,324;3436,320;3440,320;3444,306;3449,322;3453,324;3457,338;3462,324;3466,336;3470,322;3475,334;3479,326;3484,326;3488,326;3492,310;3497,324;3501,314;3505,328;3510,326;3514,340;3518,324;3523,324;3527,330;3531,314;3536,328;3540,312;3544,326;3549,318;3553,332;3558,330;3562,330;3566,328;3571,342;3575,332;3579,318;3584,346;3588,330;3592,330;3597,314;3601,334;3605,318;3610,332;3614,318;3619,344;3623,314;3627,320;3632,334;3636,318;3640,332;3645,316;3649,336;3653,320;3658,334;3662,320;3666,332;3671,316;3675,322;3679,334;3684,320;3688,332;3693,318;3697,330;3701,322;3706,334;3710,320;3714,332;3719,332;3723,310;3727,322;3732,308;3736,320;3740,318;3745,318;3749,324;3753,336;3758,336;3762,334;3767,320;3771,312;3775,324;3780,322;3784,336;3788,320;3793,318;3797,324;3801,338;3806,322;3810,336;3814,320;3819,334;3823,326;3827,324;3832,336;3836,324;3841,322;3845,314;3849,342;3854,326;3858,326;3862,312;3867,324;3871,330;3875,314;3880,328;3884,312;3888,326;3893,310;3897,330;3901,328;3906,328;3910,326;3915,326;3919,324;3923,314;3928,328;3932,326;3936,340;3941,310;3945,330;3949,328;3954,342;3958,326;3962,340;3967,324;3971,316;3975,342;3980,314;3984,328;3989,312;3993,326;3997,316;4002,330;4006,328;4010,342;4015,312;4019,318;4023,330;4028,314;4032,328;4036,328;4041,326;4045,314;4050,332;4054,328;4058,342;4063,312;4067,332;4071,330;4076,316;4080,328;4084,328;4089,328;4093,318;4097,332;4102,316;4106,330;4110,328;4115,328;4119,320;4124,318;4128,332;4132,316;4137,330;4141,322;4145,334;4150,320;4154,332;4158,318;4163,330;4167,322;4171,320;4176,332;4180,318;4184,330;4189,316;4193,336;4198,320;4202,334;4206,318;4211,346;4215,324;4219,310;4224,322;4228,308;4232,334;4237,320;4241,326;4245,310;4250,324;4254,322;4258,336;4263,322;4267,326;4272,326;4276,312;4280,324;4285,324;4289,330;4293,328;4298,328;4302,328;4306,328;4311,326;4315,318;4319,330;4324,316;4328,316;4332,314;4337,328;4341,320;4346,334;4350,320;4354,332;4359,316;4363,310;4367,322;4372,320;4376,334;4380,320;4385,332;4389,324;4393,338;4398,322;4402,336;4406,322;4411,312;4415,326;4420,312;4424,324;4428,324;4433,338;4437,314;4441,328;4446,326;4450,340;4454,326;4459,340;4463,330;4467,316;4472,328;4476,314;4480,328;4485,328;4489,332;4494,332;4498,330;4502,316;4507,328;4511,334;4515,334;4520,318;4524,318;4528,330;4533,316;4537,336;4541,322;4546,334;4550,320;4554,332;4559,332;4563,310;4568,324;4572,308;4576,336;4581,320;4585,328;4589,312;4594,326;4598,324;4602,336;4607,322;4611,328;4615,328;4620,312;4624,326;4629,324;4633,338;4637,316;4642,330;4646,316;4650,330;4655,314;4659,334;4663,320;4668,318;4672,330;4676,330;4681,330;4685,320;4689,320;4694,320;4698,332;4703,318;4707,324;4711,322;4716,320;4720,334;4724,318;4729,332;4733,324;4737,336;4742,320;4746,334;4750,318;4755,332;4759,324;4763,322;4768,336;4772,320;4777,334;4781,324;4785,338;4790,322;4794,336;4798,320;4803,334;4807,338;4811,310;4816,334;4820,322;4824,334;4829,320;4833,340;4838,324;4842,338;4846,322;4851,336;4855,326;4859,326;4864,340;4868,324;4872,322;4877,322;4881,328;4885,326;4890,340;4894,326;4898,326;4903,322;4907,316;4912,328;4916,314;4920,326;4925,312;4929,330;4933,316;4938,330;4942,314;4946,328;4951,326;4955,318;4959,330;4964,316;4968,330;4972,314;4977,328;4981,318;4986,332;4990,330;4994,330;4999,316;5003,320;5007,334;5012,334;5016,330;5020,316;5025,330;5029,322;5033,336;5038,320;5042,332;5046,318;5051,332;5055,338;5060,322;5064,322;5068,320;5073,334;5077,326;5081,324;5086,324;5090,322;5094,320;5099,334;5103,340;5107,326;5112,324;5116,310;5120,322;5125,322;5129,328;5134,326;5138,326;5142,324;5147,324;5151,330;5155,314;5160,328;5164,314;5168,326;5173,312;5177,332;5181,316;5186,330;5190,314;5194,342;5199,314;5203,318;5208,332;5212,316;5216,330;5221,316;5225,336;5229,320;5234,334;5238,318;5242,332;5247,330;5251,322;5255,322;5260,308;5264,322;5268,320;5273,334;5277,326;5282,324;5286,324;5290,338;5295,322;5299,314;5303,326;5308,312;5312,326;5316,324;5321,338;5325,316;5329,328;5334,326;5338,326;5343,324;5347,324;5351,330;5356,314;5360,328;5364,312;5369,340;5373,316;5377,330;5382,316;5386,330;5390,326;5395,340;5399,318;5403,302;5408,330;5412,314;5417,330;5421,320;5425,334;5430,318;5434,330;5438,330;5443,328;5447,320;5451,320;5456,332;5460,316;5464,330;5469,330;5473,322;5477,318;5482,332;5486,318;5491,330;5495,322;5499,320;5504,320;5508,304;5512,318;5517,316;5521,336;5525,334;5530,334;5534,318;5538,332;5543,330;5547,320;5551,334;5556,318;5560,332;5565,316;5569,330;5573,320;5578,334;5582,318;5586,344;5591,330;5595,308;5599,322;5604,306;5608,334;5612,318;5617,332;5621,324;5625,338;5630,322;5634,336;5639,320;5643,312;5647,324;5652,310;5656,322;5660,320;5665,334;5669,326;5673,326;5678,324;5682,338;5686,322;5691,336;5695,326;5700,326;5704,326;5708,324;5713,324;5717,328;5721,328;5726,326;5730,340;5734,324;5739,338;5743,328;5747,314;5752,326;5756,312;5760,338;5765,310;5769,330;5774,314;5778,340;5782,326;5787,338;5791,330;5795,314;5800,326;5804,312;5808,340;5813,310;5817,330;5821,316;5826,328;5830,326;5834,326;5839,310;5843,316;5848,328;5852,314;5856,328;5861,312;5865,316;5869,316;5874,316;5878,300;5882,300;5887,298;5891,288;5895,288;5900,286;5904,300;5908,284;5913,304;5917,302;5922,288;5926,286;5930,300;5935,298;5939,290;5943,304;5948,288;5952,300;5956,286;5961,298;5965,304;5969,316;5974,302;5978,314;5983,300;5987,278;5991,304;5996,288;6000,302;6004,286;6009,300;6013,304;6017,306;6022,304;6026,302;6030,302;6035,286;6039,292;6043,290;6048,290;6052,288;6057,288;6061,306;6065,306;6070,304;6074,304;6078,302;6083,302;6087,292;6091,292;6096,290;6100,290;6104,288;6109,296;6113,294;6117,292;6122,292;6126,292;6131,304;6135,296;6139,294;6144,308;6148,292;6152,292;6157,290;6161,296;6165,294;6170,280;6174,292;6178,306;6183,296;6187,296;6191,308;6196,294;6200,292;6205,292;6209,312;6213,296;6218,280;6222,294;6226,308;6231,292;6235,284;6239,268;6244,268;6248,252;6252,252;6257,272;6261,272;6265,270;6270,270;6274,254;6279,282;6283,274;6287,272;6292,272;6296,256;6300,270;6305,268;6309,274;6313,274;6318,272;6322,258;6326,270;6331,262;6335,276;6340,274;6344,274;6348,244;6353,272;6357,264;6361,262;6366,274;6370,274;6374,272;6379,250;6383,264;6387,262;6392,262;6396,260;6400,244;6405,266;6409,264;6414,276;6418,276;6422,260;6427,260;6431,250;6435,278;6440,262;6444,262;6448,260;6453,266;6457,250;6461,278;6466,276;6470,262;6475,246;6479,266;6483,238;6488,266;6492,264;6496,262;6501,254;6505,226;6509,266;6514,280;6518,278;6522,276;6527,254;6531,238;6535,280;6540,266;6544,278;6549,234;6553,282;6557,268;6562,266;6566,252;6570,222;6575,264;6579,268;6583,266;6588,266;6592,280;6596,264;\r\nBuffer sent in 0.973 secondsreturn;buffer;965\r\nreceived from UR: measure -> measure (0,1)\r\nSTEPPER: Moving to mstep: 6600 with speed [msteps/sec]: 1000 in StealthChop.\r\n'), 13:21:34
bytearray(b'STEPPER: Moving to mstep: 2400 with speed [msteps/sec]: 4000 in SpreadCycle.\r\n'), 13:21:38
bytearray(b'STEPPER: Moved 4200.00 msteps (ramp: 35%) in 1324.888 ms -> average speed [msteps/sec]: 3170.08\r\nreturn;measure;965\r\n'), 13:21:40
bytearray(b'received from UR: buffer -> buffer (0,1)\r\nSending buffer of size 965data;2400,304;2404,452;2408,164;2413,264;2417,320;2421,326;2426,338;2430,324;2434,336;2439,322;2443,314;2447,326;2452,312;2456,324;2460,324;2465,336;2469,314;2474,326;2478,326;2482,340;2487,324;2491,316;2495,328;2500,314;2504,314;2508,326;2513,326;2517,318;2521,330;2526,330;2530,330;2534,328;2539,326;2543,332;2548,316;2552,330;2556,316;2561,328;2565,320;2569,334;2574,318;2578,332;2582,318;2587,330;2591,320;2595,322;2600,336;2604,320;2608,334;2613,318;2617,340;2622,324;2626,338;2630,322;2635,336;2639,328;2643,328;2648,326;2652,326;2656,324;2661,324;2665,330;2669,328;2674,328;2678,326;2682,326;2687,324;2691,318;2696,316;2700,316;2704,314;2709,314;2713,334;2717,332;2722,332;2726,316;2730,330;2735,328;2739,320;2743,334;2748,318;2752,332;2756,316;2761,330;2765,322;2770,334;2774,320;2778,332;2783,318;2787,310;2791,322;2796,306;2800,320;2804,318;2809,332;2813,324;2817,336;2822,322;2826,336;2830,320;2835,348;2839,324;2844,310;2848,324;2852,322;2857,322;2861,328;2865,328;2870,326;2874,340;2878,324;2883,338;2887,328;2891,314;2896,326;2900,326;2904,324;2909,324;2913,330;2918,314;2922,328;2926,326;2931,340;2935,332;2939,316;2944,328;2948,314;2952,328;2957,312;2961,332;2965,318;2970,330;2974,328;2979,330;2983,320;2987,318;2992,332;2996,316;3000,330;3005,314;3009,334;3013,320;3018,332;3022,318;3026,330;3031,316;3035,320;3039,320;3044,334;3048,332;3053,318;3057,318;3061,324;3066,336;3070,322;3074,322;3079,320;3083,326;3087,326;3092,310;3096,322;3100,322;3105,322;3109,326;3113,326;3118,326;3122,324;3127,324;3131,316;3135,342;3140,314;3144,328;3148,312;3153,326;3157,332;3161,346;3166,330;3170,342;3174,328;3179,340;3183,318;3187,318;3192,332;3196,316;3201,330;3205,320;3209,334;3214,320;3218,334;3222,318;3227,332;3231,324;3235,308;3240,322;3244,322;3248,322;3253,320;3257,340;3261,324;3266,338;3270,322;3275,336;3279,328;3283,326;3288,326;3292,326;3296,324;3301,324;3305,330;3309,314;3314,342;3318,326;3322,340;3327,326;3331,316;3335,330;3340,314;3344,328;3349,328;3353,342;3357,318;3362,330;3366,318;3370,330;3375,330;3379,320;3383,334;3388,320;3392,334;3396,318;3401,332;3405,322;3409,336;3414,322;3418,336;3423,320;3427,312;3431,326;3436,324;3440,324;3444,310;3449,322;3453,328;3457,328;3462,326;3466,340;3470,326;3475,326;3479,330;3484,316;3488,330;3492,314;3497,314;3501,320;3505,334;3510,318;3514,332;3518,318;3523,332;3527,338;3531,308;3536,322;3540,306;3544,320;3549,320;3553,326;3558,324;3562,336;3566,322;3571,336;3575,320;3579,312;3584,340;3588,310;3592,324;3597,322;3601,342;3605,312;3610,328;3614,312;3618,338;3623,324;3627,328;3632,328;3636,312;3640,326;3645,326;3649,332;3653,316;3658,330;3662,328;3666,342;3671,326;3675,318;3679,318;3684,316;3688,330;3692,328;3697,328;3701,318;3706,332;3710,330;3714,330;3719,330;3723,320;3727,334;3732,318;3736,318;3740,316;3745,316;3749,322;3753,334;3758,332;3762,332;3766,318;3771,310;3775,336;3780,320;3784,334;3788,318;3793,332;3797,324;3801,338;3806,322;3810,336;3814,320;3819,334;3823,324;3827,310;3832,324;3836,324;3840,322;3845,322;3849,342;3854,326;3858,340;3862,324;3867,324;3871,328;3875,328;3880,328;3884,326;3888,324;3893,312;3897,330;3901,328;3906,328;3910,328;3915,326;3919,324;3923,316;3928,330;3932,314;3936,328;3941,328;3945,332;3949,318;3954,330;3958,330;3962,344;3967,328;3971,304;3975,332;3980,332;3984,332;3989,316;3993,328;3997,320;4002,334;4006,318;4010,346;4015,318;4019,310;4023,322;4028,322;4032,334;4036,320;4041,320;4045,324;4049,338;4054,322;4058,336;4063,322;4067,312;4071,326;4076,326;4080,326;4084,324;4089,322;4093,328;4097,328;4102,326;4106,340;4110,324;4115,338;4119,330;4123,316;4128,328;4132,312;4137,326;4141,326;4145,332;4150,330;4154,330;4158,328;4163,328;4167,332;4171,318;4176,330;4180,316;4184,328;4189,314;4193,334;4198,318;4202,332;4206,316;4211,330;4215,334;4219,322;4224,334;4228,318;4232,318;4237,318;4241,338;4245,322;4250,336;4254,322;4258,334;4263,320;4267,312;4272,326;4276,310;4280,324;4285,324;4289,330;4293,314;4298,328;4302,326;4306,326;4311,324;4315,318;4319,330;4324,316;4328,328;4332,314;4337,326;4341,334;4346,330;4350,332;4354,330;4359,316;4363,322;4367,334;4372,306;4376,320;4380,304;4385,318;4389,322;4393,336;4398,322;4402,334;4406,318;4411,332;4415,324;4420,324;4424,322;4428,322;4433,322;4437,328;4441,340;4446,326;4450,340;4454,324;4459,338;4463,328;4467,314;4472,328;4476,314;4480,326;4485,326;4489,332;4494,330;4498,330;4502,330;4507,328;4511,320;4515,320;4520,318;4524,332;4528,332;4533,316;4537,324;4541,322;4546,336;4550,320;4554,334;4559,318;4563,324;4568,338;4572,322;4576,334;4581,308;4585,334;4589,326;4594,340;4598,326;4602,338;4607,324;4611,316;4615,328;4620,314;4624,326;4628,312;4633,326;4637,318;4642,330;4646,316;4650,330;4655,328;4659,320;4663,318;4668,318;4672,316;4676,316;4681,328;4685,320;4689,334;4694,318;4698,332;4703,330;4707,308;4711,322;4716,322;4720,332;4724,320;4729,332;4733,324;4737,324;4742,322;4746,324;4750,322;4755,334;4759,326;4763,326;4768,324;4772,310;4777,322;4781,328;4785,342;4790,326;4794,340;4798,324;4803,338;4807,328;4811,328;4816,328;4820,312;4824,326;4829,312;4833,346;4838,330;4842,344;4846,328;4851,342;4855,320;4859,318;4864,332;4868,330;4872,330;4877,316;4881,336;4885,320;4890,334;4894,318;4898,332;4903,328;4907,336;4912,322;4916,320;4920,332;4925,318;4929,324;4933,322;4938,334;4942,322;4946,334;4951,334;4955,312;4959,324;4964,324;4968,336;4972,322;4977,322;4981,326;4986,340;4990,324;4994,338;4999,322;5003,316;5007,342;5012,326;5016,326;5020,312;5025,326;5029,330;5033,330;5038,314;5042,328;5046,314;5051,328;5055,332;5060,318;5064,318;5068,316;5073,316;5077,320;5081,334;5086,320;5090,332;5094,318;5099,332;5103,324;5107,322;5112,322;5116,318;5120,320;5125,318;5129,340;5134,324;5138,338;5142,322;5147,322;5151,322;5155,314;5160,326;5164,312;5168,324;5173,312;5177,344;5181,328;5186,328;5190,314;5194,326;5199,326;5203,318;5208,330;5212,316;5216,328;5221,314;5225,334;5229,318;5234,346;5238,318;5242,330;5247,316;5251,322;5255,334;5260,320;5264,320;5268,318;5273,318;5277,324;5282,338;5286,320;5290,336;5295,322;5299,312;5303,326;5308,326;5312,326;5316,324;5321,338;5325,314;5329,328;5334,328;5338,326;5342,312;5347,340;5351,318;5356,316;5360,316;5364,314;5369,328;5373,320;5377,332;5382,318;5386,332;5390,316;5395,330;5399,322;5403,320;5408,334;5412,318;5417,320;5421,324;5425,338;5430,322;5434,336;5438,320;5443,334;5447,326;5451,312;5456,324;5460,324;5464,324;5469,322;5473,330;5477,328;5482,328;5486,312;5491,326;5495,326;5499,318;5504,316;5508,316;5512,330;5517,328;5521,334;5525,320;5530,334;5534,318;5538,332;5543,332;5547,310;5551,322;5556,308;5560,322;5565,320;5569,334;5573,312;5578,326;5582,324;5586,338;5591,324;5595,316;5599,328;5604,314;5608,328;5612,312;5617,326;5621,318;5625,346;5630,330;5634,344;5639,328;5643,320;5647,320;5652,320;5656,332;5660,318;5665,332;5669,324;5673,322;5678,322;5682,334;5686,320;5691,332;5695,324;5699,324;5704,338;5708,322;5713,336;5717,314;5721,326;5726,326;5730,326;5734,324;5739,324;5743,330;5747,328;5752,342;5756,326;5760,326;5765,310;5769,332;5773,330;5778,344;5782,328;5787,330;5791,320;5795,320;5800,332;5804,318;5808,330;5813,316;5817,334;5821,320;5826,334;5830,318;5834,332;5839,316;5843,324;5847,336;5852,320;5856,320;5861,306;5865,326;5869,310;5874,310;5878,308;5882,308;5887,304;5891,298;5895,298;5900,284;5904,296;5908,294;5913,288;5917,300;5922,300;5926,298;5930,312;5935,298;5939,290;5943,302;5948,302;5952,288;5956,286;5961,300;5965,292;5969,306;5974,290;5978,304;5982,288;5987,308;5991,308;5996,292;6000,306;6004,290;6009,304;6013,296;6017,296;6022,294;6026,308;6030,294;6035,286;6039,298;6043,298;6048,282;6052,284;6057,280;6061,300;6065,314;6070,300;6074,312;6078,298;6083,298;6087,302;6091,302;6096,288;6100,300;6104,300;6109,300;6113,306;6117,304;6122,304;6126,302;6131,302;6135,294;6139,278;6144,292;6148,292;6152,304;6157,304;6161,296;6165,296;6170,308;6174,306;6178,306;6183,290;6187,282;6191,296;6196,294;6200,306;6205,292;6209,312;6213,298;6218,310;6222,296;6226,294;6231,280;6235,270;6239,268;6244,268;6248,268;6252,252;6257,272;6261,270;6265,270;6270,268;6274,224;6279,268;6283,260;6287,258;6292,242;6296,270;6300,270;6305,262;6309,260;6313,232;6318,274;6322,272;6326,272;6331,250;6335,260;6339,246;6344,274;6348,258;6353,272;6357,262;6361,234;6366,274;6370,288;6374,274;6379,250;6383,264;6387,248;6392,276;6396,260;6400,274;6405,264;6409,222;6414,264;6418,290;6422,276;6427,238;6431,266;6435,264;6440,264;6444,264;6448,262;6453,266;6457,252;6461,252;6466,252;6470,278;6475,276;6479,266;6483,238;6488,264;6492,264;6496,262;6501,276;6505,224;6509,266;6514,266;6518,278;6522,262;6527,254;6531,238;6535,266;6540,266;6544,264;6549,264;6553,224;6557,266;6562,280;6566,264;6570,264;6575,254;6579,240;6583,268;6588,266;6592,266;6596,278;\r\nBuffer sent in 0.973 secondsreturn;buffer;965\r\nreceived from UR: measure -> measure (0,1)\r\nSTEPPER: Moving to mstep: 6600 with speed [msteps/sec]: 1000 in StealthChop.\r\n'), 13:21:43
bytearray(b'STEPPER: Moving to mstep: 2400 with speed [msteps/sec]: 4000 in SpreadCycle.\r\n'), 13:21:47
bytearray(b'STEPPER: Moved 4200.00 msteps (ramp: 35%) in 1324.888 ms -> average speed [msteps/sec]: 3170.08\r\nreturn;measure;965\r\n'), 13:21:49
bytearray(b'received from UR: buffer -> buffer (0,1)\r\nSending buffer of size 965data;2400,298;2404,462;2408,144;2413,274;2417,316;2421,322;2426,336;2430,320;2434,348;2439,318;2443,310;2447,324;2452,324;2456,336;2460,336;2465,322;2469,326;2474,340;2478,324;2482,324;2487,322;2491,314;2495,328;2500,326;2504,326;2508,326;2513,326;2517,316;2521,330;2526,330;2530,330;2534,328;2539,306;2543,332;2548,318;2552,332;2556,330;2561,330;2565,322;2569,336;2574,320;2578,334;2582,320;2587,334;2591,324;2595,310;2600,338;2604,322;2608,322;2613,322;2617,342;2622,326;2626,340;2630,312;2635,324;2639,330;2643,316;2648,344;2652,330;2656,328;2661,314;2665,334;2669,320;2674,334;2678,318;2682,318;2687,318;2691,324;2696,338;2700,322;2704,322;2709,320;2713,328;2717,324;2722,338;2726,324;2730,324;2735,322;2739,314;2743,326;2748,312;2752,324;2756,310;2761,336;2765,328;2770,342;2774,326;2778,340;2783,324;2787,316;2791,330;2796,314;2800,328;2804,312;2809,326;2813,318;2817,346;2822,316;2826,330;2830,328;2835,342;2839,320;2844,318;2848,332;2852,330;2857,330;2861,320;2865,334;2870,318;2874,332;2878,318;2883,330;2887,336;2891,322;2896,334;2900,334;2905,318;2909,318;2913,338;2918,324;2922,336;2926,322;2931,334;2935,328;2939,312;2944,338;2948,324;2952,322;2957,318;2961,328;2965,326;2970,340;2974,326;2979,338;2983,324;2987,316;2992,342;2996,328;3000,326;3005,312;3009,332;3013,330;3018,330;3022,316;3026,328;3031,326;3035,318;3039,332;3044,332;3048,330;3053,316;3057,328;3061,320;3066,334;3070,318;3074,318;3079,316;3083,322;3087,334;3092,320;3096,318;3100,318;3105,330;3109,322;3113,336;3118,320;3122,334;3127,318;3131,310;3135,324;3140,308;3144,322;3148,306;3153,334;3157,324;3161,338;3166,324;3170,322;3174,322;3179,336;3183,342;3187,326;3192,326;3196,310;3201,338;3205,322;3209,344;3214,328;3218,342;3222,326;3227,340;3231,330;3235,316;3240,328;3244,314;3248,326;3253,314;3257,332;3261,316;3266,330;3270,316;3275,328;3279,326;3283,320;3288,332;3292,332;3296,330;3301,316;3305,336;3309,320;3314,334;3318,332;3322,332;3327,318;3331,322;3335,336;3340,308;3344,320;3349,306;3353,326;3357,324;3362,338;3366,322;3370,322;3375,320;3379,312;3383,338;3388,324;3392,324;3396,310;3401,336;3405,328;3410,342;3414,326;3418,340;3423,324;3427,316;3431,330;3436,328;3440,328;3444,314;3449,312;3453,316;3457,330;3462,316;3466,328;3470,312;3475,326;3479,330;3484,316;3488,328;3492,326;3497,324;3501,316;3505,330;3510,316;3514,328;3518,314;3523,326;3527,332;3531,316;3536,330;3540,314;3545,326;3549,312;3553,332;3558,318;3562,332;3566,330;3571,330;3575,334;3579,318;3584,346;3588,332;3592,330;3597,314;3601,336;3605,320;3610,334;3614,318;3619,330;3623,316;3627,320;3632,334;3636,318;3640,332;3645,316;3649,338;3653,322;3658,336;3662,320;3666,320;3671,318;3675,324;3679,338;3684,324;3688,322;3693,320;3697,334;3701,326;3706,324;3710,322;3714,322;3719,322;3723,314;3727,342;3732,326;3736,326;3740,310;3745,324;3749,330;3753,330;3758,328;3762,328;3767,326;3771,318;3775,332;3780,316;3784,330;3788,314;3793,314;3797,320;3801,334;3806,318;3810,332;3814,316;3819,330;3823,322;3827,322;3832,334;3836,320;3841,332;3845,318;3849,338;3854,322;3858,336;3862,320;3867,320;3871,326;3875,324;3880,338;3884,324;3888,322;3893,322;3897,328;3901,326;3906,326;3910,324;3915,324;3919,324;3923,316;3928,328;3932,314;3936,326;3941,298;3945,332;3949,318;3954,330;3958,328;3962,328;3967,326;3971,318;3975,346;3980,330;3984,330;3989,314;3993,328;3997,320;4002,334;4006,318;4010,330;4015,316;4019,320;4023,334;4028,332;4032,318;4036,316;4041,330;4045,322;4049,334;4054,320;4058,332;4063,316;4067,322;4071,336;4076,334;4080,320;4084,318;4089,332;4093,324;4097,336;4102,322;4106,320;4110,320;4115,332;4119,338;4124,324;4128,322;4132,320;4137,334;4141,326;4145,338;4150,324;4154,336;4158,320;4163,336;4167,328;4171,312;4176,326;4180,310;4184,338;4189,322;4193,328;4198,314;4202,326;4206,324;4211,340;4215,330;4219,330;4224,328;4228,314;4232,326;4237,326;4241,332;4245,316;4250,330;4254,314;4258,328;4263,326;4267,332;4272,318;4276,316;4280,328;4285,314;4289,334;4293,320;4298,318;4302,318;4306,332;4311,330;4315,322;4319,320;4324,320;4328,334;4332,318;4337,332;4341,322;4346,322;4350,320;4354,334;4359,318;4363,324;4367,324;4372,322;4376,334;4380,320;4385,334;4389,310;4393,324;4398,322;4402,336;4406,320;4411,312;4415,326;4420,310;4424,324;4428,322;4433,336;4437,312;4441,326;4446,324;4450,338;4454,322;4459,336;4463,326;4467,312;4472,324;4476,322;4480,336;4485,334;4489,326;4494,324;4498,326;4502,324;4507,338;4511,328;4515,314;4520,326;4524,326;4528,338;4533,310;4537,330;4541,314;4546,328;4550,326;4554,326;4559,324;4563,316;4568,330;4572,316;4576,342;4581,328;4585,332;4589,318;4594,332;4598,316;4602,330;4607,314;4611,320;4615,332;4620,318;4624,332;4628,330;4633,328;4637,320;4642,334;4646,318;4650,332;4655,316;4659,322;4663,322;4668,320;4672,332;4676,318;4681,330;4685,322;4689,336;4694,320;4698,334;4703,318;4707,310;4711,324;4716,322;4720,334;4724,320;4729,332;4733,324;4737,336;4742,322;4746,336;4750,320;4755,332;4759,324;4763,310;4768,324;4772,322;4777,336;4781,314;4785,340;4790,326;4794,340;4798,324;4803,338;4807,328;4811,314;4816,340;4820,326;4824,324;4829,324;4833,344;4837,326;4842,342;4846,312;4851,326;4855,330;4859,316;4864,342;4868,328;4872,328;4877,312;4881,334;4885,318;4890,332;4894,316;4898,330;4903,314;4907,320;4912,334;4916,332;4920,330;4925,316;4929,328;4933,334;4938,334;4942,332;4946,330;4951,316;4955,322;4959,334;4964,320;4968,334;4972,318;4977,330;4981,322;4985,336;4990,320;4994,334;4999,320;5003,324;5007,324;5012,322;5016,320;5020,306;5025,334;5029,324;5033,338;5038,322;5042,322;5046,320;5051,334;5055,326;5059,312;5064,324;5068,308;5073,322;5077,328;5081,326;5086,326;5090,324;5094,324;5099,338;5103,316;5107,314;5112,326;5116,312;5120,324;5125,310;5129,330;5134,316;5138,328;5142,328;5147,328;5151,332;5155,304;5160,330;5164,316;5168,342;5173,328;5177,320;5181,318;5186,332;5190,316;5194,330;5199,314;5203,308;5208,334;5212,318;5216,332;5221,332;5225,324;5229,322;5234,336;5238,320;5242,334;5247,320;5251,324;5255,324;5260,322;5264,336;5268,336;5273,322;5277,326;5282,326;5286,326;5290,324;5295,324;5299,316;5303,330;5308,316;5312,328;5316,314;5321,326;5325,330;5329,332;5334,316;5338,330;5343,328;5347,320;5351,332;5356,316;5360,316;5364,314;5369,328;5373,318;5377,332;5382,316;5386,330;5390,314;5395,328;5399,332;5403,318;5408,318;5412,316;5417,330;5421,320;5425,334;5430,320;5434,332;5438,318;5443,330;5447,336;5451,334;5456,320;5460,318;5464,332;5469,316;5473,336;5477,322;5482,334;5486,320;5491,332;5495,318;5499,324;5504,322;5508,320;5512,334;5517,318;5521,340;5525,324;5530,338;5534,322;5538,336;5543,320;5547,312;5551,326;5556,310;5560,324;5565,310;5569,322;5573,328;5578,340;5582,312;5586,340;5591,324;5595,314;5599,328;5604,314;5608,326;5612,312;5617,338;5621,316;5625,330;5630,314;5634,342;5639,328;5643,340;5647,318;5652,318;5656,330;5660,316;5665,344;5669,320;5673,320;5678,318;5682,332;5686,316;5691,330;5695,322;5699,320;5704,334;5708,320;5713,332;5717,324;5721,324;5726,322;5730,336;5734,320;5739,334;5743,326;5747,310;5752,324;5756,310;5760,322;5765,322;5769,342;5774,326;5778,340;5782,324;5787,338;5791,324;5795,330;5800,328;5804,314;5808,328;5813,312;5817,332;5821,316;5826,330;5830,316;5834,330;5839,316;5843,334;5848,320;5852,318;5856,332;5861,318;5865,310;5869,308;5874,308;5878,308;5882,306;5887,306;5891,298;5895,296;5900,282;5904,296;5908,296;5913,302;5917,300;5922,286;5926,300;5930,314;5935,298;5939,290;5943,304;5948,290;5952,302;5956,288;5961,288;5965,308;5969,308;5974,306;5978,306;5983,304;5987,282;5991,296;5996,280;6000,292;6004,278;6009,292;6013,298;6017,310;6022,296;6026,308;6030,308;6035,306;6039,298;6043,298;6048,310;6052,310;6057,294;6061,300;6065,300;6070,298;6074,298;6078,296;6083,310;6087,302;6091,288;6096,300;6100,298;6104,298;6109,298;6113,288;6117,288;6122,300;6126,300;6131,314;6135,304;6139,290;6144,290;6148,288;6152,288;6157,286;6161,306;6165,290;6170,290;6174,288;6178,302;6183,302;6187,292;6191,306;6196,290;6200,290;6205,276;6209,310;6213,308;6218,308;6222,292;6226,290;6231,290;6235,282;6239,266;6244,266;6248,264;6252,264;6257,270;6261,282;6265,282;6270,266;6274,250;6279,278;6283,256;6287,256;6292,268;6296,268;6300,280;6305,272;6309,272;6313,270;6318,268;6322,252;6326,266;6331,242;6335,270;6340,254;6344,268;6348,252;6353,264;6357,270;6361,254;6366,268;6370,282;6374,266;6379,270;6383,254;6387,268;6392,268;6396,266;6401,264;6405,270;6409,270;6414,268;6418,252;6422,266;6427,258;6431,256;6435,242;6440,268;6444,268;6448,252;6453,272;6457,242;6461,270;6466,268;6470,268;6475,238;6479,272;6483,256;6488,256;6492,254;6496,252;6501,252;6505,258;6509,256;6514,256;6518,282;6522,266;6527,258;6531,244;6535,256;6540,240;6544,268;6549,254;6553,274;6557,272;6562,244;6566,270;6570,256;6575,260;6579,274;6583,272;6588,270;6592,254;6596,254;\r\nBuffer sent in 0.973 secondsreturn;buffer;965\r\nreceived from UR: measure -> measure (0,1)\r\nSTEPPER: Moving to mstep: 6600 with speed [msteps/sec]: 1000 in StealthChop.\r\n'), 13:21:52
bytearray(b'STEPPER: Moving to mstep: 2400 with speed [msteps/sec]: 4000 in SpreadCycle.\r\n'), 13:21:56
bytearray(b'STEPPER: Moved 4200.00 msteps (ramp: 35%) in 1324.888 ms -> average speed [msteps/sec]: 3170.08\r\nreturn;measure;965\r\n'), 13:21:58
bytearray(b'received from UR: buffer -> buffer (0,1)\r\nSending buffer of size 965data;2400,304;2404,464;2408,132;2413,274;2417,332;2421,324;2426,338;2430,322;2434,338;2439,322;2443,314;2447,328;2452,312;2456,326;2460,324;2465,324;2469,330;2474,330;2478,328;2482,328;2487,328;2491,320;2495,318;2500,318;2504,318;2508,318;2513,332;2517,324;2521,338;2526,322;2530,336;2534,322;2539,334;2543,328;2548,312;2552,326;2556,310;2561,324;2565,330;2569,344;2574,314;2578,330;2582,328;2587,340;2591,334;2595,318;2600,332;2604,318;2609,332;2613,318;2617,338;2622,324;2626,336;2630,322;2635,336;2639,328;2643,314;2648,326;2652,326;2656,326;2661,324;2665,332;2669,330;2674,330;2678,316;2683,330;2687,328;2691,320;2696,320;2700,320;2704,332;2709,318;2713,338;2717,324;2722,338;2726,322;2730,336;2735,320;2739,312;2743,326;2748,324;2752,338;2757,310;2761,324;2765,330;2770,344;2774,328;2778,342;2783,312;2787,318;2791,332;2796,316;2800,328;2804,316;2809,342;2813,320;2817,334;2822,320;2826,334;2831,318;2835,332;2839,324;2844,310;2848,322;2852,322;2857,336;2861,314;2865,342;2870,328;2874,328;2878,326;2883,328;2887,332;2891,320;2896,332;2900,318;2905,332;2909,330;2913,338;2918,322;2922,336;2926,336;2931,336;2935,314;2939,314;2944,328;2948,328;2952,340;2957,312;2961,334;2965,318;2970,332;2974,318;2979,332;2983,324;2987,308;2992,322;2996,322;3000,322;3005,322;3009,328;3013,314;3018,340;3022,326;3026,340;3031,324;3035,332;3039,330;3044,316;3048,330;3053,330;3057,330;3061,322;3066,336;3070,322;3074,334;3079,320;3083,312;3087,326;3092,326;3096,326;3100,310;3105,324;3109,330;3113,332;3118,316;3122,330;3127,330;3131,322;3135,336;3140,322;3144,334;3148,320;3153,334;3157,326;3161,340;3166,326;3170,340;3174,324;3179,338;3183,332;3187,314;3192,330;3196,328;3201,342;3205,320;3209,336;3214,320;3218,334;3222,320;3227,334;3231,326;3235,326;3240,324;3244,310;3248,324;3253,324;3257,344;3262,330;3266,344;3270,316;3275,330;3279,320;3283,322;3288,334;3292,320;3296,332;3301,318;3305,324;3309,336;3314,338;3318,322;3322,336;3327,334;3331,314;3336,326;3340,312;3344,326;3349,326;3353,332;3357,316;3362,330;3366,316;3370,330;3375,314;3379,322;3383,334;3388,320;3392,334;3396,318;3401,318;3405,324;3410,338;3414,322;3418,336;3423,322;3427,314;3431,326;3436,326;3440,326;3444,324;3449,326;3453,316;3457,330;3462,330;3466,328;3470,314;3475,328;3479,320;3484,318;3488,332;3492,318;3497,330;3501,322;3505,324;3510,322;3514,336;3518,320;3523,334;3527,326;3531,312;3536,326;3540,324;3544,324;3549,324;3553,330;3558,316;3562,328;3566,326;3571,338;3575,334;3579,318;3584,332;3588,316;3592,330;3597,316;3601,336;3605,322;3610,334;3614,320;3618,334;3623,320;3627,324;3632,324;3636,310;3640,322;3645,322;3649,344;3653,328;3658,342;3662,314;3666,342;3671,326;3675,320;3679,332;3684,318;3688,318;3693,318;3697,330;3701,336;3706,336;3710,322;3714,336;3719,334;3723,312;3727,326;3732,326;3736,338;3740,310;3745,324;3749,330;3753,328;3758,328;3762,328;3767,328;3771,320;3775,332;3780,318;3784,318;3788,316;3793,330;3797,322;3801,338;3806,320;3810,334;3814,320;3819,334;3823,324;3827,310;3832,324;3836,322;3841,336;3845,314;3849,340;3854,326;3858,326;3862,324;3867,326;3871,332;3875,316;3880,330;3884,328;3888,328;3893,314;3897,320;3902,320;3906,334;3910,332;3915,332;3919,324;3923,322;3928,322;3932,322;3936,334;3941,320;3945,326;3949,326;3954,326;3958,324;3962,338;3967,324;3971,314;3976,316;3980,314;3984,328;3989,326;3993,328;3997,320;4002,332;4006,318;4010,346;4015,330;4019,308;4023,320;4028,308;4032,320;4036,320;4041,318;4045,324;4050,338;4054,324;4058,338;4063,322;4067,314;4071,328;4076,328;4080,328;4084,314;4089,326;4093,318;4097,332;4102,318;4106,332;4110,330;4115,344;4119,324;4124,324;4128,336;4132,308;4137,322;4141,328;4145,342;4150,328;4154,328;4158,326;4163,326;4167,332;4171,318;4176,332;4180,318;4184,332;4189,316;4193,336;4198,322;4202,336;4206,322;4211,334;4215,328;4219,312;4224,326;4228,326;4232,326;4237,312;4241,330;4245,316;4250,330;4254,314;4258,330;4263,328;4267,318;4272,332;4276,320;4280,332;4285,318;4289,324;4293,324;4298,324;4302,322;4306,336;4311,322;4315,314;4319,326;4324,312;4328,326;4333,326;4337,338;4341,316;4346,330;4350,330;4354,330;4359,314;4363,320;4367,334;4372,320;4376,334;4380,318;4385,320;4389,324;4393,338;4398,324;4402,338;4407,322;4411,336;4415,328;4420,312;4424,326;4428,312;4433,326;4437,332;4441,330;4446,330;4450,344;4454,316;4459,330;4463,334;4467,320;4472,332;4476,320;4481,332;4485,324;4489,338;4494,324;4498,336;4502,322;4507,336;4511,328;4515,326;4520,326;4524,310;4528,324;4533,324;4537,330;4541,328;4546,328;4550,328;4555,328;4559,320;4563,318;4568,332;4572,318;4576,332;4581,316;4585,336;4589,336;4594,336;4598,320;4602,334;4607,320;4611,310;4615,324;4620,324;4624,322;4629,322;4633,328;4637,314;4642,340;4646,324;4650,326;4655,324;4659,316;4663,328;4668,328;4672,328;4676,312;4681,326;4685,332;4690,330;4694,316;4698,330;4703,328;4707,320;4711,334;4716,320;4720,332;4724,318;4729,330;4733,324;4737,336;4742,322;4746,322;4750,320;4755,334;4759,340;4764,310;4768,324;4772,324;4777,336;4781,314;4785,328;4790,328;4794,342;4798,326;4803,340;4807,330;4811,316;4816,330;4820,316;4824,328;4829,314;4833,334;4838,320;4842,332;4846,318;4851,332;4855,324;4859,308;4864,322;4868,322;4872,334;4877,320;4881,326;4885,324;4890,338;4894,322;4898,336;4903,320;4907,326;4912,326;4916,310;4920,324;4925,324;4929,344;4933,328;4938,328;4942,326;4946,326;4951,324;4955,318;4959,330;4964,314;4968,328;4973,314;4977,314;4981,318;4986,332;4990,330;4994,344;4999,328;5003,306;5007,320;5012,320;5016,332;5020,318;5025,332;5029,322;5033,336;5038,322;5042,336;5047,320;5051,314;5055,326;5060,324;5064,324;5068,310;5073,322;5077,328;5081,328;5086,326;5090,326;5094,326;5099,326;5103,330;5107,316;5112,316;5116,314;5121,328;5125,320;5129,334;5134,334;5138,334;5142,318;5147,332;5151,324;5155,324;5160,338;5164,310;5168,336;5173,322;5177,328;5181,312;5186,340;5190,326;5195,340;5199,324;5203,302;5208,330;5212,316;5216,328;5221,328;5225,334;5229,320;5234,334;5238,318;5242,332;5247,330;5251,310;5255,322;5260,322;5264,334;5269,320;5273,320;5277,326;5282,326;5286,324;5290,338;5295,322;5299,328;5303,328;5308,314;5312,326;5316,326;5321,326;5325,318;5329,332;5334,316;5338,330;5343,330;5347,322;5351,322;5356,320;5360,334;5364,320;5369,332;5373,324;5377,338;5382,322;5386,336;5390,322;5395,336;5399,328;5403,312;5408,326;5412,326;5417,326;5421,318;5425,332;5430,330;5434,330;5438,316;5443,330;5447,336;5451,320;5456,320;5460,320;5464,332;5469,318;5473,326;5478,324;5482,324;5486,324;5491,324;5495,316;5499,316;5504,316;5508,314;5512,314;5517,328;5521,334;5525,320;5530,332;5534,318;5538,332;5543,330;5547,308;5552,322;5556,322;5560,322;5565,320;5569,340;5573,326;5578,340;5582,324;5586,338;5591,324;5595,316;5599,330;5604,316;5608,330;5612,328;5617,328;5621,320;5626,334;5630,320;5634,334;5639,318;5643,312;5647,324;5652,324;5656,324;5660,324;5665,324;5669,330;5673,330;5678,314;5682,328;5687,326;5691,326;5695,332;5700,318;5704,332;5708,332;5713,330;5717,322;5721,336;5726,322;5730,336;5734,322;5739,336;5743,326;5747,326;5752,326;5756,326;5761,338;5765,316;5769,330;5774,330;5778,330;5782,314;5787,328;5791,334;5795,320;5800,332;5804,318;5808,332;5813,316;5817,338;5821,322;5826,336;5830,320;5835,334;5839,320;5843,326;5848,326;5852,310;5856,310;5861,310;5865,330;5869,314;5874,300;5878,298;5882,298;5887,298;5891,304;5895,288;5900,302;5904,302;5909,286;5913,306;5917,306;5922,306;5926,304;5930,304;5935,304;5939,296;5943,308;5948,294;5952,294;5956,292;5961,306;5965,298;5969,284;5974,298;5978,310;5983,296;5987,288;5991,302;5996,300;6000,300;6004,300;6009,284;6013,292;6017,304;6022,304;6026,318;6030,302;6035,294;6039,294;6044,294;6048,294;6052,292;6057,292;6061,298;6065,312;6070,298;6074,312;6078,296;6083,310;6087,288;6091,288;6096,286;6100,300;6104,300;6109,292;6113,306;6118,304;6122,304;6126,290;6131,290;6135,310;6139,296;6144,294;6148,294;6152,294;6157,294;6161,286;6165,286;6170,300;6174,298;6178,298;6183,292;6187,292;6192,290;6196,290;6200,290;6205,290;6209,310;6213,296;6218,280;6222,294;6226,294;6231,286;6235,286;6239,286;6244,272;6248,256;6253,256;6257,278;6261,276;6266,264;6270,276;6274,276;6279,252;6283,252;6287,252;6292,266;6296,252;6300,264;6305,270;6309,284;6313,270;6318,254;6322,240;6327,268;6331,260;6335,260;6340,260;6344,258;6348,244;6353,272;6357,278;6361,264;6366,250;6370,264;6374,276;6379,256;6383,254;6387,254;6392,254;6396,254;6401,252;6405,272;6409,274;6414,272;6418,258;6422,272;6427,264;6431,248;6435,260;6440,248;6444,262;6448,246;6453,268;6457,268;6461,266;6466,252;6470,264;6475,222;6479,270;6483,270;6488,268;6492,270;6496,254;6501,282;6505,274;6509,274;6514,258;6518,258;6522,258;6527,264;6531,250;6536,248;6540,262;6544,262;6549,276;6553,282;6557,268;6562,268;6566,252;6570,238;6575,274;6579,260;6583,258;6588,258;6592,258;6596,242;\r\nBuffer sent in 0.973 secondsreturn;buffer;965\r\nreceived from UR: measure -> measure (0,1)\r\nSTEPPER: Moving to mstep: 6600 with speed [msteps/sec]: 1000 in StealthChop.\r\n'), 13:22:01
bytearray(b'STEPPER: Moving to mstep: 2400 with speed [msteps/sec]: 4000 in SpreadCycle.\r\n'), 13:22:05
bytearray(b'STEPPER: Moved 4200.00 msteps (ramp: 35%) in 1324.888 ms -> average speed [msteps/sec]: 3170.08\r\nreturn;measure;965\r\n'), 13:22:07
bytearray(b'received from UR: buffer -> buffer (0,1)\r\nSending buffer of size 965data;2400,310;2404,468;2408,136;2413,278;2417,320;2421,328;2426,342;2430,326;2434,340;2439,324;2443,316;2447,330;2452,316;2456,316;2460,314;2465,328;2469,320;2474,334;2478,320;2482,334;2487,318;2491,324;2495,338;2500,338;2504,322;2508,322;2513,336;2517,328;2521,340;2526,326;2530,326;2534,324;2539,338;2543,330;2548,328;2552,328;2556,314;2561,314;2565,318;2569,332;2574,316;2578,332;2582,316;2587,330;2591,336;2595,320;2600,334;2604,320;2608,320;2613,318;2617,338;2622,322;2626,338;2630,322;2635,322;2639,328;2643,314;2648,342;2652,328;2656,326;2661,312;2665,332;2669,318;2674,332;2678,318;2683,318;2687,316;2691,324;2696,324;2700,322;2704,322;2709,308;2713,328;2717,328;2722,342;2726,328;2730,328;2735,326;2739,318;2743,320;2748,318;2752,332;2757,318;2761,346;2765,324;2770,324;2774,322;2778,336;2783,322;2787,312;2791,328;2796,312;2800,328;2804,312;2809,340;2813,318;2817,332;2822,316;2826,332;2831,316;2835,344;2839,322;2844,322;2848,322;2852,322;2857,336;2861,314;2865,328;2870,326;2874,342;2878,326;2883,326;2887,318;2891,318;2896,332;2900,318;2905,332;2909,324;2913,324;2918,322;2922,336;2926,322;2931,336;2935,328;2939,314;2944,328;2948,314;2952,328;2957,312;2961,334;2965,318;2970,332;2974,318;2979,332;2983,324;2987,310;2992,324;2996,310;3000,324;3005,310;3009,330;3013,316;3018,330;3022,328;3026,330;3031,314;3035,320;3039,334;3044,320;3048,334;3053,334;3057,326;3061,324;3066,326;3070,324;3074,338;3079,324;3083,316;3087,328;3092,314;3096,328;3100,314;3105,326;3109,320;3113,334;3118,332;3122,332;3127,316;3131,310;3135,336;3140,322;3144,322;3148,322;3153,336;3157,326;3161,340;3166,326;3170,326;3174,326;3179,338;3183,332;3188,330;3192,330;3196,314;3201,328;3205,320;3209,334;3214,320;3218,334;3222,318;3227,334;3231,338;3235,324;3240,324;3244,322;3248,322;3253,322;3257,342;3262,314;3266,328;3270,328;3275,328;3279,334;3283,334;3288,318;3292,318;3296,332;3301,318;3305,324;3309,324;3314,324;3318,322;3322,336;3327,336;3331,314;3336,326;3340,312;3344,324;3349,312;3353,332;3357,330;3362,330;3366,316;3370,330;3375,328;3379,320;3383,334;3388,320;3392,332;3397,318;3401,332;3405,324;3410,338;3414,324;3418,336;3423,320;3427,312;3431,326;3436,324;3440,326;3444,324;3449,324;3453,316;3457,330;3462,316;3466,328;3471,314;3475,320;3479,334;3484,318;3488,332;3492,332;3497,318;3501,322;3505,336;3510,322;3514,334;3518,320;3523,334;3527,326;3531,310;3536,326;3540,310;3545,324;3549,316;3553,330;3558,326;3562,342;3566,328;3571,328;3575,334;3579,318;3584,332;3588,318;3592,332;3597,316;3601,338;3605,324;3610,338;3614,322;3619,336;3623,320;3627,314;3632,342;3636,328;3640,326;3645,312;3649,334;3653,318;3658,332;3662,318;3666,332;3671,316;3675,324;3679,336;3684,336;3688,322;3693,322;3697,334;3701,328;3706,328;3710,326;3714,326;3719,326;3723,318;3727,332;3732,330;3736,330;3740,316;3745,330;3749,322;3753,336;3758,322;3762,334;3767,320;3771,310;3775,326;3780,324;3784,338;3788,308;3793,324;3797,328;3801,342;3806,328;3810,342;3814,326;3819,340;3823,332;3827,316;3832,330;3836,316;3841,330;3845,322;3849,336;3854,320;3858,336;3862,320;3867,320;3871,326;3875,326;3880,326;3884,324;3888,324;3893,310;3897,330;3902,330;3906,330;3910,314;3915,328;3919,334;3923,320;3928,320;3932,318;3936,332;3941,318;3945,338;3949,324;3954,338;3958,322;3962,338;3967,336;3971,314;3976,328;3980,312;3984,326;3989,312;3993,340;3997,318;4002,332;4006,316;4010,344;4015,316;4019,336;4023,320;4028,320;4032,334;4036,318;4041,332;4045,310;4050,324;4054,322;4058,336;4063,320;4067,314;4071,326;4076,312;4080,326;4084,324;4089,338;4093,316;4097,330;4102,316;4106,330;4110,328;4115,328;4119,322;4124,320;4128,334;4132,318;4137,332;4141,324;4145,324;4150,322;4154,336;4158,336;4163,334;4167,326;4171,310;4176,324;4180,310;4184,336;4189,322;4193,328;4198,314;4202,342;4206,326;4211,340;4215,318;4219,318;4224,330;4228,316;4232,330;4237,330;4241,322;4245,320;4250,334;4254,320;4258,334;4263,320;4267,312;4272,324;4276,324;4280,338;4285,324;4289,328;4293,314;4298,328;4302,328;4306,328;4311,326;4315,306;4319,332;4324,316;4328,328;4333,316;4337,328;4341,322;4346,336;4350,320;4354,334;4359,320;4363,312;4367,326;4372,312;4376,340;4380,324;4385,324;4389,316;4393,330;4398,314;4402,342;4407,314;4411,320;4415,334;4420,320;4424,318;4428,304;4433,318;4437,326;4441,340;4446,326;4450,340;4454,324;4459,338;4463,330;4468,316;4472,330;4476,330;4481,328;4485,320;4489,334;4494,320;4498,334;4502,320;4507,320;4511,326;4515,326;4520,324;4524,310;4528,324;4533,308;4537,330;4542,326;4546,330;4550,328;4555,328;4559,334;4563,320;4568,320;4572,304;4576,332;4581,318;4585,338;4589,324;4594,338;4598,322;4602,336;4607,322;4611,314;4616,326;4620,312;4624,326;4629,326;4633,332;4637,318;4642,332;4646,316;4650,330;4655,318;4659,322;4663,322;4668,308;4672,334;4676,320;4681,334;4685,326;4690,326;4694,324;4698,324;4703,324;4707,330;4711,330;4716,316;4720,316;4724,314;4729,328;4733,334;4737,334;4742,320;4746,334;4750,320;4755,334;4759,326;4764,310;4768,324;4772,310;4777,336;4781,316;4785,330;4790,314;4794,328;4798,314;4803,342;4807,334;4811,320;4816,318;4820,318;4824,332;4829,316;4833,338;4838,322;4842,336;4846,322;4851,336;4855,328;4859,314;4864,326;4868,312;4872,326;4877,326;4881,332;4885,318;4890,330;4894,316;4898,330;4903,316;4907,336;4912,322;4916,320;4920,334;4925,320;4929,340;4933,326;4938,326;4942,324;4946,338;4951,322;4955,314;4959,328;4964,314;4968,326;4972,312;4977,326;4981,318;4986,332;4990,316;4994,330;4999,314;5003,320;5007,334;5012,320;5016,332;5020,318;5025,332;5029,324;5033,338;5038,322;5042,336;5047,322;5051,314;5055,328;5060,314;5064,326;5068,312;5073,326;5077,318;5081,332;5086,318;5090,318;5094,316;5099,328;5103,322;5107,320;5112,320;5116,306;5121,332;5125,324;5129,338;5134,322;5138,324;5142,322;5147,336;5151,328;5155,314;5160,326;5164,312;5168,326;5173,312;5177,346;5181,330;5186,344;5190,330;5195,342;5199,314;5203,320;5208,334;5212,320;5216,320;5221,318;5225,338;5229,324;5234,338;5238,322;5242,336;5247,322;5251,326;5255,342;5260,328;5264,326;5269,312;5273,326;5277,318;5282,330;5286,316;5290,330;5295,316;5299,322;5303,334;5308,320;5312,318;5316,320;5321,334;5325,326;5329,326;5334,324;5338,338;5343,324;5347,316;5351,330;5356,314;5360,326;5364,314;5369,328;5373,318;5377,332;5382,318;5386,332;5390,330;5395,344;5399,322;5403,308;5408,336;5412,320;5417,334;5421,326;5425,326;5430,324;5434,340;5438,324;5443,326;5447,316;5451,316;5456,330;5460,316;5464,328;5469,314;5473,334;5477,320;5482,334;5486,320;5491,334;5495,326;5499,312;5504,326;5508,324;5512,324;5517,310;5521,330;5525,316;5530,330;5534,330;5538,330;5543,314;5547,322;5552,336;5556,320;5560,320;5565,306;5569,334;5573,326;5578,340;5582,324;5586,340;5591,324;5595,302;5599,330;5604,316;5608,328;5612,316;5617,328;5621,320;5626,334;5630,320;5634,334;5639,318;5643,312;5647,326;5652,312;5656,324;5660,310;5665,322;5669,328;5673,342;5678,328;5682,328;5687,326;5691,328;5695,334;5700,332;5704,318;5708,318;5713,330;5717,322;5721,336;5726,322;5730,320;5734,320;5739,334;5743,326;5747,310;5752,324;5756,310;5761,324;5765,316;5769,330;5774,328;5778,328;5782,314;5787,340;5791,332;5795,318;5800,332;5804,318;5808,318;5813,316;5817,338;5821,322;5826,336;5830,322;5835,336;5839,320;5843,314;5848,326;5852,326;5856,326;5861,312;5865,318;5869,318;5874,288;5878,302;5882,316;5887,302;5891,294;5895,306;5900,292;5904,306;5909,292;5913,312;5917,296;5922,296;5926,282;5930,296;5935,294;5939,286;5943,300;5948,286;5952,298;5956,284;5961,298;5965,304;5969,318;5974,304;5978,304;5983,302;5987,280;5991,294;5996,292;6000,292;6004,292;6009,292;6013,298;6017,298;6022,296;6026,310;6030,296;6035,294;6039,288;6043,300;6048,300;6052,300;6057,298;6061,292;6065,304;6070,290;6074,274;6078,288;6083,300;6087,294;6091,308;6096,292;6100,306;6104,292;6109,290;6113,312;6117,298;6122,310;6126,310;6131,308;6135,286;6139,286;6144,300;6148,284;6152,298;6157,298;6161,304;6165,302;6170,302;6174,302;6178,302;6183,300;6187,278;6192,292;6196,292;6200,292;6205,290;6209,310;6213,296;6218,310;6222,294;6226,294;6231,292;6235,272;6239,284;6244,254;6248,268;6252,268;6257,274;6261,274;6266,272;6270,272;6274,256;6279,270;6283,262;6287,262;6292,276;6296,260;6300,274;6305,280;6309,280;6313,278;6318,264;6322,250;6326,276;6331,256;6335,282;6340,254;6344,268;6348,252;6353,252;6357,274;6361,260;6366,272;6370,242;6374,270;6379,262;6383,262;6387,262;6392,260;6396,246;6400,258;6405,266;6409,280;6414,264;6418,264;6422,264;6427,234;6431,268;6435,268;6440,254;6444,240;6448,268;6453,274;6457,244;6461,258;6466,230;6470,272;6474,272;6479,262;6483,248;6488,262;6492,234;6496,276;6501,262;6505,238;6509,252;6514,238;6518,266;6522,252;6527,272;6531,244;6535,258;6540,256;6544,270;6549,254;6553,262;6557,262;6562,246;6566,274;6570,274;6575,260;6579,266;6583,250;6588,278;6592,264;6596,264;\r\nBuffer sent in 0.973 secondsreturn;buffer;965\r\nreceived from UR: measure -> measure (0,1)\r\nSTEPPER: Moving to mstep: 6600 with speed [msteps/sec]: 1000 in StealthChop.\r\n'), 13:22:10
bytearray(b'STEPPER: Moving to mstep: 2400 with speed [msteps/sec]: 4000 in SpreadCycle.\r\n'), 13:22:14
bytearray(b'STEPPER: Moved 4200.00 msteps (ramp: 35%) in 1324.880 ms -> average speed [msteps/sec]: 3170.10\r\nreturn;measure;965\r\n'), 13:22:16
bytearray(b'received from UR: buffer -> buffer (0,1)\r\nSending buffer of size 965data;2400,314;2404,450;2408,162;2413,276;2417,318;2421,326;2426,340;2430,324;2434,340;2439,324;2443,332;2447,330;2452,318;2456,330;2460,330;2465,328;2469,322;2474,336;2478,322;2482,336;2487,320;2491,314;2495,326;2500,326;2504,326;2508,326;2513,326;2517,332;2521,332;2526,318;2530,332;2534,332;2539,332;2543,324;2548,310;2552,324;2556,308;2561,336;2565,328;2569,328;2574,328;2578,328;2582,326;2587,326;2591,332;2595,318;2600,332;2604,318;2608,316;2613,316;2617,338;2622,322;2626,336;2630,322;2635,336;2639,328;2643,314;2648,326;2652,312;2656,326;2661,326;2665,334;2669,318;2674,332;2678,318;2682,332;2687,330;2691,324;2696,322;2700,322;2704,322;2709,322;2713,328;2717,328;2722,328;2726,328;2730,328;2735,326;2739,320;2743,334;2748,320;2752,320;2756,318;2761,332;2765,324;2770,324;2774,324;2778,338;2783,322;2787,328;2791,328;2796,314;2800,328;2804,312;2809,326;2813,334;2817,348;2822,332;2826,346;2830,330;2835,346;2839,324;2844,322;2848,322;2852,322;2857,322;2861,328;2865,342;2870,326;2874,326;2878,326;2883,328;2887,332;2891,332;2896,330;2900,316;2904,330;2909,330;2913,336;2918,322;2922,336;2926,320;2931,334;2935,326;2939,312;2944,326;2948,312;2952,338;2957,324;2961,332;2965,330;2970,330;2974,316;2979,330;2983,328;2987,320;2992,334;2996,320;3000,334;3005,320;3009,340;3013,326;3018,338;3022,324;3026,324;3031,324;3035,330;3039,328;3044,314;3048,314;3053,312;3057,326;3061,318;3066,330;3070,316;3074,330;3079,328;3083,320;3087,320;3092,318;3096,332;3100,332;3105,330;3109,322;3113,336;3118,336;3122,334;3127,334;3131,312;3135,338;3140,324;3144,338;3148,322;3153,336;3157,328;3161,328;3166,326;3170,340;3174,326;3179,340;3183,332;3187,316;3192,330;3196,316;3201,314;3205,320;3209,348;3214,320;3218,334;3222,320;3227,332;3231,338;3235,324;3240,322;3244,322;3248,322;3253,322;3257,328;3261,326;3266,340;3270,326;3275,326;3279,332;3283,330;3288,318;3292,316;3296,316;3301,316;3305,336;3309,320;3314,334;3318,320;3322,334;3327,334;3331,312;3335,326;3340,310;3344,324;3349,324;3353,330;3357,330;3362,330;3366,330;3370,330;3375,314;3379,322;3383,334;3388,320;3392,332;3396,320;3401,332;3405,326;3409,338;3414,324;3418,338;3423,324;3427,316;3431,314;3436,316;3440,328;3444,328;3449,328;3453,320;3457,332;3462,318;3466,332;3470,318;3475,330;3479,324;3483,310;3488,310;3492,308;3497,336;3501,328;3505,328;3510,326;3514,328;3518,326;3523,340;3527,332;3531,318;3536,330;3540,316;3544,330;3549,316;3553,336;3558,322;3562,336;3566,320;3571,334;3575,328;3579,312;3584,326;3588,326;3592,324;3597,324;3601,344;3605,328;3610,344;3614,314;3618,342;3623,314;3627,320;3632,334;3636,320;3640,330;3645,318;3649,338;3653,322;3658,336;3662,322;3666,336;3671,320;3675,314;3679,326;3684,326;3688,324;3692,324;3697,324;3701,330;3706,330;3710,330;3714,330;3719,316;3723,322;3727,334;3732,320;3736,320;3740,320;3745,334;3749,326;3753,326;3758,324;3762,338;3767,324;3771,316;3775,330;3780,316;3784,316;3788,314;3793,342;3797,320;3801,334;3806,320;3810,334;3814,318;3819,334;3823,326;3827,324;3832,324;3836,324;3841,324;3845,316;3849,330;3854,328;3858,328;3862,328;3867,328;3871,320;3875,318;3880,332;3884,318;3888,318;3893,316;3897,338;3901,322;3906,336;3910,322;3915,322;3919,322;3923,314;3928,342;3932,314;3936,326;3941,312;3945,334;3949,318;3954,332;3958,318;3962,330;3967,316;3971,324;3975,336;3980,322;3984,336;3989,322;3993,336;3997,328;4002,342;4006,326;4010,328;4015,326;4019,318;4023,318;4028,318;4032,318;4036,316;4041,332;4045,324;4049,338;4054,322;4058,336;4063,322;4067,314;4071,328;4076,312;4080,328;4084,326;4089,324;4093,318;4097,330;4102,330;4106,330;4110,328;4115,328;4119,334;4123,320;4128,332;4132,318;4137,332;4141,316;4145,324;4150,338;4154,338;4158,322;4163,334;4167,330;4171,328;4176,328;4180,312;4184,326;4189,326;4193,332;4197,318;4202,332;4206,318;4211,332;4215,322;4219,322;4224,322;4228,322;4232,336;4237,334;4241,326;4245,326;4250,340;4254,324;4258,326;4263,324;4267,316;4271,330;4276,314;4280,314;4285,314;4289,328;4293,318;4298,332;4302,318;4306,332;4311,332;4315,308;4319,322;4324,308;4328,336;4332,322;4337,334;4341,326;4346,326;4350,324;4354,326;4359,326;4363,316;4367,330;4372,316;4376,314;4380,314;4385,342;4389,320;4393,334;4398,318;4402,332;4406,316;4411,344;4415,336;4420,322;4424,320;4428,320;4433,334;4437,312;4441,340;4446,324;4450,338;4454,324;4459,338;4463,330;4467,330;4472,328;4476,314;4480,328;4485,312;4489,332;4494,318;4498,332;4502,318;4507,332;4511,324;4515,310;4520,322;4524,308;4528,336;4533,322;4537,328;4541,328;4546,328;4550,326;4554,326;4559,326;4563,318;4568,332;4572,316;4576,330;4581,318;4585,336;4589,320;4594,336;4598,322;4602,336;4607,322;4611,326;4615,326;4620,312;4624,312;4628,310;4633,310;4637,330;4642,344;4646,328;4650,342;4655,328;4659,318;4663,332;4668,332;4672,332;4676,316;4681,316;4685,322;4689,322;4694,334;4698,334;4702,320;4707,312;4711,324;4716,324;4720,322;4724,308;4729,322;4733,316;4737,342;4742,326;4746,326;4750,326;4755,326;4759,332;4763,330;4768,330;4772,316;4776,328;4781,314;4785,334;4790,320;4794,346;4798,332;4803,346;4807,322;4811,308;4816,336;4820,322;4824,334;4829,320;4833,340;4837,326;4842,338;4846,324;4851,338;4855,322;4859,314;4864,328;4868,314;4872,328;4877,326;4881,332;4885,318;4890,332;4894,330;4898,330;4903,328;4907,320;4911,334;4916,334;4920,334;4925,318;4929,326;4933,324;4938,324;4942,324;4946,338;4951,336;4955,314;4959,314;4964,314;4968,328;4972,326;4977,328;4981,332;4985,334;4990,332;4994,332;4999,318;5003,324;5007,324;5012,322;5016,322;5020,308;5025,320;5029,328;5033,340;5038,326;5042,340;5046,324;5051,338;5055,332;5059,330;5064,330;5068,316;5073,328;5077,328;5081,334;5086,320;5090,332;5094,318;5099,332;5103,324;5107,310;5112,322;5116,322;5120,322;5125,308;5129,328;5134,326;5138,326;5142,326;5147,338;5151,332;5155,316;5160,318;5164,302;5168,316;5173,316;5177,336;5181,322;5186,336;5190,322;5194,334;5199,320;5203,326;5208,326;5212,310;5216,324;5221,322;5225,322;5229,328;5234,342;5238,326;5242,340;5247,324;5251,318;5255,330;5260,314;5264,314;5268,314;5273,314;5277,332;5282,332;5286,332;5290,330;5295,316;5299,322;5303,322;5308,320;5312,320;5316,318;5321,334;5325,324;5329,324;5334,324;5338,338;5342,336;5347,336;5351,314;5356,312;5360,328;5364,326;5369,326;5373,316;5377,330;5382,316;5386,342;5390,328;5395,328;5399,320;5403,306;5408,334;5412,320;5416,332;5421,318;5425,338;5430,322;5434,336;5438,320;5443,334;5447,328;5451,326;5456,324;5460,324;5464,324;5469,322;5473,328;5477,314;5482,328;5486,326;5490,326;5495,326;5499,332;5504,330;5508,316;5512,330;5517,316;5521,322;5525,320;5530,334;5534,318;5538,332;5543,318;5547,310;5551,324;5556,322;5560,322;5565,308;5569,320;5573,312;5578,340;5582,312;5586,326;5591,324;5595,316;5599,330;5604,314;5608,314;5612,314;5617,342;5621,318;5625,334;5630,318;5634,332;5639,318;5643,332;5647,324;5652,322;5656,322;5660,322;5665,320;5669,326;5673,326;5678,326;5682,340;5686,324;5691,324;5695,330;5699,330;5704,328;5708,314;5713,328;5717,320;5721,334;5726,332;5730,332;5734,330;5739,332;5743,322;5747,308;5752,336;5756,322;5760,334;5765,320;5769,326;5773,326;5778,326;5782,324;5787,338;5791,322;5795,314;5800,328;5804,328;5808,328;5813,312;5817,332;5821,318;5826,332;5830,316;5834,330;5839,328;5843,320;5847,320;5852,304;5856,318;5861,318;5865,324;5869,310;5874,322;5878,306;5882,306;5887,304;5891,296;5895,296;5900,296;5904,294;5908,294;5913,294;5917,300;5921,300;5926,284;5930,298;5935,296;5939,288;5943,302;5948,302;5952,300;5956,300;5961,300;5965,292;5969,304;5974,290;5978,304;5982,290;5987,282;5991,294;5996,294;6000,294;6004,292;6009,292;6013,298;6017,310;6022,296;6026,310;6030,296;6035,308;6039,300;6043,300;6048,298;6052,298;6056,298;6061,290;6065,304;6070,288;6074,288;6078,302;6083,302;6087,280;6091,292;6096,306;6100,306;6104,290;6109,304;6113,310;6117,296;6122,294;6126,292;6130,290;6135,298;6139,282;6144,296;6148,296;6152,296;6157,296;6161,302;6165,300;6170,300;6174,298;6178,298;6183,298;6187,290;6191,288;6196,288;6200,288;6205,288;6209,294;6213,292;6218,306;6222,292;6226,304;6231,290;6235,282;6239,266;6244,266;6248,266;6252,266;6257,242;6261,270;6265,284;6270,284;6274,270;6279,282;6283,260;6287,260;6292,246;6296,274;6300,274;6305,272;6309,264;6313,248;6318,276;6322,276;6326,276;6331,268;6335,268;6339,268;6344,266;6348,266;6353,266;6357,272;6361,256;6366,270;6370,284;6374,270;6379,248;6383,274;6387,274;6392,274;6396,272;6400,272;6405,264;6409,264;6413,262;6418,218;6422,274;6427,274;6431,252;6435,266;6440,278;6444,262;6448,248;6453,248;6457,268;6461,266;6466,266;6470,264;6474,222;6479,270;6483,270;6487,268;6492,254;6496,268;6501,252;6505,244;6509,272;6514,272;6518,272;6522,270;6527,256;6531,278;6535,276;6540,262;6544,262;6548,248;6553,252;6557,268;6561,266;6566,266;6570,266;6575,264;6579,270;6583,268;6588,268;6592,268;6596,254;\r\nBuffer sent in 0.973 secondsreturn;buffer;965\r\n'), 13:22:19
