bytearray(b'received from UR: s -> s (0,1)\r\n*** STATUS ***\r\nid        :         3 -\r\nstep      :      2400 steps\r\nspeed     :      1500 msteps/s\r\nmspeed    :      1000 msteps/s\r\nsg-thrs   :        80 -\r\ndefault   :     12000 \xc2\xb5m\r\ndispense  :     14640 \xc2\xb5m\r\nblowout   :     33000 \xc2\xb5m\r\nd-offset  :        20 \xc2\xb5m\r\nur0       :         1 -\r\nur1       :         1 -\r\nhomed     :         1 -\r\nreturn;s;2400\r\n'), 13:30:46
bytearray(b'received from UR: measure -> measure (0,1)\r\nSTEPPER: Moving to mstep: 6600 with speed [msteps/sec]: 1000 in StealthChop.\r\n'), 13:30:48
bytearray(b'STEPPER: Moving to mstep: 2400 with speed [msteps/sec]: 4000 in SpreadCycle.\r\n'), 13:30:53
bytearray(b'STEPPER: Moved 4200.00 msteps (ramp: 35%) in 1324.892 ms -> average speed [msteps/sec]: 3170.07\r\nreturn;measure;965\r\n'), 13:30:54
bytearray(b'received from UR: buffer -> buffer (0,1)\r\nSending buffer of size 965data;2400,298;2404,452;2408,164;2413,278;2417,308;2421,328;2426,342;2430,314;2434,328;2439,314;2443,320;2447,332;2452,320;2456,320;2460,318;2465,318;2469,324;2474,338;2478,324;2482,338;2487,324;2491,330;2495,330;2500,330;2504,328;2508,316;2513,328;2517,322;2521,336;2526,322;2530,336;2534,320;2539,334;2543,328;2548,314;2552,326;2556,312;2561,326;2565,332;2569,332;2574,318;2578,332;2582,316;2587,332;2591,338;2595,324;2600,324;2604,308;2608,322;2613,308;2617,344;2622,330;2626,344;2630,330;2635,330;2639,322;2643,322;2648,336;2652,322;2656,322;2661,320;2665,328;2669,326;2674,326;2678,326;2682,328;2687,324;2691,330;2696,330;2700,318;2704,316;2709,316;2713,324;2717,322;2722,336;2726,322;2730,336;2735,322;2739,328;2743,342;2748,326;2752,326;2757,312;2761,326;2765,318;2770,334;2774,318;2778,346;2783,318;2787,324;2791,324;2796,310;2800,322;2804,308;2809,322;2813,328;2817,342;2822,314;2826,342;2831,314;2835,326;2839,332;2844,318;2848,318;2852,318;2857,318;2861,324;2865,338;2870,322;2874,322;2878,322;2883,322;2887,328;2891,326;2896,328;2900,312;2905,326;2909,326;2913,334;2918,318;2922,332;2926,318;2931,332;2935,338;2939,324;2944,338;2948,310;2952,324;2957,322;2961,330;2965,314;2970,328;2974,314;2979,328;2983,328;2987,320;2992,334;2996,306;3000,320;3005,320;3009,340;3013,324;3018,340;3022,322;3026,338;3031,324;3035,330;3039,330;3044,316;3048,316;3053,316;3057,328;3061,322;3066,336;3070,320;3074,336;3079,320;3083,328;3087,326;3092,326;3096,326;3100,312;3105,324;3109,318;3113,332;3118,316;3122,330;3127,316;3131,322;3135,324;3140,308;3144,322;3148,322;3153,334;3157,328;3161,340;3166,326;3170,340;3174,312;3179,340;3183,332;3187,320;3192,332;3196,318;3201,332;3205,324;3209,338;3214,324;3218,338;3222,322;3227,352;3231,316;3235,312;3240,314;3244,314;3248,328;3253,328;3257,334;3261,320;3266,334;3270,320;3275,334;3279,326;3283,326;3288,324;3292,324;3296,324;3301,324;3305,332;3309,316;3314,330;3318,316;3322,330;3327,330;3331,322;3336,336;3340,308;3344,320;3349,320;3353,326;3357,326;3362,326;3366,324;3370,326;3375,324;3379,318;3383,330;3388,316;3392,330;3396,316;3401,330;3405,322;3410,336;3414,322;3418,336;3423,320;3427,312;3431,326;3436,326;3440,326;3444,324;3449,326;3453,316;3457,330;3462,330;3466,330;3470,314;3475,328;3479,320;3484,320;3488,334;3492,320;3497,318;3501,324;3505,326;3510,324;3514,324;3518,322;3523,324;3527,328;3531,314;3536,328;3540,314;3544,328;3549,312;3553,334;3558,332;3562,332;3566,318;3571,344;3575,322;3579,322;3584,336;3588,322;3592,322;3597,306;3601,328;3605,326;3610,340;3614,326;3619,340;3623,318;3627,304;3632,316;3636,316;3640,330;3645,316;3649,336;3653,322;3658,336;3662,320;3666,334;3671,320;3675,326;3679,326;3684,312;3688,324;3693,324;3697,324;3701,316;3706,330;3710,330;3714,330;3719,328;3723,306;3727,320;3732,306;3736,332;3740,318;3745,332;3749,324;3753,338;3758,322;3762,338;3767,322;3771,314;3775,328;3780,314;3784,326;3788,312;3793,326;3797,318;3801,332;3806,316;3810,330;3814,314;3819,330;3823,336;3827,320;3832,320;3836,320;3841,320;3845,320;3849,340;3854,324;3858,338;3862,324;3867,338;3871,330;3875,316;3880,328;3884,328;3888,328;3893,328;3897,334;3901,320;3906,334;3910,332;3915,332;3919,326;3923,310;3928,324;3932,324;3936,338;3941,322;3945,330;3949,328;3954,328;3958,328;3962,328;3967,328;3971,304;3975,318;3980,304;3984,332;3989,318;3993,332;3997,324;4002,338;4006,320;4010,338;4015,322;4019,330;4023,330;4028,328;4032,328;4036,314;4041,328;4045,320;4050,334;4054,320;4058,334;4063,318;4067,326;4071,326;4076,324;4080,324;4084,310;4089,324;4093,330;4097,330;4102,314;4106,330;4110,328;4115,328;4119,334;4124,320;4128,334;4132,306;4137,320;4141,326;4145,340;4150,326;4154,338;4158,324;4163,326;4167,330;4171,318;4176,330;4180,316;4184,330;4189,302;4193,336;4198,320;4202,336;4206,320;4211,334;4215,326;4219,308;4224,324;4228,310;4232,324;4237,324;4241,330;4245,316;4250,330;4254,316;4258,328;4263,314;4267,320;4272,334;4276,318;4280,318;4285,320;4289,326;4293,324;4298,324;4302,324;4306,338;4311,324;4315,316;4319,330;4324,316;4328,330;4332,316;4337,330;4341,322;4346,336;4350,322;4354,334;4359,334;4363,328;4367,326;4372,312;4376,326;4380,312;4385,338;4389,332;4393,346;4398,316;4402,344;4406,316;4411,306;4415,320;4420,320;4424,334;4428,320;4433,318;4437,324;4441,338;4446,322;4450,338;4454,308;4459,322;4463,300;4467,300;4472,312;4476,312;4480,312;4485,304;4489,304;4494,304;4498,318;4502,304;4507,302;4511,308;4515,294;4520,308;4524,308;4528,320;4533,306;4537,314;4541,300;4546,312;4550,312;4555,298;4559,318;4563,302;4568,302;4572,302;4576,316;4581,302;4585,308;4589,308;4594,322;4598,306;4602,320;4607,306;4611,298;4615,312;4620,298;4624,310;4629,310;4633,304;4637,288;4642,302;4646,302;4650,316;4655,300;4659,294;4663,306;4668,292;4672,306;4676,306;4681,298;4685,298;4689,298;4694,298;4698,312;4703,310;4707,288;4711,302;4716,288;4720,302;4724,288;4729,302;4733,308;4737,308;4742,308;4746,320;4750,308;4755,284;4759,298;4764,298;4768,312;4772,296;4777,308;4781,304;4785,318;4790,302;4794,318;4798,302;4803,316;4807,308;4811,294;4816,308;4820,292;4824,306;4829,306;4833,314;4838,312;4842,326;4846,312;4851,326;4855,302;4859,302;4864,302;4868,302;4872,302;4877,302;4881,308;4885,308;4890,322;4894,308;4898,308;4903,306;4907,298;4912,298;4916,298;4920,312;4925,298;4929,318;4933,302;4938,304;4942,302;4946,316;4951,316;4955,308;4959,308;4964,308;4968,306;4972,292;4977,306;4981,312;4986,314;4990,296;4994,312;4999,296;5003,304;5007,304;5012,304;5016,304;5020,302;5025,302;5029,296;5033,308;5038,294;5042,294;5046,294;5051,286;5055,300;5060,300;5064,298;5068,298;5073,300;5077,306;5081,306;5086,304;5090,318;5094,304;5099,282;5103,296;5107,296;5112,296;5116,282;5121,296;5125,316;5129,316;5134,302;5138,316;5142,314;5147,314;5151,306;5155,306;5160,320;5164,306;5168,306;5173,298;5177,312;5181,298;5186,296;5190,296;5195,310;5199,316;5203,302;5208,316;5212,286;5216,300;5221,300;5225,320;5229,306;5234,320;5238,306;5242,320;5247,298;5251,296;5255,296;5260,296;5264,296;5269,296;5273,316;5277,302;5282,316;5286,314;5290,314;5295,314;5299,306;5303,306;5308,292;5312,304;5316,304;5321,304;5325,310;5330,310;5334,308;5338,310;5343,308;5347,300;5351,300;5356,286;5360,300;5364,300;5369,298;5373,306;5377,320;5382,304;5386,318;5390,304;5395,296;5399,296;5404,282;5408,294;5412,294;5417,294;5421,300;5425,316;5430,314;5434,314;5438,300;5443,314;5447,290;5451,290;5456,290;5460,290;5464,302;5469,288;5473,310;5478,308;5482,308;5486,308;5491,308;5495,300;5499,286;5504,298;5508,298;5512,298;5517,284;5521,318;5525,304;5530,318;5534,302;5538,316;5543,308;5547,292;5552,306;5556,292;5560,304;5565,290;5569,324;5573,310;5578,324;5582,308;5586,322;5591,308;5595,286;5599,300;5604,298;5608,298;5613,284;5617,298;5621,304;5626,318;5630,302;5634,316;5639,302;5643,294;5647,292;5652,306;5656,306;5660,292;5665,292;5669,312;5673,312;5678,310;5682,310;5687,310;5691,288;5695,302;5700,302;5704,302;5708,288;5713,300;5717,308;5721,306;5726,290;5730,306;5734,304;5739,306;5743,312;5747,296;5752,310;5756,296;5761,308;5765,302;5769,302;5774,288;5778,302;5782,300;5787,314;5791,306;5795,292;5800,306;5804,292;5808,304;5813,296;5817,310;5821,296;5826,308;5830,308;5835,308;5839,300;5843,286;5848,286;5852,300;5856,300;5861,284;5865,306;5869,304;5874,304;5878,304;5882,304;5887,296;5891,282;5895,296;5900,296;5904,294;5909,280;5913,316;5917,314;5922,314;5926,314;5930,314;5935,312;5939,290;5943,304;5948,290;5952,302;5956,288;5961,302;5965,308;5970,308;5974,306;5978,320;5983,306;5987,284;5991,298;5996,296;6000,296;6004,282;6009,296;6013,302;6017,316;6022,300;6026,314;6030,314;6035,292;6039,292;6044,304;6048,290;6052,288;6057,302;6061,308;6065,308;6070,306;6074,306;6078,306;6083,282;6087,282;6091,268;6096,266;6100,252;6104,266;6109,286;6113,258;6118,284;6122,284;6126,282;6131,282;6135,288;6139,244;6144,272;6148,270;6152,284;6157,262;6161,260;6165,274;6170,288;6174,274;6179,272;6183,278;6187,278;6192,278;6196,276;6200,276;6205,262;6209,268;6213,280;6218,280;6222,280;6226,264;6231,270;6235,256;6239,256;6244,268;6248,254;6253,238;6257,288;6261,272;6266,272;6270,272;6274,242;6279,256;6283,276;6287,276;6292,262;6296,274;6300,260;6305,252;6309,280;6313,280;6318,266;6322,264;6327,264;6331,242;6335,284;6340,268;6344,282;6348,268;6353,260;6357,260;6361,260;6366,272;6370,286;6374,272;6379,278;6383,276;6387,276;6392,276;6396,274;6401,274;6405,280;6409,280;6414,278;6418,264;6422,262;6427,242;6431,270;6435,268;6440,268;6444,282;6448,268;6453,272;6457,286;6461,272;6466,270;6470,270;6475,234;6479,276;6483,264;6488,276;6492,276;6496,274;6501,268;6505,254;6509,282;6514,280;6518,266;6522,266;6527,284;6531,270;6535,270;6540,240;6544,268;6549,254;6553,260;6557,274;6562,274;6566,272;6570,258;6575,278;6579,264;6583,276;6588,262;6592,260;6596,246;\r\nBuffer sent in 0.973 secondsreturn;buffer;965\r\nreceived from UR: measure -> measure (0,1)\r\nSTEPPER: Moving to mstep: 6600 with speed [msteps/sec]: 1000 in StealthChop.\r\n'), 13:30:57
bytearray(b'STEPPER: Moving to mstep: 2400 with speed [msteps/sec]: 4000 in SpreadCycle.\r\n'), 13:31:02
bytearray(b'STEPPER: Moved 4200.00 msteps (ramp: 35%) in 1324.888 ms -> average speed [msteps/sec]: 3170.08\r\nreturn;measure;964\r\n'), 13:31:03
bytearray(b'received from UR: buffer -> buffer (0,1)\r\nSending buffer of size 964data;2400,306;2404,438;2408,192;2413,292;2417,326;2421,326;2426,340;2430,324;2434,338;2439,324;2443,330;2447,330;2452,330;2456,328;2460,314;2465,328;2469,322;2474,334;2478,320;2482,334;2487,320;2491,326;2495,326;2500,324;2504,324;2508,310;2513,324;2517,330;2521,328;2526,312;2530,328;2534,328;2539,328;2543,334;2548,318;2552,332;2556,318;2561,330;2565,322;2569,336;2574,320;2578,334;2582,318;2587,334;2591,338;2595,324;2600,324;2604,308;2608,322;2613,308;2617,342;2622,326;2626,340;2630,312;2635,326;2639,318;2643,330;2648,330;2652,328;2656,328;2661,312;2665,334;2669,332;2674,332;2678,316;2682,330;2687,316;2691,324;2696,336;2700,322;2704,322;2709,320;2713,328;2717,326;2722,326;2726,326;2730,326;2735,324;2739,330;2743,344;2748,316;2752,328;2756,314;2761,326;2765,320;2770,334;2774,332;2778,346;2783,318;2787,310;2791,324;2796,322;2800,336;2804,322;2809,336;2813,328;2817,342;2822,326;2826,342;2830,326;2835,340;2839,332;2844,318;2848,318;2852,318;2857,330;2861,324;2865,338;2870,322;2874,336;2878,322;2883,336;2887,328;2891,328;2896,328;2900,326;2905,326;2909,312;2913,334;2918,332;2922,332;2926,318;2931,332;2935,324;2939,324;2944,336;2948,320;2952,336;2957,308;2961,328;2965,328;2970,328;2974,312;2979,328;2983,320;2987,320;2992,332;2996,318;3000,332;3005,316;3009,338;3013,324;3018,336;3022,322;3026,336;3031,322;3035,328;3039,328;3044,328;3048,326;3053,312;3057,326;3061,320;3066,332;3070,318;3074,332;3079,318;3083,322;3087,322;3092,308;3096,322;3100,320;3105,334;3109,312;3114,326;3118,326;3122,326;3127,324;3131,318;3135,330;3140,316;3144,330;3148,330;3153,344;3157,320;3161,334;3166,320;3170,334;3174,320;3179,334;3183,338;3188,310;3192,338;3196,308;3201,322;3205,328;3209,342;3214,328;3218,342;3222,326;3227,340;3231,332;3235,318;3240,332;3244,318;3248,316;3253,316;3257,336;3261,322;3266,336;3270,320;3275,334;3279,326;3283,326;3288,326;3292,310;3296,322;3301,324;3305,346;3309,330;3314,330;3318,316;3322,330;3327,328;3331,320;3336,334;3340,306;3344,320;3349,318;3353,326;3357,324;3362,338;3366,322;3370,324;3375,322;3379,314;3383,328;3388,312;3392,326;3396,312;3401,326;3405,330;3410,346;3414,330;3418,330;3423,316;3427,308;3431,334;3436,320;3440,320;3444,318;3449,318;3453,324;3457,338;3462,324;3466,336;3470,322;3475,336;3479,328;3484,312;3488,314;3492,326;3497,326;3501,332;3505,332;3510,330;3514,330;3518,316;3523,328;3527,336;3531,320;3536,334;3540,318;3544,332;3549,320;3553,338;3558,324;3562,338;3566,322;3571,336;3575,342;3579,326;3584,326;3588,310;3592,324;3597,310;3601,346;3605,330;3610,344;3614,328;3618,342;3623,314;3627,320;3632,332;3636,318;3640,332;3645,318;3649,338;3653,322;3658,336;3662,322;3666,336;3671,320;3675,312;3679,326;3684,326;3688,326;3693,324;3697,324;3701,316;3706,330;3710,330;3714,330;3719,314;3723,308;3727,320;3732,320;3736,334;3740,320;3745,320;3749,324;3753,324;3758,324;3762,338;3767,324;3771,314;3775,328;3780,312;3784,326;3788,326;3793,340;3797,318;3801,332;3806,330;3810,330;3814,330;3819,330;3823,320;3827,320;3832,320;3836,320;3841,334;3845,318;3849,340;3854,324;3858,338;3862,324;3867,338;3871,316;3875,330;3880,330;3884,328;3888,328;3893,314;3897,334;3901,320;3906,334;3910,332;3915,332;3919,318;3923,310;3928,324;3932,322;3936,336;3941,322;3945,328;3949,328;3954,328;3958,326;3962,328;3967,312;3971,318;3975,320;3980,318;3984,332;3989,318;3993,332;3997,324;4002,338;4006,322;4010,338;4015,322;4019,314;4023,328;4028,328;4032,328;4036,328;4041,328;4045,318;4049,332;4054,318;4058,332;4063,318;4067,310;4071,324;4076,324;4080,336;4084,322;4089,322;4093,328;4097,328;4102,326;4106,326;4110,326;4115,326;4119,318;4123,318;4128,330;4132,316;4137,330;4141,322;4145,322;4150,336;4154,334;4158,320;4163,334;4167,326;4171,326;4176,338;4180,324;4184,322;4189,308;4193,328;4198,328;4202,328;4206,312;4211,340;4215,318;4219,332;4224,330;4228,330;4232,330;4237,314;4241,336;4245,320;4250,334;4254,318;4258,332;4263,318;4267,324;4272,336;4276,322;4280,336;4285,322;4289,328;4293,326;4298,326;4302,324;4306,324;4311,324;4315,330;4319,330;4324,314;4328,328;4332,312;4337,326;4341,332;4346,332;4350,318;4354,332;4359,316;4363,322;4367,336;4372,306;4376,320;4380,318;4385,332;4389,324;4393,338;4398,324;4402,322;4411,336;4415,328;4420,326;4424,326;4428,326;4433,324;4437,316;4441,330;4446,328;4450,328;4454,312;4459,326;4463,304;4467,302;4472,316;4476,316;4480,316;4485,300;4489,308;4494,306;4498,306;4502,304;4507,306;4511,310;4515,310;4520,310;4524,308;4528,310;4533,294;4537,314;4541,300;4546,298;4550,298;4554,310;4559,302;4563,288;4568,314;4572,300;4576,300;4581,284;4585,318;4589,304;4594,316;4598,302;4602,316;4607,314;4611,290;4615,304;4620,304;4624,304;4628,288;4633,302;4637,308;4642,308;4646,306;4650,320;4655,304;4659,296;4663,296;4668,296;4672,294;4676,294;4681,292;4685,312;4689,312;4694,312;4698,310;4702,310;4707,286;4711,300;4716,300;4720,300;4724,284;4729,298;4733,304;4737,318;4742,302;4746,316;4750,316;4755,316;4759,306;4763,294;4768,306;4772,290;4776,304;4781,312;4785,326;4790,310;4794,324;4798,310;4803,324;4807,302;4811,302;4816,300;4820,300;4824,298;4829,298;4833,318;4837,304;4842,316;4846,316;4851,314;4855,294;4859,306;4864,304;4868,290;4872,304;4877,304;4881,310;4885,308;4890,322;4894,308;4898,308;4903,306;4907,298;4911,298;4916,296;4920,296;4925,310;4929,302;4933,300;4938,314;4942,300;4946,310;4951,310;4955,302;4959,316;4964,300;4968,300;4972,312;4977,290;4981,304;4986,318;4990,302;4994,316;4999,314;5003,306;5007,306;5012,290;5016,304;5020,302;5025,302;5029,308;5033,322;5038,306;5042,306;5046,304;5051,296;5055,296;5060,294;5064,294;5068,294;5073,292;5077,312;5081,312;5086,312;5090,310;5094,310;5099,310;5103,300;5107,286;5112,298;5116,296;5120,298;5125,304;5129,316;5134,316;5138,316;5142,314;5147,314;5151,306;5155,292;5160,306;5164,292;5168,304;5173,290;5177,324;5181,310;5186,310;5190,294;5194,308;5199,306;5203,312;5208,312;5212,298;5216,296;5221,296;5225,316;5229,314;5234,316;5238,300;5242,314;5247,298;5251,304;5255,304;5260,316;5264,302;5268,302;5273,308;5277,308;5282,306;5286,306;5290,306;5295,292;5299,296;5303,310;5308,310;5312,310;5316,310;5321,308;5325,302;5329,316;5334,316;5338,314;5343,314;5347,292;5351,306;5356,292;5360,306;5364,290;5369,304;5373,312;5377,312;5382,310;5386,310;5390,310;5395,288;5399,302;5403,288;5408,300;5412,300;5417,300;5421,306;5425,320;5430,306;5434,306;5438,304;5443,320;5447,296;5451,296;5456,296;5460,296;5464,294;5469,302;5473,314;5478,314;5482,300;5486,300;5491,314;5495,292;5499,292;5504,292;5508,290;5512,292;5517,290;5521,310;5525,310;5530,310;5534,310;5538,310;5543,302;5547,286;5552,300;5556,300;5560,314;5565,284;5569,320;5573,304;5578,318;5582,304;5586,318;5591,302;5595,294;5599,294;5604,294;5608,308;5612,292;5617,306;5621,312;5626,312;5630,312;5634,326;5639,310;5643,288;5647,302;5652,302;5656,300;5660,288;5665,300;5669,308;5673,306;5678,306;5682,320;5686,306;5691,296;5695,298;5700,296;5704,296;5708,296;5713,296;5717,314;5721,314;5726,314;5730,314;5734,314;5739,314;5743,304;5747,290;5752,304;5756,288;5761,302;5765,308;5769,308;5774,308;5778,322;5782,306;5787,292;5791,298;5795,298;5800,312;5804,298;5808,310;5813,296;5817,302;5821,288;5826,302;5830,300;5835,300;5839,306;5843,292;5848,304;5852,290;5856,304;5861,304;5865,296;5869,294;5874,294;5878,308;5882,308;5887,300;5891,298;5896,298;5900,284;5904,298;5909,284;5913,318;5917,304;5922,302;5926,288;5930,302;5935,302;5939,308;5943,306;5948,304;5952,306;5956,292;5961,304;5965,296;5970,298;5974,296;5978,310;5983,296;5987,302;5991,316;5996,286;6000,300;6004,298;6009,298;6013,304;6017,318;6022,302;6026,316;6030,300;6035,294;6039,292;6044,292;6048,292;6052,304;6057,290;6061,310;6065,310;6070,308;6074,308;6078,306;6083,306;6087,284;6091,268;6096,268;6100,266;6104,266;6109,286;6113,286;6118,284;6122,284;6126,268;6131,248;6135,274;6139,274;6144,272;6148,272;6152,272;6157,278;6161,276;6165,276;6170,260;6174,260;6178,272;6183,278;6187,278;6192,278;6196,276;6200,276;6205,254;6209,238;6213,280;6218,280;6222,278;6226,278;6231,268;6235,254;6239,268;6244,268;6248,280;6252,278;6257,256;6261,270;6266,284;6270,270;6274,254;6279,282;6283,274;6287,274;6292,272;6296,270;6300,256;6305,262;6309,260;6313,232;6318,274;6322,286;6327,286;6331,264;6335,278;6340,262;6344,262;6348,234;6353,276;6357,282;6361,282;6366,266;6370,252;6374,252;6379,286;6383,272;6387,270;6392,270;6396,270;6401,268;6405,274;6409,274;6414,274;6418,260;6422,258;6427,230;6431,264;6435,264;6440,262;6444,262;6448,260;6453,280;6457,282;6462,266;6466,250;6470,278;6475,278;6479,270;6483,270;6488,270;6492,254;6496,254;6501,274;6505,274;6509,274;6514,272;6518,258;6522,242;6527,278;6531,248;6536,262;6540,262;6544,260;6549,232;6553,280;6557,278;6562,278;6566,264;6570,250;6575,270;6579,270;6583,268;6588,268;6592,268;6596,266;\r\nBuffer sent in 0.972 secondsreturn;buffer;964\r\nreceived from UR: measure -> measure (0,1)\r\nSTEPPER: Moving to mstep: 6600 with speed [msteps/sec]: 1000 in StealthChop.\r\n'), 13:31:06
bytearray(b'STEPPER: Moving to mstep: 2400 with speed [msteps/sec]: 4000 in SpreadCycle.\r\n'), 13:31:11
bytearray(b'STEPPER: Moved 4200.00 msteps (ramp: 35%) in 1324.880 ms -> average speed [msteps/sec]: 3170.10\r\nreturn;measure;965\r\n'), 13:31:12
bytearray(b'received from UR: buffer -> buffer (0,1)\r\nSending buffer of size 965data;2400,300;2404,448;2408,160;2413,274;2417,316;2421,322;2426,338;2430,322;2434,336;2439,320;2443,328;2447,326;2452,326;2456,324;2460,310;2465,324;2469,330;2474,344;2478,330;2482,330;2487,328;2491,342;2495,334;2500,320;2504,320;2508,332;2513,332;2517,324;2521,326;2526,324;2530,338;2534,324;2539,336;2543,342;2548,328;2552,328;2556,314;2561,328;2565,320;2569,334;2574,320;2578,334;2582,318;2587,332;2591,326;2595,324;2600,324;2604,310;2608,322;2613,308;2617,344;2622,316;2626,328;2630,328;2635,328;2639,320;2643,320;2648,320;2652,306;2656,320;2661,320;2665,340;2669,326;2674,338;2678,324;2682,338;2687,324;2691,330;2696,330;2700,314;2704,328;2709,328;2713,332;2717,318;2722,332;2726,318;2730,346;2735,332;2739,310;2743,322;2748,308;2752,336;2756,322;2761,334;2765,326;2770,340;2774,312;2778,340;2783,324;2787,316;2791,330;2796,316;2800,328;2804,314;2809,314;2813,320;2817,336;2822,318;2826,332;2830,318;2835,332;2839,324;2844,308;2848,322;2852,308;2857,320;2861,328;2865,342;2870,326;2874,340;2878,326;2883,338;2887,330;2891,330;2896,328;2900,314;2904,314;2909,314;2913,334;2918,320;2922,332;2926,318;2931,332;2935,324;2939,310;2944,322;2948,308;2952,322;2957,320;2961,342;2965,326;2970,340;2974,324;2979,338;2983,324;2987,330;2992,330;2996,316;3000,330;3005,314;3009,336;3013,320;3018,336;3022,320;3026,334;3031,318;3035,326;3039,326;3044,324;3048,324;3053,324;3057,324;3061,330;3066,330;3070,330;3074,330;3079,314;3083,336;3087,334;3092,320;3096,320;3100,318;3105,332;3109,324;3113,324;3118,324;3122,324;3127,324;3131,316;3135,316;3140,316;3144,344;3148,328;3153,328;3157,320;3161,334;3166,320;3170,334;3174,318;3179,332;3183,324;3187,324;3192,324;3196,308;3201,322;3205,314;3209,342;3214,314;3218,328;3222,326;3227,342;3231,334;3235,318;3240,320;3244,304;3248,316;3253,316;3257,338;3261,336;3266,336;3270,322;3275,334;3279,320;3283,326;3288,326;3292,324;3296,324;3301,324;3305,330;3309,330;3314,330;3318,314;3322,342;3327,328;3331,320;3335,332;3340,318;3344,332;3349,332;3353,324;3357,322;3362,336;3366,336;3370,334;3375,320;3379,312;3383,338;3388,324;3392,324;3396,310;3401,324;3405,330;3409,330;3414,328;3418,328;3423,326;3427,318;3431,332;3436,318;3440,316;3444,316;3449,316;3453,320;3457,334;3462,320;3466,334;3470,320;3475,332;3479,324;3484,322;3488,322;3492,322;3497,322;3501,326;3505,328;3510,326;3514,326;3518,324;3523,326;3527,330;3531,316;3536,316;3540,314;3544,342;3549,326;3553,334;3558,318;3562,332;3566,318;3571,332;3575,336;3579,322;3584,334;3588,306;3592,320;3597,318;3601,340;3605,324;3610,338;3614,322;3619,336;3623,320;3627,328;3632,326;3636,326;3640,324;3645,310;3649,332;3653,330;3658,344;3662,330;3666,330;3671,328;3675,320;3679,334;3684,334;3688,332;3693,318;3697,330;3701,324;3706,336;3710,322;3714,336;3719,320;3723,326;3727,326;3732,326;3736,326;3740,310;3745,324;3749,316;3753,330;3758,328;3762,328;3767,328;3771,320;3775,332;3780,334;3784,332;3788,318;3793,330;3797,322;3801,336;3806,322;3810,336;3814,320;3819,334;3823,326;3827,326;3832,326;3836,326;3841,324;3845,324;3849,344;3854,330;3858,330;3862,314;3867,342;3871,334;3875,320;3880,332;3884,304;3888,318;3893,318;3897,338;3901,322;3906,336;3910,322;3915,336;3919,334;3923,312;3928,326;3932,312;3936,340;3941,324;3945,332;3949,330;3954,330;3958,316;3962,330;3967,328;3971,320;3975,334;3980,318;3984,332;3989,318;3993,330;3997,322;4002,336;4006,322;4010,336;4015,336;4019,312;4023,312;4028,312;4032,326;4036,326;4041,324;4045,316;4049,330;4054,330;4058,330;4063,316;4067,322;4071,322;4076,320;4080,334;4084,332;4089,332;4093,324;4097,338;4102,336;4106,336;4110,322;4115,334;4119,340;4123,326;4128,326;4132,312;4137,324;4141,330;4145,328;4150,328;4154,328;4158,328;4163,342;4167,334;4171,318;4176,332;4180,304;4184,318;4189,316;4193,338;4198,322;4202,336;4206,320;4211,334;4215,320;4219,326;4224,326;4228,324;4232,324;4237,324;4241,344;4245,330;4250,342;4254,314;4258,328;4263,326;4267,320;4272,320;4276,318;4280,318;4285,316;4289,338;4293,322;4298,322;4302,322;4306,334;4311,320;4315,326;4319,326;4324,312;4328,324;4332,324;4337,324;4341,330;4346,330;4350,316;4354,328;4359,328;4363,320;4367,334;4372,318;4376,332;4380,318;4385,330;4389,322;4393,336;4398,320;4402,334;4406,320;4411,332;4415,324;4420,324;4424,324;4428,308;4433,308;4437,314;4441,342;4446,314;4450,328;4454,312;4459,326;4463,302;4467,302;4472,302;4476,300;4480,300;4485,306;4489,320;4494,304;4498,318;4502,304;4507,318;4511,308;4515,308;4520,308;4524,308;4528,306;4533,306;4537,312;4541,312;4546,310;4550,296;4554,310;4559,302;4563,286;4568,300;4572,300;4576,300;4581,298;4585,318;4589,304;4594,304;4598,302;4602,316;4607,302;4611,308;4615,308;4620,306;4624,292;4629,292;4633,312;4637,312;4642,312;4646,296;4650,310;4655,310;4659,302;4663,300;4668,300;4672,298;4676,298;4681,312;4685,304;4689,304;4694,302;4698,302;4703,302;4707,294;4711,306;4716,306;4720,292;4724,290;4729,318;4733,298;4737,310;4742,308;4746,308;4750,308;4755,300;4759,314;4764,314;4768,312;4772,298;4777,310;4781,302;4785,316;4790,314;4794,314;4798,298;4803,314;4807,318;4811,304;4816,302;4820,302;4824,316;4829,294;4833,306;4838,306;4842,306;4846,304;4851,318;4855,296;4859,308;4864,308;4868,306;4872,306;4877,292;4881,312;4885,298;4890,310;4894,298;4898,310;4903,302;4907,300;4912,314;4916,314;4920,300;4925,298;4929,306;4933,302;4938,318;4942,302;4946,304;4951,302;4955,294;4959,306;4964,292;4968,306;4972,304;4977,304;4981,310;4986,310;4990,308;4994,322;4999,308;5003,298;5007,298;5012,298;5016,298;5020,296;5025,296;5029,302;5033,316;5038,302;5042,314;5046,300;5051,292;5055,306;5060,306;5064,304;5068,304;5073,290;5077,296;5081,296;5086,294;5090,308;5094,308;5099,306;5103,300;5107,298;5112,298;5116,284;5120,298;5125,304;5129,316;5134,302;5138,302;5142,300;5147,314;5151,306;5155,306;5160,306;5164,290;5168,304;5173,304;5177,324;5181,308;5186,308;5190,308;5195,322;5199,314;5203,298;5208,312;5212,296;5216,296;5221,310;5225,316;5229,300;5234,314;5238,300;5242,312;5247,312;5251,304;5256,302;5260,302;5264,288;5269,300;5273,308;5277,292;5282,306;5286,304;5290,304;5295,304;5299,310;5303,310;5308,308;5312,294;5316,294;5321,322;5325,298;5330,298;5334,296;5338,310;5343,308;5347,300;5351,300;5356,286;5360,312;5364,298;5369,310;5373,302;5377,302;5382,302;5386,314;5390,300;5395,292;5399,304;5404,304;5408,304;5412,288;5417,302;5421,308;5425,306;5430,306;5434,318;5438,304;5443,318;5447,294;5451,294;5456,292;5460,292;5464,292;5469,304;5473,298;5478,296;5482,310;5486,308;5491,292;5495,300;5499,300;5504,298;5508,284;5512,296;5517,296;5521,304;5525,302;5530,302;5534,302;5538,302;5543,300;5547,306;5552,306;5556,292;5560,304;5565,304;5569,312;5573,296;5578,310;5582,294;5586,322;5591,306;5595,300;5599,300;5604,298;5608,312;5613,296;5617,316;5621,302;5626,316;5630,302;5634,316;5639,300;5643,306;5647,306;5652,290;5656,304;5660,304;5665,302;5669,296;5673,308;5678,308;5682,308;5687,306;5691,300;5695,298;5700,298;5704,308;5708,310;5713,310;5717,302;5721,316;5726,300;5730,300;5734,300;5739,292;5743,318;5748,304;5752,302;5756,290;5761,316;5765,294;5769,308;5774,294;5778,308;5782,306;5787,306;5791,298;5795,298;5800,296;5804,296;5808,308;5813,288;5817,300;5822,300;5826,312;5830,298;5835,312;5839,290;5843,304;5848,288;5852,288;5856,288;5861,288;5865,306;5869,292;5874,306;5878,304;5882,304;5887,296;5891,294;5896,294;5900,280;5904,292;5909,292;5913,300;5917,296;5922,298;5926,296;5930,310;5935,296;5939,302;5943,314;5948,300;5952,298;5956,284;5961,304;5965,290;5970,304;5974,302;5978,316;5983,300;5987,306;5991,306;5996,292;6000,290;6004,290;6009,318;6013,294;6017,308;6022,294;6026,308;6030,306;6035,312;6039,310;6044,298;6048,296;6052,296;6057,308;6061,286;6065,300;6070,298;6074,312;6078,298;6083,312;6087,274;6091,274;6096,258;6100,258;6104,270;6109,278;6113,262;6118,276;6122,276;6126,274;6131,274;6135,280;6139,280;6144,278;6148,278;6152,276;6157,282;6161,268;6165,280;6170,280;6174,278;6179,278;6183,284;6187,282;6192,282;6196,280;6200,280;6205,258;6209,242;6213,270;6218,284;6222,282;6226,282;6231,260;6235,258;6239,272;6244,272;6248,270;6253,270;6257,234;6261,262;6266,276;6270,260;6274,230;6279,274;6283,266;6287,264;6292,264;6296,264;6300,248;6305,270;6309,268;6313,268;6318,268;6322,224;6327,266;6331,272;6335,270;6340,258;6344,270;6348,270;6353,284;6357,276;6361,274;6366,260;6370,244;6374,272;6379,278;6383,278;6388,276;6392,262;6396,274;6401,274;6405,264;6409,236;6414,266;6418,278;6422,278;6427,268;6431,254;6435,254;6440,266;6444,266;6448,266;6453,272;6457,272;6462,272;6466,284;6470,270;6475,248;6479,276;6483,260;6488,274;6492,246;6496,258;6501,258;6505,278;6509,278;6514,248;6518,276;6522,276;6527,266;6531,266;6536,280;6540,280;6544,278;6549,264;6553,270;6557,270;6562,254;6566,268;6570,282;6575,274;6579,272;6583,272;6588,272;6592,270;6596,256;\r\nBuffer sent in 0.973 secondsreturn;buffer;965\r\nreceived from UR: measure -> measure (0,1)\r\nSTEPPER: Moving to mstep: 6600 with speed [msteps/sec]: 1000 in StealthChop.\r\n'), 13:31:15
bytearray(b'STEPPER: Moving to mstep: 2400 with speed [msteps/sec]: 4000 in SpreadCycle.\r\n'), 13:31:20
bytearray(b'STEPPER: Moved 4200.00 msteps (ramp: 35%) in 1324.892 ms -> average speed [msteps/sec]: 3170.07\r\nreturn;measure;964\r\n'), 13:31:21
bytearray(b'received from UR: buffer -> buffer (0,1)\r\nSending buffer of size 964data;2400,300;2404,434;2408,190;2413,290;2417,324;2421,324;2426,338;2430,322;2434,336;2439,320;2443,314;2447,328;2452,326;2456,326;2460,326;2465,340;2469,318;2474,332;2478,316;2482,330;2487,330;2491,322;2495,322;2500,320;2504,320;2508,320;2513,334;2517,326;2521,326;2526,324;2530,324;2534,324;2539,336;2543,328;2548,314;2552,328;2556,312;2561,326;2565,332;2569,332;2574,316;2578,330;2582,316;2587,328;2591,336;2595,320;2600,334;2604,306;2608,320;2613,320;2617,340;2622,324;2626,338;2630,324;2635,336;2639,330;2643,330;2648,328;2652,314;2656,314;2661,314;2665,334;2669,320;2674,334;2678,318;2682,332;2687,318;2691,324;2696,338;2700,322;2704,322;2709,308;2713,328;2717,328;2722,328;2726,326;2730,328;2735,326;2739,320;2743,332;2748,318;2752,330;2756,316;2761,330;2765,322;2770,336;2774,320;2778,334;2783,320;2787,326;2791,340;2796,312;2800,324;2804,310;2809,322;2813,316;2817,344;2822,328;2826,342;2830,314;2835,342;2839,320;2844,320;2848,332;2852,318;2857,318;2861,324;2865,338;2870,322;2874,336;2878,322;2883,334;2887,328;2891,326;2896,326;2900,326;2904,326;2909,310;2913,332;2918,318;2922,344;2926,330;2931,330;2935,336;2939,306;2944,320;2948,320;2952,332;2957,318;2961,324;2965,324;2970,338;2974,322;2979,336;2983,320;2987,312;2992,326;2996,326;3000,340;3005,324;3009,332;3013,316;3018,330;3022,330;3026,328;3031,314;3035,320;3039,318;3044,318;3048,332;3053,316;3057,316;3061,322;3066,336;3070,320;3074,334;3079,332;3083,310;3087,324;3092,322;3096,322;3100,306;3105,320;3109,326;3113,338;3118,324;3122,338;3127,322;3131,314;3135,328;3140,312;3144,326;3148,326;3153,338;3157,330;3161,330;3166,314;3170,328;3174,326;3179,340;3183,332;3187,304;3192,318;3196,316;3201,330;3205,322;3209,320;3218,334;3222,318;3227,332;3231,324;3235,324;3240,324;3244,322;3248,322;3253,308;3257,328;3261,328;3266,340;3270,312;3275,326;3279,318;3283,332;3288,330;3292,330;3296,328;3301,314;3305,334;3309,320;3314,334;3318,332;3322,346;3327,330;3331,308;3335,322;3340,322;3344,334;3349,320;3353,332;3357,326;3362,326;3366,324;3370,338;3375,324;3379,302;3383,316;3388,316;3392,330;3396,314;3401,328;3405,320;3409,334;3414,318;3418,332;3423,318;3427,346;3431,324;3436,322;3440,322;3444,306;3449,322;3453,326;3457,326;3462,326;3466,326;3470,324;3475,324;3479,330;3483,330;3488,330;3492,314;3497,314;3501,320;3505,334;3510,320;3514,334;3518,318;3523,332;3527,324;3531,310;3536,336;3540,320;3544,336;3549,320;3553,328;3557,326;3562,326;3566,324;3571,338;3575,324;3579,316;3584,344;3588,314;3592,342;3597,314;3601,334;3605,320;3610,334;3614,318;3618,332;3623,318;3627,324;3631,324;3636,322;3640,322;3645,306;3649,320;3653,326;3658,340;3662,324;3666,340;3671,324;3675,316;3679,330;3684,330;3688,330;3692,328;3697,328;3701,320;3706,334;3710,334;3714,332;3719,318;3723,324;3727,338;3732,324;3736,324;3740,308;3745,322;3749,328;3753,328;3758,314;3762,328;3766,326;3771,340;3775,332;3780,318;3784,318;3788,316;3793,330;3797,322;3801,336;3806,322;3810,336;3814,320;3819,334;3823,326;3827,326;3832,326;3836,324;3840,324;3845,310;3849,330;3854,330;3858,328;3862,314;3867,342;3871,320;3875,320;3880,334;3884,318;3888,318;3893,318;3897,340;3901,324;3906,338;3910,324;3914,338;3919,322;3923,302;3928,328;3932,314;3936,328;3941,326;3945,334;3949,332;3954,332;3958,330;3962,330;3967,330;3971,322;3975,334;3980,306;3984,320;3988,318;3993,332;3997,324;4002,338;4006,322;4010,336;4015,322;4019,314;4023,314;4028,314;4032,326;4036,326;4041,326;4045,318;4049,332;4054,318;4058,344;4062,330;4067,308;4071,322;4076,320;4080,334;4084,306;4089,320;4093,326;4097,338;4102,324;4106,336;4110,322;4115,336;4119,328;4123,326;4128,340;4132,326;4136,326;4141,310;4145,330;4150,316;4154,344;4158,328;4163,328;4167,334;4171,306;4176,320;4180,318;4184,332;4189,304;4193,338;4197,322;4202,336;4206,322;4210,336;4215,320;4219,312;4224,326;4228,324;4232,326;4237,324;4241,332;4245,316;4250,330;4254,330;4258,328;4263,314;4267,320;4271,320;4276,332;4280,332;4285,330;4289,330;4293,322;4298,322;4302,322;4306,336;4311,320;4315,312;4319,326;4324,326;4328,340;4332,324;4337,324;4341,330;4345,330;4350,330;4354,330;4359,314;4363,306;4367,320;4372,318;4376,332;4380,318;4385,332;4389,324;4393,338;4398,322;4402,336;4406,320;4411,334;4415,326;4420,312;4424,326;4428,324;4433,324;4437,316;4441,330;4446,314;4450,328;4454,314;4459,314;4463,306;4467,290;4472,304;4476,304;4480,304;4485,302;4489,322;4494,308;4498,308;4502,306;4507,306;4511,298;4515,298;4520,310;4524,296;4528,310;4533,310;4537,316;4541,314;4546,314;4550,314;4554,298;4559,306;4563,290;4568,304;4572,304;4576,318;4581,302;4585,308;4589,308;4594,308;4598,306;4602,292;4607,304;4611,298;4615,310;4620,310;4624,310;4628,310;4633,302;4637,288;4642,302;4646,300;4650,314;4655,300;4659,292;4663,304;4668,304;4672,304;4676,304;4681,302;4685,308;4689,308;4694,308;4698,308;4702,306;4707,298;4711,298;4716,284;4720,298;4724,298;4729,298;4733,304;4737,318;4742,302;4746,302;4750,302;4755,316;4759,308;4763,292;4768,320;4772,306;4776,318;4781,296;4785,310;4790,310;4794,310;4798,308;4803,294;4807,314;4811,300;4816,312;4820,298;4824,312;4829,310;4833,316;4837,302;4842,316;4846,316;4851,316;4855,294;4859,306;4864,306;4868,290;4872,304;4877,304;4881,312;4885,310;4890,310;4894,310;4898,310;4903,308;4907,300;4911,300;4916,300;4920,300;4925,298;4929,320;4933,306;4938,318;4942,318;4946,318;4951,304;4955,294;4959,308;4964,294;4968,294;4972,306;4977,306;4981,300;4985,314;4990,312;4994,312;4999,312;5003,290;5007,302;5012,288;5016,302;5020,302;5025,300;5029,308;5033,322;5038,306;5042,306;5046,306;5051,298;5055,298;5060,296;5064,296;5068,296;5073,296;5077,302;5081,316;5086,302;5090,302;5094,302;5099,316;5103,294;5107,294;5112,292;5116,292;5120,306;5125,290;5129,312;5134,312;5138,312;5142,310;5147,310;5151,316;5155,302;5160,316;5164,300;5168,300;5173,300;5177,320;5181,306;5186,320;5190,304;5194,320;5199,298;5203,296;5208,298;5212,296;5216,294;5221,294;5225,314;5229,300;5234,314;5238,312;5242,312;5247,312;5251,304;5255,302;5260,288;5264,302;5268,302;5273,308;5277,308;5282,322;5286,308;5290,306;5295,306;5299,298;5303,296;5308,296;5312,296;5316,310;5321,308;5325,300;5329,314;5334,314;5338,314;5342,312;5347,290;5351,304;5356,290;5360,302;5364,288;5369,302;5373,308;5377,308;5382,306;5386,320;5390,306;5395,284;5399,296;5403,296;5408,296;5412,282;5417,296;5421,302;5425,316;5430,300;5434,312;5438,300;5443,314;5447,292;5451,292;5456,290;5460,290;5464,290;5469,290;5473,310;5477,308;5482,308;5486,308;5491,308;5495,300;5499,300;5504,300;5508,298;5512,298;5517,298;5521,318;5525,304;5530,304;5534,302;5538,302;5543,302;5547,294;5552,308;5556,294;5560,308;5565,292;5569,314;5573,312;5578,314;5582,298;5586,326;5591,312;5595,290;5599,302;5604,302;5608,304;5612,288;5617,300;5621,306;5626,320;5630,306;5634,320;5639,304;5643,298;5647,296;5652,296;5656,296;5660,294;5665,294;5669,312;5673,314;5678,312;5682,312;5686,312;5691,304;5695,302;5700,288;5704,302;5708,302;5713,302;5717,308;5721,322;5726,308;5730,306;5734,306;5739,320;5743,298;5747,284;5752,298;5756,296;5760,296;5765,304;5769,318;5774,302;5778,316;5782,302;5787,316;5791,306;5795,292;5800,292;5804,292;5808,304;5813,290;5817,310;5821,310;5826,310;5830,308;5834,308;5839,300;5843,286;5848,298;5852,298;5856,296;5861,282;5865,304;5869,304;5874,302;5878,302;5882,302;5887,302;5891,280;5895,294;5900,292;5904,292;5909,292;5913,312;5917,312;5922,312;5926,310;5930,310;5935,310;5939,288;5943,302;5948,286;5952,300;5956,284;5961,298;5965,304;5969,318;5974,304;5978,316;5983,302;5987,294;5991,308;5996,292;6000,306;6004,306;6009,306;6013,298;6017,312;6022,296;6026,310;6030,296;6035,308;6039,302;6043,300;6048,300;6052,314;6057,300;6061,292;6065,304;6070,304;6074,304;6078,304;6083,290;6087,294;6091,280;6096,280;6100,252;6104,264;6109,284;6113,270;6118,284;6122,284;6126,282;6131,282;6135,288;6139,272;6144,272;6148,272;6152,284;6157,270;6161,276;6165,276;6170,260;6174,260;6178,232;6183,280;6187,266;6192,278;6196,264;6200,276;6205,248;6209,282;6213,268;6218,238;6222,266;6226,278;6231,266;6235,272;6239,270;6244,242;6248,282;6252,282;6257,260;6261,260;6266,258;6270,272;6274,272;6279,272;6283,250;6287,262;6292,262;6296,262;6300,234;6305,274;6309,282;6313,266;6318,266;6322,252;6326,280;6331,258;6335,258;6340,242;6344,284;6348,270;6353,284;6357,276;6361,262;6366,262;6370,246;6374,274;6379,268;6383,282;6387,280;6392,280;6396,252;6400,280;6405,272;6409,272;6414,258;6418,242;6422,270;6427,284;6431,276;6435,276;6440,274;6444,262;6448,260;6453,282;6457,268;6461,266;6466,252;6470,280;6474,280;6479,272;6483,272;6488,272;6492,242;6496,256;6501,256;6505,262;6509,276;6514,276;6518,276;6522,262;6527,254;6531,268;6535,282;6540,268;6544,280;6549,266;6553,258;6557,258;6562,258;6566,272;6570,272;6575,250;6579,234;6583,276;6588,262;6592,276;6596,276;\r\nBuffer sent in 0.972 secondsreturn;buffer;964\r\nreceived from UR: measure -> measure (0,1)\r\nSTEPPER: Moving to mstep: 6600 with speed [msteps/sec]: 1000 in StealthChop.\r\n'), 13:31:24
bytearray(b'STEPPER: Moving to mstep: 2400 with speed [msteps/sec]: 4000 in SpreadCycle.\r\n'), 13:31:29
bytearray(b'STEPPER: Moved 4200.00 msteps (ramp: 35%) in 1324.888 ms -> average speed [msteps/sec]: 3170.08\r\nreturn;measure;964\r\n'), 13:31:30
bytearray(b'received from UR: buffer -> buffer (0,1)\r\nSending buffer of size 964data;2400,292;2404,452;2408,164;2413,264;2417,320;2421,328;2426,342;2430,326;2434,340;2439,312;2443,318;2447,332;2452,330;2456,330;2460,316;2465,328;2469,322;2474,334;2478,320;2482,320;2487,318;2491,324;2495,338;2500,338;2504,322;2508,322;2513,322;2517,328;2521,328;2526,328;2530,326;2534,326;2539,326;2543,334;2548,332;2552,332;2556,316;2561,330;2565,322;2569,336;2574,322;2578,336;2582,320;2587,336;2591,326;2595,312;2600,340;2604,310;2608,324;2613,310;2617,344;2622,330;2626,344;2630,328;2635,342;2639,322;2643,320;2648,334;2652,320;2656,320;2661,306;2665,340;2669,324;2674,338;2678,324;2682,338;2687,324;2691,316;2696,330;2700,316;2704,328;2709,314;2713,336;2717,320;2722,334;2726,320;2730,334;2735,320;2739,312;2743,326;2748,312;2752,338;2756,310;2761,324;2765,316;2770,330;2774,328;2778,342;2783,312;2787,318;2791,332;2796,318;2800,346;2804,330;2809,330;2813,322;2817,334;2822,322;2826,336;2831,320;2835,312;2839,326;2844,324;2848,338;2852,324;2857,322;2861,316;2865,330;2870,330;2874,330;2878,316;2883,328;2887,336;2891,322;2896,334;2900,320;2905,334;2909,320;2913,328;2918,326;2922,340;2926,326;2931,326;2935,332;2939,316;2944,330;2948,316;2952,344;2957,330;2961,322;2965,322;2970,336;2974,322;2979,336;2983,320;2987,312;2992,328;2996,312;3000,326;3005,312;3009,334;3013,332;3018,332;3022,330;3026,344;3031,330;3035,322;3039,322;3044,308;3048,334;3053,320;3057,334;3061,312;3066,326;3070,324;3074,326;3079,324;3083,318;3087,330;3092,316;3096,316;3100,314;3105,328;3109,320;3113,334;3118,320;3122,334;3127,318;3131,312;3135,338;3140,324;3144,324;3148,310;3153,338;3157,330;3161,330;3166,328;3170,328;3174,314;3179,342;3183,334;3187,318;3192,332;3196,318;3201,332;3205,324;3209,338;3214,322;3218,336;3222,322;3227,314;3235,312;3240,326;3244,314;3248,326;3253,326;3257,332;3261,316;3266,332;3270,332;3274,330;3279,316;3283,322;3288,322;3292,322;3296,334;3301,334;3305,326;3309,326;3314,326;3318,324;3322,338;3327,322;3331,314;3335,328;3340,314;3344,326;3348,312;3353,326;3357,318;3362,332;3366,318;3370,332;3375,330;3379,310;3383,336;3388,322;3392,336;3396,322;3401,322;3405,314;3409,342;3414,326;3418,340;3422,312;3427,326;3431,332;3436,318;3440,330;3444,316;3449,316;3453,322;3457,334;3462,320;3466,334;3470,320;3475,334;3479,326;3483,312;3488,324;3492,324;3496,338;3501,322;3505,330;3510,328;3514,328;3518,328;3523,328;3527,334;3531,318;3536,332;3540,318;3544,330;3549,316;3553,336;3557,320;3562,334;3566,320;3571,334;3575,318;3579,310;3584,338;3588,322;3592,338;3597,322;3601,328;3605,314;3610,342;3614,328;3618,342;3623,314;3627,320;3631,332;3636,318;3640,332;3645,332;3649,318;3653,322;3658,336;3662,322;3666,336;3671,320;3675,312;3679,326;3684,326;3688,338;3692,326;3697,324;3701,316;3705,328;3710,328;3714,328;3719,328;3723,318;3727,332;3732,318;3736,332;3740,330;3745,328;3749,320;3753,334;3758,320;3762,332;3766,318;3771,332;3775,324;3779,322;3784,336;3788,310;3793,320;3797,314;3801,340;3806,326;3810,340;3814,324;3819,338;3823,330;3827,314;3832,330;3836,328;3840,328;3845,312;3849,334;3853,318;3858,332;3862,316;3867,330;3871,324;3875,322;3880,336;3884,320;3888,320;3893,318;3897,326;3901,324;3906,324;3910,324;3914,324;3919,322;3923,314;3928,328;3932,314;3936,326;3941,312;3945,332;3949,318;3954,332;3958,330;3962,344;3967,330;3971,308;3975,336;3980,322;3984,336;3988,320;3993,334;3997,326;4002,340;4006,324;4010,338;4015,324;4019,316;4023,314;4028,314;4032,326;4036,312;4041,340;4045,316;4049,330;4054,316;4058,344;4062,328;4067,328;4071,320;4076,318;4080,332;4084,316;4089,330;4093,320;4097,320;4102,320;4106,334;4110,318;4115,332;4119,322;4123,322;4128,336;4132,322;4136,334;4141,320;4145,326;4150,324;4154,338;4158,322;4163,336;4167,328;4171,314;4176,326;4180,312;4184,338;4189,310;4193,330;4197,316;4202,344;4206,328;4210,342;4215,326;4219,320;4224,332;4228,318;4232,318;4237,318;4241,338;4245,322;4250,324;4254,322;4258,336;4263,322;4267,328;4271,328;4276,314;4280,328;4285,326;4289,340;4293,318;4298,318;4302,318;4306,332;4311,318;4315,324;4319,324;4324,310;4328,336;4332,322;4337,336;4341,328;4345,328;4350,326;4354,340;4359,322;4363,340;4367,332;4372,316;4376,330;4380,316;4385,330;4389,322;4393,336;4398,320;4402,334;4406,318;4411,334;4415,338;4419,310;4424,324;4428,324;4433,338;4437,316;4441,330;4446,328;4450,330;4454,314;4459,328;4463,304;4467,304;4472,304;4476,302;4480,302;4485,302;4489,308;4493,308;4498,308;4502,306;4507,306;4511,312;4515,312;4520,310;4524,296;4528,310;4533,296;4537,302;4541,300;4546,300;4550,300;4554,314;4559,300;4563,292;4567,306;4572,292;4576,306;4581,292;4585,312;4589,298;4594,298;4598,296;4602,310;4607,296;4611,302;4615,316;4620,314;4624,300;4628,300;4633,314;4637,304;4641,304;4646,288;4650,302;4655,302;4659,296;4663,308;4668,308;4672,306;4676,306;4681,304;4685,296;4689,296;4694,296;4698,308;4702,308;4707,300;4711,300;4716,298;4720,312;4724,296;4729,310;4733,304;4737,316;4742,302;4746,302;4750,300;4755,314;4759,306;4763,304;4768,304;4772,288;4776,304;4781,306;4785,308;4790,306;4794,320;4798,304;4803,318;4807,310;4811,294;4816,308;4820,306;4824,306;4829,306;4833,312;4837,296;4842,310;4846,308;4851,308;4855,314;4859,300;4864,298;4868,298;4872,312;4877,296;4881,316;4885,316;4890,316;4894,314;4898,314;4903,312;4907,292;4911,304;4916,290;4920,302;4925,302;4929,308;4933,308;4938,308;4942,306;4946,306;4951,304;4955,282;4959,310;4964,294;4968,308;4972,294;4977,308;4981,302;4985,314;4990,300;4994,314;4999,298;5003,304;5007,304;5012,302;5016,304;5020,302;5025,316;5029,306;5033,320;5038,306;5042,320;5046,304;5051,296;5055,296;5059,294;5064,294;5068,292;5073,306;5077,298;5081,312;5086,298;5090,310;5094,310;5099,310;5103,300;5107,286;5112,298;5116,298;5120,298;5125,282;5129,316;5133,302;5138,316;5142,300;5147,300;5151,306;5155,304;5160,304;5164,304;5168,316;5173,302;5177,322;5181,306;5186,320;5190,306;5194,320;5199,304;5203,296;5208,296;5212,294;5216,308;5221,294;5225,328;5229,312;5234,312;5238,310;5242,310;5247,296;5251,302;5255,314;5260,314;5264,300;5268,298;5273,304;5277,304;5282,304;5286,302;5290,304;5295,302;5299,310;5303,308;5308,308;5312,308;5316,306;5321,306;5325,312;5329,312;5334,298;5338,310;5343,310;5347,288;5351,302;5356,302;5360,314;5364,300;5369,300;5373,306;5377,320;5382,306;5386,306;5390,304;5395,304;5399,296;5403,296;5408,310;5412,294;5417,308;5421,286;5425,300;5430,298;5434,312;5438,298;5443,296;5447,302;5451,288;5456,302;5460,288;5464,300;5469,286;5473,306;5477,306;5482,304;5486,304;5491,290;5495,310;5499,294;5504,308;5508,308;5512,294;5517,292;5521,312;5525,298;5530,312;5534,296;5538,310;5543,298;5547,302;5551,302;5556,302;5560,316;5565,300;5569,308;5573,306;5578,308;5582,304;5586,318;5591,304;5595,296;5599,322;5604,308;5608,306;5612,292;5617,306;5621,298;5625,298;5630,296;5634,308;5639,308;5643,300;5647,314;5652,312;5656,298;5660,298;5665,296;5669,302;5673,316;5678,300;5682,314;5686,300;5691,292;5695,304;5699,290;5704,304;5708,302;5713,302;5717,308;5721,322;5726,306;5730,306;5734,304;5739,318;5743,296;5747,296;5752,308;5756,294;5760,308;5765,298;5769,312;5774,298;5778,298;5782,282;5787,310;5791,302;5795,300;5800,314;5804,300;5808,300;5813,298;5817,304;5821,304;5826,302;5830,288;5835,300;5839,308;5843,294;5848,306;5852,292;5856,304;5861,304;5865,282;5869,296;5874,310;5878,294;5882,294;5887,294;5891,300;5895,298;5900,284;5904,296;5909,296;5913,316;5917,302;5922,302;5926,314;5930,314;5935,300;5939,290;5943,304;5948,290;5952,304;5956,288;5961,302;5965,308;5969,308;5974,308;5978,308;5983,292;5987,298;5991,310;5996,296;6000,310;6004,296;6009,296;6013,302;6017,316;6022,300;6026,314;6030,300;6035,292;6039,290;6043,290;6048,304;6052,290;6057,302;6061,308;6065,308;6070,308;6074,306;6078,306;6083,304;6087,282;6091,282;6096,280;6100,266;6104,266;6109,286;6113,286;6117,284;6122,270;6126,268;6131,254;6135,274;6139,258;6144,272;6148,258;6152,272;6157,270;6161,262;6165,276;6170,274;6174,260;6178,244;6183,280;6187,278;6192,264;6196,262;6200,276;6205,246;6209,282;6213,268;6218,266;6222,264;6226,264;6231,270;6235,270;6239,254;6244,254;6248,268;6252,266;6257,272;6261,272;6266,258;6270,272;6274,284;6279,268;6283,276;6287,258;6292,274;6296,258;6300,258;6305,278;6309,278;6313,264;6318,276;6322,276;6326,274;6331,252;6335,280;6340,250;6344,264;6348,250;6353,262;6357,268;6361,240;6366,268;6370,282;6374,266;6379,272;6383,258;6387,272;6392,270;6396,268;6401,268;6405,274;6409,260;6414,272;6418,272;6422,272;6427,250;6431,278;6435,276;6440,276;6444,276;6448,274;6453,266;6457,266;6461,264;6466,222;6470,264;6475,278;6479,268;6483,254;6488,252;6492,266;6496,264;6501,280;6505,272;6509,270;6514,270;6518,270;6522,254;6527,274;6531,244;6535,258;6540,258;6544,272;6549,256;6553,262;6557,262;6562,246;6566,274;6570,274;6575,274;6579,252;6583,264;6588,236;6592,278;6596,262;\r\nBuffer sent in 0.972 secondsreturn;buffer;964\r\nreceived from UR: measure -> measure (0,1)\r\nSTEPPER: Moving to mstep: 6600 with speed [msteps/sec]: 1000 in StealthChop.\r\n'), 13:31:33
bytearray(b'STEPPER: Moving to mstep: 2400 with speed [msteps/sec]: 4000 in SpreadCycle.\r\n'), 13:31:38
bytearray(b'STEPPER: Moved 4200.00 msteps (ramp: 35%) in 1324.888 ms -> average speed [msteps/sec]: 3170.08\r\nreturn;measure;965\r\n'), 13:31:39
bytearray(b'received from UR: buffer -> buffer (0,1)\r\nSending buffer of size 965data;2400,306;2404,466;2408,136;2413,278;2417,320;2421,326;2426,340;2430,326;2434,340;2439,312;2443,318;2447,332;2452,316;2456,332;2460,330;2465,330;2469,322;2474,336;2478,322;2482,336;2487,320;2491,314;2495,328;2500,326;2504,340;2508,326;2513,324;2517,318;2521,330;2526,330;2530,330;2534,330;2539,308;2543,336;2548,308;2552,336;2556,320;2561,334;2565,326;2569,340;2574,324;2578,340;2582,324;2587,338;2591,330;2595,302;2600,328;2604,314;2608,328;2613,314;2617,334;2622,320;2626,334;2630,318;2635,346;2639,324;2643,308;2648,322;2652,322;2656,322;2661,308;2665,342;2669,328;2674,340;2678,326;2682,340;2687,326;2691,316;2696,330;2700,316;2704,330;2709,314;2713,336;2717,334;2722,334;2726,320;2730,334;2735,332;2739,310;2743,326;2748,310;2752,336;2756,308;2761,336;2765,328;2770,342;2774,326;2778,340;2783,326;2787,304;2791,332;2796,316;2800,330;2804,302;2809,330;2813,324;2817,338;2822,322;2826,338;2830,322;2835,336;2839,328;2844,314;2848,328;2852,312;2857,326;2861,320;2865,332;2870,318;2874,334;2878,332;2883,332;2887,326;2891,326;2896,324;2900,310;2904,324;2909,324;2913,330;2918,330;2922,344;2926,330;2931,330;2935,336;2939,320;2944,336;2948,308;2952,336;2957,308;2961,328;2965,328;2970,342;2974,326;2979,340;2983,326;2987,318;2992,332;2996,304;3000,330;3005,316;3009,338;3013,322;3018,336;3022,322;3026,336;3031,322;3035,314;3039,328;3044,312;3048,326;3053,312;3057,326;3061,318;3066,332;3070,330;3074,330;3079,316;3083,308;3087,322;3092,308;3096,320;3100,308;3105,320;3109,328;3113,340;3118,326;3122,340;3127,326;3131,304;3135,332;3140,302;3144,330;3148,316;3153,330;3157,322;3161,338;3166,322;3170,336;3174,322;3179,336;3183,328;3188,312;3192,326;3196,312;3201,326;3205,318;3209,346;3214,330;3218,344;3222,316;3227,344;3231,322;3235,306;3240,320;3244,320;3248,320;3253,318;3257,340;3262,324;3266,338;3270,324;3275,338;3279,328;3283,314;3288,328;3292,314;3296,326;3301,312;3305,332;3309,332;3314,332;3318,318;3322,332;3327,330;3331,308;3336,334;3340,308;3344,334;3349,306;3353,334;3357,326;3362,340;3366,324;3370,340;3375,326;3379,302;3383,330;3388,316;3392,328;3396,314;3401,328;3405,322;3410,334;3414,320;3418,334;3423,320;3427,312;3431,326;3436,312;3440,324;3444,310;3449,324;3453,330;3457,344;3462,316;3466,342;3470,328;3475,306;3479,334;3484,318;3488,332;3492,318;3497,332;3501,324;3505,338;3510,322;3514,336;3518,334;3523,334;3527,326;3531,312;3536,326;3540,310;3544,324;3549,310;3553,330;3558,328;3562,342;3566,328;3571,342;3575,334;3579,320;3584,334;3588,306;3592,332;3597,318;3601,340;3605,324;3610,338;3614,324;3618,338;3623,324;3627,316;3632,330;3636,330;3640,328;3645,314;3649,336;3653,320;3658,334;3662,320;3666,320;3671,320;3675,326;3679,340;3684,326;3688,324;3693,324;3697,324;3701,332;3706,332;3710,318;3714,332;3719,330;3723,310;3727,324;3732,310;3736,324;3740,308;3745,324;3749,330;3753,330;3758,330;3762,342;3767,328;3771,308;3775,336;3780,308;3784,334;3788,306;3793,334;3797,328;3801,340;3806,326;3810,340;3814,326;3819,340;3823,332;3827,318;3832,332;3836,316;3841,330;3845,322;3849,336;3854,322;3858,336;3862,322;3867,336;3871,328;3875,312;3880,326;3884,312;3888,326;3893,312;3897,332;3901,318;3906,332;3910,330;3915,330;3919,328;3923,308;3928,334;3932,306;3936,334;3941,320;3945,340;3949,326;3954,340;3958,326;3962,340;3967,326;3971,316;3975,330;3980,302;3984,330;3989,314;3993,328;3997,320;4002,336;4006,320;4010,348;4015,318;4019,310;4023,324;4028,310;4032,324;4036,310;4041,324;4045,328;4049,344;4054,328;4058,342;4063,326;4067,320;4071,332;4076,318;4080,332;4084,318;4089,330;4093,322;4097,338;4102,322;4106,336;4110,322;4115,336;4119,326;4123,312;4128,326;4132,312;4137,326;4141,318;4145,332;4150,330;4154,332;4158,330;4163,344;4167,322;4171,308;4176,322;4180,308;4184,334;4189,306;4193,340;4197,326;4202,340;4206,326;4211,340;4215,324;4219,318;4224,330;4228,316;4232,330;4237,316;4241,338;4245,322;4250,336;4254,322;4258,336;4263,320;4267,312;4272,326;4276,312;4280,326;4285,310;4289,332;4293,332;4298,332;4302,330;4306,330;4311,330;4315,308;4319,336;4324,306;4328,334;4332,304;4337,332;4341,324;4346,338;4350,324;4354,338;4359,322;4363,314;4367,328;4372,314;4376,328;4380,312;4385,326;4389,318;4393,346;4398,318;4402,346;4407,330;4411,308;4415,322;4420,320;4424,322;4428,306;4433,320;4437,326;4441,340;4446,324;4450,338;4454,324;4459,324;4463,300;4467,286;4472,300;4476,300;4481,314;4485,306;4489,320;4494,306;4498,320;4502,318;4507,318;4511,310;4515,296;4520,310;4524,296;4528,308;4533,294;4537,316;4541,314;4546,314;4550,312;4555,312;4559,304;4563,290;4568,304;4572,290;4576,302;4581,288;4585,322;4589,308;4594,322;4598,306;4602,320;4607,306;4611,298;4615,296;4620,296;4624,296;4629,296;4633,316;4637,302;4642,316;4646,302;4650,314;4655,300;4659,292;4663,306;4668,304;4672,304;4676,304;4681,304;4685,296;4689,294;4694,294;4698,308;4703,308;4707,286;4711,314;4716,300;4720,312;4724,298;4729,312;4733,304;4737,304;4742,304;4746,318;4750,304;4755,296;4759,310;4763,294;4768,308;4772,294;4777,308;4781,316;4785,314;4790,314;4794,328;4798,312;4803,326;4807,306;4811,292;4816,304;4820,290;4824,304;4829,304;4833,324;4838,310;4842,324;4846,308;4851,322;4855,300;4859,300;4864,300;4868,300;4872,300;4877,300;4881,306;4885,306;4890,320;4894,306;4898,320;4903,312;4907,298;4912,298;4916,296;4920,310;4925,296;4929,318;4933,304;4938,318;4942,316;4946,316;4951,304;4955,294;4959,308;4964,294;4968,308;4972,292;4977,314;4981,312;4986,314;4990,298;4994,312;4999,298;5003,290;5007,304;5012,290;5016,302;5020,290;5025,302;5029,310;5033,310;5038,296;5042,296;5047,294;5051,300;5055,302;5060,300;5064,314;5068,286;5073,298;5077,306;5081,304;5086,304;5090,306;5094,304;5099,304;5103,296;5107,282;5112,296;5116,284;5121,296;5125,302;5129,318;5134,304;5138,316;5142,302;5147,316;5151,308;5155,294;5160,308;5164,294;5168,306;5173,292;5177,328;5181,312;5186,326;5190,310;5195,326;5199,302;5203,288;5208,302;5212,288;5216,302;5221,288;5225,322;5229,308;5234,322;5238,308;5242,322;5247,306;5251,298;5255,298;5260,298;5264,298;5269,298;5273,318;5277,304;5282,304;5286,304;5290,318;5295,304;5299,294;5303,308;5308,294;5312,308;5316,294;5321,306;5325,314;5330,314;5334,312;5338,312;5343,312;5347,288;5351,302;5356,288;5360,302;5364,288;5369,300;5373,308;5377,308;5382,306;5386,320;5390,306;5395,284;5399,298;5404,284;5408,298;5412,282;5417,298;5421,304;5425,304;5430,304;5434,318;5438,304;5443,304;5447,296;5451,296;5456,296;5460,282;5464,296;5469,302;5473,302;5478,300;5482,316;5486,302;5491,300;5495,294;5499,292;5504,292;5508,290;5512,306;5517,290;5521,312;5525,310;5530,310;5534,310;5539,310;5543,302;5547,288;5552,302;5556,286;5560,314;5565,286;5569,320;5573,306;5578,320;5582,304;5586,318;5591,304;5595,296;5599,308;5604,294;5608,308;5613,294;5617,316;5621,300;5626,314;5630,314;5634,314;5639,300;5643,292;5647,304;5652,290;5656,304;5660,290;5665,302;5669,308;5673,310;5678,308;5682,308;5687,306;5691,298;5695,298;5700,298;5704,298;5708,298;5713,296;5717,302;5721,314;5726,316;5730,316;5734,314;5739,292;5743,306;5747,290;5752,304;5756,290;5761,304;5765,310;5769,310;5774,310;5778,310;5782,308;5787,322;5791,300;5795,286;5800,300;5804,284;5808,298;5813,304;5817,318;5821,302;5826,316;5830,302;5835,316;5839,294;5843,294;5848,292;5852,292;5856,292;5861,290;5865,312;5869,298;5874,296;5878,296;5882,308;5887,300;5891,286;5896,300;5900,284;5904,298;5909,284;5913,318;5917,304;5922,304;5926,304;5930,318;5935,302;5939,280;5943,308;5948,294;5952,306;5956,292;5961,314;5965,312;5970,312;5974,312;5978,324;5983,310;5987,288;5991,302;5996,286;6000,300;6004,286;6009,300;6013,306;6017,320;6022,304;6026,318;6030,304;6035,296;6039,296;6044,294;6048,294;6052,292;6057,294;6061,300;6065,312;6070,298;6074,312;6078,312;6083,288;6087,288;6091,274;6096,272;6100,244;6105,286;6109,278;6113,278;6118,276;6122,248;6126,276;6131,290;6135,268;6139,266;6144,266;6148,252;6152,264;6157,286;6161,286;6165,284;6170,284;6174,270;6179,240;6183,274;6187,262;6192,274;6196,260;6200,258;6205,244;6209,278;6213,276;6218,276;6222,262;6226,232;6231,268;6235,266;6239,266;6244,264;6248,264;6253,248;6257,284;6261,270;6266,254;6270,268;6274,268;6279,266;6283,244;6287,272;6292,244;6296,272;6300,256;6305,248;6309,276;6313,276;6318,276;6322,276;6327,260;6331,268;6335,280;6340,266;6344,280;6348,264;6353,258;6357,272;6361,284;6366,270;6370,284;6374,270;6379,276;6383,276;6388,276;6392,274;6396,274;6401,288;6405,266;6409,236;6414,264;6418,278;6422,278;6427,270;6431,254;6435,268;6440,268;6444,268;6448,252;6453,272;6457,272;6462,270;6466,242;6470,256;6475,246;6479,260;6483,246;6488,258;6492,242;6496,272;6501,278;6505,264;6509,262;6514,220;6518,276;6522,274;6527,268;6531,252;6536,252;6540,236;6544,278;6549,264;6553,256;6557,268;6562,268;6566,268;6570,254;6575,274;6579,272;6583,272;6588,272;6592,270;6596,270;\r\nBuffer sent in 0.973 secondsreturn;buffer;965\r\nreceived from UR: measure -> measure (0,1)\r\nSTEPPER: Moving to mstep: 6600 with speed [msteps/sec]: 1000 in StealthChop.\r\n'), 13:31:42
bytearray(b'STEPPER: Moving to mstep: 2400 with speed [msteps/sec]: 4000 in SpreadCycle.\r\n'), 13:31:47
bytearray(b'STEPPER: Moved 4200.00 msteps (ramp: 35%) in 1324.888 ms -> average speed [msteps/sec]: 3170.08\r\nreturn;measure;965\r\n'), 13:31:48
bytearray(b'received from UR: buffer -> buffer (0,1)\r\nSending buffer of size 965data;2400,306;2404,466;2408,136;2413,278;2417,320;2421,326;2426,340;2430,326;2434,340;2439,324;2443,318;2447,332;2452,330;2456,330;2460,316;2465,328;2469,322;2474,332;2478,334;2482,334;2487,332;2491,324;2495,324;2500,324;2504,324;2508,310;2513,324;2517,330;2521,328;2526,328;2530,328;2534,326;2539,328;2543,332;2548,318;2552,330;2556,330;2561,330;2565,322;2569,334;2574,320;2578,334;2582,318;2587,332;2591,338;2595,308;2600,322;2604,322;2608,334;2613,320;2617,340;2622,326;2626,338;2630,324;2635,338;2639,330;2643,316;2648,328;2652,328;2656,328;2661,314;2665,334;2669,320;2674,334;2678,318;2682,332;2687,332;2691,324;2696,324;2700,322;2704,336;2709,322;2713,328;2717,328;2722,328;2726,326;2730,326;2735,326;2739,316;2743,330;2748,330;2752,330;2756,314;2761,328;2765,320;2770,334;2774,332;2778,346;2783,318;2787,310;2791,322;2796,322;2800,336;2804,308;2809,334;2813,326;2817,338;2822,324;2826,338;2830,324;2835,338;2839,330;2844,328;2848,328;2852,314;2857,326;2861,318;2865,346;2870,330;2874,344;2878,316;2883,330;2887,336;2891,320;2896,320;2900,320;2904,332;2909,332;2913,338;2918,322;2922,336;2926,336;2931,336;2935,326;2939,326;2944,340;2948,310;2952,324;2957,324;2961,330;2965,314;2970,328;2974,328;2979,328;2983,326;2987,318;2992,332;2996,316;3000,330;3005,316;3009,336;3013,322;3018,334;3022,320;3026,334;3031,318;3035,324;3039,324;3044,308;3048,322;3053,322;3057,334;3061,314;3066,326;3070,326;3074,326;3079,312;3083,318;3087,330;3092,316;3096,316;3100,314;3105,328;3109,320;3113,334;3118,318;3122,332;3127,330;3131,324;3135,336;3140,308;3144,320;3148,320;3153,334;3157,324;3161,338;3166,324;3170,336;3174,322;3179,336;3183,328;3187,326;3192,340;3196,310;3201,324;3205,324;3209,344;3214,328;3218,342;3222,326;3227,340;3231,318;3235,318;3240,332;3244,314;3248,330;3253,330;3257,336;3261,320;3266,334;3270,320;3275,332;3279,324;3283,324;3288,336;3292,322;3296,322;3301,322;3305,326;3309,326;3314,326;3318,324;3322,326;3327,324;3331,330;3335,330;3340,314;3344,314;3349,312;3353,320;3357,334;3362,332;3366,318;3370,332;3375,316;3379,324;3383,338;3388,308;3392,336;3396,322;3401,334;3405,326;3409,340;3414,324;3418,338;3423,322;3427,330;3431,328;3436,314;3440,328;3444,326;3449,326;3453,318;3457,328;3462,330;3466,332;3470,316;3475,330;3479,336;3484,320;3488,320;3492,320;3497,332;3501,324;3505,324;3510,322;3514,336;3518,322;3523,334;3527,326;3531,312;3536,326;3540,324;3544,338;3549,308;3553,330;3558,328;3562,342;3566,328;3571,342;3575,320;3579,318;3584,332;3588,316;3592,330;3597,314;3601,336;3605,320;3610,334;3614,320;3619,334;3623,318;3627,324;3632,324;3636,308;3640,322;3645,322;3649,342;3653,314;3658,340;3662,326;3666,340;3671,324;3675,316;3679,330;3684,328;3688,328;3693,314;3697,326;3701,318;3706,332;3710,332;3714,330;3719,316;3723,322;3727,336;3732,320;3736,334;3740,320;3745,332;3749,322;3753,324;3758,324;3762,336;3767,322;3771,314;3775,328;3780,326;3784,340;3788,312;3793,324;3797,330;3801,344;3806,316;3810,328;3814,328;3819,342;3823,332;3827,318;3832,318;3836,330;3841,330;3845,322;3849,336;3854,320;3858,334;3862,318;3867,332;3871,338;3875,322;3880,322;3884,322;3888,334;3893,320;3897,326;3901,324;3906,324;3910,324;3915,336;3919,324;3923,314;3928,342;3932,312;3936,326;3941,326;3945,332;3949,316;3954,330;3958,328;3962,328;3967,328;3971,318;3975,332;3980,318;3984,332;3989,316;3993,316;3997,322;4002,334;4006,320;4010,334;4015,316;4019,324;4023,338;4028,322;4032,336;4036,320;4041,320;4045,326;4049,340;4054,324;4058,338;4063,322;4067,328;4071,328;4076,314;4080,326;4084,326;4089,326;4093,318;4097,330;4102,316;4106,328;4110,328;4115,328;4119,332;4123,318;4128,332;4132,316;4137,330;4141,330;4145,336;4150,320;4154,334;4158,318;4163,332;4167,338;4171,308;4176,322;4180,322;4184,334;4189,320;4193,340;4198,324;4202,338;4206,324;4211,336;4215,330;4219,328;4224,328;4228,310;4232,326;4237,326;4241,332;4245,316;4250,330;4254,330;4258,344;4263,314;4267,320;4272,320;4276,320;4280,334;4285,318;4289,338;4293,324;4298,338;4302,322;4306,336;4311,322;4315,314;4319,326;4324,326;4328,340;4332,312;4337,324;4341,318;4346,330;4350,330;4354,330;4359,328;4363,320;4367,334;4372,320;4376,334;4380,318;4385,332;4389,324;4393,338;4398,324;4402,338;4406,322;4411,336;4415,328;4420,312;4424,326;4428,312;4433,326;4437,330;4441,346;4446,316;4450,330;4454,316;4459,330;4463,308;4467,306;4472,306;4476,292;4480,306;4485,312;4489,312;4494,310;4498,312;4502,308;4507,308;4511,300;4515,300;4520,298;4524,298;4528,312;4533,296;4537,316;4541,302;4546,302;4550,300;4554,314;4559,306;4563,292;4568,290;4572,290;4576,302;4581,302;4585,322;4589,308;4594,320;4598,306;4602,318;4607,304;4611,296;4615,308;4620,308;4624,308;4628,306;4633,314;4637,298;4642,312;4646,298;4650,310;4655,296;4659,302;4663,302;4668,300;4672,300;4676,298;4681,298;4685,304;4689,304;4694,302;4698,300;4703,300;4707,294;4711,292;4716,292;4720,304;4724,290;4729,304;4733,310;4737,310;4742,308;4746,308;4750,306;4755,298;4759,310;4764,298;4768,310;4772,296;4777,322;4781,300;4785,314;4790,312;4794,326;4798,312;4803,326;4807,316;4811,302;4816,302;4820,302;4824,314;4829,306;4833,320;4838,304;4842,318;4846,302;4851,316;4855,308;4859,306;4864,306;4868,306;4872,304;4877,304;4881,296;4885,308;4890,308;4894,308;4898,308;4903,300;4907,298;4912,298;4916,296;4920,296;4925,296;4929,302;4933,300;4938,300;4942,300;4946,314;4951,300;4955,304;4959,304;4964,302;4968,302;4972,302;4977,302;4981,308;4986,294;4990,306;4994,306;4999,302;5003,296;5007,310;5012,308;5016,294;5020,294;5025,292;5029,312;5033,312;5038,298;5042,310;5046,296;5051,302;5055,302;5060,300;5064,300;5068,300;5073,298;5077,304;5081,290;5086,302;5090,302;5094,302;5099,302;5103,308;5107,294;5112,292;5116,290;5121,304;5125,298;5129,296;5134,296;5138,310;5142,308;5147,308;5151,314;5155,300;5160,300;5164,298;5168,312;5173,310;5177,304;5181,302;5186,316;5190,300;5195,300;5199,304;5203,304;5208,304;5212,304;5216,302;5221,302;5225,308;5229,294;5234,320;5238,306;5242,320;5247,298;5251,298;5256,296;5260,296;5264,308;5269,294;5273,314;5277,314;5282,312;5286,298;5290,310;5295,310;5299,302;5303,302;5308,300;5312,300;5316,300;5321,298;5325,306;5330,304;5334,304;5338,304;5343,302;5347,308;5351,308;5356,292;5360,306;5364,304;5369,304;5373,296;5377,282;5382,296;5386,308;5390,308;5395,286;5399,314;5404,298;5408,298;5412,296;5417,296;5421,304;5425,316;5430,302;5434,300;5438,286;5443,300;5447,304;5451,304;5456,304;5460,274;5464,302;5469,308;5473,308;5478,306;5482,306;5486,306;5491,304;5495,296;5499,296;5504,294;5508,296;5512,308;5517,294;5521,314;5525,300;5530,312;5534,298;5538,312;5543,304;5547,302;5552,302;5556,302;5560,316;5565,300;5569,308;5573,306;5578,306;5582,306;5586,320;5591,306;5595,298;5599,296;5604,296;5608,296;5612,296;5617,318;5621,302;5626,316;5630,300;5634,300;5639,300;5643,306;5647,306;5652,304;5656,304;5660,290;5665,304;5669,310;5673,310;5678,308;5682,308;5687,306;5691,298;5695,298;5700,298;5704,296;5708,310;5713,310;5717,300;5721,314;5726,300;5730,314;5734,312;5739,290;5743,304;5748,288;5752,302;5756,288;5761,300;5765,306;5769,306;5774,292;5778,304;5782,302;5787,302;5791,308;5795,294;5800,306;5804,294;5808,306;5813,298;5817,310;5822,296;5826,310;5830,308;5835,308;5839,286;5843,286;5848,286;5852,298;5856,284;5861,298;5865,290;5869,288;5874,302;5878,302;5882,300;5887,306;5891,278;5896,304;5900,290;5904,290;5909,288;5913,308;5917,308;5922,308;5926,306;5930,320;5935,304;5939,298;5943,310;5948,296;5952,310;5956,296;5961,302;5965,300;5970,314;5974,300;5978,314;5983,298;5987,304;5991,304;5996,288;6000,302;6004,300;6009,300;6013,306;6017,320;6022,304;6026,318;6030,304;6035,296;6039,294;6044,294;6048,292;6052,292;6057,292;6061,298;6065,298;6070,296;6074,310;6078,308;6083,286;6087,286;6091,272;6096,270;6100,270;6105,232;6109,274;6113,276;6118,274;6122,274;6126,286;6131,270;6135,276;6139,262;6144,262;6148,262;6152,260;6157,280;6161,280;6165,280;6170,278;6174,278;6179,292;6183,254;6187,268;6192,268;6196,266;6200,252;6205,266;6209,286;6213,272;6218,270;6222,282;6226,282;6231,260;6235,260;6239,258;6244,258;6248,256;6253,256;6257,276;6261,276;6266,262;6270,274;6274,272;6279,250;6283,250;6287,262;6292,262;6296,248;6300,262;6305,268;6309,268;6314,266;6318,266;6322,224;6327,278;6331,272;6335,270;6340,254;6344,270;6348,254;6353,260;6357,260;6361,274;6366,272;6370,258;6374,256;6379,264;6383,262;6388,262;6392,262;6396,262;6401,260;6405,266;6409,266;6414,280;6418,280;6422,278;6427,270;6431,242;6435,256;6440,254;6444,268;6448,252;6453,272;6457,274;6462,272;6466,258;6470,258;6475,228;6479,278;6483,278;6488,276;6492,276;6496,276;6501,254;6505,254;6509,254;6514,224;6518,268;6522,280;6527,258;6531,258;6536,258;6540,256;6544,256;6549,256;6553,262;6557,276;6562,276;6566,274;6570,274;6575,252;6579,252;6583,250;6588,252;6592,262;6596,262;\r\nBuffer sent in 0.973 secondsreturn;buffer;965\r\nreceived from UR: measure -> measure (0,1)\r\nSTEPPER: Moving to mstep: 6600 with speed [msteps/sec]: 1000 in StealthChop.\r\n'), 13:31:51
bytearray(b'STEPPER: Moving to mstep: 2400 with speed [msteps/sec]: 4000 in SpreadCycle.\r\n'), 13:31:56
bytearray(b'STEPPER: Moved 4200.00 msteps (ramp: 35%) in 1324.888 ms -> average speed [msteps/sec]: 3170.08\r\nreturn;measure;965\r\n'), 13:31:57
bytearray(b'received from UR: buffer -> buffer (0,1)\r\nSending buffer of size 965data;2400,300;2404,470;2408,138;2413,282;2417,332;2421,318;2426,344;2430,316;2434,344;2439,316;2443,308;2447,322;2452,320;2456,334;2460,318;2465,332;2469,324;2474,338;2478,324;2482,338;2487,322;2491,316;2495,328;2500,314;2504,328;2508,314;2513,326;2517,332;2521,332;2526,318;2530,332;2534,330;2539,308;2543,334;2548,308;2552,336;2556,306;2561,334;2565,326;2569,340;2574,326;2578,340;2582,324;2587,340;2591,332;2595,316;2600,330;2604,302;2609,330;2613,314;2617,336;2622,322;2626,336;2630,320;2635,334;2639,326;2643,312;2648,326;2652,312;2656,326;2661,312;2665,332;2669,318;2674,332;2678,330;2683,330;2687,316;2691,322;2696,322;2700,308;2704,322;2709,320;2713,342;2717,326;2722,340;2726,326;2730,340;2735,324;2739,316;2743,330;2748,316;2752,330;2757,314;2761,328;2765,320;2770,334;2774,332;2778,334;2783,318;2787,310;2791,324;2796,308;2800,336;2804,306;2809,334;2813,326;2817,340;2822,326;2826,338;2831,324;2835,316;2839,330;2844,314;2848,328;2852,314;2857,326;2861,318;2865,346;2870,332;2874,332;2878,330;2883,344;2887,334;2891,320;2896,334;2900,318;2905,332;2909,318;2913,338;2918,322;2922,336;2926,322;2931,336;2935,326;2939,312;2944,324;2948,310;2952,324;2957,308;2961,342;2965,328;2970,342;2974,326;2979,340;2983,324;2987,302;2992,330;2996,314;3000,328;3005,312;3009,334;3013,332;3018,344;3022,316;3026,344;3031,328;3035,306;3039,320;3044,318;3048,318;3053,318;3057,330;3061,322;3066,336;3070,320;3074,334;3079,320;3083,312;3087,324;3092,310;3096,322;3100,308;3105,322;3109,328;3114,328;3118,326;3122,338;3127,324;3131,302;3135,330;3140,314;3144,330;3148,298;3153,326;3157,332;3161,332;3166,318;3170,344;3174,330;3179,308;3183,334;3188,320;3192,332;3196,304;3201,332;3205,324;3209,338;3214,322;3218,336;3222,320;3227,336;3231,326;3235,312;3240,324;3244,310;3248,324;3253,322;3257,344;3262,328;3266,342;3270,326;3275,340;3279,332;3283,316;3288,330;3292,314;3296,328;3301,314;3305,334;3309,320;3314,332;3318,332;3322,332;3327,318;3331,310;3336,324;3340,308;3344,336;3349,308;3353,328;3357,326;3362,340;3366,324;3370,338;3375,324;3379,316;3383,330;3388,314;3392,328;3396,314;3401,326;3405,318;3410,346;3414,332;3418,346;3423,316;3427,308;3431,322;3436,306;3440,320;3444,320;3449,332;3453,324;3457,338;3462,322;3466,336;3470,322;3475,336;3479,328;3484,312;3488,326;3492,310;3497,324;3501,316;3505,330;3510,328;3514,328;3518,328;3523,340;3527,330;3531,304;3536,332;3540,316;3544,330;3549,302;3553,336;3558,322;3562,336;3566,322;3571,336;3575,328;3579,312;3584,326;3588,312;3592,326;3597,310;3601,344;3605,330;3610,344;3614,328;3618,342;3623,328;3627,306;3632,320;3636,320;3640,332;3645,318;3649,338;3653,324;3658,338;3662,320;3666,336;3671,320;3675,312;3679,324;3684,324;3688,324;3693,308;3697,322;3701,328;3706,342;3710,326;3714,340;3719,324;3723,316;3727,330;3732,314;3736,328;3740,314;3745,326;3749,332;3753,332;3758,318;3762,332;3767,330;3771,306;3775,334;3780,320;3784,332;3788,304;3793,332;3797,324;3801,338;3806,322;3810,336;3814,322;3819,336;3823,326;3828,312;3832,326;3836,312;3841,324;3845,330;3849,344;3854,316;3858,344;3862,328;3867,342;3871,334;3875,318;3880,332;3884,318;3888,330;3893,316;3897,336;3902,322;3906,336;3910,334;3915,336;3919,326;3923,310;3928,324;3932,308;3936,324;3941,308;3945,342;3949,326;3954,340;3958,326;3962,338;3967,324;3971,316;3976,328;3980,314;3984,328;3989,312;3993,334;3997,318;4002,346;4006,330;4010,344;4015,330;4019,322;4023,334;4028,306;4032,320;4036,318;4041,332;4045,324;4050,336;4054,322;4058,336;4063,320;4067,312;4071,326;4076,310;4080,324;4084,322;4089,322;4093,328;4097,342;4102,326;4106,340;4110,324;4115,338;4119,330;4124,316;4128,330;4132,314;4137,328;4141,320;4145,334;4150,332;4154,332;4158,332;4163,344;4167,322;4171,308;4176,322;4180,320;4184,334;4189,306;4193,340;4198,324;4202,338;4206,322;4211,336;4215,328;4219,312;4224,326;4228,312;4232,324;4237,308;4241,342;4245,328;4250,342;4254,326;4259,340;4263,324;4267,316;4272,330;4276,314;4280,328;4285,312;4289,334;4293,332;4298,330;4302,318;4306,330;4311,328;4315,306;4319,334;4324,304;4328,332;4333,304;4337,330;4341,322;4346,336;4350,322;4354,334;4359,334;4363,312;4367,326;4372,310;4376,324;4380,308;4385,336;4389,328;4393,342;4398,326;4402,340;4407,324;4411,316;4415,330;4420,314;4424,328;4428,314;4433,328;4437,320;4441,334;4446,318;4450,332;4454,316;4459,332;4463,324;4468,310;4472,308;4476,308;4481,308;4485,300;4489,312;4494,312;4498,312;4502,310;4507,312;4511,302;4515,302;4520,302;4524,286;4528,314;4533,298;4537,320;4542,304;4546,318;4550,304;4555,318;4559,308;4563,294;4568,308;4572,294;4576,306;4581,292;4585,312;4589,312;4594,326;4598,310;4602,310;4607,302;4611,288;4616,302;4620,286;4624,300;4629,300;4633,308;4637,306;4642,320;4646,304;4650,304;4655,304;4659,294;4663,294;4668,294;4672,306;4676,292;4681,292;4685,312;4690,312;4694,310;4698,310;4703,308;4707,288;4711,300;4716,284;4720,300;4724,284;4729,298;4733,302;4737,316;4742,304;4746,316;4751,316;4755,292;4759,306;4764,292;4768,306;4772,292;4777,304;4781,310;4785,324;4790,310;4794,324;4798,308;4803,322;4807,300;4811,286;4816,314;4820,298;4825,298;4829,304;4833,318;4838,302;4842,316;4846,302;4851,316;4855,306;4859,292;4864,304;4868,304;4872,304;4877,288;4881,322;4886,308;4890,308;4894,306;4899,320;4903,296;4907,296;4912,310;4916,294;4920,308;4925,294;4929,314;4933,314;4938,312;4942,312;4946,312;4951,302;4955,288;4960,302;4964,286;4968,300;4973,286;4977,318;4981,304;4986,318;4990,302;4994,316;4999,314;5003,292;5007,306;5012,290;5016,304;5020,290;5025,302;5029,308;5034,308;5038,306;5042,320;5047,306;5051,284;5055,296;5060,296;5064,294;5068,292;5073,294;5077,314;5081,298;5086,298;5090,312;5094,310;5099,288;5103,302;5108,286;5112,300;5116,284;5121,298;5125,304;5129,316;5134,302;5138,316;5142,314;5147,314;5151,304;5155,288;5160,302;5164,288;5168,314;5173,306;5177,320;5182,304;5186,318;5190,304;5195,316;5199,308;5203,292;5208,306;5212,292;5216,304;5221,290;5225,310;5229,310;5234,324;5238,308;5242,322;5247,300;5251,298;5256,298;5260,298;5264,298;5269,296;5273,316;5277,302;5282,316;5286,314;5290,314;5295,314;5299,292;5303,306;5308,304;5312,304;5317,302;5321,310;5325,308;5330,294;5334,294;5338,308;5343,306;5347,298;5351,312;5356,312;5360,298;5364,296;5369,310;5373,302;5377,316;5382,300;5386,314;5391,300;5395,292;5399,306;5404,290;5408,304;5412,290;5417,304;5421,310;5425,308;5430,308;5434,308;5438,308;5443,286;5447,298;5451,298;5456,298;5460,284;5465,296;5469,302;5473,302;5478,302;5482,302;5486,302;5491,300;5495,306;5499,290;5504,290;5508,288;5512,302;5517,288;5521,308;5526,308;5530,322;5534,306;5539,306;5543,312;5547,298;5552,310;5556,282;5560,310;5565,294;5569,316;5573,300;5578,316;5582,300;5586,312;5591,304;5595,290;5600,302;5604,288;5608,302;5613,286;5617,322;5621,306;5626,320;5630,306;5634,320;5639,306;5643,296;5647,296;5652,296;5656,296;5660,294;5665,294;5669,300;5674,314;5678,300;5682,314;5687,312;5691,292;5695,304;5700,290;5704,302;5708,290;5713,302;5717,308;5721,322;5726,308;5730,306;5734,306;5739,298;5743,298;5748,282;5752,298;5756,296;5761,296;5765,302;5769,316;5774,302;5778,316;5782,300;5787,314;5791,306;5795,292;5800,304;5804,290;5809,302;5813,308;5817,310;5822,308;5826,308;5830,306;5835,308;5839,298;5843,284;5848,296;5852,296;5856,296;5861,282;5865,302;5869,300;5874,300;5878,300;5883,312;5887,290;5891,290;5896,304;5900,288;5904,288;5909,288;5913,308;5917,306;5922,306;5926,306;5930,318;5935,296;5939,282;5943,310;5948,280;5952,308;5957,280;5961,314;5965,312;5970,312;5974,312;5978,326;5983,310;5987,288;5991,302;5996,286;6000,300;6004,286;6009,298;6013,304;6017,318;6022,302;6026,316;6031,302;6035,292;6039,306;6044,292;6048,292;6052,290;6057,304;6061,310;6065,310;6070,308;6074,308;6078,308;6083,286;6087,284;6092,270;6096,268;6100,254;6105,282;6109,288;6113,274;6118,272;6122,230;6126,272;6131,286;6135,276;6139,262;6144,262;6148,246;6152,290;6157,282;6161,266;6166,280;6170,280;6174,278;6179,292;6183,270;6187,254;6192,282;6196,268;6200,280;6205,274;6209,286;6213,286;6218,286;6222,270;6226,256;6231,276;6235,274;6240,274;6244,260;6248,274;6253,244;6257,280;6261,278;6266,278;6270,264;6274,220;6279,270;6283,268;6287,268;6292,252;6296,252;6300,238;6305,272;6309,270;6314,256;6318,284;6322,284;6327,268;6331,246;6335,274;6340,258;6344,272;6348,272;6353,264;6357,276;6361,276;6366,274;6370,260;6375,274;6379,264;6383,264;6388,264;6392,262;6396,260;6401,268;6405,280;6409,280;6414,278;6418,278;6422,262;6427,282;6431,268;6435,268;6440,266;6444,264;6449,250;6453,270;6457,270;6462,268;6466,254;6470,268;6475,260;6479,272;6483,244;6488,270;6492,256;6496,268;6501,276;6505,246;6509,274;6514,272;6518,272;6523,256;6527,276;6531,262;6536,274;6540,260;6544,274;6549,244;6553,280;6557,278;6562,278;6566,278;6570,278;6575,254;6579,240;6583,282;6588,268;6592,268;6597,252;\r\nBuffer sent in 0.973 secondsreturn;buffer;965\r\nreceived from UR: measure -> measure (0,1)\r\nSTEPPER: Moving to mstep: 6600 with speed [msteps/sec]: 1000 in StealthChop.\r\n'), 13:32:00
bytearray(b'STEPPER: Moving to mstep: 2400 with speed [msteps/sec]: 4000 in SpreadCycle.\r\n'), 13:32:05
bytearray(b'STEPPER: Moved 4200.00 msteps (ramp: 35%) in 1324.888 ms -> average speed [msteps/sec]: 3170.08\r\nreturn;measure;965\r\n'), 13:32:06
bytearray(b'received from UR: buffer -> buffer (0,1)\r\nSending buffer of size 965data;2400,304;2404,444;2408,170;2413,270;2417,326;2421,318;2426,346;2430,330;2434,344;2439,314;2443,320;2447,332;2452,318;2456,318;2460,316;2465,316;2469,322;2474,336;2478,320;2482,334;2487,320;2491,326;2495,326;2500,324;2504,324;2508,324;2513,324;2517,328;2521,328;2526,328;2530,328;2534,326;2539,340;2543,332;2548,316;2552,316;2556,314;2561,342;2565,320;2569,334;2574,318;2578,332;2582,318;2587,332;2591,324;2595,322;2600,322;2604,306;2608,334;2613,320;2617,326;2622,324;2626,338;2630,322;2635,336;2639,328;2643,326;2648,326;2652,312;2656,310;2661,310;2665,330;2669,316;2674,328;2678,328;2682,328;2687,328;2691,318;2696,318;2700,316;2704,330;2709,330;2713,330;2717,322;2722,334;2726,334;2730,334;2735,318;2739,310;2743,338;2748,324;2752,336;2756,322;2761,336;2765,328;2770,340;2774,326;2778,340;2783,324;2787,316;2791,330;2796,314;2800,328;2804,314;2809,326;2813,318;2817,332;2822,330;2826,344;2830,328;2835,342;2839,320;2844,318;2848,332;2852,332;2857,330;2861,322;2865,336;2870,336;2874,334;2878,332;2883,332;2887,338;2891,324;2896,324;2900,322;2905,322;2909,320;2913,326;2918,326;2922,326;2926,324;2931,324;2935,330;2939,314;2944,328;2948,312;2952,326;2957,312;2961,332;2965,316;2970,330;2974,316;2979,330;2983,328;2987,320;2992,334;2996,318;3000,332;3005,316;3009,338;3013,322;3018,336;3022,322;3026,334;3031,320;3035,312;3039,324;3044,310;3048,336;3053,322;3057,322;3061,314;3066,326;3070,312;3074,326;3079,324;3083,316;3087,316;3092,314;3096,314;3100,300;3105,326;3109,332;3113,332;3118,332;3122,330;3127,330;3131,308;3135,336;3140,320;3144,334;3148,320;3153,332;3157,324;3161,338;3166,322;3170,336;3174,320;3179,336;3183,340;3187,310;3192,324;3196,308;3201,336;3205,314;3209,328;3214,326;3218,340;3222,324;3227,338;3231,330;3235,316;3240,328;3244,314;3248,312;3253,312;3257,332;3261,330;3266,344;3270,328;3275,342;3279,318;3283,304;3288,316;3292,330;3296,328;3301,328;3305,334;3309,318;3314,332;3318,332;3322,330;3327,330;3331,322;3336,334;3340,320;3344,332;3349,318;3353,324;3357,322;3362,336;3366,322;3370,334;3375,334;3379,312;3383,326;3388,310;3392,312;3396,310;3401,338;3405,316;3410,328;3414,328;3418,342;3423,326;3427,332;3431,332;3436,316;3440,330;3444,330;3449,328;3453,320;3457,334;3462,318;3466,332;3470,316;3475,330;3479,322;3484,320;3488,320;3492,304;3497,318;3501,322;3505,324;3510,322;3514,322;3518,320;3523,334;3527,326;3531,310;3536,324;3540,310;3545,336;3549,322;3553,328;3558,328;3562,328;3566,326;3571,338;3575,332;3579,316;3584,330;3588,302;3592,328;3597,314;3601,336;3605,334;3610,346;3614,330;3619,332;3623,316;3627,322;3632,322;3636,320;3640,320;3645,320;3649,340;3653,324;3658,338;3662,322;3666,336;3671,322;3675,326;3679,326;3684,326;3688,324;3693,324;3697,322;3701,328;3706,328;3710,326;3714,326;3719,326;3723,318;3727,330;3732,316;3736,314;3740,314;3745,342;3749,320;3753,332;3758,318;3762,332;3767,316;3771,322;3775,334;3780,320;3784,334;3788,318;3793,332;3797,324;3801,338;3806,322;3810,336;3814,322;3819,334;3823,324;3827,310;3832,310;3836,308;3841,322;3845,322;3849,342;3854,326;3858,326;3862,324;3867,338;3871,330;3875,314;3880,314;3884,314;3888,342;3893,326;3897,332;3901,316;3906,330;3910,330;3915,328;3919,320;3923,306;3928,332;3932,318;3936,332;3941,316;3945,336;3949,322;3954,334;3958,320;3962,334;3967,318;3971,310;3975,324;3980,322;3984,336;3989,306;3993,320;3997,326;4002,338;4006,324;4010,338;4015,322;4019,314;4023,314;4028,312;4032,312;4036,326;4041,324;4045,332;4050,344;4054,328;4058,342;4063,314;4067,334;4071,334;4076,318;4080,332;4084,330;4089,316;4093,322;4097,336;4102,320;4106,334;4110,332;4115,332;4119,324;4124,308;4128,322;4132,306;4137,320;4141,326;4145,340;4150,326;4154,338;4158,324;4163,336;4167,342;4171,326;4176,324;4180,310;4184,324;4189,324;4193,328;4198,328;4202,342;4206,326;4211,326;4215,330;4219,316;4224,328;4228,312;4232,312;4237,312;4241,332;4245,330;4250,344;4254,328;4258,328;4263,328;4267,318;4272,330;4276,316;4280,330;4285,328;4289,334;4293,334;4298,332;4302,318;4306,332;4311,330;4315,324;4319,336;4324,320;4328,320;4332,318;4337,334;4341,324;4346,324;4350,322;4354,334;4359,320;4363,326;4367,326;4372,324;4376,324;4380,308;4385,322;4389,314;4393,342;4398,324;4402,340;4406,324;4411,338;4415,330;4420,314;4424,314;4428,312;4433,326;4437,318;4441,344;4446,328;4450,342;4454,314;4459,326;4463,304;4467,302;4472,302;4476,302;4481,300;4485,304;4489,320;4494,304;4498,318;4502,318;4507,318;4511,308;4515,308;4520,308;4524,292;4528,320;4533,298;4537,312;4541,296;4546,310;4550,308;4555,308;4559,300;4563,286;4568,298;4572,298;4576,298;4581,298;4585,316;4589,302;4594,316;4598,302;4602,314;4607,314;4611,306;4615,306;4620,304;4624,304;4629,290;4633,310;4637,308;4642,308;4646,308;4650,322;4655,306;4659,298;4663,312;4668,296;4672,296;4676,294;4681,302;4685,300;4690,300;4694,298;4698,298;4703,298;4707,302;4711,288;4716,286;4720,314;4724,300;4729,312;4733,304;4737,318;4742,302;4746,316;4750,302;4755,294;4759,308;4764,292;4768,306;4772,306;4777,304;4781,310;4785,310;4790,308;4794,322;4798,308;4803,322;4807,314;4811,298;4816,312;4820,298;4824,310;4829,302;4833,316;4838,300;4842,314;4846,298;4851,312;4855,302;4859,302;4864,302;4868,314;4872,302;4877,300;4881,318;4885,302;4890,304;4894,302;4898,300;4903,306;4907,292;4912,318;4916,304;4920,302;4925,302;4929,308;4933,306;4938,306;4942,304;4946,304;4951,304;4955,294;4959,308;4964,292;4968,292;4972,290;4977,312;4981,296;4986,310;4990,294;4994,308;4999,306;5003,284;5007,296;5012,296;5016,296;5020,294;5025,308;5029,300;5033,312;5038,298;5042,310;5047,296;5051,302;5055,300;5060,300;5064,300;5068,300;5073,286;5077,304;5081,304;5086,290;5090,302;5094,302;5099,302;5103,306;5107,292;5112,304;5116,290;5121,318;5125,296;5129,296;5134,294;5138,308;5142,306;5147,306;5151,298;5155,298;5160,312;5164,310;5168,310;5173,302;5177,316;5182,300;5186,312;5190,298;5195,312;5199,304;5203,290;5208,304;5212,302;5216,302;5221,302;5225,308;5229,306;5234,308;5238,306;5242,320;5247,304;5251,312;5256,308;5260,310;5264,308;5269,308;5273,300;5277,300;5282,314;5286,312;5290,312;5295,312;5299,304;5303,302;5308,302;5312,302;5316,300;5321,308;5325,292;5330,306;5334,304;5338,304;5343,302;5347,296;5351,308;5356,294;5360,306;5364,292;5369,306;5373,298;5377,312;5382,296;5386,310;5390,308;5395,302;5399,300;5404,300;5408,298;5412,298;5417,296;5421,302;5425,316;5430,302;5434,302;5438,300;5443,314;5447,292;5451,306;5456,292;5460,304;5464,302;5469,292;5473,308;5478,294;5482,294;5486,294;5491,306;5495,298;5499,296;5504,296;5508,296;5512,294;5517,294;5521,314;5525,300;5530,300;5534,298;5539,312;5543,304;5547,302;5552,302;5556,302;5560,302;5565,286;5569,320;5573,306;5578,320;5582,304;5586,318;5591,304;5595,294;5599,294;5604,292;5608,306;5613,306;5617,312;5621,296;5626,310;5630,294;5634,308;5639,306;5643,298;5647,312;5652,298;5656,296;5660,296;5665,308;5669,300;5674,300;5678,300;5682,312;5687,310;5691,304;5695,302;5700,302;5704,300;5708,298;5713,298;5717,304;5721,302;5726,302;5730,302;5734,300;5739,292;5743,304;5748,304;5752,302;5756,302;5761,300;5765,308;5769,320;5774,306;5778,318;5782,302;5787,316;5791,308;5795,294;5800,306;5804,292;5808,292;5813,304;5817,310;5822,310;5826,310;5830,308;5835,322;5839,298;5843,298;5848,298;5852,298;5856,284;5861,294;5865,316;5869,300;5874,300;5878,298;5882,298;5887,304;5891,304;5896,302;5900,302;5904,300;5909,286;5913,306;5917,304;5922,304;5926,304;5930,302;5935,302;5939,292;5943,306;5948,306;5952,304;5956,304;5961,304;5965,308;5970,310;5974,308;5978,320;5983,306;5987,298;5991,296;5996,296;6000,294;6004,294;6009,292;6013,300;6017,312;6022,312;6026,310;6030,296;6035,302;6039,300;6044,300;6048,286;6052,298;6057,312;6061,304;6065,318;6070,302;6074,316;6078,302;6083,300;6087,292;6091,278;6096,278;6100,276;6105,262;6109,282;6113,282;6118,280;6122,266;6126,278;6131,278;6135,284;6139,268;6144,282;6148,252;6152,280;6157,272;6161,286;6165,270;6170,242;6174,270;6179,284;6183,274;6187,260;6192,258;6196,258;6200,272;6205,270;6209,276;6213,262;6218,232;6222,274;6226,286;6231,264;6235,264;6239,260;6244,248;6248,276;6253,262;6257,252;6261,252;6266,250;6270,264;6274,264;6279,254;6283,254;6287,266;6292,266;6296,252;6300,238;6305,272;6309,270;6314,270;6318,270;6322,226;6327,268;6331,260;6335,272;6340,258;6344,258;6348,242;6353,276;6357,274;6361,274;6366,274;6370,230;6374,272;6379,278;6383,278;6388,276;6392,262;6396,274;6401,274;6405,266;6409,264;6414,278;6418,276;6422,276;6427,276;6431,266;6435,280;6440,278;6444,278;6448,264;6453,268;6457,282;6462,282;6466,280;6470,266;6475,242;6479,270;6483,268;6488,268;6492,282;6496,266;6501,272;6505,272;6509,284;6514,270;6518,268;6522,254;6527,274;6531,260;6536,272;6540,270;6544,270;6549,268;6553,274;6557,274;6562,272;6566,272;6570,256;6575,276;6579,262;6583,274;6588,244;6592,258;6596,256;\r\nBuffer sent in 0.973 secondsreturn;buffer;965\r\nreceived from UR: measure -> measure (0,1)\r\nSTEPPER: Moving to mstep: 6600 with speed [msteps/sec]: 1000 in StealthChop.\r\n'), 13:32:09
bytearray(b'STEPPER: Moving to mstep: 2400 with speed [msteps/sec]: 4000 in SpreadCycle.\r\n'), 13:32:14
bytearray(b'STEPPER: Moved 4200.00 msteps (ramp: 35%) in 1324.892 ms -> average speed [msteps/sec]: 3170.07\r\nreturn;measure;965\r\n'), 13:32:15
bytearray(b'received from UR: buffer -> buffer (0,1)\r\nSending buffer of size 965data;2400,290;2404,454;2408,166;2413,280;2417,308;2421,328;2426,342;2430,326;2434,326;2439,312;2443,318;2447,332;2452,318;2456,330;2460,316;2465,316;2469,320;2474,336;2478,318;2482,334;2487,320;2491,324;2495,338;2500,324;2504,324;2508,308;2513,322;2517,328;2521,328;2526,314;2530,328;2534,326;2539,340;2543,332;2548,318;2552,332;2556,316;2561,330;2565,322;2569,336;2574,320;2578,334;2582,318;2587,334;2591,338;2595,322;2600,322;2604,308;2608,320;2613,306;2617,340;2622,324;2626,338;2630,322;2635,336;2639,314;2643,312;2648,326;2652,326;2656,322;2661,324;2665,344;2669,328;2674,328;2678,326;2682,340;2687,324;2691,330;2696,330;2700,328;2704,328;2709,312;2713,332;2717,332;2722,330;2726,316;2730,344;2735,328;2739,320;2743,334;2748,318;2752,332;2756,318;2761,330;2765,322;2770,336;2774,320;2778,334;2783,320;2787,310;2791,338;2796,324;2800,336;2804,322;2809,322;2813,326;2817,326;2822,326;2826,338;2830,324;2835,338;2839,328;2844,328;2848,328;2852,326;2857,326;2861,318;2865,330;2870,328;2874,330;2878,316;2883,328;2887,320;2891,320;2896,334;2900,320;2904,318;2909,318;2913,324;2918,324;2922,338;2926,322;2931,336;2935,328;2939,314;2944,326;2948,326;2952,340;2957,324;2961,330;2965,316;2970,330;2974,328;2979,328;2983,312;2987,318;2992,318;2996,318;3000,332;3005,304;3009,338;3013,322;3018,336;3022,320;3026,336;3031,320;3035,326;3039,326;3044,324;3048,324;3053,308;3057,322;3061,328;3066,328;3070,326;3074,326;3079,324;3083,316;3087,316;3092,314;3096,314;3100,312;3105,326;3109,332;3113,332;3118,316;3122,330;3127,316;3131,306;3135,334;3140,318;3144,332;3148,316;3153,330;3157,322;3161,334;3166,320;3170,334;3174,318;3179,332;3183,324;3187,322;3192,336;3196,322;3201,322;3205,314;3209,328;3214,326;3218,340;3222,324;3227,338;3231,330;3235,314;3240,328;3244,312;3248,326;3253,326;3257,332;3261,316;3266,330;3270,314;3275,328;3279,328;3283,320;3288,332;3292,318;3296,330;3301,330;3305,336;3309,320;3314,334;3318,320;3322,332;3327,332;3331,322;3335,322;3340,306;3344,320;3349,306;3353,334;3357,326;3362,338;3366,324;3370,336;3375,322;3379,328;3383,340;3388,326;3392,324;3396,310;3401,322;3405,328;3410,328;3414,312;3418,342;3423,324;3427,316;3431,330;3436,316;3440,328;3444,314;3449,326;3453,318;3457,332;3462,318;3466,330;3470,330;3475,330;3479,334;3484,320;3488,320;3492,318;3497,318;3501,324;3505,336;3510,322;3514,336;3518,320;3523,334;3527,324;3531,310;3536,338;3540,308;3544,322;3549,308;3553,328;3558,326;3562,326;3566,312;3571,324;3575,330;3579,330;3584,342;3588,314;3592,328;3597,312;3601,332;3605,316;3610,344;3614,330;3619,342;3623,314;3627,320;3632,318;3636,318;3640,328;3645,316;3649,336;3653,322;3658,336;3662,320;3666,334;3671,332;3675,324;3679,322;3684,308;3688,322;3693,320;3697,334;3701,326;3706,326;3710,324;3714,324;3719,322;3723,328;3727,342;3732,326;3736,326;3740,310;3745,324;3749,330;3753,344;3758,328;3762,328;3767,314;3771,318;3775,332;3780,318;3784,332;3788,318;3793,330;3797,322;3801,336;3806,320;3810,334;3814,320;3819,334;3823,324;3827,324;3832,336;3836,322;3841,336;3845,314;3849,328;3854,326;3858,326;3862,310;3867,338;3871,328;3875,328;3880,328;3884,326;3888,324;3893,310;3897,330;3901,328;3906,342;3910,328;3915,340;3919,318;3923,318;3928,330;3932,314;3936,328;3941,314;3945,334;3949,332;3954,332;3958,330;3962,328;3967,314;3971,306;3975,332;3980,318;3984,330;3989,316;3993,342;3997,320;4002,334;4006,318;4010,332;4015,330;4019,320;4023,334;4028,318;4032,318;4036,332;4041,330;4045,322;4049,334;4054,320;4058,334;4063,318;4067,324;4071,336;4076,322;4080,322;4084,320;4089,318;4093,324;4097,336;4102,322;4106,322;4110,320;4115,334;4119,338;4124,324;4128,324;4132,308;4137,322;4141,328;4145,342;4150,326;4154,326;4158,324;4163,338;4167,328;4171,328;4176,342;4180,326;4184,324;4189,310;4193,330;4198,316;4202,344;4206,328;4211,342;4215,318;4219,318;4224,318;4228,330;4232,328;4237,328;4241,334;4245,320;4250,334;4254,318;4258,332;4263,316;4267,322;4272,334;4276,320;4280,318;4285,304;4289,324;4293,322;4298,336;4302,320;4306,334;4311,318;4315,310;4319,322;4324,322;4328,334;4332,320;4337,332;4341,324;4346,338;4350,322;4354,336;4359,322;4363,312;4367,326;4372,324;4376,338;4380,322;4385,322;4389,314;4393,328;4398,326;4402,340;4406,324;4411,316;4415,328;4420,328;4424,326;4428,326;4433,324;4437,316;4441,330;4446,314;4450,342;4454,312;4459,326;4463,316;4467,302;4472,300;4476,302;4480,314;4485,306;4489,318;4494,318;4498,316;4502,316;4507,314;4511,306;4515,290;4520,304;4524,302;4528,302;4533,288;4537,320;4541,320;4546,318;4550,304;4555,316;4559,308;4563,308;4568,306;4572,290;4576,304;4581,290;4585,310;4589,308;4594,322;4598,306;4602,320;4607,296;4611,296;4615,308;4620,308;4624,308;4629,292;4633,312;4637,298;4642,282;4646,294;4650,308;4655,294;4659,298;4663,312;4668,310;4672,296;4676,294;4681,294;4685,300;4690,300;4694,298;4698,298;4703,312;4707,302;4711,302;4716,300;4720,300;4724,284;4729,298;4733,304;4737,318;4742,302;4746,316;4750,314;4755,292;4759,306;4764,304;4768,304;4772,288;4777,302;4781,308;4785,322;4790,306;4794,320;4798,304;4803,318;4807,296;4811,294;4816,308;4820,292;4824,306;4829,312;4833,312;4838,310;4842,324;4846,310;4851,322;4855,300;4859,300;4864,298;4868,298;4872,296;4877,296;4881,316;4885,302;4890,316;4894,314;4898,314;4903,304;4907,304;4912,304;4916,290;4920,302;4925,302;4929,308;4933,294;4938,306;4942,306;4946,306;4951,304;4955,296;4959,310;4964,294;4968,308;4972,308;4977,286;4981,298;4986,312;4990,298;4994,312;4999,296;5003,302;5007,316;5012,300;5016,300;5020,300;5025,312;5029,304;5033,304;5038,302;5042,302;5047,302;5051,292;5055,292;5060,290;5064,290;5068,290;5073,302;5077,308;5081,306;5086,306;5090,304;5094,304;5099,304;5103,294;5107,294;5112,292;5116,292;5121,306;5125,310;5129,310;5134,310;5138,310;5142,294;5147,308;5151,312;5155,312;5160,312;5164,298;5168,310;5173,300;5177,314;5182,298;5186,296;5190,296;5195,310;5199,316;5203,300;5208,314;5212,300;5216,312;5221,296;5225,316;5229,302;5234,286;5238,300;5242,314;5247,304;5251,304;5256,316;5260,302;5264,302;5269,300;5273,320;5277,306;5282,304;5286,304;5290,318;5295,302;5299,294;5303,308;5308,292;5312,306;5316,292;5321,312;5325,310;5330,296;5334,294;5338,308;5343,308;5347,300;5351,314;5356,298;5360,312;5364,296;5369,296;5373,302;5377,286;5382,300;5386,314;5390,298;5395,304;5399,318;5404,304;5408,302;5412,288;5417,300;5421,306;5425,306;5430,306;5434,318;5438,304;5443,304;5447,294;5451,294;5456,294;5460,294;5464,292;5469,300;5473,298;5478,298;5482,310;5486,310;5491,308;5495,300;5499,300;5504,298;5508,284;5512,296;5517,296;5521,314;5525,302;5530,314;5534,314;5538,312;5543,304;5547,290;5552,302;5556,288;5560,300;5565,300;5569,320;5573,306;5578,320;5582,304;5586,318;5591,304;5595,294;5599,308;5604,294;5608,306;5613,292;5617,312;5621,310;5626,324;5630,310;5634,322;5639,308;5643,300;5647,298;5652,298;5656,296;5660,296;5665,296;5669,302;5673,316;5678,314;5682,314;5687,314;5691,304;5695,304;5700,290;5704,302;5708,302;5713,302;5717,308;5721,322;5726,306;5730,306;5734,292;5739,296;5743,296;5748,296;5752,310;5756,294;5761,308;5765,300;5769,314;5774,298;5778,312;5782,296;5787,282;5791,302;5795,302;5800,316;5804,300;5808,300;5813,306;5817,306;5822,304;5826,290;5830,290;5835,304;5839,308;5843,308;5848,294;5852,292;5856,292;5861,292;5865,296;5869,296;5874,310;5878,296;5882,294;5887,300;5891,286;5896,298;5900,298;5904,298;5909,282;5913,316;5917,300;5922,314;5926,314;5930,312;5935,298;5939,304;5943,304;5948,288;5952,302;5956,286;5961,306;5965,306;5970,320;5974,304;5978,318;5983,302;5987,294;5991,308;5996,294;6000,294;6004,292;6009,306;6013,298;6017,312;6022,310;6026,310;6030,306;6035,300;6039,300;6044,286;6048,298;6052,298;6057,296;6061,302;6065,316;6070,314;6074,300;6078,300;6083,312;6087,276;6091,274;6096,274;6100,272;6104,272;6109,278;6113,292;6118,276;6122,276;6126,274;6131,260;6135,280;6139,280;6144,280;6148,264;6152,278;6157,284;6161,270;6165,268;6170,240;6174,266;6179,280;6183,286;6187,272;6192,270;6196,284;6200,284;6205,270;6209,276;6213,274;6218,258;6222,258;6226,228;6231,278;6235,264;6239,262;6244,262;6248,262;6253,246;6257,280;6261,266;6266,222;6270,264;6274,278;6279,278;6283,270;6287,268;6292,254;6296,254;6300,252;6305,258;6309,272;6313,286;6318,272;6322,270;6327,270;6331,262;6335,276;6340,274;6344,288;6348,272;6353,264;6357,264;6361,262;6366,276;6370,290;6374,276;6379,282;6383,280;6387,280;6392,266;6396,278;6401,278;6405,282;6409,284;6414,268;6418,252;6422,252;6427,222;6431,270;6435,270;6440,268;6444,268;6448,254;6453,274;6457,274;6462,272;6466,258;6470,256;6475,256;6479,260;6483,260;6488,260;6492,232;6496,272;6501,272;6505,262;6509,264;6514,248;6518,276;6522,276;6527,282;6531,266;6536,266;6540,280;6544,278;6549,264;6553,284;6557,282;6562,254;6566,268;6570,282;6575,258;6579,272;6583,284;6588,270;6592,282;6596,268;\r\nBuffer sent in 0.973 secondsreturn;buffer;965\r\n'), 13:32:18
