bytearray(b'received from UR: s -> s (0,1)\r\n*** STATUS ***\r\nid        :         3 -\r\nstep      :      2400 steps\r\nspeed     :      1500 msteps/s\r\nmspeed    :      1000 msteps/s\r\nsg-thrs   :        80 -\r\ndefault   :     12000 \xc2\xb5m\r\ndispense  :     14640 \xc2\xb5m\r\nblowout   :     33000 \xc2\xb5m\r\nd-offset  :        20 \xc2\xb5m\r\nur0       :         1 -\r\nur1       :         1 -\r\nhomed     :         1 -\r\nreturn;s;2400\r\n'), 13:37:38
bytearray(b'received from UR: measure -> measure (0,1)\r\nSTEPPER: Moving to mstep: 6600 with speed [msteps/sec]: 1000 in StealthChop.\r\n'), 13:37:40
bytearray(b'STEPPER: Moving to mstep: 2400 with speed [msteps/sec]: 4000 in SpreadCycle.\r\n'), 13:37:44
bytearray(b'STEPPER: Moved 4200.00 msteps (ramp: 35%) in 1324.880 ms -> average speed [msteps/sec]: 3170.10\r\nreturn;measure;965\r\n'), 13:37:45
bytearray(b'received from UR: buffer -> buffer (0,1)\r\nSending buffer of size 965data;2400,302;2404,450;2408,162;2413,276;2417,318;2421,324;2426,340;2430,324;2434,338;2439,324;2443,316;2447,316;2452,314;2456,330;2460,314;2465,328;2469,320;2474,336;2478,320;2482,334;2487,320;2491,326;2495,326;2500,326;2504,326;2508,312;2513,326;2517,318;2521,332;2526,318;2530,318;2534,318;2539,332;2543,324;2548,310;2552,324;2556,308;2561,324;2565,330;2569,330;2574,314;2578,328;2582,314;2587,328;2591,334;2595,320;2600,334;2604,304;2608,332;2613,318;2617,340;2622,324;2626,324;2630,324;2635,338;2639,330;2643,330;2648,330;2652,316;2656,330;2661,314;2665,336;2669,320;2674,334;2678,320;2682,334;2687,318;2691,326;2696,324;2700,310;2704,324;2709,310;2713,330;2717,316;2722,316;2726,316;2730,330;2735,328;2739,322;2743,322;2748,320;2752,334;2756,320;2761,334;2765,328;2770,342;2774,326;2778,340;2783,326;2787,318;2791,332;2796,318;2800,318;2804,318;2809,332;2813,324;2817,338;2822,322;2826,324;2830,322;2835,336;2839,344;2844,330;2848,328;2852,314;2857,328;2861,320;2865,334;2870,320;2874,320;2878,318;2883,330;2887,340;2891,324;2896,324;2900,324;2905,324;2909,316;2913,330;2918,316;2922,330;2926,316;2931,330;2935,334;2939,320;2944,322;2948,306;2952,334;2957,318;2961,340;2965,326;2970,338;2974,324;2979,338;2983,324;2987,316;2992,344;2996,330;3000,328;3005,314;3009,336;3013,320;3018,334;3022,320;3026,334;3031,318;3035,312;3039,340;3044,326;3048,324;3053,310;3057,324;3061,316;3066,330;3070,316;3074,316;3079,314;3083,322;3087,322;3092,320;3096,320;3100,306;3105,320;3109,326;3113,326;3118,324;3122,324;3127,322;3131,316;3135,328;3140,314;3144,328;3148,314;3153,328;3157,320;3161,332;3166,318;3170,332;3174,332;3179,332;3183,324;3187,320;3192,336;3196,322;3201,336;3205,320;3209,342;3214,326;3218,340;3222,326;3227,340;3231,320;3235,318;3240,332;3244,318;3248,316;3253,316;3257,338;3261,322;3266,336;3270,322;3275,322;3279,328;3283,328;3288,342;3292,328;3296,326;3301,314;3305,334;3309,318;3314,332;3318,318;3322,332;3327,318;3331,324;3335,324;3340,308;3344,322;3349,308;3353,330;3357,328;3362,328;3366,328;3370,328;3375,326;3379,318;3383,332;3388,318;3392,332;3396,316;3401,332;3405,324;3410,338;3414,324;3418,338;3423,322;3427,316;3431,330;3436,314;3440,328;3444,314;3449,328;3453,320;3457,334;3462,320;3466,320;3470,320;3475,312;3479,326;3484,312;3488,324;3492,312;3497,324;3501,316;3505,316;3510,316;3514,330;3518,316;3523,330;3527,322;3531,308;3536,334;3540,320;3545,334;3549,306;3553,326;3558,326;3562,340;3566,326;3571,340;3575,332;3579,318;3584,316;3588,316;3592,330;3597,316;3601,352;3605,322;3610,336;3614,322;3619,336;3623,322;3627,314;3632,326;3636,312;3640,326;3645,312;3649,334;3653,318;3658,346;3662,332;3666,346;3671,330;3675,310;3679,324;3684,322;3688,336;3693,322;3697,322;3701,314;3706,328;3710,328;3714,328;3719,326;3723,320;3727,332;3732,318;3736,318;3740,318;3745,332;3749,324;3753,324;3758,322;3762,322;3767,322;3771,314;3775,328;3780,314;3784,328;3788,312;3793,326;3797,320;3801,332;3806,318;3810,332;3814,318;3819,332;3823,324;3827,310;3832,322;3836,308;3841,322;3845,308;3849,344;3854,328;3858,328;3862,314;3867,326;3871,334;3875,320;3880,320;3884,306;3888,320;3893,318;3897,326;3901,312;3906,324;3910,324;3915,324;3919,324;3923,316;3928,316;3932,302;3936,330;3941,316;3945,322;3949,322;3954,322;3958,320;3962,336;3967,320;3971,314;3975,326;3980,312;3984,326;3989,312;3993,324;3997,318;4002,332;4006,316;4010,332;4015,330;4019,322;4023,322;4028,308;4032,322;4036,322;4041,336;4045,314;4050,328;4054,314;4058,342;4063,328;4067,320;4071,334;4076,320;4080,334;4084,318;4089,318;4093,324;4097,324;4102,324;4106,324;4110,324;4115,336;4119,344;4124,330;4128,328;4132,314;4137,328;4141,334;4145,334;4150,334;4154,334;4158,320;4163,332;4167,324;4171,324;4176,324;4180,310;4184,322;4189,308;4193,330;4198,328;4202,342;4206,314;4211,340;4215,334;4219,318;4224,332;4228,316;4232,330;4237,316;4241,336;4245,322;4250,336;4254,320;4258,334;4263,320;4267,326;4272,324;4276,310;4280,324;4285,324;4289,330;4293,330;4298,330;4302,314;4306,328;4311,328;4315,306;4319,320;4324,320;4328,334;4332,318;4337,320;4341,324;4346,338;4350,324;4354,324;4359,324;4363,316;4367,330;4372,316;4376,330;4380,316;4385,316;4389,320;4393,336;4398,322;4402,336;4406,320;4411,312;4415,328;4420,312;4424,340;4428,326;4433,326;4437,318;4441,332;4446,332;4450,332;4454,316;4459,330;4463,322;4467,322;4472,322;4476,322;4480,322;4485,306;4489,328;4494,328;4498,342;4502,328;4507,328;4511,320;4515,320;4520,334;4524,318;4528,318;4533,318;4537,338;4541,324;4546,324;4550,322;4555,322;4559,322;4563,314;4568,328;4572,312;4576,326;4581,312;4585,332;4589,318;4594,332;4598,316;4602,330;4607,316;4611,308;4615,322;4620,320;4624,334;4629,320;4633,328;4637,326;4642,326;4646,312;4650,338;4655,324;4659,316;4663,316;4668,302;4672,316;4676,316;4681,330;4685,322;4690,324;4694,322;4698,336;4703,322;4707,314;4711,326;4716,312;4720,326;4724,312;4729,326;4733,318;4737,332;4742,316;4746,330;4750,330;4755,330;4759,322;4764,306;4768,334;4772,318;4777,334;4781,312;4785,326;4790,324;4794,338;4798,324;4803,338;4807,330;4811,316;4816,328;4820,314;4824,342;4829,328;4833,334;4838,320;4842,334;4846,318;4851,334;4855,324;4859,324;4864,324;4868,324;4872,338;4877,324;4881,330;4885,316;4890,330;4894,328;4898,330;4903,328;4907,320;4912,334;4916,320;4920,334;4925,320;4929,326;4933,326;4938,326;4942,324;4946,326;4951,326;4955,318;4959,330;4964,316;4968,330;4972,316;4977,330;4981,322;4986,336;4990,320;4994,334;4999,320;5003,312;5007,326;5012,312;5016,326;5020,324;5025,340;5029,316;5033,330;5038,316;5042,330;5046,316;5051,330;5055,322;5060,322;5064,322;5068,320;5073,334;5077,312;5081,326;5086,326;5090,326;5094,324;5099,324;5103,330;5107,316;5112,316;5116,314;5120,328;5125,314;5129,334;5134,320;5138,334;5142,318;5147,332;5151,324;5155,324;5160,338;5164,308;5168,324;5173,308;5177,342;5181,328;5186,342;5190,314;5194,340;5199,326;5203,318;5208,332;5212,318;5216,330;5221,316;5225,336;5229,322;5234,336;5238,320;5242,334;5247,318;5251,312;5255,326;5260,324;5264,338;5269,324;5273,324;5277,316;5282,328;5286,328;5290,328;5295,314;5299,320;5303,334;5308,318;5312,332;5316,332;5321,318;5325,324;5329,338;5334,322;5338,322;5343,322;5347,314;5351,326;5356,312;5360,340;5364,312;5369,324;5373,316;5377,330;5382,316;5386,330;5390,314;5395,328;5399,334;5403,320;5408,334;5412,318;5417,318;5421,324;5425,338;5430,322;5434,336;5438,322;5443,322;5447,328;5451,314;5456,340;5460,326;5464,326;5469,312;5473,332;5477,318;5482,330;5486,316;5491,316;5495,322;5499,320;5504,334;5508,320;5512,320;5517,304;5521,338;5525,324;5530,338;5534,324;5538,338;5543,322;5547,314;5551,328;5556,314;5560,328;5565,312;5569,328;5573,318;5578,334;5582,318;5586,332;5591,316;5595,322;5599,336;5604,308;5608,322;5612,306;5617,320;5621,326;5625,340;5630,326;5634,340;5639,324;5643,318;5647,330;5652,316;5656,328;5660,314;5665,328;5669,320;5673,334;5678,320;5682,320;5686,318;5691,332;5695,338;5700,324;5704,322;5708,322;5713,336;5717,328;5721,328;5726,314;5730,326;5734,312;5739,310;5743,316;5747,302;5752,316;5756,302;5760,314;5765,306;5769,306;5774,306;5778,320;5782,306;5787,320;5791,296;5795,282;5800,310;5804,296;5808,308;5813,294;5817,300;5821,300;5826,312;5830,298;5834,312;5839,304;5843,290;5848,304;5852,304;5856,302;5861,302;5865,308;5869,294;5874,308;5878,306;5882,306;5887,306;5891,284;5895,298;5900,296;5904,296;5909,282;5913,302;5917,302;5922,316;5926,302;5930,302;5935,300;5939,292;5943,306;5948,292;5952,304;5956,304;5961,304;5965,296;5969,310;5974,294;5978,308;5983,308;5987,286;5991,300;5996,284;6000,298;6004,298;6009,312;6013,304;6017,304;6022,302;6026,316;6030,300;6035,294;6039,292;6043,292;6048,304;6052,290;6057,290;6061,310;6065,308;6070,308;6074,308;6078,308;6083,306;6087,284;6091,284;6096,282;6100,268;6104,268;6109,274;6113,260;6117,286;6122,286;6126,284;6131,270;6135,276;6139,274;6144,274;6148,274;6152,272;6157,244;6161,278;6165,278;6170,276;6174,276;6178,234;6183,282;6187,268;6191,266;6196,266;6200,266;6205,250;6209,286;6213,270;6218,270;6222,270;6226,242;6231,284;6235,274;6239,274;6244,274;6248,258;6252,244;6257,278;6261,278;6265,278;6270,264;6274,234;6279,276;6283,268;6287,266;6292,252;6296,264;6300,264;6305,270;6309,270;6313,270;6318,282;6322,282;6326,280;6331,246;6335,258;6340,244;6344,272;6348,272;6353,270;6357,262;6361,260;6366,260;6370,274;6374,274;6379,266;6383,266;6387,252;6392,264;6396,250;6400,278;6405,270;6409,270;6414,254;6418,240;6422,268;6427,268;6431,274;6435,274;6440,258;6444,258;6448,258;6453,278;6457,278;6461,264;6466,264;6470,264;6474,234;6479,270;6483,268;6488,268;6492,268;6496,252;6501,238;6505,274;6509,272;6514,244;6518,256;6522,244;6527,278;6531,264;6535,276;6540,248;6544,262;6549,262;6553,226;6557,282;6562,284;6566,282;6570,282;6575,282;6579,246;6583,274;6588,260;6592,272;6596,244;\r\nBuffer sent in 0.973 secondsreturn;buffer;965\r\nreceived from UR: measure -> measure (0,1)\r\nSTEPPER: Moving to mstep: 6600 with speed [msteps/sec]: 1000 in StealthChop.\r\n'), 13:37:49
bytearray(b'STEPPER: Moving to mstep: 2400 with speed [msteps/sec]: 4000 in SpreadCycle.\r\n'), 13:37:53
bytearray(b'STEPPER: Moved 4200.00 msteps (ramp: 35%) in 1324.892 ms -> average speed [msteps/sec]: 3170.07\r\nreturn;measure;965\r\n'), 13:37:54
bytearray(b'received from UR: buffer -> buffer (0,1)\r\nSending buffer of size 965data;2400,296;2404,454;2408,164;2413,266;2417,322;2421,328;2426,342;2430,328;2434,342;2439,326;2443,318;2447,332;2452,318;2456,332;2460,330;2465,330;2469,322;2474,336;2478,336;2482,336;2487,322;2491,314;2495,326;2500,326;2504,340;2508,324;2513,324;2517,316;2521,330;2526,330;2530,330;2534,328;2539,328;2543,334;2548,320;2552,334;2556,318;2561,332;2565,324;2569,336;2574,320;2578,336;2582,320;2587,322;2591,326;2595,312;2600,338;2604,324;2608,324;2613,310;2617,330;2622,316;2626,328;2630,314;2635,328;2639,334;2643,318;2648,332;2652,332;2656,318;2661,316;2665,338;2669,322;2674,322;2678,322;2682,322;2687,320;2691,314;2696,328;2700,312;2704,326;2709,312;2713,332;2717,318;2722,328;2726,316;2730,330;2735,316;2739,322;2743,334;2748,320;2752,320;2756,318;2761,334;2765,326;2770,340;2774,324;2778,338;2783,324;2787,316;2791,330;2796,314;2800,328;2804,314;2809,342;2813,318;2817,332;2822,318;2826,332;2830,330;2835,344;2839,322;2844,322;2848,336;2852,320;2857,334;2861,312;2865,326;2870,324;2874,338;2878,324;2883,338;2887,328;2891,314;2896,328;2900,326;2905,342;2909,320;2913,318;2918,318;2922,332;2926,332;2931,332;2935,322;2939,308;2944,336;2948,322;2952,336;2957,320;2961,328;2965,326;2970,326;2974,324;2979,326;2983,324;2987,316;2992,330;2996,316;3000,316;3005,314;3009,336;3013,320;3018,334;3022,320;3026,334;3031,320;3035,312;3039,326;3044,324;3048,324;3053,324;3057,324;3061,314;3066,330;3070,314;3074,328;3079,314;3083,320;3087,334;3092,306;3096,320;3100,318;3105,332;3109,326;3113,326;3118,324;3122,324;3127,324;3131,316;3135,330;3140,314;3144,328;3148,314;3153,340;3157,318;3161,332;3166,318;3170,346;3174,330;3179,344;3183,322;3187,308;3192,334;3196,320;3201,334;3205,318;3209,340;3214,324;3218,338;3222,324;3227,338;3231,330;3235,314;3240,328;3244,314;3248,328;3253,314;3257,334;3261,318;3266,332;3270,318;3275,332;3279,316;3283,338;3288,322;3292,322;3296,336;3301,320;3305,328;3309,326;3314,326;3318,326;3322,340;3327,324;3331,330;3335,328;3340,316;3344,328;3349,314;3353,328;3357,332;3362,332;3366,316;3370,332;3375,316;3379,322;3383,336;3388,322;3392,320;3396,306;3401,334;3405,326;3410,340;3414,312;3418,324;3423,324;3427,316;3431,330;3436,328;3440,328;3444,314;3449,326;3453,318;3457,334;3462,318;3466,318;3470,316;3475,330;3479,336;3484,322;3488,322;3492,318;3497,320;3501,326;3505,326;3510,310;3514,324;3518,324;3523,324;3527,328;3531,314;3536,328;3540,314;3544,328;3549,314;3553,334;3558,320;3562,334;3566,318;3571,332;3575,324;3579,324;3584,336;3588,308;3592,320;3597,320;3601,340;3605,324;3610,338;3614,322;3618,336;3623,320;3627,328;3632,326;3636,312;3640,326;3645,324;3649,332;3653,316;3658,330;3662,316;3666,330;3671,328;3675,334;3679,320;3684,318;3688,332;3692,318;3697,332;3701,322;3706,320;3710,322;3714,336;3719,322;3723,314;3727,328;3732,312;3736,326;3740,324;3745,326;3749,332;3753,330;3758,316;3762,330;3766,328;3771,328;3775,320;3780,318;3784,332;3788,318;3793,332;3797,310;3801,324;3806,322;3810,336;3814,320;3819,334;3823,326;3827,312;3832,324;3836,324;3840,324;3845,322;3849,328;3854,314;3858,328;3862,326;3867,326;3871,318;3875,318;3880,332;3884,316;3888,330;3893,330;3897,322;3901,322;3906,322;3910,320;3915,334;3919,318;3923,310;3928,324;3932,310;3936,324;3941,308;3945,328;3949,314;3954,328;3958,326;3962,340;3967,326;3971,318;3975,332;3980,330;3984,330;3989,316;3993,330;3997,322;4002,336;4006,320;4010,334;4015,318;4019,324;4023,324;4028,324;4032,336;4036,322;4041,322;4045,326;4050,340;4054,326;4058,340;4063,324;4067,316;4071,330;4076,330;4080,328;4084,328;4089,312;4093,318;4097,332;4102,318;4106,330;4110,316;4115,328;4119,334;4124,320;4128,334;4132,318;4137,318;4141,322;4145,338;4150,322;4154,336;4158,322;4163,336;4167,328;4171,314;4176,326;4180,312;4184,326;4189,310;4193,332;4198,316;4202,344;4206,328;4211,328;4215,320;4219,318;4224,332;4228,318;4232,318;4237,316;4241,336;4245,322;4250,336;4254,320;4258,334;4263,318;4267,312;4272,324;4276,310;4280,338;4285,324;4289,316;4293,314;4298,328;4302,314;4306,328;4311,326;4315,304;4319,332;4324,318;4328,330;4332,316;4337,330;4341,322;4346,334;4350,320;4354,334;4359,318;4363,326;4367,324;4372,310;4376,336;4380,322;4385,336;4389,312;4393,326;4398,326;4402,340;4406,324;4411,338;4415,330;4420,314;4424,328;4428,314;4433,340;4437,318;4441,332;4446,316;4450,332;4454,316;4459,330;4463,320;4467,320;4472,334;4476,318;4480,332;4485,332;4489,324;4494,322;4498,336;4502,322;4507,334;4511,326;4515,312;4520,326;4524,324;4528,338;4533,310;4537,330;4541,328;4546,328;4550,326;4555,326;4559,326;4563,318;4568,330;4572,316;4576,344;4581,328;4585,320;4589,320;4594,332;4598,318;4602,330;4607,316;4611,308;4615,336;4620,320;4624,334;4629,320;4633,332;4637,324;4642,338;4646,322;4650,336;4655,320;4659,312;4663,326;4668,312;4672,324;4676,324;4681,322;4685,314;4689,328;4694,326;4698,340;4703,324;4707,316;4711,316;4716,314;4720,328;4724,314;4729,326;4733,332;4737,332;4742,316;4746,330;4750,316;4755,330;4759,322;4763,320;4768,334;4772,318;4777,346;4781,310;4785,322;4790,322;4794,336;4798,320;4803,334;4807,326;4811,312;4816,326;4820,310;4824,324;4829,310;4833,344;4837,328;4842,342;4846,314;4851,342;4855,326;4859,332;4864,318;4868,318;4872,330;4877,316;4881,338;4885,322;4890,336;4894,322;4898,336;4903,320;4907,314;4911,326;4916,312;4920,326;4925,312;4929,330;4933,316;4938,330;4942,316;4946,328;4951,328;4955,318;4959,318;4964,304;4968,330;4972,316;4977,330;4981,322;4986,336;4990,320;4994,334;4999,320;5003,310;5007,324;5012,308;5016,322;5020,322;5025,334;5029,326;5033,328;5038,312;5042,340;5046,324;5051,324;5055,330;5060,314;5064,328;5068,314;5073,340;5077,318;5081,318;5086,316;5090,330;5094,330;5099,330;5103,320;5107,320;5112,332;5116,318;5120,332;5125,330;5129,322;5134,320;5138,334;5142,320;5147,332;5151,324;5155,310;5160,338;5164,322;5168,336;5173,306;5177,340;5181,324;5186,338;5190,324;5194,338;5199,322;5203,314;5208,328;5212,312;5216,326;5221,312;5225,332;5229,316;5234,330;5238,314;5242,342;5247,324;5251,334;5255,318;5260,318;5264,332;5269,318;5273,316;5277,322;5282,336;5286,322;5290,334;5295,320;5299,326;5303,326;5308,310;5312,324;5316,322;5321,336;5325,316;5329,328;5334,328;5338,328;5343,326;5347,318;5351,318;5356,302;5360,330;5364,316;5369,330;5373,322;5377,336;5382,320;5386,334;5390,318;5395,332;5399,338;5403,324;5408,324;5412,308;5417,322;5421,314;5425,328;5430,312;5434,326;5438,324;5443,324;5447,330;5451,328;5456,328;5460,314;5464,314;5469,312;5473,332;5477,318;5482,330;5486,316;5491,330;5495,328;5499,320;5504,320;5508,318;5512,332;5517,318;5521,324;5525,324;5530,336;5534,322;5538,322;5543,320;5547,312;5551,340;5556,324;5560,324;5565,310;5569,336;5573,314;5578,328;5582,312;5586,326;5591,312;5595,318;5599,346;5604,330;5608,330;5612,314;5617,328;5621,320;5625,334;5630,318;5634,330;5639,316;5643,322;5647,334;5652,334;5656,318;5660,318;5665,330;5669,322;5673,334;5678,320;5682,332;5686,318;5691,332;5695,336;5699,322;5704,322;5708,320;5713,334;5717,324;5721,326;5726,324;5730,322;5734,308;5739,320;5743,312;5747,298;5752,298;5756,296;5760,310;5765,302;5769,316;5774,300;5778,300;5782,298;5787,312;5791,304;5795,304;5800,316;5804,288;5808,302;5813,302;5817,308;5821,306;5826,306;5830,292;5834,304;5839,296;5843,296;5848,296;5852,294;5856,308;5861,294;5865,300;5869,300;5874,298;5878,298;5882,296;5887,296;5891,288;5895,300;5900,286;5904,300;5908,298;5913,306;5917,304;5922,290;5926,288;5930,302;5935,302;5939,294;5943,308;5948,292;5952,306;5956,304;5961,304;5965,296;5969,310;5974,296;5978,322;5983,306;5987,298;5991,312;5996,298;6000,310;6004,296;6009,296;6013,302;6017,316;6022,300;6026,314;6030,300;6035,312;6039,290;6043,288;6048,302;6052,288;6057,300;6061,306;6065,306;6070,304;6074,304;6078,304;6083,304;6087,282;6091,266;6096,280;6100,278;6104,264;6109,284;6113,270;6117,268;6122,268;6126,280;6131,280;6135,272;6139,272;6144,284;6148,284;6152,282;6157,268;6161,274;6165,274;6170,272;6174,286;6178,284;6183,262;6187,262;6191,276;6196,260;6200,274;6205,258;6209,264;6213,278;6218,292;6222,276;6226,276;6231,260;6235,280;6239,266;6244,266;6248,266;6252,264;6257,270;6261,284;6265,282;6270,268;6274,252;6279,280;6283,258;6287,270;6292,256;6296,254;6300,268;6305,232;6309,274;6313,274;6318,272;6322,272;6326,258;6331,276;6335,276;6339,262;6344,276;6348,274;6353,260;6357,278;6361,266;6366,280;6370,280;6374,266;6379,272;6383,270;6387,270;6392,268;6396,266;6400,266;6405,272;6409,258;6414,272;6418,272;6422,270;6427,270;6431,276;6435,276;6440,274;6444,274;6448,272;6453,264;6457,264;6461,264;6466,220;6470,276;6474,276;6479,268;6483,238;6488,266;6492,266;6496,278;6501,264;6505,270;6509,270;6514,268;6518,268;6522,268;6527,274;6531,244;6535,272;6540,256;6544,270;6548,256;6553,276;6557,276;6562,260;6566,274;6570,288;6575,272;6579,278;6583,264;6588,278;6592,276;6596,262;\r\nBuffer sent in 0.973 secondsreturn;buffer;965\r\nreceived from UR: measure -> measure (0,1)\r\nSTEPPER: Moving to mstep: 6600 with speed [msteps/sec]: 1000 in StealthChop.\r\n'), 13:37:58
bytearray(b'STEPPER: Moving to mstep: 2400 with speed [msteps/sec]: 4000 in SpreadCycle.\r\n'), 13:38:02
bytearray(b'STEPPER: Moved 4200.00 msteps (ramp: 35%) in 1324.888 ms -> average speed [msteps/sec]: 3170.08\r\nreturn;measure;965\r\n'), 13:38:03
bytearray(b'received from UR: buffer -> buffer (0,1)\r\nSending buffer of size 965data;2400,302;2404,464;2408,134;2413,274;2417,318;2421,324;2426,338;2430,322;2434,336;2439,320;2443,328;2447,328;2452,312;2456,326;2460,312;2465,326;2469,318;2474,332;2478,316;2482,330;2487,316;2491,334;2495,322;2500,320;2504,334;2508,320;2513,334;2517,324;2521,324;2526,324;2530,338;2534,322;2539,338;2543,330;2548,314;2552,328;2556,314;2561,326;2565,320;2569,334;2574,318;2578,332;2582,318;2587,332;2591,322;2595,308;2600,322;2604,306;2608,320;2613,306;2617,340;2622,324;2626,338;2630,324;2635,338;2639,316;2643,314;2648,328;2652,314;2656,328;2661,312;2665,332;2669,318;2674,318;2678,316;2682,330;2687,330;2691,308;2696,322;2700,308;2704,320;2709,306;2713,340;2717,324;2722,338;2726,324;2730,338;2735,322;2739,300;2743,328;2748,314;2752,326;2756,312;2761,324;2765,330;2770,344;2774,330;2778,344;2783,328;2787,306;2791,334;2796,318;2800,332;2804,304;2809,330;2813,322;2817,338;2822,322;2826,336;2830,320;2835,312;2839,326;2844,310;2848,324;2852,310;2857,322;2861,328;2865,342;2870,328;2874,342;2878,326;2883,340;2887,332;2891,318;2896,332;2900,316;2905,328;2909,316;2913,334;2918,320;2922,334;2926,334;2931,334;2935,324;2939,310;2944,324;2948,308;2952,336;2957,308;2961,330;2965,328;2970,328;2974,326;2979,326;2983,312;2987,316;2992,330;2996,316;3000,344;3005,328;3009,322;3013,320;3018,334;3022,318;3026,332;3031,316;3035,310;3039,322;3044,308;3048,320;3053,320;3057,320;3061,326;3066,326;3070,310;3074,324;3079,324;3083,316;3087,330;3092,314;3096,328;3100,314;3105,326;3109,320;3114,332;3118,320;3122,332;3127,318;3131,310;3135,324;3140,308;3144,322;3148,308;3153,336;3157,328;3161,342;3166,326;3170,340;3174,326;3179,340;3183,332;3188,302;3192,330;3196,314;3201,330;3205,320;3209,348;3214,320;3218,334;3222,318;3227,332;3231,324;3235,324;3240,338;3244,322;3248,322;3253,320;3257,342;3262,326;3266,340;3270,324;3275,340;3279,330;3283,316;3288,330;3292,316;3296,328;3301,314;3305,334;3309,332;3314,332;3318,318;3322,332;3327,330;3331,308;3336,336;3340,308;3344,334;3349,306;3353,334;3357,324;3362,338;3366,324;3370,338;3375,322;3379,314;3383,328;3388,314;3392,326;3396,312;3401,326;3405,330;3410,344;3414,316;3418,344;3423,328;3427,306;3431,320;3436,318;3440,318;3444,316;3449,330;3453,322;3457,336;3462,320;3466,334;3470,320;3475,334;3479,324;3484,310;3488,324;3492,308;3497,322;3501,328;3505,328;3510,326;3514,326;3518,326;3523,326;3527,332;3531,304;3536,330;3540,302;3544,330;3549,314;3553,336;3558,320;3562,334;3566,320;3571,334;3575,326;3579,310;3584,324;3588,308;3592,336;3597,308;3601,342;3605,328;3610,342;3614,326;3619,340;3623,326;3627,318;3632,330;3636,330;3640,330;3645,314;3649,336;3653,320;3658,334;3662,320;3666,334;3671,318;3675,324;3679,338;3684,324;3688,322;3693,322;3697,336;3701,328;3706,328;3710,326;3714,326;3719,326;3723,318;3727,332;3732,332;3736,330;3740,316;3745,330;3749,322;3753,336;3758,320;3762,320;3767,318;3771,312;3775,338;3780,324;3784,324;3788,310;3793,336;3797,328;3801,328;3806,312;3810,326;3814,324;3819,338;3823,332;3827,330;3832,328;3836,314;3841,328;3845,320;3849,332;3854,318;3858,318;3862,316;3867,330;3871,336;3875,322;3880,322;3884,320;3888,320;3893,320;3897,326;3901,312;3906,324;3910,324;3915,324;3919,330;3923,330;3928,330;3932,314;3936,328;3941,314;3945,334;3949,318;3954,332;3958,332;3962,332;3967,316;3971,308;3976,336;3980,306;3984,334;3989,320;3993,332;3997,324;4002,338;4006,322;4010,336;4015,322;4019,314;4023,326;4028,312;4032,324;4036,310;4041,324;4045,316;4050,344;4054,328;4058,342;4063,326;4067,318;4071,332;4076,316;4080,330;4084,314;4089,328;4093,320;4097,334;4102,332;4106,332;4110,318;4115,330;4119,336;4124,322;4128,336;4132,306;4137,334;4141,326;4145,340;4150,324;4154,338;4158,324;4163,338;4167,330;4171,314;4176,328;4180,312;4184,326;4189,312;4193,332;4198,318;4202,344;4206,330;4211,342;4215,334;4219,320;4224,334;4228,306;4232,318;4237,318;4241,338;4245,322;4250,336;4254,322;4258,336;4263,320;4267,312;4272,326;4276,312;4280,326;4285,310;4289,332;4293,316;4298,330;4302,330;4306,328;4311,328;4315,306;4319,320;4324,306;4328,320;4332,318;4337,332;4341,324;4346,338;4350,322;4354,338;4359,322;4363,314;4367,328;4372,300;4376,328;4380,312;4385,340;4389,318;4393,332;4398,318;4402,332;4407,318;4411,332;4415,324;4420,322;4424,322;4428,322;4433,336;4437,312;4441,326;4446,326;4450,340;4454,324;4459,340;4463,318;4467,316;4472,330;4476,316;4481,330;4485,322;4489,322;4494,322;4498,334;4502,320;4507,334;4511,324;4515,324;4520,324;4524,324;4528,336;4533,322;4537,328;4541,328;4546,328;4550,326;4555,326;4559,326;4563,318;4568,332;4572,304;4576,330;4581,316;4585,336;4589,322;4594,336;4598,320;4602,334;4607,320;4611,312;4615,326;4620,310;4624,324;4629,310;4633,322;4637,328;4642,342;4646,326;4650,340;4655,326;4659,316;4663,332;4668,316;4672,330;4676,316;4681,328;4685,320;4689,334;4694,320;4698,334;4703,318;4707,310;4711,324;4716,308;4720,322;4724,308;4729,336;4733,328;4737,342;4742,326;4746,340;4750,324;4755,338;4759,330;4763,302;4768,330;4772,314;4777,328;4781,320;4785,334;4790,320;4794,334;4798,318;4803,346;4807,324;4811,308;4816,336;4820,320;4824,334;4829,306;4833,340;4838,324;4842,338;4846,324;4851,338;4855,328;4859,314;4864,328;4868,314;4872,328;4877,312;4881,334;4885,332;4890,332;4894,318;4898,332;4903,330;4907,310;4912,322;4916,322;4920,336;4925,306;4929,342;4933,326;4938,340;4942,324;4946,338;4951,324;4955,302;4959,330;4964,314;4968,328;4972,314;4977,326;4981,318;4986,332;4990,316;4994,344;4999,330;5003,308;5007,334;5012,320;5016,332;5020,304;5025,318;5029,324;5033,338;5038,322;5042,336;5046,322;5051,314;5055,326;5060,312;5064,326;5068,312;5073,324;5077,330;5081,330;5086,328;5090,330;5094,328;5099,328;5103,320;5107,318;5112,318;5116,302;5120,330;5125,316;5129,336;5134,322;5138,336;5142,334;5147,332;5151,326;5155,310;5160,324;5164,308;5168,322;5173,308;5177,340;5181,326;5186,340;5190,324;5194,338;5199,322;5203,312;5208,328;5212,312;5216,326;5221,312;5225,346;5229,316;5234,330;5238,314;5242,342;5247,328;5251,334;5255,318;5260,318;5264,330;5268,316;5273,342;5277,320;5282,320;5286,320;5290,332;5295,318;5299,338;5303,322;5308,322;5312,334;5316,320;5321,334;5325,324;5329,324;5334,322;5338,338;5343,322;5347,314;5351,326;5356,312;5360,326;5364,310;5369,324;5373,330;5377,342;5382,328;5386,342;5390,326;5395,340;5399,332;5403,316;5408,330;5412,302;5417,328;5421,320;5425,334;5430,318;5434,334;5438,318;5443,332;5447,322;5451,322;5456,320;5460,306;5464,320;5469,318;5473,326;5477,324;5482,338;5486,322;5491,336;5495,322;5499,314;5504,326;5508,312;5512,324;5517,310;5521,332;5525,328;5530,330;5534,328;5538,328;5543,326;5547,318;5552,332;5556,304;5560,330;5565,316;5569,336;5573,320;5578,336;5582,320;5586,334;5591,320;5595,312;5599,326;5604,308;5608,324;5612,308;5617,322;5621,328;5626,342;5630,328;5634,342;5639,326;5643,318;5647,332;5652,316;5656,330;5660,316;5665,328;5669,320;5673,336;5678,334;5682,334;5686,318;5691,332;5695,324;5700,308;5704,322;5708,322;5713,334;5717,326;5721,340;5726,324;5730,324;5734,322;5739,322;5743,314;5747,286;5752,312;5756,298;5760,312;5765,304;5769,318;5774,302;5778,316;5782,302;5787,316;5791,306;5795,292;5800,306;5804,292;5808,304;5813,290;5817,322;5821,310;5826,310;5830,308;5834,308;5839,300;5843,286;5848,298;5852,298;5856,296;5861,282;5865,304;5869,302;5874,300;5878,300;5882,314;5887,298;5891,290;5895,304;5900,290;5904,290;5908,288;5913,310;5917,308;5922,308;5926,308;5930,308;5935,306;5939,286;5943,312;5948,298;5952,312;5956,282;5961,310;5965,302;5969,316;5974,300;5978,314;5983,300;5987,292;5991,306;5996,290;6000,304;6004,290;6009,304;6013,310;6017,310;6022,310;6026,324;6030,294;6035,286;6039,300;6043,300;6048,298;6052,284;6057,298;6061,304;6065,304;6070,304;6074,304;6078,302;6083,302;6087,280;6091,264;6096,292;6100,278;6104,276;6109,270;6113,268;6117,268;6122,268;6126,280;6131,280;6135,272;6139,242;6144,284;6148,270;6152,282;6157,282;6161,232;6165,272;6170,288;6174,286;6178,286;6183,262;6187,248;6192,290;6196,274;6200,276;6205,246;6209,280;6213,278;6218,278;6222,278;6226,262;6231,276;6235,268;6239,280;6244,252;6248,280;6252,264;6257,284;6261,270;6266,254;6270,268;6274,254;6279,280;6283,244;6287,258;6292,242;6296,284;6300,270;6305,270;6309,262;6313,232;6318,274;6322,288;6326,286;6331,264;6335,264;6340,248;6344,276;6348,262;6353,276;6357,266;6361,266;6366,280;6370,280;6374,278;6379,242;6383,284;6387,270;6392,270;6396,282;6400,280;6405,274;6409,286;6414,258;6418,230;6422,270;6427,284;6431,276;6435,262;6440,260;6444,246;6448,274;6453,266;6457,250;6461,278;6466,278;6470,278;6474,276;6479,254;6483,240;6488,282;6492,266;6496,280;6501,266;6505,244;6509,272;6514,270;6518,270;6522,256;6527,276;6531,262;6535,274;6540,274;6544,274;6548,272;6553,280;6557,278;6562,278;6566,262;6570,260;6575,254;6579,238;6583,280;6588,264;6592,266;6596,278;\r\nBuffer sent in 0.973 secondsreturn;buffer;965\r\nreceived from UR: measure -> measure (0,1)\r\nSTEPPER: Moving to mstep: 6600 with speed [msteps/sec]: 1000 in StealthChop.\r\n'), 13:38:07
bytearray(b'STEPPER: Moving to mstep: 2400 with speed [msteps/sec]: 4000 in SpreadCycle.\r\n'), 13:38:11
bytearray(b'STEPPER: Moved 4200.00 msteps (ramp: 35%) in 1324.888 ms -> average speed [msteps/sec]: 3170.08\r\nreturn;measure;965\r\n'), 13:38:12
bytearray(b'received from UR: buffer -> buffer (0,1)\r\nSending buffer of size 965data;2400,312;2404,466;2408,134;2413,278;2417,320;2421,326;2426,340;2430,324;2434,338;2439,324;2443,316;2447,328;2452,328;2456,314;2460,314;2465,326;2469,332;2474,346;2478,318;2482,332;2487,330;2491,308;2495,322;2500,322;2504,322;2508,322;2513,320;2517,326;2521,340;2526,326;2530,338;2534,324;2539,338;2543,328;2548,314;2552,328;2556,312;2561,326;2565,318;2569,332;2574,332;2578,346;2582,318;2587,330;2591,322;2595,320;2600,334;2604,306;2608,320;2613,306;2617,338;2622,324;2626,338;2630,322;2635,336;2639,314;2643,314;2648,326;2652,312;2656,324;2661,312;2665,332;2669,316;2674,330;2678,314;2682,328;2687,328;2691,320;2696,320;2700,318;2704,318;2709,318;2713,324;2717,324;2722,324;2726,324;2730,336;2735,322;2739,314;2743,328;2748,326;2752,340;2756,312;2761,326;2765,318;2770,332;2774,332;2778,330;2783,330;2787,308;2791,336;2796,322;2800,334;2804,320;2809,334;2813,324;2817,338;2822,324;2826,338;2830,322;2835,338;2839,328;2844,314;2848,328;2852,326;2857,326;2861,318;2865,332;2870,332;2874,344;2878,316;2883,330;2887,322;2891,320;2896,320;2900,320;2905,320;2909,320;2913,326;2918,324;2922,326;2926,324;2931,338;2935,330;2939,314;2944,328;2948,314;2952,328;2957,328;2961,334;2965,318;2970,332;2974,318;2979,332;2983,324;2987,324;2992,338;2996,308;3000,324;3005,322;3009,330;3013,314;3018,328;3022,328;3026,340;3031,326;3035,318;3039,332;3044,316;3048,330;3053,330;3057,330;3061,320;3066,334;3070,320;3074,334;3079,320;3083,312;3087,324;3092,310;3096,322;3100,322;3105,322;3109,314;3113,328;3118,328;3122,328;3127,326;3131,318;3135,332;3140,318;3144,318;3148,316;3153,330;3157,324;3161,336;3166,322;3170,336;3174,320;3179,334;3183,324;3187,326;3192,326;3196,324;3201,338;3205,316;3209,330;3214,330;3218,344;3222,314;3227,328;3231,334;3235,320;3240,320;3244,320;3248,320;3253,318;3257,340;3261,324;3266,338;3270,322;3275,336;3279,322;3283,328;3288,328;3292,314;3296,326;3301,326;3305,332;3309,318;3314,332;3318,332;3322,332;3327,316;3331,322;3335,336;3340,308;3344,322;3349,320;3353,328;3357,326;3362,326;3366,326;3370,338;3375,324;3379,316;3383,330;3388,316;3392,328;3396,314;3401,328;3405,320;3410,334;3414,318;3418,332;3423,318;3427,324;3431,324;3436,322;3440,322;3444,322;3449,334;3453,314;3457,328;3462,326;3466,326;3470,324;3475,324;3479,316;3484,316;3488,316;3492,316;3497,328;3501,320;3505,334;3510,320;3514,334;3518,318;3523,332;3527,324;3531,324;3536,324;3540,308;3545,322;3549,308;3553,328;3558,326;3562,326;3566,312;3571,326;3575,332;3579,316;3584,330;3588,316;3592,344;3597,314;3601,334;3605,320;3610,334;3614,318;3619,332;3623,318;3627,324;3632,324;3636,310;3640,322;3645,322;3649,344;3653,314;3658,342;3662,326;3666,342;3671,326;3675,318;3679,332;3684,332;3688,332;3693,318;3697,318;3701,322;3706,324;3710,322;3714,336;3719,320;3723,314;3727,326;3732,312;3736,326;3740,326;3745,324;3749,332;3753,330;3758,316;3762,330;3767,328;3771,330;3775,334;3780,320;3784,320;3788,318;3793,332;3797,324;3801,338;3806,324;3810,338;3814,322;3819,336;3823,328;3827,314;3832,314;3836,314;3841,314;3845,320;3849,332;3854,318;3858,332;3862,330;3867,330;3871,322;3875,306;3880,322;3884,320;3888,320;3893,320;3897,326;3901,326;3906,324;3910,324;3915,324;3919,322;3923,316;3928,328;3932,300;3936,326;3941,312;3945,332;3949,318;3954,332;3958,330;3962,330;3967,328;3971,320;3975,334;3980,320;3984,334;3989,318;3993,324;3997,324;4002,338;4006,324;4010,336;4015,336;4019,312;4023,326;4028,312;4032,324;4036,324;4041,324;4045,330;4049,344;4054,314;4058,342;4063,328;4067,320;4071,334;4076,318;4080,318;4084,318;4089,330;4093,324;4097,336;4102,322;4106,336;4110,334;4115,334;4119,326;4124,312;4128,324;4132,324;4137,324;4141,330;4145,330;4150,328;4154,328;4158,328;4163,328;4167,332;4171,318;4176,332;4180,318;4184,330;4189,316;4193,338;4198,322;4202,336;4206,322;4211,336;4215,328;4219,326;4224,326;4228,312;4232,324;4237,324;4241,332;4245,316;4250,330;4254,316;4258,330;4263,328;4267,320;4272,320;4276,320;4280,334;4285,318;4289,326;4293,324;4298,338;4302,324;4306,324;4311,322;4315,314;4319,328;4324,314;4328,328;4332,312;4337,312;4341,318;4346,332;4350,330;4354,330;4359,316;4363,320;4367,334;4372,320;4376,334;4380,318;4385,318;4389,324;4393,338;4398,322;4402,336;4406,320;4411,312;4415,326;4420,326;4424,324;4428,324;4433,324;4437,316;4441,330;4446,328;4450,342;4454,314;4459,340;4463,332;4467,318;4472,330;4476,332;4480,330;4485,316;4489,336;4494,322;4498,334;4502,320;4507,334;4511,338;4515,310;4520,324;4524,308;4528,322;4533,322;4537,328;4541,326;4546,326;4550,326;4555,326;4559,324;4563,316;4568,330;4572,314;4576,314;4581,314;4585,334;4589,332;4594,346;4598,318;4602,332;4607,318;4611,322;4615,336;4620,322;4624,322;4629,322;4633,334;4637,312;4642,328;4646,324;4650,326;4655,324;4659,316;4663,316;4668,314;4672,328;4676,312;4681,326;4685,332;4690,332;4694,330;4698,330;4703,316;4707,320;4711,320;4716,306;4720,318;4724,318;4729,330;4733,322;4737,336;4742,320;4746,334;4750,320;4755,332;4759,338;4764,310;4768,324;4772,322;4777,336;4781,314;4785,340;4790,326;4794,340;4798,324;4803,338;4807,330;4811,316;4816,328;4820,328;4824,328;4829,312;4833,332;4838,318;4842,332;4846,316;4851,330;4855,330;4859,318;4864,334;4868,320;4872,332;4877,318;4881,338;4885,324;4890,336;4894,322;4898,334;4903,320;4907,326;4912,324;4916,324;4920,324;4925,308;4929,328;4933,328;4938,328;4942,326;4946,326;4951,324;4955,316;4959,330;4964,316;4968,328;4972,314;4977,328;4981,320;4986,332;4990,332;4994,330;4999,330;5003,322;5007,334;5012,320;5016,334;5020,318;5025,318;5029,324;5033,338;5038,322;5042,336;5046,322;5051,336;5055,326;5060,326;5064,326;5068,322;5073,322;5077,328;5081,328;5086,312;5090,326;5094,324;5099,338;5103,330;5107,314;5112,314;5116,314;5120,326;5125,326;5129,332;5134,316;5138,330;5142,330;5147,330;5151,320;5155,320;5160,334;5164,318;5168,332;5173,318;5177,338;5181,322;5186,336;5190,320;5195,334;5199,320;5203,326;5208,340;5212,310;5216,324;5221,324;5225,330;5229,314;5234,342;5238,326;5242,340;5247,326;5251,318;5255,330;5260,330;5264,330;5269,314;5273,328;5277,318;5282,332;5286,318;5290,330;5295,316;5299,322;5303,334;5308,320;5312,320;5316,318;5321,332;5325,324;5329,338;5334,322;5338,336;5343,322;5347,314;5351,314;5356,312;5360,326;5364,326;5369,326;5373,318;5377,332;5382,318;5386,330;5390,316;5395,330;5399,334;5403,320;5408,334;5412,320;5417,332;5421,312;5425,326;5430,324;5434,338;5438,322;5443,336;5447,328;5451,312;5456,326;5460,326;5464,326;5469,312;5473,332;5477,316;5482,330;5486,328;5491,328;5495,320;5499,320;5504,320;5508,306;5512,318;5517,318;5521,326;5525,324;5530,324;5534,324;5538,338;5543,322;5547,314;5551,342;5556,314;5560,326;5565,312;5569,326;5573,318;5578,332;5582,318;5586,330;5591,316;5595,308;5599,336;5604,320;5608,334;5612,306;5617,318;5621,326;5625,340;5630,322;5634,338;5639,324;5643,330;5647,330;5652,314;5656,328;5660,328;5665,328;5669,318;5673,334;5678,332;5682,332;5686,316;5691,330;5695,322;5699,322;5704,336;5708,320;5713,322;5717,326;5721,340;5726,324;5730,324;5734,324;5739,296;5743,314;5747,300;5752,314;5756,314;5760,312;5765,304;5769,304;5774,304;5778,316;5782,302;5787,316;5791,292;5795,292;5800,304;5804,304;5808,304;5813,288;5817,310;5821,308;5826,308;5830,294;5834,306;5839,298;5843,296;5848,298;5852,296;5856,296;5861,296;5865,316;5869,300;5874,300;5878,300;5882,298;5887,298;5891,304;5895,302;5900,302;5904,286;5909,300;5913,306;5917,304;5922,318;5926,304;5930,318;5935,304;5939,294;5943,308;5948,292;5952,306;5956,292;5961,304;5965,296;5969,294;5974,296;5978,310;5983,308;5987,286;5991,312;5996,298;6000,298;6004,296;6009,310;6013,302;6017,316;6022,300;6026,314;6030,300;6035,314;6039,292;6043,290;6048,290;6052,304;6057,288;6061,296;6065,294;6070,294;6074,308;6078,306;6083,306;6087,284;6091,284;6096,268;6100,282;6104,280;6109,274;6113,272;6117,272;6122,256;6126,270;6131,284;6135,260;6139,260;6144,274;6148,260;6152,260;6157,258;6161,280;6165,278;6170,278;6174,278;6178,292;6183,254;6187,268;6191,268;6196,268;6200,266;6205,266;6209,286;6213,272;6218,272;6222,284;6226,284;6231,262;6235,262;6239,260;6244,260;6248,260;6252,274;6257,236;6261,266;6266,278;6270,278;6274,264;6279,262;6283,268;6287,268;6292,266;6296,252;6300,252;6305,272;6309,270;6313,270;6318,268;6322,238;6327,280;6331,260;6335,258;6340,272;6344,272;6348,272;6353,270;6357,278;6361,290;6366,276;6370,262;6374,260;6379,266;6383,266;6387,266;6392,252;6396,264;6401,262;6405,272;6409,272;6414,272;6418,284;6422,270;6427,262;6431,262;6435,262;6440,246;6444,260;6448,260;6453,266;6457,266;6461,280;6466,280;6470,278;6475,264;6479,256;6483,256;6488,256;6492,270;6496,254;6501,254;6505,274;6509,274;6514,274;6518,260;6522,274;6527,266;6531,252;6535,250;6540,250;6544,264;6549,252;6553,270;6557,284;6562,284;6566,270;6570,268;6575,260;6579,260;6583,258;6588,258;6592,258;6596,258;\r\nBuffer sent in 0.973 secondsreturn;buffer;965\r\nreceived from UR: measure -> measure (0,1)\r\nSTEPPER: Moving to mstep: 6600 with speed [msteps/sec]: 1000 in StealthChop.\r\n'), 13:38:16
bytearray(b'STEPPER: Moving to mstep: 2400 with speed [msteps/sec]: 4000 in SpreadCycle.\r\n'), 13:38:20
bytearray(b'STEPPER: Moved 4200.00 msteps (ramp: 35%) in 1324.884 ms -> average speed [msteps/sec]: 3170.09\r\nreturn;measure;965\r\n'), 13:38:21
bytearray(b'received from UR: buffer -> buffer (0,1)\r\nSending buffer of size 965data;2400,306;2404,470;2408,138;2413,280;2417,322;2421,328;2426,342;2430,314;2434,342;2439,326;2443,334;2447,318;2452,318;2456,332;2460,318;2465,330;2469,322;2473,322;2478,320;2482,334;2487,320;2491,326;2495,324;2500,324;2504,324;2508,322;2513,336;2517,314;2521,328;2526,326;2530,328;2534,326;2539,340;2543,330;2548,316;2552,330;2556,314;2561,328;2565,320;2569,334;2574,318;2578,332;2582,332;2587,332;2591,322;2595,308;2600,334;2604,306;2608,332;2613,318;2617,338;2622,324;2626,338;2630,322;2635,336;2639,326;2643,312;2648,326;2652,310;2656,324;2661,310;2665,330;2669,326;2674,342;2678,326;2682,326;2687,324;2691,316;2696,330;2700,316;2704,328;2709,314;2713,334;2717,320;2722,334;2726,318;2730,332;2735,332;2739,308;2743,324;2748,308;2752,334;2756,306;2761,334;2765,326;2770,340;2774,326;2778,340;2783,324;2787,304;2791,330;2796,316;2800,330;2804,302;2809,328;2813,320;2817,334;2822,320;2826,348;2830,318;2835,346;2839,324;2844,322;2848,322;2852,308;2857,322;2861,326;2865,340;2870,324;2874,338;2878,324;2883,338;2887,328;2891,314;2896,328;2900,312;2904,326;2909,324;2913,332;2918,330;2922,344;2926,328;2931,342;2935,334;2939,318;2944,332;2948,304;2952,330;2957,316;2961,336;2965,320;2970,336;2974,320;2979,334;2983,318;2987,310;2992,324;2996,308;3000,336;3005,320;3009,340;3013,324;3018,324;3022,322;3026,336;3031,320;3035,312;3039,326;3044,310;3048,324;3053,308;3057,322;3061,328;3066,328;3070,326;3074,340;3079,324;3083,302;3087,330;3092,314;3096,328;3100,312;3105,326;3109,318;3113,332;3118,316;3122,330;3127,328;3131,306;3135,320;3140,304;3144,332;3148,302;3153,330;3157,322;3161,334;3166,318;3170,332;3174,330;3179,344;3183,334;3187,320;3192,332;3196,304;3201,332;3205,322;3209,336;3214,322;3218,348;3222,320;3227,348;3231,324;3235,310;3240,324;3244,310;3248,322;3253,322;3257,342;3261,326;3266,340;3270,324;3275,338;3279,322;3283,314;3288,328;3292,312;3296,326;3301,326;3305,330;3309,316;3314,344;3318,328;3322,342;3327,326;3331,318;3335,332;3340,304;3344,330;3349,316;3353,330;3357,320;3362,334;3366,332;3370,332;3375,316;3379,308;3383,334;3388,306;3392,334;3396,318;3401,332;3405,324;3409,336;3414,322;3418,336;3423,320;3427,312;3431,326;3436,310;3440,324;3444,310;3449,324;3453,316;3457,342;3462,328;3466,328;3470,326;3475,326;3479,318;3483,302;3488,330;3492,316;3497,328;3501,320;3505,334;3510,320;3514,332;3518,318;3523,330;3527,322;3531,308;3536,320;3540,306;3544,332;3549,304;3553,338;3558,324;3562,338;3566,322;3571,336;3575,328;3579,312;3584,326;3588,310;3592,324;3597,308;3601,344;3605,328;3610,342;3614,328;3618,340;3623,326;3627,318;3632,332;3636,316;3640,330;3645,316;3649,338;3653,322;3658,336;3662,320;3666,346;3671,332;3675,310;3679,322;3684,322;3688,334;3692,306;3697,332;3701,324;3706,338;3710,322;3714,336;3719,322;3723,312;3727,326;3732,312;3736,324;3740,310;3745,324;3749,330;3753,330;3758,328;3762,342;3767,326;3771,304;3775,332;3780,316;3784,330;3788,302;3793,328;3797,320;3801,334;3806,318;3810,334;3814,332;3819,332;3823,322;3827,320;3832,320;3836,306;3841,318;3845,318;3849,338;3854,322;3858,336;3862,320;3867,334;3871,324;3875,310;3880,322;3884,308;3888,320;3893,320;3897,326;3901,324;3906,338;3910,322;3915,336;3919,320;3923,310;3928,324;3932,308;3936,322;3941,306;3945,326;3949,324;3954,338;3958,324;3962,336;3967,322;3971,312;3975,326;3980,312;3984,324;3989,310;3993,336;3997,328;4002,342;4006,326;4010,340;4015,324;4019,316;4023,330;4028,316;4032,328;4036,314;4041,326;4045,318;4049,346;4054,330;4058,344;4063,328;4067,320;4071,334;4076,318;4080,332;4084,318;4089,330;4093,322;4097,334;4102,334;4106,332;4110,318;4115,332;4119,322;4123,306;4128,334;4132,318;4137,332;4141,324;4145,338;4150,322;4154,334;4158,320;4163,334;4167,324;4171,310;4176,324;4180,308;4184,334;4189,306;4193,340;4198,324;4202,336;4206,322;4211,336;4215,326;4219,312;4224,324;4228,310;4232,322;4237,308;4241,342;4245,326;4250,340;4254,324;4258,338;4263,322;4267,314;4272,326;4276,312;4280,326;4285,310;4289,330;4293,328;4298,328;4302,326;4306,326;4311,324;4315,302;4319,328;4324,314;4328,326;4332,298;4337,324;4341,330;4346,330;4350,328;4354,330;4359,328;4363,304;4367,332;4372,318;4376,330;4380,302;4385,330;4389,322;4393,334;4398,320;4402,348;4406,318;4411,310;4415,324;4420,310;4424,322;4428,308;4433,320;4437,326;4441,340;4446,324;4450,324;4454,322;4459,336;4463,342;4467,326;4472,326;4476,324;4480,324;4485,322;4489,328;4494,326;4498,340;4502,326;4507,336;4511,330;4515,314;4520,328;4524,312;4528,326;4533,312;4537,332;4541,330;4546,330;4550,328;4554,328;4559,326;4563,318;4568,332;4572,304;4576,330;4581,314;4585,336;4589,320;4594,334;4598,318;4602,332;4607,316;4611,308;4615,322;4620,306;4624,320;4628,318;4633,318;4637,322;4642,336;4646,322;4650,334;4655,318;4659,310;4663,322;4668,308;4672,322;4676,320;4681,320;4685,324;4689,338;4694,324;4698,336;4703,322;4707,314;4711,326;4716,312;4720,324;4724,310;4729,324;4733,328;4737,342;4742,326;4746,340;4750,326;4755,338;4759,330;4763,302;4768,328;4772,314;4777,326;4781,318;4785,344;4790,330;4794,342;4798,326;4803,340;4807,332;4811,316;4816,328;4820,314;4824,326;4829,312;4833,346;4838,330;4842,342;4846,326;4851,340;4855,330;4859,316;4864,328;4868,312;4872,326;4877,310;4881,330;4885,328;4890,342;4894,326;4898,338;4903,324;4907,314;4912,326;4916,312;4920,324;4925,310;4929,322;4933,328;4938,328;4942,326;4946,338;4951,324;4955,302;4959,328;4964,312;4968,326;4972,310;4977,324;4981,328;4985,342;4990,326;4994,340;4999,324;5003,302;5007,330;5012,314;5016,326;5020,312;5025,326;5029,330;5033,330;5038,328;5042,342;5046,326;5051,340;5055,330;5060,314;5064,328;5068,312;5073,326;5077,332;5081,330;5086,316;5090,328;5094,328;5099,326;5103,318;5107,316;5112,330;5116,314;5120,328;5125,312;5129,334;5134,332;5138,332;5142,330;5147,330;5151,328;5155,304;5160,332;5164,318;5168,332;5173,302;5177,336;5181,320;5186,334;5190,318;5194,346;5199,330;5203,308;5208,334;5212,320;5216,332;5221,316;5225,330;5229,322;5234,336;5238,318;5242,346;5247,330;5251,308;5255,322;5260,320;5264,332;5268,318;5273,330;5277,322;5282,336;5286,320;5290,334;5295,332;5299,310;5303,322;5308,322;5312,334;5316,306;5321,332;5325,324;5329,336;5334,320;5338,334;5342,332;5347,310;5351,324;5356,308;5360,322;5364,306;5369,332;5373,324;5377,336;5382,320;5386,334;5390,320;5395,332;5399,324;5403,308;5408,322;5412,306;5417,332;5421,318;5425,338;5430,322;5434,334;5438,320;5443,332;5447,324;5451,310;5456,322;5460,320;5464,334;5469,318;5473,338;5477,322;5482,336;5486,320;5491,334;5495,320;5499,310;5504,324;5508,308;5512,322;5517,306;5521,340;5525,326;5530,338;5534,322;5538,334;5543,322;5547,312;5551,326;5556,310;5560,324;5565,308;5569,336;5573,326;5578,340;5582,324;5586,338;5591,324;5595,302;5599,328;5604,312;5608,326;5612,310;5617,324;5621,328;5625,342;5630,326;5634,340;5639,326;5643,316;5647,330;5652,316;5656,328;5660,314;5665,326;5669,320;5673,332;5678,330;5682,344;5686,328;5691,342;5695,332;5699,318;5704,332;5708,316;5713,330;5717,322;5721,334;5726,318;5730,332;5734,316;5739,316;5743,308;5747,292;5752,306;5756,290;5760,304;5765,290;5769,310;5773,308;5778,320;5782,306;5787,320;5791,296;5795,296;5800,296;5804,294;5808,306;5813,292;5817,312;5821,312;5826,312;5830,310;5834,310;5839,308;5843,286;5847,300;5852,284;5856,298;5861,296;5865,302;5869,302;5874,314;5878,314;5882,298;5887,298;5891,290;5895,290;5900,288;5904,302;5908,286;5913,306;5917,306;5922,318;5926,302;5930,302;5935,302;5939,292;5943,306;5948,278;5952,304;5956,288;5961,302;5965,308;5969,322;5974,306;5978,318;5983,304;5987,296;5991,294;5996,280;6000,308;6004,292;6009,306;6013,298;6017,312;6022,310;6026,310;6030,308;6035,286;6039,298;6043,284;6048,298;6052,296;6057,294;6061,302;6065,314;6070,300;6074,298;6078,298;6083,298;6087,274;6091,272;6096,272;6100,258;6104,268;6109,288;6113,274;6117,286;6122,272;6126,284;6131,284;6135,276;6139,274;6144,288;6148,286;6152,272;6157,270;6161,276;6165,274;6170,272;6174,272;6178,256;6183,276;6187,262;6191,274;6196,258;6200,272;6205,272;6209,262;6213,276;6218,276;6222,274;6226,274;6231,272;6235,278;6239,276;6244,262;6248,274;6252,260;6257,266;6261,278;6265,278;6270,276;6274,276;6279,274;6283,280;6287,278;6292,264;6296,278;6300,262;6305,254;6309,268;6313,252;6318,280;6322,280;6326,278;6331,270;6335,282;6339,280;6344,280;6348,266;6353,278;6357,270;6361,240;6366,268;6370,280;6374,264;6379,236;6383,284;6387,282;6392,282;6396,280;6400,264;6405,270;6409,284;6413,270;6418,268;6422,252;6427,238;6431,286;6435,286;6440,270;6444,270;6448,268;6453,268;6457,258;6461,272;6466,270;6470,270;6474,254;6479,274;6483,244;6488,258;6492,256;6496,270;6501,254;6505,274;6509,274;6514,258;6518,272;6522,270;6527,276;6531,260;6535,274;6540,244;6544,270;6548,256;6553,276;6557,276;6562,288;6566,272;6570,258;6575,272;6579,262;6583,276;6588,260;6592,260;6596,246;\r\nBuffer sent in 0.973 secondsreturn;buffer;965\r\nreceived from UR: measure -> measure (0,1)\r\nSTEPPER: Moving to mstep: 6600 with speed [msteps/sec]: 1000 in StealthChop.\r\n'), 13:38:25
bytearray(b'STEPPER: Moving to mstep: 2400 with speed [msteps/sec]: 4000 in SpreadCycle.\r\n'), 13:38:29
bytearray(b'STEPPER: Moved 4200.00 msteps (ramp: 35%) in 1324.888 ms -> average speed [msteps/sec]: 3170.08\r\nreturn;measure;965\r\n'), 13:38:30
bytearray(b'received from UR: buffer -> buffer (0,1)\r\nSending buffer of size 965data;2400,294;2404,456;2408,166;2413,266;2417,322;2421,328;2426,342;2430,326;2434,338;2439,324;2443,316;2447,328;2452,314;2456,326;2460,312;2465,324;2469,330;2474,344;2478,328;2482,328;2487,326;2491,318;2495,332;2500,330;2504,316;2508,316;2513,314;2517,320;2521,334;2526,318;2530,332;2534,330;2539,330;2543,336;2548,308;2552,320;2556,320;2561,332;2565,322;2569,336;2574,322;2578,336;2582,320;2587,334;2591,326;2595,310;2600,324;2604,308;2608,336;2613,320;2617,326;2622,326;2626,324;2630,324;2635,336;2639,314;2643,314;2648,312;2652,312;2656,312;2661,310;2665,330;2669,314;2674,328;2678,326;2682,326;2687,326;2691,318;2696,330;2700,316;2704,328;2709,314;2713,332;2717,316;2722,332;2726,330;2730,330;2735,328;2739,306;2743,320;2748,318;2752,332;2756,316;2761,328;2765,320;2770,334;2774,318;2778,334;2783,318;2787,308;2791,322;2796,320;2800,334;2804,318;2809,332;2813,324;2817,338;2822,322;2826,336;2830,320;2835,334;2839,324;2844,324;2848,322;2852,322;2857,320;2861,326;2865,340;2870,324;2874,336;2878,322;2883,334;2887,326;2891,312;2896,324;2900,324;2904,322;2909,322;2913,328;2918,326;2922,324;2926,324;2931,338;2935,328;2939,314;2944,326;2948,326;2952,324;2957,322;2961,328;2965,328;2970,340;2974,324;2979,338;2983,324;2987,314;2992,328;2996,312;3000,326;3005,310;3009,330;3013,330;3018,342;3022,328;3026,340;3031,326;3035,318;3039,318;3044,330;3048,328;3053,328;3057,322;3061,320;3066,320;3070,320;3074,318;3079,316;3083,308;3087,322;3092,322;3096,334;3100,320;3105,318;3109,324;3113,324;3118,322;3122,322;3127,320;3131,312;3135,326;3140,324;3144,336;3148,322;3153,334;3157,326;3161,340;3166,324;3170,338;3174,322;3179,336;3183,328;3187,326;3192,340;3196,324;3201,324;3205,316;3209,342;3214,328;3218,340;3222,326;3227,338;3231,316;3235,328;3240,328;3244,326;3248,326;3253,312;3257,332;3262,316;3266,344;3270,328;3275,328;3279,320;3283,332;3288,332;3292,316;3296,330;3301,328;3305,334;3309,320;3314,332;3318,320;3322,332;3327,330;3331,308;3336,320;3340,318;3344,318;3349,316;3353,330;3357,322;3362,334;3366,318;3370,332;3375,318;3379,322;3383,336;3388,308;3392,320;3396,320;3401,334;3405,324;3410,338;3414,324;3418,336;3423,322;3427,328;3431,326;3436,326;3440,324;3444,322;3449,322;3453,314;3457,326;3462,326;3466,324;3470,324;3475,322;3479,314;3484,312;3488,324;3492,324;3497,324;3501,314;3505,328;3510,326;3514,326;3518,324;3523,324;3527,330;3531,316;3536,314;3540,312;3544,326;3549,310;3553,330;3558,314;3562,328;3566,326;3571,326;3575,330;3579,316;3584,330;3588,316;3592,328;3597,314;3601,334;3605,318;3610,346;3614,330;3618,330;3623,316;3627,320;3632,334;3636,332;3640,332;3645,318;3649,338;3653,322;3658,336;3662,320;3666,334;3671,318;3675,324;3679,338;3684,322;3688,322;3693,320;3697,320;3701,324;3706,326;3710,324;3714,324;3719,322;3723,328;3727,340;3732,326;3736,324;3740,310;3745,324;3749,328;3753,328;3758,326;3762,326;3767,324;3771,316;3775,328;3780,314;3784,326;3788,312;3793,324;3797,318;3801,330;3806,314;3810,342;3814,326;3819,340;3823,318;3827,330;3832,330;3836,316;3841,328;3845,318;3849,332;3854,318;3858,330;3862,316;3867,328;3871,320;3875,320;3880,334;3884,318;3888,332;3893,316;3897,322;3901,322;3906,322;3910,320;3915,334;3919,326;3923,324;3928,338;3932,322;3936,322;3941,308;3945,328;3949,328;3954,326;3958,326;3962,326;3967,324;3971,316;3975,330;3980,316;3984,328;3989,312;3993,340;3997,318;4002,332;4006,316;4010,330;4015,330;4019,320;4023,320;4028,318;4032,332;4036,330;4041,330;4045,322;4049,334;4054,320;4058,332;4063,318;4067,324;4071,322;4076,322;4080,320;4084,320;4089,332;4093,324;4097,336;4102,320;4106,334;4110,332;4115,332;4119,322;4124,322;4128,320;4132,320;4137,332;4141,324;4145,324;4150,322;4154,336;4158,320;4163,334;4167,324;4171,310;4176,324;4180,322;4184,320;4189,306;4193,326;4198,322;4202,336;4206,322;4211,334;4215,326;4219,310;4224,322;4228,322;4232,336;4237,320;4241,340;4245,324;4250,338;4254,322;4259,322;4263,322;4267,328;4272,328;4276,312;4280,324;4285,324;4289,330;4293,314;4298,328;4302,314;4306,326;4311,324;4315,316;4319,330;4324,314;4328,328;4333,312;4337,326;4341,318;4346,330;4350,330;4354,330;4359,328;4363,306;4367,318;4372,318;4376,332;4380,328;4385,330;4389,320;4393,334;4398,320;4402,334;4407,318;4411,310;4415,326;4420,324;4424,322;4428,322;4433,322;4437,326;4441,340;4446,324;4450,338;4454,324;4459,336;4463,328;4467,314;4472,324;4476,312;4481,340;4485,316;4489,330;4494,328;4498,328;4502,328;4507,326;4511,332;4515,318;4520,330;4524,314;4528,328;4533,328;4537,332;4541,318;4546,332;4550,330;4555,330;4559,330;4563,320;4568,320;4572,306;4576,318;4581,318;4585,338;4589,322;4594,336;4598,320;4602,334;4607,320;4611,310;4615,324;4620,310;4624,322;4629,322;4633,334;4637,312;4642,326;4646,312;4650,326;4655,324;4659,318;4663,330;4668,314;4672,314;4676,314;4681,326;4685,330;4689,332;4694,316;4698,330;4703,330;4707,330;4711,322;4716,320;4720,320;4724,306;4729,318;4733,324;4737,324;4742,324;4746,324;4750,322;4755,336;4759,328;4763,312;4768,324;4772,324;4777,336;4781,316;4785,328;4790,328;4794,340;4798,326;4803,340;4807,330;4811,316;4816,328;4820,314;4824,328;4829,312;4833,334;4838,318;4842,332;4846,316;4851,330;4855,322;4859,334;4864,334;4868,320;4872,332;4877,318;4881,338;4885,336;4890,336;4894,322;4898,334;4903,318;4907,324;4912,324;4916,322;4920,320;4925,320;4929,328;4933,326;4938,326;4942,324;4946,324;4951,322;4955,314;4959,328;4964,312;4968,326;4972,310;4977,324;4981,328;4986,342;4990,328;4994,328;4999,326;5003,318;5007,330;5012,316;5016,330;5020,314;5025,328;5029,320;5033,334;5038,318;5042,332;5046,316;5051,330;5055,336;5060,320;5064,320;5068,332;5073,334;5077,310;5081,322;5086,322;5090,322;5094,320;5099,320;5103,324;5107,310;5112,322;5116,308;5120,336;5125,306;5129,328;5134,326;5138,326;5142,324;5147,338;5151,330;5155,314;5160,328;5164,314;5168,326;5173,312;5177,332;5181,318;5186,330;5190,316;5194,330;5199,314;5203,320;5208,320;5212,304;5216,318;5221,318;5225,338;5229,322;5234,336;5238,322;5242,332;5247,320;5251,326;5255,326;5260,310;5264,324;5269,310;5273,322;5277,328;5282,342;5286,326;5290,340;5295,324;5299,330;5303,316;5308,314;5312,328;5316,314;5321,328;5325,320;5329,332;5334,318;5338,332;5343,316;5347,322;5351,322;5356,320;5360,320;5364,318;5369,318;5373,324;5377,338;5382,322;5386,336;5390,322;5395,336;5399,328;5403,326;5408,326;5412,310;5417,324;5421,330;5425,330;5430,328;5434,328;5438,326;5443,342;5447,318;5451,318;5456,328;5460,318;5464,330;5469,330;5473,336;5478,320;5482,334;5486,318;5491,332;5495,318;5499,324;5504,322;5508,308;5512,322;5517,308;5521,326;5525,326;5530,326;5534,324;5538,324;5543,324;5547,314;5552,328;5556,314;5560,326;5565,312;5569,332;5573,318;5578,330;5582,316;5586,330;5591,314;5595,306;5599,334;5604,320;5608,332;5612,318;5617,330;5621,322;5626,336;5630,320;5634,336;5639,320;5643,312;5647,324;5652,324;5656,324;5660,310;5665,322;5669,328;5673,328;5678,326;5682,340;5686,326;5691,340;5695,318;5700,316;5704,316;5708,316;5713,328;5717,334;5721,334;5726,318;5730,318;5734,318;5739,316;5743,322;5747,308;5752,306;5756,292;5760,304;5765,298;5769,296;5774,294;5778,308;5782,294;5787,308;5791,314;5795,298;5800,298;5804,296;5808,310;5813,296;5817,316;5821,300;5826,300;5830,298;5834,312;5839,302;5843,302;5848,302;5852,300;5856,300;5861,298;5865,292;5869,304;5874,304;5878,302;5882,288;5887,288;5891,292;5895,290;5900,290;5904,304;5909,304;5913,310;5917,308;5922,308;5926,306;5930,278;5935,306;5939,298;5943,310;5948,296;5952,310;5956,294;5961,308;5965,300;5969,314;5974,298;5978,312;5983,298;5987,290;5991,304;5996,302;6000,302;6004,288;6009,302;6013,308;6017,308;6022,292;6026,306;6030,306;6035,298;6039,298;6043,296;6048,296;6052,296;6057,296;6061,302;6065,302;6070,300;6074,314;6078,298;6083,284;6087,290;6091,290;6096,274;6100,288;6104,288;6109,280;6113,264;6118,264;6122,262;6126,276;6131,276;6135,270;6139,282;6144,280;6148,266;6152,280;6157,272;6161,270;6165,284;6170,284;6174,284;6178,282;6183,276;6187,274;6192,286;6196,272;6200,272;6205,258;6209,262;6213,276;6218,290;6222,274;6226,274;6231,274;6235,280;6239,278;6244,278;6248,278;6252,262;6257,254;6261,282;6266,282;6270,280;6274,280;6279,266;6283,258;6287,256;6292,256;6296,270;6300,268;6305,260;6309,274;6313,274;6318,272;6322,258;6326,272;6331,264;6335,276;6340,276;6344,276;6348,260;6353,260;6357,280;6361,280;6366,280;6370,264;6374,264;6379,256;6383,268;6387,268;6392,268;6396,252;6400,280;6405,272;6409,272;6414,270;6418,226;6422,268;6427,282;6431,260;6435,260;6440,272;6444,272;6448,272;6453,264;6457,234;6461,276;6466,276;6470,276;6475,274;6479,266;6483,278;6488,278;6492,264;6496,264;6501,264;6505,254;6509,268;6514,266;6518,280;6522,280;6527,270;6531,242;6535,270;6540,268;6544,268;6549,268;6553,230;6557,272;6562,286;6566,272;6570,270;6575,262;6579,248;6583,276;6588,260;6592,274;6596,274;\r\nBuffer sent in 0.973 secondsreturn;buffer;965\r\nreceived from UR: measure -> measure (0,1)\r\nSTEPPER: Moving to mstep: 6600 with speed [msteps/sec]: 1000 in StealthChop.\r\n'), 13:38:34
bytearray(b'STEPPER: Moving to mstep: 2400 with speed [msteps/sec]: 4000 in SpreadCycle.\r\n'), 13:38:38
bytearray(b'STEPPER: Moved 4200.00 msteps (ramp: 35%) in 1324.888 ms -> average speed [msteps/sec]: 3170.08\r\nreturn;measure;965\r\n'), 13:38:39
bytearray(b'received from UR: buffer -> buffer (0,1)\r\nSending buffer of size 965data;2400,302;2404,448;2408,160;2413,274;2417,316;2421,322;2426,336;2430,320;2434,334;2439,320;2443,328;2447,326;2452,312;2456,326;2460,310;2465,324;2469,330;2474,344;2478,328;2482,330;2487,328;2491,320;2495,334;2500,320;2504,318;2508,316;2513,318;2517,324;2521,338;2526,322;2530,336;2534,320;2539,336;2543,326;2548,326;2552,326;2556,312;2561,326;2565,318;2569,332;2574,318;2578,330;2582,316;2587,330;2591,322;2595,322;2600,334;2604,320;2608,334;2613,306;2617,326;2622,326;2626,326;2630,310;2635,324;2639,330;2643,328;2648,328;2652,328;2656,328;2661,312;2665,334;2669,318;2674,332;2678,318;2682,318;2687,316;2691,324;2696,336;2700,322;2704,322;2709,320;2713,328;2717,326;2722,326;2726,324;2730,326;2735,324;2739,330;2743,330;2748,314;2752,328;2756,314;2761,326;2765,320;2770,348;2774,332;2778,346;2783,318;2787,308;2791,322;2796,308;2800,336;2804,318;2809,334;2813,326;2817,340;2822,324;2826,338;2830,324;2835,338;2839,330;2844,328;2848,328;2852,312;2857,326;2861,318;2865,332;2870,330;2874,344;2878,330;2883,330;2887,322;2891,334;2896,334;2900,320;2904,332;2909,318;2913,338;2918,338;2922,338;2926,322;2931,336;2935,328;2939,328;2944,342;2948,328;2952,326;2957,312;2961,332;2965,318;2970,332;2974,316;2979,330;2983,322;2987,308;2992,336;2996,320;3000,334;3005,318;3009,340;3013,324;3018,336;3022,324;3026,338;3031,322;3035,328;3039,328;3044,312;3048,326;3053,312;3057,324;3061,316;3066,330;3070,316;3074,330;3079,328;3083,306;3087,320;3092,306;3096,320;3100,318;3105,332;3109,324;3113,324;3118,324;3122,336;3127,322;3131,314;3135,326;3140,312;3144,326;3148,324;3153,338;3157,316;3161,330;3166,314;3170,328;3174,328;3179,342;3183,334;3188,318;3192,332;3196,316;3201,330;3205,322;3209,336;3214,320;3218,334;3222,320;3227,334;3231,326;3235,324;3240,324;3244,322;3248,322;3253,320;3257,328;3262,326;3266,340;3270,310;3275,338;3279,316;3283,328;3288,328;3292,314;3296,326;3301,312;3305,332;3309,330;3314,330;3318,316;3322,328;3327,328;3331,320;3336,334;3340,318;3344,318;3349,318;3353,324;3357,324;3362,336;3366,322;3370,336;3375,320;3379,312;3383,326;3388,312;3392,324;3396,310;3401,324;3405,316;3410,330;3414,330;3418,328;3423,314;3427,306;3431,320;3436,318;3440,332;3444,318;3449,330;3453,322;3457,324;3462,322;3466,322;3470,322;3475,322;3479,314;3484,326;3488,326;3492,326;3497,324;3501,318;3505,330;3510,316;3514,330;3518,316;3523,330;3527,320;3531,320;3536,334;3540,320;3544,334;3549,306;3553,326;3558,324;3562,326;3566,324;3571,338;3575,316;3579,314;3584,328;3588,314;3592,328;3597,312;3601,334;3605,318;3610,332;3614,318;3619,346;3623,328;3627,322;3632,322;3636,306;3640,320;3645,306;3649,342;3653,326;3658,340;3662,324;3666,338;3671,324;3675,318;3679,330;3684,316;3688,330;3693,328;3697,328;3701,320;3706,334;3710,318;3714,332;3719,332;3723,324;3727,322;3732,308;3736,322;3740,308;3745,334;3749,326;3753,326;3758,324;3762,324;3767,324;3771,324;3775,330;3780,314;3784,328;3788,310;3793,326;3797,318;3801,334;3806,332;3810,346;3814,316;3819,344;3823,322;3827,322;3832,322;3836,306;3841,320;3845,326;3849,340;3854,324;3858,338;3862,324;3867,324;3871,328;3875,300;3880,312;3884,312;3888,326;3893,324;3897,330;3901,316;3906,330;3910,328;3915,328;3919,326;3923,318;3928,318;3932,302;3936,330;3941,328;3945,322;3949,320;3954,334;3958,318;3962,332;3967,318;3971,322;3975,322;3980,306;3984,320;3989,306;3993,334;3997,326;4002,338;4006,324;4010,338;4015,324;4019,318;4023,330;4028,328;4032,328;4036,312;4041,314;4045,318;4049,346;4054,330;4058,344;4063,330;4067,308;4071,322;4076,334;4080,334;4084,332;4089,318;4093,324;4097,338;4102,322;4106,336;4110,320;4115,334;4119,326;4124,310;4128,324;4132,324;4137,336;4141,314;4145,328;4150,326;4154,326;4158,326;4163,326;4167,330;4171,302;4176,316;4180,314;4184,328;4189,314;4193,334;4198,318;4202,332;4206,318;4211,332;4215,336;4219,322;4224,336;4228,308;4232,320;4237,320;4241,326;4245,326;4250,324;4254,324;4258,324;4263,322;4267,316;4272,328;4276,314;4280,314;4285,312;4289,332;4293,318;4298,330;4302,316;4306,330;4311,316;4315,320;4319,320;4324,304;4328,318;4333,318;4337,332;4341,322;4346,322;4350,320;4354,320;4359,320;4363,326;4367,324;4372,310;4376,322;4380,322;4385,336;4389,326;4393,340;4398,324;4402,338;4407,322;4411,314;4415,340;4420,326;4424,324;4428,310;4433,322;4437,328;4441,342;4446,312;4450,340;4454,312;4459,338;4463,330;4467,330;4472,328;4476,314;4481,314;4485,326;4489,332;4494,330;4498,344;4502,330;4507,330;4511,320;4515,320;4520,332;4524,318;4528,330;4533,316;4537,322;4541,320;4546,334;4550,320;4555,332;4559,316;4563,310;4568,336;4572,322;4576,336;4581,320;4585,340;4589,326;4594,326;4598,324;4602,338;4607,322;4611,302;4615,314;4620,312;4624,326;4629,324;4633,324;4637,316;4642,330;4646,314;4650,328;4655,326;4659,318;4663,318;4668,316;4672,330;4676,328;4681,328;4685,320;4689,320;4694,318;4698,332;4703,330;4707,322;4711,322;4716,306;4720,320;4724,320;4729,332;4733,324;4737,324;4742,322;4746,322;4750,320;4755,334;4759,326;4763,310;4768,324;4772,308;4777,322;4781,328;4785,342;4790,326;4794,340;4798,324;4803,338;4807,330;4811,314;4816,328;4820,326;4824,326;4829,312;4833,330;4838,316;4842,344;4846,328;4851,342;4855,320;4859,320;4864,318;4868,318;4872,330;4877,316;4881,336;4885,322;4890,334;4894,320;4898,332;4903,318;4907,322;4912,336;4916,322;4920,322;4925,306;4929,326;4933,324;4938,324;4942,322;4946,336;4951,322;4955,312;4959,326;4964,326;4968,324;4972,310;4977,322;4981,314;4986,328;4990,326;4994,340;4999,324;5003,316;5007,316;5012,316;5016,328;5020,328;5025,326;5029,318;5033,332;5038,318;5042,330;5046,314;5051,328;5055,320;5060,334;5064,332;5068,318;5073,332;5077,322;5081,322;5086,322;5090,320;5094,320;5099,334;5103,324;5107,324;5112,324;5116,322;5120,322;5125,306;5129,328;5134,326;5138,326;5142,324;5147,324;5151,330;5155,328;5160,342;5164,314;5168,326;5173,312;5177,332;5181,318;5186,332;5190,316;5194,330;5199,314;5203,306;5208,334;5212,320;5216,332;5221,318;5225,338;5229,322;5234,336;5238,322;5242,334;5247,320;5251,326;5255,326;5260,324;5264,324;5268,310;5273,322;5277,328;5282,328;5286,312;5290,326;5295,326;5299,332;5303,332;5308,330;5312,316;5316,314;5321,328;5325,322;5329,334;5334,320;5338,334;5343,318;5347,332;5351,338;5356,324;5360,324;5364,308;5369,322;5373,328;5377,328;5382,312;5386,328;5390,312;5395,326;5399,332;5404,318;5408,318;5412,302;5417,316;5421,322;5425,334;5430,320;5434,334;5438,318;5443,332;5447,324;5451,324;5456,336;5460,322;5464,322;5469,306;5473,328;5478,326;5482,326;5486,312;5491,340;5495,316;5499,318;5504,330;5508,316;5512,328;5517,314;5521,320;5525,320;5530,334;5534,318;5538,332;5543,314;5547,310;5552,336;5556,322;5560,336;5565,322;5569,336;5573,328;5578,328;5582,326;5586,340;5591,324;5595,316;5599,330;5604,316;5608,328;5612,328;5617,342;5621,318;5626,346;5630,318;5634,332;5639,316;5643,308;5647,320;5652,322;5656,334;5660,320;5665,318;5669,324;5673,338;5678,322;5682,336;5686,322;5691,334;5695,326;5700,310;5704,324;5708,310;5713,324;5717,330;5721,330;5726,328;5730,328;5734,312;5739,326;5743,318;5747,302;5752,302;5756,300;5760,314;5765,306;5769,306;5774,304;5778,290;5782,302;5787,316;5791,308;5795,308;5800,320;5804,306;5808,306;5813,290;5817,312;5821,310;5826,310;5830,308;5834,308;5839,298;5843,284;5848,298;5852,298;5856,296;5861,282;5865,316;5869,302;5874,288;5878,288;5882,300;5887,300;5891,292;5895,292;5900,290;5904,290;5909,290;5913,310;5917,308;5922,308;5926,308;5930,306;5935,306;5939,298;5943,298;5948,282;5952,296;5956,296;5961,296;5965,300;5969,314;5974,314;5978,312;5983,298;5987,290;5991,302;5996,286;6000,300;6004,286;6009,298;6013,304;6017,318;6022,304;6026,316;6030,302;6035,294;6039,292;6043,292;6048,290;6052,304;6057,304;6061,294;6065,294;6070,292;6074,306;6078,292;6083,276;6087,296;6091,280;6096,294;6100,278;6104,278;6109,270;6113,270;6117,268;6122,238;6126,280;6131,282;6135,272;6139,272;6144,270;6148,256;6152,270;6157,270;6161,290;6165,274;6170,274;6174,272;6178,272;6183,264;6187,264;6192,262;6196,260;6200,260;6205,260;6209,266;6213,280;6218,278;6222,278;6226,262;6231,276;6235,268;6239,282;6244,280;6248,266;6252,264;6257,256;6261,284;6266,284;6270,268;6274,268;6279,280;6283,272;6287,272;6292,256;6296,256;6300,254;6305,260;6309,274;6313,288;6318,272;6322,258;6326,256;6331,262;6335,276;6340,274;6344,274;6348,274;6353,286;6357,278;6361,264;6366,264;6370,262;6374,276;6379,268;6383,282;6387,280;6392,280;6396,280;6400,278;6405,270;6409,284;6414,282;6418,282;6422,268;6427,252;6431,272;6435,272;6440,272;6444,270;6448,270;6453,276;6457,290;6461,274;6466,274;6470,274;6474,244;6479,264;6483,278;6488,264;6492,262;6496,276;6501,260;6505,252;6509,280;6514,278;6518,278;6522,262;6527,268;6531,252;6535,266;6540,252;6544,264;6549,236;6553,284;6557,282;6562,282;6566,268;6570,224;6575,266;6579,272;6583,270;6588,256;6592,270;6596,254;\r\nBuffer sent in 0.973 secondsreturn;buffer;965\r\nreceived from UR: measure -> measure (0,1)\r\nSTEPPER: Moving to mstep: 6600 with speed [msteps/sec]: 1000 in StealthChop.\r\n'), 13:38:43
bytearray(b'STEPPER: Moving to mstep: 2400 with speed [msteps/sec]: 4000 in SpreadCycle.\r\n'), 13:38:47
bytearray(b'STEPPER: Moved 4200.00 msteps (ramp: 35%) in 1324.888 ms -> average speed [msteps/sec]: 3170.08\r\nreturn;measure;964\r\n'), 13:38:48
bytearray(b'received from UR: buffer -> buffer (0,1)\r\nSending buffer of size 964data;2400,306;2404,446;2408,170;2413,270;2417,326;2421,318;2426,344;2430,316;2434,330;2439,328;2443,320;2447,320;2452,318;2456,318;2460,332;2465,330;2469,322;2474,336;2478,320;2482,334;2487,334;2491,326;2495,324;2500,310;2504,322;2508,322;2513,336;2517,314;2521,340;2526,326;2530,338;2534,338;2539,338;2543,328;2548,314;2552,326;2556,326;2561,340;2565,318;2569,330;2574,316;2578,328;2582,328;2587,328;2591,334;2595,318;2600,330;2604,330;2608,330;2613,314;2617,334;2622,320;2626,334;2630,318;2635,334;2639,324;2643,324;2648,322;2652,308;2656,320;2661,320;2665,326;2669,310;2674,324;2678,324;2682,322;2687,322;2691,328;2696,326;2700,312;2704,324;2709,324;2713,330;2717,314;2722,328;2726,326;2730,328;2735,326;2739,316;2743,330;2748,316;2752,328;2756,328;2761,342;2765,320;2770,332;2774,318;2778,332;2783,316;2787,322;2791,334;2796,320;2800,320;2804,318;2809,332;2813,324;2817,338;2822,322;2826,336;2830,320;2835,334;2839,326;2844,324;2848,322;2852,308;2857,322;2861,326;2865,340;2870,326;2874,338;2878,324;2883,336;2887,314;2891,328;2896,328;2900,326;2904,324;2909,324;2913,330;2918,314;2922,330;2926,328;2931,328;2935,334;2939,318;2944,332;2948,316;2952,330;2957,316;2961,336;2965,320;2970,334;2974,318;2979,332;2983,318;2987,324;2992,322;2996,308;3000,320;3005,306;3009,340;3013,326;3018,340;3022,324;3026,338;3031,322;3035,330;3039,328;3044,328;3048,326;3053,312;3057,326;3061,318;3066,332;3070,316;3074,330;3079,316;3083,322;3087,320;3092,320;3096,318;3100,304;3105,318;3109,324;3113,324;3118,310;3122,322;3127,320;3131,328;3135,326;3140,312;3144,324;3148,310;3153,324;3157,330;3161,330;3166,316;3170,328;3174,314;3179,328;3183,334;3188,318;3192,332;3196,318;3201,330;3205,322;3209,336;3214,322;3218,336;3222,320;3227,334;3231,324;3235,310;3240,324;3244,324;3248,322;3253,322;3257,342;3262,314;3266,328;3270,326;3275,326;3279,332;3283,314;3288,330;3292,330;3296,330;3301,328;3305,334;3309,320;3314,332;3318,332;3322,332;3327,330;3331,308;3336,320;3340,306;3344,334;3349,320;3353,332;3357,324;3362,324;3366,322;3370,336;3375,320;3379,326;3383,340;3388,324;3392,324;3396,310;3401,324;3405,330;3410,330;3414,314;3418,328;3423,328;3427,320;3431,320;3436,304;3440,318;3444,318;3449,330;3453,322;3457,336;3462,322;3466,322;3470,320;3475,334;3479,326;3484,324;3488,324;3492,310;3497,322;3501,328;3505,328;3510,314;3514,326;3518,312;3523,326;3527,332;3531,316;3536,330;3540,314;3544,328;3549,328;3553,334;3558,318;3562,332;3566,318;3571,330;3575,336;3579,322;3584,322;3588,306;3592,320;3597,306;3601,340;3605,324;3610,340;3614,324;3619,338;3623,314;3627,314;3632,328;3636,326;3640,326;3645,324;3649,332;3653,314;3658,330;3662,328;3666,342;3671,314;3675,318;3679,318;3684,330;3688,330;3693,330;3697,328;3701,322;3706,336;3710,322;3714,334;3719,320;3723,312;3727,326;3732,324;3736,338;3740,324;3745,322;3749,316;3753,328;3758,326;3762,340;3767,326;3771,318;3775,318;3780,316;3784,330;3788,314;3793,328;3797,320;3801,334;3806,332;3810,332;3814,318;3819,332;3823,322;3827,308;3832,322;3836,320;3841,320;3845,306;3849,340;3854,326;3858,338;3862,324;3867,338;3871,328;3875,316;3880,328;3884,314;3888,326;3893,326;3897,318;3901,316;3906,316;3910,316;3915,328;3919,328;3923,320;3928,320;3932,304;3936,318;3941,318;3945,324;3949,322;3954,322;3958,322;3962,334;3967,320;3971,312;3975,326;3980,310;3984,336;3989,308;3993,336;3997,312;4002,326;4006,324;4010,338;4015,322;4019,314;4023,314;4028,312;4032,326;4036,324;4041,324;4045,330;4049,342;4054,312;4058,326;4063,326;4067,338;4071,316;4076,316;4080,316;4084,314;4089,328;4093,318;4097,332;4102,316;4106,330;4110,314;4115,328;4119,334;4123,320;4128,332;4132,318;4137,330;4141,322;4145,336;4150,320;4154,334;4158,318;4163,332;4167,338;4171,322;4176,336;4180,320;4184,320;4189,304;4193,324;4198,324;4202,336;4206,322;4211,334;4215,314;4219,312;4224,326;4228,324;4232,324;4237,322;4241,328;4245,314;4250,326;4254,312;4258,340;4263,324;4267,312;4272,314;4276,312;4280,326;4285,326;4289,330;4293,316;4298,316;4302,314;4306,328;4311,328;4315,318;4319,320;4324,304;4328,318;4333,316;4337,330;4341,322;4346,334;4350,320;4354,332;4359,318;4363,324;4367,324;4372,308;4376,322;4380,306;4385,320;4389,326;4393,340;4398,324;4402,338;4407,322;4411,336;4415,330;4420,328;4424,326;4428,312;4433,326;4437,318;4441,346;4446,316;4450,344;4454,328;4459,342;4463,320;4467,334;4472,334;4476,320;4481,320;4485,318;4489,338;4494,324;4498,338;4502,322;4507,322;4511,328;4515,328;4520,340;4524,326;4528,324;4533,310;4537,330;4541,316;4546,330;4550,330;4555,342;4559,320;4563,306;4568,320;4572,318;4576,332;4581,318;4585,338;4589,322;4594,336;4598,320;4602,334;4607,320;4611,326;4615,326;4620,310;4624,324;4629,322;4633,336;4637,316;4642,328;4646,314;4650,328;4655,314;4659,318;4663,332;4668,316;4672,316;4676,316;4681,328;4685,322;4689,322;4694,320;4698,334;4703,318;4707,332;4711,324;4716,322;4720,322;4724,308;4729,320;4733,326;4737,326;4742,310;4746,338;4750,322;4755,336;4759,328;4763,314;4768,326;4772,310;4777,324;4781,316;4785,330;4790,314;4794,328;4798,326;4803,340;4807,332;4811,316;4816,330;4820,314;4824,324;4829,312;4833,332;4838,330;4842,344;4846,328;4851,342;4855,334;4859,318;4864,318;4868,332;4872,330;4877,330;4881,336;4885,320;4890,334;4894,318;4898,334;4903,332;4907,324;4912,322;4916,308;4920,320;4925,320;4929,326;4933,324;4938,324;4942,322;4946,324;4951,322;4955,314;4959,328;4964,326;4968,324;4972,310;4977,324;4981,328;4986,342;4990,328;4994,342;4999,312;5003,318;5007,332;5012,330;5016,330;5020,328;5025,328;5029,320;5033,334;5038,318;5042,332;5046,316;5051,308;5055,322;5060,308;5064,334;5068,320;5073,332;5077,310;5081,338;5086,322;5090,336;5094,322;5099,322;5103,326;5107,312;5112,324;5116,324;5120,338;5125,324;5129,328;5134,314;5138,326;5142,326;5147,324;5151,330;5155,316;5160,328;5164,328;5168,342;5173,326;5177,332;5181,318;5186,330;5190,316;5194,344;5199,328;5203,320;5208,320;5212,304;5216,318;5221,316;5225,336;5229,322;5234,320;5242,334;5247,318;5251,326;5255,326;5260,324;5264,322;5268,308;5273,320;5277,326;5281,340;5286,326;5290,340;5295,324;5299,338;5303,328;5308,328;5312,328;5316,312;5321,326;5325,318;5329,332;5334,330;5338,330;5342,316;5347,330;5351,320;5355,320;5360,334;5364,318;5369,318;5373,324;5377,324;5382,322;5386,336;5390,320;5395,334;5399,326;5403,310;5408,324;5412,322;5416,336;5421,322;5425,342;5429,326;5434,340;5438,324;5443,338;5447,316;5451,328;5456,328;5460,328;5464,326;5469,312;5473,332;5477,318;5482,332;5486,316;5490,330;5495,314;5499,322;5504,334;5508,320;5512,318;5517,318;5521,324;5525,322;5530,322;5534,320;5538,334;5543,320;5547,324;5551,338;5556,322;5560,322;5564,306;5569,320;5573,326;5578,340;5582,324;5586,338;5591,322;5595,328;5599,342;5604,314;5608,340;5612,310;5617,338;5621,316;5625,330;5630,328;5634,342;5638,314;5643,340;5647,318;5652,332;5656,330;5660,330;5665,328;5669,322;5673,334;5678,320;5682,334;5686,332;5691,332;5695,324;5699,322;5704,322;5708,334;5713,334;5717,320;5721,324;5726,324;5730,324;5734,322;5739,308;5743,312;5747,298;5752,312;5756,310;5760,310;5765,308;5769,314;5773,300;5778,314;5782,312;5787,312;5791,302;5795,302;5800,300;5804,286;5808,296;5813,298;5817,302;5821,288;5826,316;5830,300;5834,314;5839,290;5843,288;5847,288;5852,302;5856,300;5861,286;5865,304;5869,304;5874,302;5878,302;5882,302;5887,302;5891,292;5895,290;5900,290;5904,290;5908,288;5913,300;5917,306;5921,306;5926,304;5930,318;5935,302;5939,280;5943,292;5948,292;5952,304;5956,290;5961,302;5965,308;5969,306;5974,292;5978,304;5982,302;5987,294;5991,308;5995,292;6000,306;6004,304;6009,304;6013,296;6017,310;6022,294;6026,280;6030,294;6035,320;6039,296;6043,296;6048,296;6052,294;6056,308;6061,298;6065,312;6070,296;6074,310;6078,294;6083,266;6087,286;6091,284;6096,282;6100,268;6104,266;6109,266;6113,286;6117,284;6122,270;6126,282;6130,282;6135,288;6139,272;6144,270;6148,256;6152,268;6157,268;6161,272;6165,286;6170,286;6174,284;6178,270;6183,276;6187,274;6191,288;6196,272;6200,272;6204,270;6209,262;6213,276;6218,288;6222,274;6226,258;6231,284;6235,276;6239,276;6244,288;6248,274;6252,274;6257,264;6261,278;6265,292;6270,276;6274,276;6279,274;6283,266;6287,264;6292,236;6296,278;6300,276;6305,276;6309,266;6313,252;6318,278;6322,278;6326,276;6331,240;6335,282;6339,268;6344,280;6348,266;6353,264;6357,270;6361,282;6366,268;6370,280;6374,266;6379,250;6383,284;6387,284;6392,268;6396,266;6400,266;6405,284;6409,256;6413,270;6418,282;6422,268;6427,266;6431,272;6435,286;6440,270;6444,270;6448,268;6453,268;6457,246;6461,272;6466,272;6470,270;6474,256;6479,276;6483,246;6487,258;6492,258;6496,258;6501,242;6505,276;6509,274;6514,274;6518,272;6522,244;6527,256;6531,248;6535,262;6540,260;6544,258;6548,244;6553,278;6557,276;6561,276;6566,274;6570,260;6575,258;6579,236;6583,278;6588,276;6592,276;6596,262;\r\nBuffer sent in 0.972 secondsreturn;buffer;964\r\nreceived from UR: measure -> measure (0,1)\r\nSTEPPER: Moving to mstep: 6600 with speed [msteps/sec]: 1000 in StealthChop.\r\n'), 13:38:52
bytearray(b'STEPPER: Moving to mstep: 2400 with speed [msteps/sec]: 4000 in SpreadCycle.\r\n'), 13:38:56
bytearray(b'STEPPER: Moved 4200.00 msteps (ramp: 35%) in 1324.888 ms -> average speed [msteps/sec]: 3170.08\r\nreturn;measure;965\r\n'), 13:38:57
bytearray(b'received from UR: buffer -> buffer (0,1)\r\nSending buffer of size 965data;2400,304;2404,454;2408,166;2413,280;2417,322;2421,328;2426,342;2430,326;2434,340;2439,324;2443,316;2447,328;2452,314;2456,328;2460,314;2465,340;2469,318;2474,332;2478,316;2482,330;2487,328;2491,320;2495,320;2500,318;2504,332;2508,318;2513,330;2517,322;2521,320;2526,320;2530,334;2534,318;2539,332;2543,322;2548,308;2552,334;2556,320;2561,334;2565,324;2569,338;2574,322;2578,336;2582,322;2587,336;2591,326;2595,312;2600,324;2604,310;2608,324;2613,322;2617,344;2622,328;2626,340;2630,326;2635,340;2639,332;2643,332;2648,330;2652,316;2656,328;2661,314;2665,334;2669,320;2674,318;2678,318;2682,332;2687,330;2691,308;2696,322;2700,306;2704,320;2709,318;2713,324;2717,310;2722,324;2726,322;2730,336;2735,322;2739,312;2743,326;2748,312;2752,326;2757,312;2761,338;2765,330;2770,330;2774,316;2778,330;2783,314;2787,322;2791,334;2796,306;2800,334;2804,318;2809,332;2813,324;2817,338;2822,324;2826,336;2831,322;2835,314;2839,342;2844,328;2848,326;2852,312;2857,324;2861,316;2865,330;2870,316;2874,328;2878,328;2883,328;2887,334;2891,332;2896,318;2900,318;2905,330;2909,322;2913,336;2918,322;2922,320;2926,320;2931,334;2935,340;2939,312;2944,326;2948,310;2952,324;2957,324;2961,330;2965,328;2970,328;2974,314;2979,328;2983,326;2987,318;2992,332;2996,316;3000,330;3005,316;3009,336;3013,320;3018,334;3022,320;3026,334;3031,318;3035,310;3039,324;3044,310;3048,322;3053,322;3057,336;3061,314;3066,328;3070,312;3074,326;3079,324;3083,332;3087,316;3092,316;3096,328;3100,314;3105,328;3109,320;3113,320;3118,318;3122,332;3127,318;3131,324;3135,322;3140,308;3144,336;3148,320;3153,334;3157,312;3161,326;3166,324;3170,338;3174,322;3179,336;3183,328;3188,314;3192,328;3196,312;3201,340;3205,318;3209,332;3214,316;3218,344;3222,328;3227,342;3231,320;3235,318;3240,332;3244,318;3248,332;3253,330;3257,324;3262,322;3266,336;3270,320;3275,334;3279,326;3283,326;3288,326;3292,326;3296,324;3301,324;3305,344;3309,328;3314,328;3318,328;3322,328;3327,326;3331,318;3336,332;3340,316;3344,330;3349,316;3353,322;3357,320;3362,320;3366,320;3370,334;3375,320;3379,310;3383,324;3388,310;3392,324;3397,322;3401,336;3405,326;3410,340;3414,326;3418,338;3423,324;3427,316;3431,328;3436,314;3440,312;3444,312;3449,326;3453,316;3457,330;3462,316;3466,328;3471,314;3475,320;3479,332;3484,318;3488,316;3492,316;3497,328;3501,320;3505,334;3510,320;3514,320;3518,318;3523,332;3527,324;3531,308;3536,320;3540,306;3545,334;3549,318;3553,324;3558,310;3562,322;3566,320;3571,334;3575,340;3579,326;3584,324;3588,310;3592,336;3597,310;3601,330;3605,314;3610,326;3614,326;3619,340;3623,324;3627,330;3632,330;3636,314;3640,328;3645,314;3649,334;3653,318;3658,330;3662,316;3666,330;3671,328;3675,334;3679,320;3684,318;3688,332;3693,318;3697,332;3701,322;3706,322;3710,320;3714,334;3719,320;3723,326;3727,324;3732,310;3736,324;3740,322;3745,336;3749,326;3753,326;3758,326;3762,326;3767,324;3771,338;3775,328;3780,314;3784,328;3788,312;3793,340;3797,318;3801,332;3806,316;3810,330;3814,316;3819,342;3823,332;3827,318;3832,332;3836,318;3841,330;3845,322;3849,320;3854,320;3858,332;3862,316;3867,330;3871,322;3875,322;3880,320;3884,318;3888,332;3893,330;3897,322;3901,320;3906,334;3910,318;3915,332;3919,322;3923,308;3928,322;3932,306;3936,320;3941,318;3945,324;3949,322;3954,322;3958,320;3962,334;3967,320;3971,310;3976,324;3980,310;3984,336;3989,322;3993,336;3997,326;4002,340;4006,322;4010,338;4015,322;4019,328;4023,326;4028,312;4032,326;4036,324;4041,336;4045,314;4050,328;4054,326;4058,340;4063,324;4067,316;4071,328;4076,314;4080,326;4084,326;4089,338;4093,316;4097,328;4102,314;4106,328;4110,326;4115,340;4119,318;4124,316;4128,330;4132,314;4137,328;4141,332;4145,332;4150,316;4154,330;4158,328;4163,328;4167,320;4171,318;4176,330;4180,316;4184,344;4189,328;4193,320;4198,318;4202,332;4206,318;4211,330;4215,322;4219,320;4224,322;4228,320;4232,332;4237,318;4241,336;4245,322;4250,336;4254,320;4258,334;4263,320;4267,310;4272,324;4276,322;4280,336;4285,322;4289,326;4293,312;4298,324;4302,324;4306,324;4311,322;4315,312;4319,326;4324,310;4328,324;4332,308;4337,322;4341,314;4346,326;4350,326;4354,324;4359,310;4363,316;4367,330;4372,314;4376,328;4380,312;4385,326;4389,316;4393,330;4398,316;4402,342;4406,312;4411,326;4415,330;4420,316;4424,328;4428,314;4433,326;4437,318;4441,332;4446,316;4450,330;4454,330;4459,330;4463,320;4467,320;4472,332;4476,318;4481,318;4485,322;4489,336;4494,320;4498,334;4502,318;4507,318;4511,324;4515,322;4520,336;4524,322;4528,322;4533,306;4537,326;4541,324;4546,326;4550,324;4555,324;4559,322;4563,314;4568,328;4572,312;4576,326;4581,312;4585,332;4589,318;4594,344;4598,330;4602,344;4607,330;4611,308;4615,334;4620,320;4624,334;4629,318;4633,318;4637,324;4642,338;4646,322;4650,336;4655,322;4659,314;4663,326;4668,312;4672,326;4676,312;4681,338;4685,316;4689,316;4694,314;4698,328;4703,328;4707,320;4711,332;4716,316;4720,330;4724,316;4729,344;4733,322;4737,320;4742,320;4746,332;4750,318;4755,332;4759,324;4764,308;4768,336;4772,320;4777,334;4781,326;4785,338;4790,324;4794,336;4798,322;4803,336;4807,326;4811,312;4816,326;4820,324;4824,336;4829,324;4833,328;4838,326;4842,340;4846,324;4851,338;4855,328;4859,314;4864,326;4868,326;4872,326;4877,326;4881,330;4885,316;4890,330;4894,328;4898,328;4903,326;4907,332;4912,330;4916,316;4920,330;4925,330;4929,328;4933,320;4938,334;4942,318;4946,332;4951,316;4955,322;4959,322;4964,320;4968,334;4972,318;4977,332;4981,310;4986,324;4990,322;4994,336;4999,320;5003,312;5007,326;5012,310;5016,324;5020,324;5025,336;5029,328;5033,328;5038,312;5042,340;5046,324;5051,338;5055,330;5060,314;5064,326;5068,314;5073,326;5077,318;5081,332;5086,316;5090,328;5094,328;5099,328;5103,320;5107,318;5112,332;5116,316;5120,330;5125,316;5129,336;5134,320;5138,334;5142,318;5147,332;5151,338;5155,322;5160,322;5164,308;5168,334;5173,320;5177,340;5181,324;5186,336;5190,322;5195,336;5199,320;5203,322;5208,324;5212,310;5216,336;5221,320;5225,340;5229,324;5234,338;5238,322;5242,336;5247,320;5251,326;5255,338;5260,324;5264,322;5269,322;5273,334;5277,326;5282,326;5286,324;5290,324;5295,322;5299,328;5303,328;5308,326;5312,326;5316,310;5321,324;5325,328;5329,328;5334,326;5338,326;5343,324;5347,316;5351,328;5356,314;5360,328;5364,312;5369,326;5373,316;5377,344;5382,328;5386,330;5390,312;5395,328;5399,332;5403,316;5408,330;5412,316;5417,328;5421,318;5425,332;5430,318;5434,330;5438,316;5443,328;5447,334;5451,318;5456,318;5460,330;5464,330;5469,314;5473,320;5477,318;5482,332;5486,318;5491,330;5495,330;5499,320;5504,320;5508,320;5512,332;5517,318;5521,338;5525,322;5530,336;5534,320;5538,334;5543,318;5547,310;5551,324;5556,322;5560,336;5565,308;5569,320;5573,326;5578,340;5582,324;5586,338;5591,324;5595,314;5599,328;5604,312;5608,326;5612,310;5617,324;5621,314;5626,342;5630,326;5634,340;5639,312;5643,316;5647,330;5652,316;5656,344;5660,328;5665,328;5669,320;5673,332;5678,332;5682,332;5686,330;5691,328;5695,336;5700,320;5704,334;5708,332;5713,318;5717,322;5721,336;5726,322;5730,334;5734,320;5739,318;5743,310;5747,296;5752,308;5756,294;5760,304;5765,298;5769,312;5774,296;5778,310;5782,294;5787,310;5791,314;5795,298;5800,312;5804,296;5808,310;5813,288;5817,300;5821,300;5826,314;5830,298;5835,298;5839,302;5843,290;5848,302;5852,286;5856,300;5861,286;5865,304;5869,304;5874,304;5878,302;5882,302;5887,300;5891,306;5895,292;5900,290;5904,304;5909,290;5913,310;5917,308;5922,308;5926,308;5930,306;5935,306;5939,284;5943,296;5948,296;5952,310;5956,294;5961,294;5965,300;5969,314;5974,296;5978,312;5983,298;5987,290;5991,302;5996,288;6000,302;6004,286;6009,300;6013,306;6017,320;6022,306;6026,306;6030,304;6035,304;6039,296;6043,294;6048,294;6052,294;6057,292;6061,300;6065,312;6070,312;6074,310;6078,296;6083,296;6087,286;6091,272;6096,272;6100,256;6104,256;6109,276;6113,276;6117,288;6122,288;6126,272;6131,272;6135,278;6139,276;6144,276;6148,262;6152,274;6157,246;6161,280;6165,278;6170,278;6174,276;6178,276;6183,268;6187,268;6191,266;6196,266;6200,280;6205,278;6209,284;6213,284;6218,256;6222,268;6226,226;6231,268;6235,274;6239,272;6244,286;6248,272;6252,272;6257,276;6261,276;6266,274;6270,260;6274,260;6279,274;6283,252;6287,264;6292,278;6296,278;6300,276;6305,268;6309,282;6313,266;6318,266;6322,266;6326,278;6331,256;6335,268;6340,268;6344,268;6348,266;6353,266;6357,286;6361,256;6366,270;6370,240;6374,268;6379,260;6383,272;6387,258;6392,258;6396,258;6400,270;6405,262;6409,232;6414,262;6418,274;6422,274;6427,274;6431,252;6435,280;6440,264;6444,264;6448,264;6453,270;6457,254;6461,268;6466,282;6470,268;6474,252;6479,272;6483,258;6488,258;6492,270;6496,268;6501,268;6505,244;6509,258;6514,258;6518,258;6522,258;6527,264;6531,248;6535,262;6540,262;6544,276;6548,246;6553,266;6557,280;6562,266;6566,278;6570,264;6575,264;6579,256;6583,268;6588,268;6592,268;6596,268;\r\nBuffer sent in 0.973 secondsreturn;buffer;965\r\nreceived from UR: measure -> measure (0,1)\r\nSTEPPER: Moving to mstep: 6600 with speed [msteps/sec]: 1000 in StealthChop.\r\n'), 13:39:01
bytearray(b'STEPPER: Moving to mstep: 2400 with speed [msteps/sec]: 4000 in SpreadCycle.\r\n'), 13:39:05
bytearray(b'STEPPER: Moved 4200.00 msteps (ramp: 35%) in 1324.888 ms -> average speed [msteps/sec]: 3170.08\r\nreturn;measure;963\r\n'), 13:39:06
bytearray(b'received from UR: buffer -> buffer (0,1)\r\nSending buffer of size 963data;2400,306;2404,464;2408,146;2413,274;2417,316;2421,322;2426,334;2430,318;2434,332;2439,316;2443,322;2447,336;2452,320;2456,320;2460,318;2465,318;2469,324;2474,338;2478,322;2482,334;2487,320;2491,324;2495,324;2500,310;2504,322;2508,322;2513,336;2517,326;2521,326;2526,324;2530,324;2534,324;2539,336;2543,328;2548,312;2552,326;2556,310;2561,324;2565,328;2569,328;2574,314;2578,328;2582,312;2587,324;2591,330;2595,314;2600,328;2604,312;2608,326;2613,326;2617,332;2622,316;2626,330;2630,314;2635,328;2639,332;2643,318;2648,332;2652,316;2656,316;2661,330;2665,334;2669,320;2674,332;2678,318;2682,332;2687,330;2691,322;2696,320;2700,306;2704,318;2709,318;2713,324;2717,322;2722,322;2726,320;2730,334;2735,322;2739,324;2743,324;2748,308;2752,322;2757,320;2761,334;2765,326;2770,338;2774,324;2778,336;2783,322;2787,328;2791,340;2796,326;2800,324;2804,308;2809,322;2813,328;2817,340;2822,326;2826,338;2831,324;2835,314;2839,328;2844,326;2848,326;2852,324;2857,324;2861,314;2865,328;2870,326;2874,326;2878,324;2883,338;2887,328;2891,328;2896,328;2900,326;2905,324;2909,316;2913,328;2918,328;2922,326;2926,324;2931,338;2935,328;2939,314;2944,326;2948,312;2952,324;2957,308;2961,328;2965,326;2970,340;2974,324;2979,336;2983,322;2987,326;2992,340;2996,324;3000,338;3005,308;3009,328;3013,312;3018,326;3022,326;3026,338;3031,322;3035,314;3039,326;3044,326;3048,324;3053,324;3057,322;3061,314;3066,326;3070,326;3074,338;3079,324;3083,316;3087,328;3092,312;3096,324;3100,324;3105,324;3109,314;3113,328;3118,324;3122,326;3127,324;3131,314;3135,328;3140,298;3144,326;3148,310;3153,338;3157,328;3161,342;3166,326;3170,338;3174,322;3179,336;3183,328;3187,326;3192,340;3196,324;3201,324;3205,316;3209,328;3214,314;3218,340;3222,324;3227,338;3231,316;3235,314;3240,326;3244,326;3248,326;3253,324;3257,330;3262,314;3266,328;3270,326;3275,326;3279,316;3283,316;3288,314;3292,328;3296,326;3301,312;3305,332;3309,330;3314,342;3318,328;3322,328;3327,326;3331,330;3336,330;3340,314;3344,326;3349,312;3353,332;3357,330;3362,330;3366,328;3370,328;3375,326;3379,304;3383,330;3388,316;3392,328;3396,314;3401,326;3405,318;3410,330;3414,330;3418,328;3423,312;3427,318;3431,316;3436,316;3440,330;3444,316;3449,326;3453,318;3457,332;3462,330;3466,330;3471,328;3475,306;3479,318;3484,318;3488,330;3492,316;3497,316;3501,320;3505,320;3510,320;3514,332;3518,318;3523,330;3527,322;3531,306;3536,320;3540,304;3545,332;3549,316;3553,336;3558,322;3562,334;3566,320;3571,332;3575,326;3579,324;3584,336;3588,308;3592,322;3597,306;3601,328;3605,324;3610,338;3614,322;3619,336;3623,320;3627,312;3632,326;3636,324;3640,326;3645,324;3649,330;3653,314;3658,328;3662,326;3666,338;3671,324;3675,314;3679,328;3684,312;3688,326;3693,326;3697,326;3701,316;3706,328;3710,314;3714,326;3719,326;3723,318;3727,330;3732,316;3736,328;3740,328;3745,340;3749,318;3753,330;3758,330;3762,328;3767,328;3771,318;3775,332;3780,316;3784,330;3788,314;3793,328;3797,320;3801,332;3806,316;3810,330;3814,316;3819,328;3823,320;3827,318;3832,332;3836,316;3841,316;3845,320;3849,334;3854,318;3858,332;3862,316;3867,330;3871,320;3875,320;3880,334;3884,318;3888,328;3893,316;3897,322;3902,320;3906,320;3910,318;3915,318;3919,324;3923,322;3928,336;3932,320;3936,320;3941,306;3945,324;3949,324;3954,324;3958,322;3962,336;3967,320;3971,326;3976,340;3980,324;3984,324;3989,308;3993,328;3997,314;4002,340;4006,326;4010,338;4015,324;4019,314;4023,328;4028,312;4032,326;4036,326;4041,338;4045,316;4050,330;4054,314;4058,328;4063,326;4067,332;4071,332;4076,316;4080,316;4084,314;4089,328;4093,334;4097,332;4102,318;4106,332;4110,330;4115,330;4119,322;4124,306;4128,320;4132,306;4137,332;4141,324;4145,336;4150,322;4154,334;4158,320;4163,332;4167,324;4171,322;4176,336;4180,320;4184,320;4189,306;4193,326;4198,324;4202,338;4206,322;4211,336;4215,328;4219,326;4224,326;4228,324;4232,324;4237,308;4241,328;4245,326;4250,326;4254,310;4258,324;4263,316;4267,328;4272,328;4276,326;4280,326;4285,310;4289,330;4293,328;4298,328;4302,312;4306,326;4311,324;4315,316;4319,328;4324,314;4328,326;4332,298;4337,324;4341,316;4346,330;4350,328;4354,326;4359,326;4363,318;4367,330;4372,316;4376,328;4380,312;4385,326;4389,318;4393,346;4398,330;4402,344;4406,328;4411,306;4415,320;4420,332;4424,330;4428,316;4433,330;4437,320;4441,334;4446,318;4450,346;4454,330;4459,344;4463,320;4467,320;4472,318;4476,332;4481,330;4485,322;4489,336;4494,320;4498,334;4502,318;4507,332;4511,336;4515,322;4520,334;4524,306;4528,318;4533,318;4537,336;4541,320;4546,334;4550,318;4555,332;4559,324;4563,322;4568,336;4572,320;4576,318;4581,304;4585,336;4589,322;4594,336;4598,320;4602,334;4607,318;4611,322;4616,336;4620,320;4624,320;4629,318;4633,338;4637,322;4642,336;4646,320;4650,334;4655,320;4659,324;4663,322;4668,322;4672,320;4676,306;4681,318;4685,324;4690,322;4694,320;4698,334;4703,318;4707,324;4711,336;4716,320;4720,320;4724,306;4729,332;4733,322;4737,322;4742,320;4746,334;4750,318;4755,332;4759,338;4764,322;4768,322;4772,306;4777,318;4781,324;4785,338;4790,324;4794,322;4803,334;4807,340;4811,310;4816,324;4820,322;4824,336;4829,320;4833,328;4837,312;4842,336;4846,322;4851,336;4855,320;4859,312;4864,324;4868,324;4872,336;4877,322;4881,342;4885,326;4890,338;4894,324;4898,336;4903,320;4907,312;4911,324;4916,324;4920,322;4925,306;4929,328;4933,326;4938,338;4942,322;4946,336;4951,334;4955,326;4959,324;4964,308;4968,322;4972,320;4977,334;4981,324;4985,338;4990,322;4994,334;4999,320;5003,324;5007,324;5012,308;5016,322;5020,306;5025,320;5029,324;5033,338;5038,322;5042,336;5046,320;5051,334;5055,324;5059,322;5064,322;5068,320;5073,320;5077,324;5081,324;5086,310;5090,322;5094,320;5099,320;5103,324;5107,322;5112,336;5116,306;5120,320;5125,318;5129,324;5133,322;5138,336;5142,320;5147,334;5151,320;5155,324;5160,322;5164,306;5168,320;5173,304;5177,338;5181,322;5186,320;5194,332;5199,316;5203,308;5207,334;5212,320;5216,332;5221,316;5225,330;5229,320;5234,334;5238,318;5242,332;5247,318;5251,322;5255,322;5260,320;5264,320;5268,318;5273,332;5277,322;5282,336;5286,320;5290,334;5295,318;5299,308;5303,322;5308,320;5312,334;5316,318;5321,332;5325,322;5329,336;5334,320;5338,322;5342,320;5347,332;5351,324;5356,308;5360,322;5364,320;5369,334;5373,326;5377,338;5382,324;5386,338;5390,322;5395,334;5399,340;5403,324;5408,324;5412,308;5416,322;5421,320;5425,326;5430,324;5434,324;5438,322;5443,336;5447,326;5451,326;5456,324;5460,322;5464,322;5469,306;5473,326;5477,324;5482,336;5486,322;5490,334;5495,320;5499,324;5504,324;5508,308;5512,322;5517,320;5521,326;5525,324;5530,324;5534,322;5538,322;5543,320;5547,312;5551,324;5556,308;5560,322;5564,320;5569,334;5573,324;5578,338;5582,322;5586,336;5591,320;5595,326;5599,340;5604,324;5608,322;5612,306;5617,320;5621,326;5625,340;5630,324;5634,352;5638,322;5643,312;5647,326;5652,326;5656,324;5660,322;5665,322;5669,314;5673,328;5678,326;5682,326;5686,324;5691,338;5695,316;5699,328;5704,326;5708,326;5712,324;5717,310;5721,330;5726,328;5730,328;5734,312;5739,324;5743,302;5747,300;5752,314;5756,284;5760,298;5765,296;5769,316;5773,302;5778,314;5782,312;5786,312;5791,304;5795,288;5800,302;5804,286;5808,298;5813,298;5817,306;5821,302;5826,316;5830,302;5834,286;5839,300;5843,290;5847,290;5852,302;5856,302;5861,300;5865,306;5869,306;5874,306;5878,304;5882,302;5887,302;5891,292;5895,292;5900,290;5904,290;5908,288;5913,300;5917,306;5921,320;5926,304;5930,304;5935,302;5939,292;5943,306;5948,290;5952,302;5956,288;5961,302;5965,306;5969,320;5974,304;5978,316;5982,302;5987,292;5991,306;5996,290;6000,302;6004,302;6009,302;6013,292;6017,306;6022,304;6026,316;6030,302;6035,286;6039,292;6043,290;6048,290;6052,302;6056,300;6061,304;6065,306;6070,304;6074,304;6078,302;6083,300;6087,278;6091,276;6096,262;6100,246;6104,286;6109,278;6113,276;6117,276;6122,260;6126,274;6130,286;6135,278;6139,276;6144,274;6148,260;6152,272;6157,258;6161,264;6165,278;6170,290;6174,274;6178,274;6183,264;6187,264;6191,262;6196,248;6200,276;6204,274;6209,266;6213,264;6218,262;6222,276;6226,274;6231,252;6235,250;6239,278;6244,276;6248,276;6252,274;6257,252;6261,264;6265,234;6270,276;6274,276;6278,276;6283,266;6287,266;6292,266;6296,278;6300,234;6305,276;6309,280;6313,278;6318,266;6322,250;6326,262;6331,254;6335,268;6339,254;6344,266;6348,236;6353,278;6357,284;6361,282;6366,266;6370,238;6374,266;6379,264;6383,284;6387,282;6392,282;6396,280;6400,280;6405,254;6409,238;6413,266;6418,280;6422,278;6427,276;6431,254;6435,252;6440,266;6444,264;6448,278;6453,254;6457,254;6461,280;6466,280;6470,278;6474,250;6479,270;6483,280;6488,280;6492,280;6496,278;6501,248;6505,268;6509,266;6514,224;6518,278;6522,278;6527,268;6531,268;6535,266;6540,238;6544,278;6548,264;6553,254;6557,254;6562,252;6566,278;6570,278;6575,276;6579,240;6583,282;6588,266;6592,278;6596,278;\r\nBuffer sent in 0.971 secondsreturn;buffer;963\r\n'), 13:39:10
