bytearray(b'received from USB-C: s -> s (0,1)\r\n*** STATUS ***\r\nid        :         3 -\r\nstep      :      2400 steps\r\nspeed     :      1500 msteps/s\r\nmspeed    :      1000 msteps/s\r\nsg-thrs   :        80 -\r\ndefault   :     12000 \xc2\xb5m\r\ndispense  :     14640 \xc2\xb5m\r\nblowout   :     33000 \xc2\xb5m\r\nd-offset  :        20 \xc2\xb5m\r\nur0       :         1 -\r\nur1       :         1 -\r\nhomed     :         1 -\r\nreturn;s;2400\r\n'), 13:43:51
bytearray(b'received from USB-C: m -> m (0,1)\r\nSTEPPER: Moving to mstep: 6600 with speed [msteps/sec]: 1000 in StealthChop.\r\n'), 13:43:54
bytearray(b'STEPPER: Moving to mstep: 2400 with speed [msteps/sec]: 4000 in SpreadCycle.\r\n'), 13:43:58
bytearray(b'STEPPER: Moved 4200.00 msteps (ramp: 35%) in 1324.880 ms -> average speed [msteps/sec]: 3170.10\r\nreturn;m;965\r\n'), 13:44:00
bytearray(b'received from USB-C: b -> b (0,1)\r\nSending buffer of size 965data;2400,302;2404,452;2408,162;2413,276;2417,320;2421,326;2426,340;2430,324;2434,338;2439,324;2443,316;2447,316;2452,316;2456,328;2460,314;2465,328;2469,320;2474,334;2478,320;2482,334;2487,320;2491,312;2495,326;2500,326;2504,326;2508,326;2513,324;2517,318;2521,332;2526,330;2530,330;2534,330;2539,308;2543,336;2548,320;2552,334;2556,306;2561,334;2565,326;2569,326;2574,312;2578,324;2582,324;2587,338;2591,330;2595,316;2600,330;2604,314;2608,328;2613,314;2617,336;2622,320;2626,334;2630,320;2635,334;2639,326;2643,312;2648,326;2652,312;2656,324;2661,310;2665,332;2669,316;2674,316;2678,316;2682,330;2687,330;2691,308;2696,322;2700,306;2704,320;2709,318;2713,326;2717,312;2722,326;2726,312;2730,326;2735,324;2739,316;2743,330;2748,304;2752,330;2756,314;2761,328;2765,320;2770,334;2774,320;2778,334;2783,318;2787,324;2791,338;2796,310;2800,324;2804,310;2809,324;2813,330;2817,344;2822,330;2826,342;2831,328;2835,342;2839,334;2844,320;2848,334;2852,318;2857,318;2861,324;2865,338;2870,324;2874,338;2878,322;2883,336;2887,342;2891,328;2896,328;2900,314;2905,328;2909,326;2913,334;2918,318;2922,330;2926,318;2931,332;2935,338;2939,324;2944,324;2948,310;2952,336;2957,322;2961,328;2965,314;2970,328;2974,314;2979,328;2983,314;2987,320;2992,320;2996,318;3000,332;3005,318;3009,326;3013,310;3018,324;3022,322;3026,336;3031,322;3035,328;3040,328;3044,314;3048,328;3053,314;3057,334;3061,320;3066,334;3070,318;3074,334;3079,320;3083,312;3087,324;3092,310;3096,310;3100,310;3105,324;3109,316;3114,318;3118,316;3122,316;3127,316;3131,308;3135,334;3140,322;3144,322;3148,308;3153,324;3157,316;3161,330;3166,316;3170,330;3174,316;3179,330;3183,336;3188,308;3192,322;3196,308;3201,336;3205,316;3209,344;3214,314;3218,328;3222,314;3227,342;3231,336;3235,336;3240,320;3244,320;3248,334;3253,320;3257,342;3262,314;3266,328;3270,328;3275,342;3279,322;3283,320;3288,334;3292,320;3296,320;3301,320;3305,342;3309,328;3314,328;3318,326;3322,328;3327,326;3331,318;3336,334;3340,320;3344,334;3349,320;3353,326;3357,326;3362,326;3366,326;3370,326;3375,326;3379,318;3383,332;3388,304;3392,332;3396,318;3401,332;3405,310;3410,324;3414,310;3418,326;3423,324;3427,330;3431,318;3436,318;3440,332;3444,316;3449,332;3453,310;3457,324;3462,310;3466,324;3471,324;3475,324;3479,316;3484,316;3488,330;3492,316;3497,330;3501,308;3505,322;3510,322;3514,322;3518,322;3523,322;3527,328;3531,314;3536,328;3540,314;3545,326;3549,320;3553,334;3558,318;3562,332;3566,318;3571,332;3575,324;3579,310;3584,326;3588,310;3592,324;3597,310;3601,344;3605,316;3610,344;3614,316;3619,344;3623,328;3627,322;3632,322;3636,322;3640,336;3645,320;3649,342;3653,326;3658,342;3662,326;3666,328;3671,326;3675,318;3679,332;3684,318;3688,332;3693,330;3697,326;3701,324;3706,326;3710,324;3714,324;3719,324;3723,316;3727,330;3732,316;3736,330;3740,316;3745,330;3749,322;3753,336;3758,322;3762,336;3767,320;3771,314;3775,328;3780,312;3784,328;3788,312;3793,326;3797,318;3801,332;3806,318;3810,330;3814,316;3819,330;3823,322;3827,322;3832,322;3836,308;3841,322;3845,314;3849,328;3854,314;3858,340;3862,326;3867,326;3871,318;3875,304;3880,318;3884,318;3888,330;3893,318;3897,322;3901,310;3906,320;3910,322;3915,322;3919,328;3923,314;3928,328;3932,312;3936,328;3941,312;3945,334;3949,318;3954,332;3958,318;3962,332;3967,318;3971,310;3976,324;3980,308;3984,324;3989,310;3993,324;3997,330;4002,344;4006,314;4010,342;4015,328;4019,320;4023,334;4028,320;4032,320;4036,320;4041,320;4045,326;4050,340;4054,326;4058,340;4063,324;4067,332;4071,330;4076,316;4080,330;4084,316;4089,330;4093,322;4097,322;4102,322;4106,336;4111,322;4115,314;4119,326;4124,314;4128,328;4132,314;4137,326;4141,320;4145,334;4150,318;4154,332;4158,320;4163,332;4167,324;4171,310;4176,324;4180,324;4185,336;4189,316;4193,330;4198,316;4202,330;4206,328;4211,328;4215,320;4219,320;4224,334;4228,320;4232,320;4237,318;4241,326;4245,310;4250,326;4254,324;4259,338;4263,316;4267,316;4272,328;4276,314;4280,328;4285,314;4289,320;4293,320;4298,320;4302,320;4306,320;4311,318;4315,310;4319,324;4324,310;4328,324;4333,308;4337,322;4341,314;4346,328;4350,314;4354,328;4359,314;4363,320;4367,334;4372,318;4376,332;4380,318;4385,344;4389,310;4393,324;4398,322;4402,336;4407,322;4411,314;4415,328;4420,300;4424,328;4428,314;4433,326;4437,320;4441,334;4446,318;4450,332;4454,318;4459,334;4463,338;4467,324;4472,324;4476,324;4481,324;4485,322;4489,330;4494,316;4498,328;4502,316;4507,330;4511,336;4515,336;4520,320;4524,320;4528,334;4533,320;4537,328;4542,326;4546,326;4550,324;4555,326;4559,330;4563,330;4568,330;4572,316;4576,328;4581,314;4585,336;4589,322;4594,322;4598,320;4602,336;4607,320;4611,314;4616,328;4620,312;4624,326;4629,312;4633,334;4637,318;4642,334;4646,318;4650,332;4655,318;4659,312;4663,338;4668,324;4672,324;4676,308;4681,324;4685,330;4690,330;4694,316;4698,330;4703,316;4707,308;4711,320;4716,306;4720,320;4724,306;4729,320;4733,326;4737,340;4742,326;4746,326;4751,324;4755,318;4759,330;4764,316;4768,330;4772,316;4777,330;4781,322;4785,336;4790,320;4794,334;4798,320;4803,334;4807,340;4811,326;4816,324;4820,310;4825,324;4829,324;4833,344;4838,316;4842,328;4846,314;4851,342;4855,334;4859,320;4864,334;4868,318;4872,332;4877,318;4881,324;4885,324;4890,324;4894,322;4899,336;4903,322;4907,328;4912,328;4916,314;4920,328;4925,314;4929,334;4933,334;4938,332;4942,318;4946,332;4951,318;4955,324;4959,324;4964,310;4968,322;4973,308;4977,336;4981,314;4986,330;4990,314;4994,328;4999,326;5003,306;5007,332;5012,318;5016,330;5020,318;5025,332;5029,324;5033,338;5038,322;5042,336;5047,322;5051,314;5055,328;5060,312;5064,328;5068,326;5073,326;5077,318;5081,334;5086,318;5090,332;5094,318;5099,334;5103,326;5107,312;5112,326;5116,312;5121,326;5125,318;5129,332;5134,318;5138,332;5142,316;5147,330;5151,322;5155,322;5160,336;5164,308;5168,336;5173,322;5177,328;5182,314;5186,330;5190,314;5195,328;5199,334;5203,318;5208,332;5212,332;5216,332;5221,316;5225,338;5229,322;5234,338;5238,322;5242,324;5247,322;5251,314;5256,328;5260,328;5264,328;5269,312;5273,334;5277,320;5282,332;5286,318;5290,320;5295,318;5299,324;5303,338;5308,326;5312,324;5316,324;5321,326;5325,316;5330,330;5334,316;5338,328;5343,328;5347,320;5351,334;5356,320;5360,320;5364,304;5369,332;5373,324;5377,338;5382,322;5386,338;5390,324;5395,338;5399,330;5404,316;5408,330;5412,316;5417,330;5421,322;5425,336;5430,320;5434,336;5438,320;5443,334;5447,326;5451,312;5456,326;5460,310;5464,324;5469,310;5473,330;5478,330;5482,330;5486,314;5491,330;5495,336;5499,322;5504,320;5508,308;5512,320;5517,320;5521,328;5525,312;5530,326;5534,326;5538,340;5543,326;5547,316;5552,316;5556,316;5560,330;5565,314;5569,336;5573,322;5578,322;5582,320;5586,336;5591,320;5595,312;5599,326;5604,312;5608,326;5613,312;5617,326;5621,318;5626,332;5630,316;5634,332;5639,316;5643,324;5647,324;5652,324;5656,336;5660,322;5665,322;5669,328;5673,330;5678,316;5682,330;5687,328;5691,342;5695,322;5700,320;5704,334;5708,320;5713,334;5717,314;5721,328;5726,314;5730,326;5734,312;5739,326;5743,320;5747,304;5752,318;5756,304;5761,318;5765,310;5769,324;5774,310;5778,324;5782,310;5787,324;5791,302;5795,302;5800,316;5804,302;5808,316;5813,302;5817,322;5822,308;5826,322;5830,306;5835,320;5839,312;5843,312;5848,312;5852,298;5856,312;5861,298;5865,318;5869,318;5874,318;5878,316;5882,316;5887,310;5891,310;5896,324;5900,310;5904,310;5909,310;5913,316;5917,316;5922,316;5926,316;5930,316;5935,316;5939,294;5943,308;5948,308;5952,310;5956,308;5961,308;5965,314;5970,330;5974,314;5978,330;5983,314;5987,308;5991,308;5996,308;6000,322;6004,308;6009,322;6013,314;6017,328;6022,302;6026,314;6030,314;6035,306;6039,320;6044,320;6048,306;6052,304;6057,318;6061,310;6065,310;6070,294;6074,308;6078,294;6083,294;6087,300;6091,284;6096,284;6100,296;6104,282;6109,288;6113,288;6118,290;6122,302;6126,288;6131,288;6135,294;6139,280;6144,280;6148,278;6152,278;6157,284;6161,284;6165,298;6170,298;6174,284;6178,298;6183,276;6187,276;6192,274;6196,274;6200,288;6205,274;6209,294;6213,282;6218,280;6222,280;6226,294;6231,286;6235,286;6239,272;6244,286;6248,270;6253,270;6257,292;6261,292;6266,278;6270,276;6274,276;6279,276;6283,268;6287,270;6292,282;6296,282;6300,282;6305,288;6309,274;6313,288;6318,274;6322,260;6327,288;6331,280;6335,280;6340,278;6344,278;6348,250;6353,292;6357,284;6361,284;6366,284;6370,268;6374,268;6379,274;6383,288;6388,290;6392,288;6396,274;6401,288;6405,280;6409,294;6414,280;6418,266;6422,280;6427,272;6431,272;6435,272;6440,272;6444,272;6448,270;6453,278;6457,292;6462,278;6466,278;6470,276;6475,262;6479,284;6483,284;6488,282;6492,282;6496,268;6501,254;6505,290;6509,290;6514,276;6518,290;6522,290;6527,282;6531,268;6536,268;6540,268;6544,280;6549,266;6553,246;6557,274;6562,288;6566,288;6570,288;6575,288;6579,280;6583,280;6588,266;6592,278;6596,264;\r\nBuffer sent in 0.973 secondsreturn;b;965\r\n'), 13:44:04
bytearray(b'received from USB-C: m -> m (0,1)\r\nSTEPPER: Moving to mstep: 6600 with speed [msteps/sec]: 1000 in StealthChop.\r\n'), 13:44:06
bytearray(b'STEPPER: Moving to mstep: 2400 with speed [msteps/sec]: 4000 in SpreadCycle.\r\n'), 13:44:11
bytearray(b'STEPPER: Moved 4200.00 msteps (ramp: 35%) in 1324.884 ms -> average speed [msteps/sec]: 3170.09\r\nreturn;m;965\r\n'), 13:44:12
bytearray(b'received from USB-C: b -> b (0,1)\r\nSending buffer of size 965data;2400,306;2404,470;2408,138;2413,266;2417,324;2421,316;2426,330;2430,316;2434,344;2439,314;2443,334;2447,322;2452,320;2456,320;2460,320;2465,334;2469,324;2474,340;2478,324;2482,326;2487,324;2491,330;2495,318;2500,316;2504,316;2508,316;2513,316;2517,322;2521,336;2526,322;2530,336;2534,322;2539,334;2543,342;2548,326;2552,326;2556,312;2561,326;2565,318;2569,332;2574,332;2578,332;2582,318;2587,330;2591,322;2595,322;2600,322;2604,308;2608,308;2613,308;2617,328;2622,314;2626,328;2630,314;2635,328;2639,320;2643,318;2648,318;2652,304;2656,318;2661,318;2665,326;2669,324;2674,324;2678,324;2682,324;2687,322;2691,330;2696,328;2700,314;2704,328;2709,312;2713,322;2717,322;2722,334;2726,320;2730,320;2735,320;2739,312;2743,326;2748,312;2752,326;2756,312;2761,326;2765,332;2770,332;2774,318;2778,346;2783,330;2787,308;2791,322;2796,308;2800,336;2804,322;2809,334;2813,326;2817,340;2822,326;2826,340;2830,324;2835,338;2839,330;2844,316;2848,330;2852,314;2857,314;2861,322;2865,336;2870,320;2874,334;2878,318;2883,332;2887,324;2891,324;2896,324;2900,322;2905,322;2909,322;2913,330;2918,328;2922,328;2926,328;2931,342;2935,334;2939,318;2944,332;2948,304;2952,318;2957,318;2961,338;2965,324;2970,336;2974,322;2979,336;2983,320;2987,328;2992,326;2996,312;3000,326;3005,310;3009,332;3013,316;3018,332;3022,316;3026,330;3031,316;3035,322;3039,322;3044,320;3048,320;3053,320;3057,326;3061,312;3066,326;3070,310;3074,324;3079,310;3083,302;3087,316;3092,316;3096,316;3100,314;3105,328;3109,320;3114,320;3118,320;3122,320;3127,320;3131,312;3135,326;3140,312;3144,324;3148,310;3153,338;3157,316;3161,330;3166,316;3170,330;3174,314;3179,328;3183,334;3188,320;3192,334;3196,320;3201,320;3205,312;3209,340;3214,324;3218,338;3222,322;3227,338;3231,316;3235,328;3240,328;3244,328;3248,328;3253,314;3257,334;3262,318;3266,332;3270,332;3275,332;3279,324;3283,324;3288,322;3292,322;3296,336;3301,336;3305,328;3309,328;3314,328;3318,326;3322,326;3327,326;3331,318;3336,332;3340,316;3344,316;3349,316;3353,330;3357,322;3362,322;3366,320;3370,334;3375,320;3379,326;3383,326;3388,310;3392,324;3396,310;3401,338;3405,316;3410,330;3414,316;3418,330;3423,328;3427,320;3431,320;3436,320;3440,320;3444,318;3449,318;3453,312;3457,324;3462,324;3466,324;3470,322;3475,322;3479,328;3484,314;3488,312;3492,298;3497,312;3501,318;3505,332;3510,318;3514,318;3518,316;3523,330;3527,324;3531,322;3536,322;3540,306;3544,322;3549,308;3553,328;3558,314;3562,328;3566,314;3571,326;3575,332;3579,318;3584,332;3588,316;3592,330;3597,302;3601,336;3605,336;3610,336;3614,320;3619,334;3623,320;3627,312;3632,326;3636,324;3640,324;3645,324;3649,346;3653,330;3658,344;3662,314;3666,328;3671,328;3675,320;3679,334;3684,318;3688,332;3693,332;3697,324;3701,322;3706,336;3710,322;3714,336;3719,320;3723,312;3727,326;3732,310;3736,338;3740,324;3745,324;3749,330;3753,328;3758,314;3762,328;3767,314;3771,318;3775,332;3780,302;3784,316;3788,316;3793,330;3797,322;3801,336;3806,320;3810,334;3814,320;3819,332;3823,324;3827,324;3832,310;3836,308;3841,308;3845,314;3849,328;3854,328;3858,328;3862,326;3867,326;3871,318;3875,304;3880,316;3884,316;3888,316;3893,316;3897,322;3901,320;3906,334;3910,318;3915,318;3919,312;3923,310;3928,324;3932,308;3936,322;3941,308;3945,328;3949,326;3954,326;3958,324;3962,324;3967,324;3971,302;3975,316;3980,314;3984,328;3989,314;3993,326;3997,320;4002,332;4006,318;4010,344;4015,316;4019,322;4023,322;4028,308;4032,320;4036,320;4041,320;4045,326;4049,340;4054,324;4058,340;4063,324;4067,330;4071,330;4076,316;4080,330;4084,328;4089,328;4093,320;4097,334;4102,332;4106,332;4110,332;4115,332;4119,338;4124,322;4128,322;4132,308;4137,320;4141,326;4145,328;4150,326;4154,326;4158,324;4163,326;4167,330;4171,316;4176,330;4180,316;4184,328;4189,314;4193,334;4198,320;4202,334;4206,320;4211,332;4215,324;4219,324;4224,324;4228,310;4232,308;4237,308;4241,328;4245,312;4250,328;4254,314;4259,326;4263,318;4267,318;4272,318;4276,318;4280,318;4285,304;4289,324;4293,324;4298,324;4302,310;4306,322;4311,322;4315,316;4319,314;4324,302;4328,314;4333,300;4337,328;4341,320;4346,320;4350,320;4354,334;4359,318;4363,326;4367,326;4372,310;4376,324;4380,324;4385,324;4389,318;4393,330;4398,316;4402,330;4407,328;4411,322;4415,334;4420,322;4424,320;4428,306;4433,318;4437,326;4441,340;4446,324;4450,338;4454,324;4459,338;4463,330;4467,316;4472,330;4476,328;4481,328;4485,320;4489,334;4494,320;4498,334;4502,334;4507,332;4511,324;4515,324;4520,324;4524,324;4528,336;4533,322;4537,328;4541,326;4546,328;4550,326;4555,326;4559,318;4563,318;4568,332;4572,316;4576,330;4581,316;4585,336;4589,320;4594,336;4598,320;4602,334;4607,320;4611,312;4615,326;4620,310;4624,326;4629,324;4633,324;4637,316;4642,330;4646,328;4650,330;4655,328;4659,306;4663,334;4668,320;4672,320;4676,318;4681,318;4685,324;4690,324;4694,324;4698,336;4703,322;4707,314;4711,314;4716,312;4720,326;4724,326;4729,326;4733,318;4737,332;4742,316;4746,330;4750,316;4755,330;4759,334;4764,320;4768,320;4772,318;4777,334;4781,312;4785,324;4790,324;4794,338;4798,324;4803,338;4807,316;4811,314;4816,328;4820,328;4824,326;4829,314;4833,334;4838,318;4842,332;4846,332;4851,346;4855,322;4859,322;4864,322;4868,308;4872,320;4877,320;4881,342;4885,326;4890,326;4894,326;4898,340;4903,324;4907,332;4912,332;4916,316;4920,330;4925,330;4929,324;4933,322;4938,336;4942,320;4946,334;4951,320;4955,312;4959,324;4964,324;4968,324;4972,310;4977,324;4981,330;4986,332;4990,330;4994,330;4999,316;5003,322;5007,322;5012,322;5016,322;5020,308;5025,320;5029,328;5033,342;5038,326;5042,326;5046,324;5051,304;5055,316;5060,316;5064,316;5068,316;5073,328;5077,322;5081,334;5086,320;5090,334;5094,318;5099,318;5103,324;5107,324;5112,324;5116,310;5120,310;5125,316;5129,330;5134,314;5138,328;5142,314;5147,328;5151,334;5155,320;5160,334;5164,320;5168,332;5173,318;5177,326;5181,324;5186,338;5190,312;5194,338;5199,316;5203,316;5208,330;5212,316;5216,330;5221,314;5225,336;5229,320;5234,336;5238,320;5242,334;5247,320;5251,312;5255,326;5260,326;5264,326;5269,326;5273,324;5277,332;5282,332;5286,316;5290,332;5295,316;5299,322;5303,322;5308,322;5312,322;5316,320;5321,322;5325,328;5329,342;5334,326;5338,326;5343,326;5347,318;5351,332;5356,332;5360,330;5364,316;5369,330;5373,324;5377,324;5382,324;5386,338;5390,322;5395,336;5399,316;5404,316;5408,328;5412,328;5417,328;5421,320;5425,334;5430,320;5434,334;5438,318;5443,332;5447,324;5451,322;5456,322;5460,308;5464,336;5469,322;5473,328;5478,314;5482,314;5486,312;5491,326;5495,318;5499,318;5504,332;5508,332;5512,318;5517,316;5521,322;5525,322;5530,322;5534,322;5538,336;5543,320;5547,312;5552,326;5556,312;5560,340;5565,326;5569,332;5573,316;5578,332;5582,318;5586,332;5591,330;5595,322;5599,322;5604,308;5608,322;5612,306;5617,320;5621,328;5626,342;5630,326;5634,342;5639,326;5643,320;5647,332;5652,318;5656,332;5660,332;5665,330;5669,322;5673,338;5678,324;5682,324;5686,322;5691,336;5695,328;5700,314;5704,326;5708,312;5713,326;5717,334;5721,334;5726,320;5730,318;5734,318;5739,318;5743,324;5747,310;5752,322;5756,308;5760,322;5765,308;5769,328;5774,312;5778,326;5782,312;5787,326;5791,318;5795,304;5800,304;5804,302;5808,302;5813,302;5817,322;5821,308;5826,308;5830,308;5835,320;5839,314;5843,312;5848,312;5852,310;5856,310;5861,296;5865,316;5869,316;5874,316;5878,314;5882,314;5887,314;5891,306;5895,306;5900,304;5904,318;5909,304;5913,310;5917,310;5922,324;5926,308;5930,308;5935,308;5939,300;5943,314;5948,314;5952,314;5956,312;5961,314;5965,318;5970,318;5974,316;5978,330;5983,316;5987,308;5991,308;5996,308;6000,306;6004,292;6009,306;6013,314;6017,326;6022,312;6026,326;6030,310;6035,302;6039,304;6044,316;6048,316;6052,316;6057,302;6061,322;6065,322;6070,306;6074,306;6078,292;6083,292;6087,298;6091,298;6096,282;6100,282;6104,296;6109,274;6113,274;6118,288;6122,288;6126,288;6131,300;6135,278;6139,278;6144,276;6148,262;6152,276;6157,276;6161,280;6165,280;6170,280;6174,280;6178,280;6183,300;6187,284;6192,284;6196,270;6200,284;6205,282;6209,274;6213,274;6218,288;6222,272;6226,286;6231,286;6235,278;6239,264;6244,262;6248,276;6252,276;6257,282;6261,282;6266,280;6270,280;6274,280;6279,278;6283,286;6287,286;6292,272;6296,270;6300,270;6305,276;6309,290;6313,290;6318,288;6322,288;6326,274;6331,280;6335,294;6340,278;6344,292;6348,292;6353,292;6357,284;6361,286;6366,284;6370,298;6374,282;6379,276;6383,290;6387,288;6392,288;6396,274;6401,272;6405,280;6409,294;6414,292;6418,294;6422,292;6427,278;6431,284;6435,282;6440,282;6444,296;6448,282;6453,274;6457,288;6461,274;6466,274;6470,272;6475,286;6479,278;6483,278;6488,278;6492,278;6496,262;6501,262;6505,298;6509,282;6514,282;6518,282;6522,296;6527,288;6531,258;6535,274;6540,272;6544,272;6549,272;6553,278;6557,274;6562,290;6566,290;6570,290;6575,268;6579,254;6583,280;6588,280;6592,280;6596,280;\r\nBuffer sent in 0.973 secondsreturn;b;965\r\n'), 13:44:15
bytearray(b'received from USB-C: m -> m (0,1)\r\nSTEPPER: Moving to mstep: 6600 with speed [msteps/sec]: 1000 in StealthChop.\r\n'), 13:44:17
bytearray(b'STEPPER: Moving to mstep: 2400 with speed [msteps/sec]: 4000 in SpreadCycle.\r\n'), 13:44:21
bytearray(b'STEPPER: Moved 4200.00 msteps (ramp: 35%) in 1324.880 ms -> average speed [msteps/sec]: 3170.10\r\nreturn;m;964\r\n'), 13:44:22
bytearray(b'received from USB-C: b -> b (0,1)\r\nSending buffer of size 964data;2400,302;2404,450;2408,160;2413,274;2417,316;2421,322;2426,336;2430,322;2434,336;2439,320;2443,326;2447,326;2452,310;2456,326;2460,324;2465,338;2469,316;2474,330;2478,316;2482,330;2487,328;2491,322;2495,322;2500,320;2504,320;2508,320;2513,332;2517,324;2521,338;2526,338;2530,338;2534,322;2539,336;2543,328;2548,328;2552,342;2556,326;2561,326;2565,318;2569,332;2574,318;2578,332;2582,316;2587,330;2591,322;2595,306;2600,320;2604,306;2608,320;2613,320;2617,326;2622,326;2626,326;2630,324;2635,324;2639,318;2643,316;2648,316;2652,316;2656,316;2661,302;2665,336;2669,322;2674,336;2678,322;2682,322;2687,320;2691,312;2696,314;2700,326;2704,326;2709,312;2713,332;2717,318;2722,332;2726,332;2730,332;2735,318;2739,324;2743,338;2748,322;2752,324;2756,308;2761,322;2765,328;2770,342;2774,314;2778,328;2783,328;2787,320;2791,332;2796,320;2800,334;2804,304;2809,318;2813,326;2817,340;2822,324;2826,340;2830,324;2835,338;2839,318;2844,330;2848,330;2852,330;2857,316;2861,322;2865,336;2870,322;2874,336;2878,322;2883,334;2887,328;2891,328;2896,328;2900,326;2905,326;2909,312;2913,332;2918,332;2922,332;2926,318;2931,332;2935,324;2939,324;2944,324;2948,310;2952,324;2957,308;2961,330;2965,328;2970,330;2974,314;2979,328;2983,320;2987,320;2992,334;2996,320;3000,320;3005,304;3009,326;3013,324;3018,340;3022,324;3026,338;3031,310;3035,316;3039,316;3044,330;3048,330;3053,316;3057,322;3061,322;3066,336;3070,320;3074,334;3079,320;3083,314;3087,326;3092,312;3096,312;3100,310;3105,310;3109,318;3113,332;3118,318;3122,332;3127,316;3131,310;3135,324;3140,308;3144,322;3148,308;3153,322;3157,328;3161,328;3166,312;3170,328;3174,312;3179,326;3183,332;3187,318;3192,332;3196,304;3201,318;3205,324;3209,338;3214,322;3218,338;3222,320;3227,336;3231,314;3235,314;3240,328;3244,326;3248,328;3253,326;3257,334;3262,318;3266,332;3270,332;3275,332;3279,324;3283,324;3288,322;3292,324;3296,336;3301,322;3305,342;3309,328;3314,328;3318,326;3322,326;3327,326;3331,316;3336,332;3340,332;3344,332;3349,316;3353,324;3357,322;3362,324;3366,322;3370,336;3375,322;3379,314;3383,328;3388,312;3392,326;3396,326;3401,326;3405,318;3410,332;3414,318;3418,332;3423,318;3427,324;3431,322;3436,306;3440,322;3444,322;3449,322;3453,314;3457,328;3462,328;3466,328;3470,312;3475,306;3479,318;3484,318;3488,320;3492,318;3497,318;3501,324;3505,324;3510,324;3514,324;3518,308;3523,324;3527,314;3531,316;3536,328;3540,314;3544,328;3549,314;3553,322;3558,320;3562,322;3566,320;3571,334;3575,326;3579,312;3584,326;3588,312;3592,326;3597,312;3601,346;3605,318;3610,332;3614,332;3619,346;3623,324;3627,324;3632,324;3636,324;3640,322;3645,308;3649,330;3653,314;3658,344;3662,328;3666,342;3671,328;3675,322;3679,336;3684,320;3688,322;3693,320;3697,320;3701,328;3706,328;3710,326;3714,326;3719,326;3723,318;3727,332;3732,318;3736,332;3740,318;3745,332;3749,324;3753,324;3758,322;3762,324;3767,322;3771,314;3775,328;3780,314;3784,328;3788,314;3793,326;3797,318;3801,332;3806,318;3810,330;3814,316;3819,330;3823,322;3827,320;3832,334;3836,320;3841,332;3845,310;3849,324;3854,324;3858,322;3862,308;3867,322;3871,312;3875,312;3880,326;3884,310;3888,310;3893,324;3897,330;3901,316;3906,328;3910,314;3915,328;3919,326;3923,318;3928,318;3932,304;3936,316;3941,302;3945,336;3949,322;3954,322;3958,320;3962,334;3967,320;3971,326;3975,340;3980,324;3984,324;3989,310;3993,320;3997,328;4002,330;4006,314;4010,328;4015,328;4019,320;4023,334;4028,318;4032,318;4036,304;4041,318;4045,322;4049,338;4054,322;4058,336;4063,322;4067,314;4071,326;4076,312;4080,324;4084,324;4089,338;4093,316;4097,342;4102,328;4106,328;4110,326;4115,340;4119,318;4124,318;4128,330;4132,316;4137,328;4141,320;4145,334;4150,332;4154,332;4158,316;4163,332;4167,322;4171,322;4176,336;4180,320;4184,322;4189,306;4193,340;4198,324;4202,338;4206,322;4211,336;4215,328;4219,314;4224,326;4228,312;4232,326;4237,324;4241,330;4245,316;4250,330;4254,314;4258,328;4263,328;4267,304;4272,318;4276,318;4280,318;4285,302;4289,324;4293,322;4298,322;4302,320;4306,320;4311,320;4315,312;4319,326;4324,310;4328,324;4333,310;4337,322;4341,328;4346,328;4350,314;4354,328;4359,312;4363,318;4367,332;4372,318;4376,332;4380,302;4385,316;4389,322;4393,336;4398,322;4402,320;4411,300;4415,326;4420,312;4424,326;4428,326;4433,324;4437,316;4441,330;4446,316;4450,330;4454,328;4459,330;4463,322;4467,320;4472,318;4476,332;4480,332;4485,332;4489,324;4494,324;4498,338;4502,322;4507,336;4511,328;4515,312;4520,326;4524,312;4528,326;4533,326;4537,332;4541,316;4546,330;4550,330;4554,330;4559,330;4563,320;4568,334;4572,306;4576,320;4581,318;4585,332;4589,324;4594,338;4598,324;4602,338;4607,322;4611,314;4615,328;4620,312;4624,312;4628,324;4633,324;4637,318;4642,330;4646,316;4650,330;4655,316;4659,322;4663,336;4668,320;4672,320;4676,306;4681,320;4685,326;4689,324;4694,324;4698,324;4702,322;4707,322;4711,328;4716,314;4720,326;4724,312;4729,326;4733,320;4737,332;4742,318;4746,332;4750,318;4755,332;4759,324;4763,324;4768,324;4772,310;4776,322;4781,308;4785,330;4790,328;4794,342;4798,314;4803,342;4807,334;4811,320;4816,332;4820,318;4824,330;4829,316;4833,336;4837,322;4842,336;4846,320;4851,334;4855,320;4859,326;4864,326;4868,324;4872,324;4877,324;4881,330;4885,330;4890,330;4894,314;4898,328;4903,328;4907,320;4911,332;4916,318;4920,332;4925,318;4929,324;4933,324;4938,324;4942,322;4946,324;4951,322;4955,316;4959,330;4964,314;4968,328;4972,314;4977,324;4981,320;4985,334;4990,318;4994,332;4999,318;5003,310;5007,324;5012,324;5016,324;5020,322;5025,322;5029,316;5033,328;5038,314;5042,342;5046,328;5051,328;5055,320;5060,318;5064,318;5068,304;5073,316;5077,324;5081,324;5086,322;5090,322;5094,322;5099,322;5103,328;5107,314;5112,326;5116,312;5120,324;5125,310;5129,330;5134,316;5138,330;5142,328;5147,328;5151,320;5155,306;5160,320;5164,304;5168,332;5173,318;5177,338;5181,324;5186,338;5190,322;5194,336;5199,322;5203,314;5208,326;5212,312;5216,326;5221,326;5225,332;5229,316;5234,332;5238,316;5242,330;5247,330;5251,322;5255,322;5260,306;5264,320;5268,320;5273,332;5277,326;5282,326;5286,324;5290,338;5295,324;5299,330;5303,330;5308,328;5312,328;5316,314;5321,328;5325,320;5329,334;5334,332;5338,332;5342,318;5347,310;5351,322;5356,322;5360,336;5364,322;5369,334;5373,328;5377,340;5382,326;5386,340;5390,326;5395,340;5399,332;5403,302;5408,318;5412,316;5416,330;5421,316;5425,336;5430,322;5434,336;5438,320;5443,336;5447,326;5451,326;5456,326;5460,326;5464,324;5469,310;5473,332;5477,318;5482,330;5486,314;5491,328;5495,320;5499,320;5504,320;5508,320;5512,318;5517,304;5521,324;5525,324;5530,324;5534,310;5538,322;5543,322;5547,314;5551,328;5556,314;5560,328;5565,314;5569,328;5573,318;5578,334;5582,318;5586,332;5591,318;5595,310;5599,336;5604,324;5608,324;5612,308;5617,322;5621,314;5625,328;5630,328;5634,342;5639,314;5643,320;5647,320;5652,334;5656,334;5660,320;5665,332;5669,324;5673,324;5678,324;5682,324;5686,324;5691,338;5695,328;5699,328;5704,330;5708,328;5713,328;5717,320;5721,334;5726,320;5730,320;5734,318;5739,318;5743,312;5747,310;5752,324;5756,310;5760,322;5765,296;5769,330;5773,314;5778,328;5782,314;5787,328;5791,306;5795,292;5800,306;5804,304;5808,304;5813,304;5817,324;5821,310;5826,322;5830,308;5834,322;5839,320;5843,300;5847,300;5852,300;5856,312;5861,298;5865,318;5869,318;5874,318;5878,316;5882,316;5887,316;5891,294;5895,308;5900,306;5904,306;5908,292;5913,306;5917,312;5922,326;5926,312;5930,324;5935,310;5939,288;5943,316;5948,316;5952,330;5956,314;5961,314;5965,306;5969,320;5974,306;5978,320;5982,304;5987,296;5991,310;5996,296;6000,324;6004,308;6009,322;6013,314;6017,328;6022,312;6026,326;6030,312;6035,326;6039,318;6043,304;6048,316;6052,316;6057,316;6061,300;6065,322;6070,320;6074,306;6078,304;6083,304;6087,280;6091,280;6096,280;6100,280;6104,278;6109,286;6113,298;6117,284;6122,298;6126,284;6131,284;6135,288;6139,274;6144,276;6148,274;6152,274;6157,272;6161,294;6165,292;6170,278;6174,292;6178,292;6183,278;6187,284;6191,296;6196,282;6200,282;6205,268;6209,302;6213,288;6218,286;6222,286;6226,288;6231,286;6235,264;6239,292;6244,276;6248,290;6252,290;6257,268;6261,282;6265,296;6270,280;6274,252;6279,280;6283,286;6287,286;6292,286;6296,286;6300,286;6305,264;6309,278;6313,290;6318,290;6322,290;6326,276;6331,282;6335,282;6339,266;6344,280;6348,266;6353,278;6357,286;6361,300;6366,286;6370,284;6374,284;6379,298;6383,276;6387,262;6392,276;6396,276;6400,274;6405,282;6409,296;6413,280;6418,280;6422,292;6427,294;6431,270;6435,256;6440,284;6444,282;6448,282;6453,282;6457,274;6461,286;6466,286;6470,286;6474,272;6479,280;6483,278;6487,276;6492,290;6496,276;6501,288;6505,294;6509,280;6514,280;6518,280;6522,278;6527,292;6531,284;6535,284;6540,282;6544,282;6548,282;6553,274;6557,286;6562,286;6566,286;6570,272;6575,284;6579,276;6583,290;6588,276;6592,276;6596,274;\r\nBuffer sent in 0.972 secondsreturn;b;964\r\n'), 13:44:26
bytearray(b'received from USB-C: m -> m (0,1)\r\nSTEPPER: Moving to mstep: 6600 with speed [msteps/sec]: 1000 in StealthChop.\r\n'), 13:44:27
bytearray(b'STEPPER: Moving to mstep: 2400 with speed [msteps/sec]: 4000 in SpreadCycle.\r\n'), 13:44:31
bytearray(b'STEPPER: Moved 4200.00 msteps (ramp: 35%) in 1324.880 ms -> average speed [msteps/sec]: 3170.10\r\nreturn;m;964\r\n'), 13:44:33
bytearray(b'received from USB-C: b -> b (0,1)\r\nSending buffer of size 964data;2400,298;2404,456;2408,166;2413,268;2417,310;2421,318;2426,346;2430,316;2434,344;2439,330;2443,308;2447,322;2452,322;2456,336;2460,320;2465,322;2469,314;2474,328;2478,326;2482,328;2487,328;2491,320;2495,334;2500,320;2504,318;2508,318;2513,332;2517,326;2521,326;2526,324;2530,326;2534,326;2539,340;2543,332;2548,316;2552,330;2556,316;2561,330;2565,322;2569,336;2574,322;2578,336;2582,322;2587,336;2591,328;2595,314;2600,328;2604,314;2608,328;2613,312;2617,334;2622,318;2626,332;2630,318;2635,332;2639,324;2643,310;2648,324;2652,324;2656,322;2661,310;2665,328;2669,328;2674,328;2678,314;2682,326;2687,314;2691,306;2696,320;2700,320;2704,332;2709,318;2713,326;2717,326;2722,326;2726,326;2730,338;2735,324;2739,304;2743,330;2748,316;2752,330;2756,316;2761,316;2765,322;2770,336;2774,320;2778,336;2783,322;2787,314;2791,326;2796,314;2800,328;2804,312;2809,326;2813,318;2817,334;2822,318;2826,346;2830,332;2835,346;2839,310;2844,310;2848,322;2852,322;2857,336;2861,328;2865,328;2870,314;2874,328;2878,326;2883,326;2887,318;2891,318;2896,332;2900,316;2904,332;2909,330;2913,322;2918,322;2922,336;2926,324;2931,336;2935,328;2939,314;2944,328;2948,312;2952,328;2957,312;2961,334;2965,318;2970,332;2974,318;2979,346;2983,330;2987,308;2992,322;2996,308;3000,334;3005,320;3009,328;3013,312;3018,326;3022,326;3026,326;3031,324;3035,332;3039,316;3044,316;3048,330;3053,316;3057,322;3061,308;3066,322;3070,322;3074,322;3079,320;3083,312;3087,312;3092,312;3096,326;3100,312;3105,324;3109,318;3113,318;3118,318;3122,332;3127,316;3131,310;3135,322;3140,308;3144,322;3148,308;3153,322;3157,328;3161,328;3166,326;3170,328;3174,312;3179,340;3183,332;3187,318;3192,332;3196,304;3201,330;3205,324;3209,338;3214,322;3218,352;3222,322;3227,336;3231,330;3235,316;3240,342;3244,328;3248,328;3253,314;3257,334;3261,320;3266,334;3270,320;3275,334;3279,326;3283,326;3288,340;3292,326;3296,324;3301,324;3305,332;3309,332;3314,332;3318,316;3322,330;3327,316;3331,324;3335,324;3340,308;3344,322;3349,308;3353,330;3357,328;3362,328;3366,314;3370,328;3375,328;3379,308;3383,334;3388,320;3392,334;3396,306;3401,320;3405,314;3410,342;3414,314;3418,328;3423,326;3427,318;3431,318;3436,318;3440,318;3444,318;3449,332;3453,312;3457,326;3462,326;3466,340;3470,324;3475,324;3479,318;3484,318;3488,318;3492,316;3497,316;3501,322;3505,322;3510,322;3514,322;3518,322;3523,322;3527,328;3531,314;3536,328;3540,314;3545,328;3549,314;3553,334;3558,320;3562,334;3566,320;3571,334;3575,326;3579,312;3584,326;3588,312;3592,338;3597,310;3601,332;3605,316;3610,344;3614,316;3619,330;3623,322;3627,322;3632,336;3636,320;3640,334;3645,320;3649,342;3653,328;3658,342;3662,314;3666,340;3671,326;3675,318;3679,332;3684,318;3688,332;3693,318;3697,332;3701,324;3706,324;3710,324;3714,338;3719,322;3723,316;3727,330;3732,314;3736,328;3740,314;3745,342;3749,320;3753,320;3758,320;3762,334;3767,320;3771,312;3775,326;3780,312;3784,326;3788,312;3793,324;3797,318;3801,332;3806,330;3810,330;3814,314;3819,330;3823,336;3827,322;3832,322;3836,306;3841,320;3845,314;3849,328;3854,312;3858,326;3862,310;3867,326;3871,332;3875,318;3880,318;3884,318;3888,318;3893,318;3897,324;3901,310;3906,324;3910,324;3915,324;3919,316;3923,302;3928,330;3932,316;3936,330;3941,314;3945,322;3949,320;3954,336;3958,322;3962,322;3967,320;3971,314;3975,342;3980,312;3984,326;3989,298;3993,326;3997,318;4002,332;4006,318;4010,332;4015,318;4019,324;4023,324;4028,324;4032,310;4036,308;4041,322;4045,316;4050,344;4054,328;4058,342;4063,314;4067,320;4071,334;4076,334;4080,318;4084,318;4089,332;4093,324;4097,324;4102,324;4106,324;4110,322;4115,338;4119,344;4124,328;4128,328;4132,314;4137,326;4141,320;4145,334;4150,318;4154,318;4158,318;4163,332;4167,324;4171,310;4176,322;4180,308;4184,322;4189,322;4193,342;4198,326;4202,328;4206,326;4211,340;4215,320;4219,318;4224,318;4228,318;4232,318;4237,304;4241,338;4245,324;4250,336;4254,322;4258,324;4263,316;4267,314;4272,328;4276,328;4280,314;4285,314;4289,320;4293,320;4298,332;4302,318;4306,318;4311,318;4315,310;4319,324;4324,310;4328,322;4332,294;4337,324;4341,316;4346,330;4350,328;4354,328;4359,314;4363,320;4367,334;4372,320;4376,334;4380,318;4385,332;4389,324;4393,340;4398,326;4402,340;4406,324;4411,338;4415,330;4420,316;4424,330;4428,316;4433,330;4437,322;4441,336;4446,322;4450,336;4454,322;4459,322;4463,330;4467,316;4472,330;4476,316;4480,330;4485,316;4489,336;4494,322;4498,336;4502,322;4507,322;4511,328;4515,314;4520,328;4524,314;4528,328;4533,300;4537,334;4541,320;4546,334;4550,322;4554,334;4559,320;4563,326;4568,340;4572,312;4576,326;4581,312;4585,334;4589,334;4594,348;4598,318;4602,332;4607,318;4611,312;4615,326;4620,312;4624,326;4629,310;4633,324;4637,318;4642,330;4646,316;4650,330;4655,316;4659,322;4663,338;4668,324;4672,324;4676,310;4681,324;4685,330;4689,330;4694,330;4698,330;4703,314;4707,308;4711,322;4716,308;4720,320;4724,306;4729,320;4733,314;4737,326;4742,326;4746,326;4750,324;4755,304;4759,330;4764,316;4768,330;4772,314;4777,314;4781,320;4785,334;4790,320;4794,334;4798,318;4803,332;4807,324;4811,324;4816,322;4820,308;4824,322;4829,308;4833,342;4838,326;4842,340;4846,312;4851,326;4855,332;4859,318;4864,330;4868,316;4872,330;4877,316;4881,336;4885,320;4890,334;4894,320;4898,320;4903,318;4907,324;4912,338;4916,324;4920,324;4925,322;4929,330;4933,326;4938,328;4942,326;4946,326;4951,326;4955,318;4959,332;4964,332;4968,332;4972,316;4977,330;4981,322;4986,336;4990,320;4994,320;4999,320;5003,312;5007,326;5012,312;5016,326;5020,310;5025,324;5029,332;5033,332;5038,330;5042,332;5046,316;5051,330;5055,336;5060,322;5064,320;5068,306;5073,320;5077,326;5081,326;5086,312;5090,324;5094,322;5099,322;5103,328;5107,316;5112,328;5116,314;5120,314;5125,314;5129,334;5134,320;5138,334;5142,318;5147,332;5151,324;5155,324;5160,338;5164,310;5168,322;5173,322;5177,330;5181,314;5186,328;5190,328;5195,342;5199,326;5203,320;5208,318;5212,306;5216,332;5221,318;5225,338;5229,310;5234,324;5238,322;5242,336;5247,322;5251,314;5255,326;5260,312;5264,326;5269,326;5273,340;5277,318;5282,330;5286,316;5290,330;5295,328;5299,336;5303,320;5308,320;5312,334;5316,318;5321,334;5325,324;5329,324;5334,324;5338,336;5343,322;5347,328;5351,328;5356,314;5360,326;5364,312;5369,340;5373,318;5377,330;5382,316;5386,330;5390,314;5395,328;5399,320;5403,320;5408,334;5412,318;5417,332;5421,310;5425,324;5430,324;5434,338;5438,322;5443,324;5447,328;5451,314;5456,326;5460,312;5464,326;5469,326;5473,318;5478,316;5482,330;5486,316;5491,328;5495,320;5499,318;5504,320;5508,318;5512,332;5517,318;5521,324;5525,322;5530,322;5534,322;5538,336;5543,320;5547,298;5552,326;5556,312;5560,326;5565,310;5569,332;5573,330;5578,330;5582,314;5586,330;5591,314;5595,320;5599,320;5604,304;5608,332;5612,318;5617,318;5621,324;5626,322;5634,336;5639,320;5643,312;5647,326;5652,324;5656,324;5660,324;5665,310;5669,316;5673,328;5678,328;5682,328;5686,326;5691,326;5695,332;5699,318;5704,330;5708,332;5713,330;5717,316;5721,324;5726,322;5730,322;5734,308;5739,322;5743,314;5747,314;5752,328;5756,300;5760,310;5765,312;5769,318;5773,304;5778,318;5782,302;5787,316;5791,322;5795,306;5800,306;5804,306;5808,306;5813,304;5817,310;5821,310;5826,322;5830,308;5834,308;5839,306;5843,312;5847,312;5852,298;5856,312;5861,310;5865,302;5869,302;5874,302;5878,302;5882,314;5887,314;5891,306;5895,306;5900,306;5904,316;5908,304;5913,318;5917,310;5921,324;5926,308;5930,322;5935,308;5939,300;5943,314;5948,300;5952,326;5956,298;5961,310;5965,316;5969,330;5974,314;5978,314;5982,314;5987,314;5991,318;5996,304;6000,318;6004,316;6009,316;6013,308;6017,322;6022,306;6026,320;6030,320;6035,334;6039,310;6043,296;6048,310;6052,308;6056,308;6061,308;6065,314;6070,314;6074,312;6078,312;6083,298;6087,290;6091,274;6096,288;6100,288;6104,288;6109,288;6113,280;6117,294;6122,294;6126,292;6130,292;6135,298;6139,270;6144,284;6148,256;6152,284;6157,282;6161,290;6165,274;6170,274;6174,274;6178,288;6183,280;6187,266;6191,280;6196,266;6200,280;6204,264;6209,300;6213,284;6218,284;6222,270;6226,270;6231,282;6235,274;6239,274;6244,274;6248,272;6252,272;6257,280;6261,278;6265,292;6270,278;6274,278;6278,276;6283,282;6287,268;6292,268;6296,280;6300,266;6305,280;6309,286;6313,272;6318,286;6322,284;6326,284;6331,262;6335,276;6339,276;6344,288;6348,260;6352,288;6357,280;6361,294;6366,278;6370,264;6374,292;6379,292;6383,284;6387,282;6392,282;6396,268;6400,268;6405,288;6409,302;6413,288;6418,288;6422,274;6427,274;6431,266;6435,266;6440,278;6444,278;6448,278;6453,264;6457,284;6461,282;6466,296;6470,282;6474,280;6479,272;6483,286;6487,286;6492,286;6496,286;6501,284;6505,278;6509,290;6514,276;6518,276;6522,274;6527,288;6531,266;6535,266;6540,266;6544,280;6548,278;6553,270;6557,284;6562,284;6566,284;6570,284;6575,270;6579,274;6583,288;6588,274;6592,274;6596,260;\r\nBuffer sent in 0.972 secondsreturn;b;964\r\n'), 13:44:36
bytearray(b'received from USB-C: m -> m (0,1)\r\nSTEPPER: Moving to mstep: 6600 with speed [msteps/sec]: 1000 in StealthChop.\r\n'), 13:44:37
bytearray(b'STEPPER: Moving to mstep: 2400 with speed [msteps/sec]: 4000 in SpreadCycle.\r\n'), 13:44:42
bytearray(b'STEPPER: Moved 4200.00 msteps (ramp: 35%) in 1324.880 ms -> average speed [msteps/sec]: 3170.10\r\nreturn;m;965\r\n'), 13:44:43
bytearray(b'received from USB-C: b -> b (0,1)\r\nSending buffer of size 965data;2400,304;2404,462;2408,144;2413,274;2417,318;2421,324;2426,338;2430,322;2434,336;2439,322;2443,330;2447,328;2452,314;2456,328;2460,312;2465,326;2469,332;2474,332;2478,318;2482,332;2487,330;2491,310;2495,324;2500,322;2504,322;2508,308;2513,322;2517,328;2521,342;2526,326;2530,340;2534,326;2539,304;2543,332;2548,318;2552,330;2556,304;2561,332;2565,324;2569,338;2574,322;2578,336;2582,322;2587,336;2591,328;2595,314;2600,326;2604,298;2608,326;2613,312;2617,332;2622,316;2626,332;2630,316;2635,330;2639,322;2643,308;2648,320;2652,306;2656,320;2661,320;2665,326;2669,312;2674,326;2678,326;2682,326;2687,324;2691,316;2696,316;2700,302;2704,316;2709,316;2713,336;2717,322;2722,336;2726,320;2730,334;2735,320;2739,312;2743,326;2748,312;2752,326;2756,312;2761,340;2765,318;2770,332;2774,332;2778,332;2783,316;2787,310;2791,338;2796,308;2800,336;2804,308;2809,336;2813,328;2817,344;2822,328;2826,342;2831,328;2835,306;2839,334;2844,320;2848,320;2852,318;2857,320;2861,326;2865,340;2870,324;2874,338;2878,324;2883,340;2887,330;2891,318;2896,330;2900,316;2905,330;2909,316;2913,338;2918,322;2922,336;2926,322;2931,336;2935,328;2939,314;2944,328;2948,312;2952,326;2957,312;2961,332;2965,318;2970,332;2974,318;2979,332;2983,324;2987,310;2992,324;2996,308;3000,324;3005,310;3009,330;3013,316;3018,344;3022,328;3026,330;3031,328;3035,308;3040,320;3044,306;3048,320;3053,320;3057,328;3061,312;3066,326;3070,326;3074,326;3079,326;3083,316;3087,316;3092,302;3096,316;3100,316;3105,316;3109,322;3114,336;3118,322;3122,336;3127,322;3131,300;3135,326;3140,300;3144,328;3148,312;3153,328;3157,320;3161,334;3166,320;3170,334;3174,318;3179,334;3183,326;3188,310;3192,326;3196,310;3201,324;3205,316;3209,346;3214,330;3218,344;3222,316;3227,344;3231,322;3235,308;3240,322;3244,322;3248,334;3253,306;3257,342;3262,326;3266,342;3270,326;3275,340;3279,334;3283,318;3288,332;3292,318;3296,332;3301,318;3305,340;3309,324;3314,338;3318,324;3322,338;3327,324;3331,316;3336,330;3340,316;3344,328;3349,314;3353,336;3357,322;3362,334;3366,320;3370,334;3375,320;3379,312;3383,326;3388,312;3392,326;3396,312;3401,326;3405,318;3410,332;3414,318;3418,332;3423,318;3427,310;3431,322;3436,308;3440,322;3444,308;3449,322;3453,328;3457,328;3462,314;3466,328;3471,328;3475,306;3479,320;3484,320;3488,320;3492,304;3497,318;3501,326;3505,326;3510,324;3514,338;3518,324;3523,326;3527,330;3531,302;3536,330;3540,300;3545,328;3549,320;3553,336;3558,320;3562,334;3566,320;3571,334;3575,326;3579,312;3584,326;3588,310;3592,324;3597,310;3601,344;3605,316;3610,344;3614,330;3619,344;3623,322;3627,322;3632,322;3636,308;3640,322;3645,320;3649,342;3653,326;3658,342;3662,326;3666,340;3671,326;3675,318;3679,332;3684,318;3688,332;3693,316;3697,330;3701,324;3706,336;3710,322;3714,336;3719,322;3723,314;3727,328;3732,314;3736,330;3740,314;3745,328;3749,320;3753,334;3758,332;3762,334;3767,318;3771,310;3775,324;3780,310;3784,324;3788,310;3793,324;3797,316;3801,344;3806,328;3810,330;3814,316;3819,342;3823,320;3827,306;3832,320;3836,318;3841,318;3845,312;3849,338;3854,324;3858,338;3862,324;3867,338;3871,316;3875,300;3880,328;3884,314;3888,314;3893,298;3897,334;3901,320;3906,332;3910,320;3915,334;3919,326;3923,298;3928,326;3932,312;3936,326;3941,298;3945,332;3949,318;3954,330;3958,316;3962,332;3967,330;3971,308;3976,324;3980,308;3984,336;3989,308;3993,336;3997,328;4002,342;4006,328;4010,342;4015,328;4019,306;4023,320;4028,320;4032,334;4036,306;4041,320;4045,326;4050,340;4054,324;4058,340;4063,324;4067,316;4071,330;4076,316;4080,330;4084,316;4089,328;4093,322;4097,336;4102,320;4106,334;4110,334;4115,312;4119,324;4124,312;4128,324;4132,310;4137,324;4141,332;4145,332;4150,318;4154,330;4158,330;4163,330;4167,324;4171,308;4176,334;4180,308;4185,322;4189,308;4193,342;4198,328;4202,342;4206,326;4211,340;4215,320;4219,318;4224,318;4228,304;4232,318;4237,318;4241,338;4245,324;4250,336;4254,322;4259,336;4263,320;4267,312;4272,326;4276,298;4280,326;4285,312;4289,332;4293,316;4298,330;4302,316;4306,330;4311,316;4315,308;4319,320;4324,306;4328,320;4333,306;4337,320;4341,326;4346,340;4350,324;4354,338;4359,324;4363,316;4367,330;4372,302;4376,330;4380,314;4385,330;4389,322;4393,336;4398,320;4402,336;4407,320;4411,312;4415,326;4420,312;4424,326;4428,312;4433,324;4437,318;4441,346;4446,330;4450,344;4454,316;4459,330;4463,322;4467,322;4472,336;4476,320;4481,334;4485,320;4489,342;4494,328;4498,342;4502,326;4507,342;4511,334;4515,320;4520,334;4524,306;4528,334;4533,318;4537,340;4542,324;4546,338;4550,324;4555,338;4559,330;4563,314;4568,328;4572,314;4576,326;4581,312;4585,334;4589,318;4594,332;4598,316;4602,332;4607,316;4611,308;4616,322;4620,308;4624,322;4629,320;4633,322;4637,326;4642,340;4646,326;4650,338;4655,324;4659,318;4663,318;4668,302;4672,330;4676,314;4681,330;4685,322;4690,336;4694,322;4698,336;4703,320;4707,312;4711,326;4716,298;4720,326;4724,312;4729,326;4733,318;4737,332;4742,332;4746,332;4750,316;4755,308;4759,334;4764,308;4768,336;4772,308;4777,334;4781,326;4785,342;4790,326;4794,340;4798,326;4803,340;4807,332;4811,304;4816,332;4820,316;4825,330;4829,316;4833,338;4838,322;4842,336;4846,322;4851,336;4855,328;4859,314;4864,328;4868,312;4872,326;4877,312;4881,332;4885,332;4890,330;4894,318;4899,332;4903,330;4907,308;4912,322;4916,320;4920,334;4925,306;4929,340;4933,326;4938,340;4942,324;4946,338;4951,324;4955,302;4959,328;4964,314;4968,328;4973,314;4977,328;4981,320;4986,334;4990,318;4994,332;4999,318;5003,310;5007,324;5012,310;5016,322;5020,308;5025,322;5029,328;5033,342;5038,326;5042,340;5047,326;5051,304;5055,318;5060,316;5064,318;5068,302;5073,328;5077,322;5081,336;5086,320;5090,334;5094,320;5099,334;5103,326;5107,312;5112,324;5116,310;5121,324;5125,310;5129,330;5134,316;5138,330;5142,328;5147,328;5151,320;5155,308;5160,334;5164,304;5168,332;5173,318;5177,338;5181,324;5186,338;5190,322;5195,336;5199,328;5203,314;5208,328;5212,312;5216,326;5221,312;5225,334;5229,318;5234,346;5238,318;5242,346;5247,316;5251,310;5256,322;5260,308;5264,322;5269,322;5273,322;5277,328;5282,342;5286,326;5290,328;5295,326;5299,318;5303,318;5308,318;5312,318;5316,318;5321,330;5325,324;5330,338;5334,322;5338,336;5343,322;5347,314;5351,328;5356,314;5360,328;5364,312;5369,326;5373,318;5377,332;5382,316;5386,332;5390,330;5395,308;5399,336;5404,306;5408,322;5412,306;5417,320;5421,326;5425,340;5430,324;5434,338;5438,324;5443,338;5447,330;5451,316;5456,328;5460,314;5464,328;5469,314;5473,334;5478,320;5482,334;5486,320;5491,334;5495,324;5499,310;5504,324;5508,308;5512,322;5517,308;5521,328;5525,328;5530,328;5534,328;5538,328;5543,312;5547,320;5552,334;5556,304;5560,332;5565,318;5569,338;5573,322;5578,338;5582,322;5586,336;5591,322;5595,314;5599,328;5604,312;5608,326;5612,312;5617,326;5621,318;5626,346;5630,318;5634,346;5639,316;5643,310;5647,324;5652,308;5656,322;5660,320;5665,322;5669,328;5673,342;5678,328;5682,328;5686,326;5691,340;5695,332;5700,318;5704,332;5708,318;5713,330;5717,324;5721,336;5726,322;5730,322;5734,322;5739,322;5743,314;5747,298;5752,312;5756,298;5761,312;5765,318;5769,332;5774,316;5778,318;5782,316;5787,330;5791,308;5795,294;5800,308;5804,292;5808,308;5813,292;5817,328;5821,312;5826,326;5830,312;5835,326;5839,304;5843,302;5848,304;5852,302;5856,314;5861,300;5865,322;5869,308;5874,320;5878,306;5882,320;5887,306;5891,298;5896,310;5900,296;5904,310;5909,294;5913,318;5917,316;5922,316;5926,314;5930,328;5935,316;5939,292;5943,320;5948,304;5952,318;5956,290;5961,318;5965,310;5970,324;5974,310;5978,338;5983,310;5987,300;5991,314;5996,300;6000,314;6004,298;6009,312;6013,318;6017,332;6022,318;6026,332;6030,316;6035,330;6039,308;6044,308;6048,320;6052,306;6057,320;6061,312;6065,326;6070,312;6074,312;6078,310;6083,296;6087,288;6091,274;6096,286;6100,258;6104,300;6109,292;6113,292;6118,290;6122,276;6126,290;6131,290;6135,282;6139,266;6144,280;6148,252;6152,292;6157,278;6161,286;6165,284;6170,284;6174,284;6178,282;6183,288;6187,274;6192,288;6196,288;6200,286;6205,272;6209,266;6213,280;6218,294;6222,292;6226,292;6231,270;6235,284;6239,270;6244,270;6248,268;6252,254;6257,290;6261,288;6266,288;6270,274;6274,244;6279,288;6283,280;6287,280;6292,278;6296,278;6300,250;6305,284;6309,284;6313,284;6318,282;6322,240;6327,282;6331,274;6335,288;6340,274;6344,272;6348,258;6353,286;6357,278;6361,278;6366,276;6370,276;6374,288;6379,282;6383,282;6387,268;6392,280;6396,252;6401,294;6405,286;6409,286;6414,272;6418,272;6422,284;6427,284;6431,276;6435,290;6440,290;6444,274;6448,288;6453,296;6457,296;6462,280;6466,280;6470,280;6475,294;6479,286;6483,272;6488,284;6492,284;6496,284;6501,284;6505,276;6509,290;6514,290;6518,290;6522,274;6527,296;6531,280;6536,280;6540,280;6544,280;6549,264;6553,272;6557,270;6562,270;6566,282;6570,282;6575,268;6579,288;6583,302;6588,272;6592,286;6596,272;\r\nBuffer sent in 0.973 secondsreturn;b;965\r\n'), 13:44:46
