bytearray(b'received from UR: home -> home (0,1)\r\nreturn;home;1\r\n'), 10:55:32
bytearray(b'STEPPER: Moving to mstep: 2400 with speed [msteps/sec]: 4000 in SpreadCycle.\r\n'), 10:55:42
bytearray(b'STEPPER: Moved 2400.00 msteps (ramp: 35%) in 812.828 ms -> average speed [msteps/sec]: 2952.65\r\n'), 10:55:43
bytearray(b'received from UR: status -> status (0,1)\r\n*** STATUS ***\r\nid        :         3 -\r\nstep      :      2400 steps\r\nspeed     :      1500 msteps/s\r\nmspeed    :      1000 msteps/s\r\nsg-thrs   :        80 -\r\ndefault   :     12000 \xc2\xb5m\r\ndispense  :     30350 \xc2\xb5m\r\nblowout   :     33000 \xc2\xb5m\r\nd-offset  :        20 \xc2\xb5m\r\nur0       :         0 -\r\nur1       :         1 -\r\nhomed     :         1 -\r\nreturn;status;2400\r\n'), 10:55:44
bytearray(b'received from UR: measure -> measure (0,1)\r\nSTEPPER: Moving to mstep: 6600 with speed [msteps/sec]: 1000 in StealthChop.\r\n'), 10:55:45
bytearray(b'STEPPER: Moving to mstep: 2400 with speed [msteps/sec]: 4000 in SpreadCycle.\r\n'), 10:55:50
bytearray(b'STEPPER: Moved 4200.00 msteps (ramp: 35%) in 1324.888 ms -> average speed [msteps/sec]: 3170.08\r\nreturn;measure;965\r\n'), 10:55:51
bytearray(b'received from UR: buffer -> buffer (0,1)\r\nSending buffer of size 965data;2400,126;2404,478;2408,160;2413,274;2417,318;2421,324;2426,338;2430,322;2434,336;2439,322;2443,314;2447,328;2452,314;2456,328;2460,314;2465,326;2469,318;2474,332;2478,318;2482,332;2487,318;2491,324;2495,324;2500,324;2504,324;2508,322;2513,322;2517,316;2521,328;2526,326;2530,328;2534,328;2539,328;2543,334;2548,320;2552,318;2556,304;2561,332;2565,324;2569,338;2574,324;2578,338;2582,324;2587,338;2591,330;2595,316;2600,330;2604,314;2608,328;2613,300;2617,336;2622,320;2626,336;2630,320;2635,334;2639,328;2643,314;2648,340;2652,326;2656,326;2661,312;2665,332;2669,318;2674,332;2678,316;2682,316;2687,316;2691,324;2696,324;2700,310;2704,322;2709,310;2713,328;2717,328;2722,328;2726,314;2730,328;2735,328;2739,306;2743,334;2748,318;2752,332;2756,318;2761,332;2765,324;2770,338;2774,322;2778,336;2783,322;2787,314;2791,328;2796,314;2800,328;2804,326;2809,326;2813,318;2817,344;2822,316;2826,344;2830,328;2835,342;2839,322;2844,320;2848,320;2852,318;2857,332;2861,324;2865,338;2870,322;2874,322;2878,322;2883,336;2887,342;2891,328;2896,326;2900,326;2905,326;2909,318;2913,330;2918,316;2922,330;2926,316;2931,328;2935,336;2939,320;2944,320;2948,306;2952,332;2957,318;2961,326;2965,324;2970,324;2974,324;2979,338;2983,322;2987,316;2992,314;2996,314;3000,328;3005,314;3009,334;3013,318;3018,332;3022,318;3026,332;3031,318;3035,324;3040,322;3044,322;3048,322;3053,322;3057,328;3061,314;3066,328;3070,326;3074,326;3079,324;3083,318;3087,330;3092,316;3096,330;3100,330;3105,314;3109,320;3114,334;3118,320;3122,332;3127,318;3131,310;3135,324;3140,310;3144,336;3148,322;3153,324;3157,314;3161,328;3166,328;3170,342;3174,326;3179,304;3183,332;3188,318;3192,332;3196,316;3201,328;3205,322;3209,336;3214,322;3218,336;3222,322;3227,336;3231,328;3235,312;3240,326;3244,326;3248,338;3253,324;3257,330;3262,316;3266,330;3270,316;3275,328;3279,320;3283,320;3288,334;3292,320;3296,332;3301,318;3305,326;3309,324;3314,338;3318,324;3322,336;3327,322;3331,314;3336,328;3340,312;3344,326;3349,312;3353,332;3357,332;3362,332;3366,316;3370,330;3375,316;3379,322;3383,322;3388,308;3392,334;3396,320;3401,334;3405,326;3410,326;3414,312;3418,338;3423,324;3427,330;3431,316;3436,314;3440,328;3444,314;3449,328;3453,320;3457,332;3462,318;3466,332;3470,318;3475,330;3479,322;3484,308;3488,322;3492,320;3497,334;3501,312;3505,314;3510,312;3514,324;3518,324;3523,324;3527,318;3531,318;3536,330;3540,316;3545,344;3549,322;3553,320;3558,320;3562,334;3566,320;3571,334;3575,324;3579,310;3584,338;3588,310;3592,336;3597,322;3601,328;3605,314;3610,342;3614,326;3619,340;3623,326;3627,318;3632,332;3636,316;3640,330;3645,330;3649,336;3653,320;3658,334;3662,320;3666,334;3671,320;3675,310;3679,324;3684,324;3688,324;3693,324;3697,330;3701,314;3706,328;3710,328;3714,328;3719,326;3723,318;3727,332;3732,318;3736,332;3740,330;3745,330;3749,322;3753,336;3758,336;3762,336;3767,320;3771,312;3775,326;3780,312;3784,338;3788,324;3793,322;3797,314;3801,328;3806,328;3810,342;3814,326;3819,326;3823,332;3828,318;3832,332;3836,332;3841,316;3845,322;3849,336;3854,322;3858,336;3862,320;3867,334;3871,326;3875,312;3880,338;3884,324;3888,324;3893,310;3897,330;3902,316;3906,328;3910,314;3915,314;3919,320;3923,320;3928,332;3932,304;3936,332;3941,304;3945,324;3949,322;3954,336;3958,322;3962,336;3967,320;3971,314;3976,328;3980,312;3984,326;3989,312;3993,332;3997,318;4002,332;4006,316;4010,330;4015,330;4019,322;4023,322;4028,320;4032,334;4036,320;4041,334;4045,324;4050,338;4054,324;4058,338;4063,322;4067,328;4071,328;4076,314;4080,326;4084,326;4089,340;4093,318;4097,332;4102,316;4106,330;4110,330;4115,330;4119,322;4124,320;4128,334;4132,320;4137,334;4141,324;4145,324;4150,324;4154,338;4158,324;4163,336;4167,314;4171,314;4176,326;4180,312;4185,340;4189,316;4193,332;4198,316;4202,330;4206,316;4211,330;4215,320;4219,320;4224,334;4228,320;4232,332;4237,332;4241,324;4245,324;4250,336;4254,322;4259,336;4263,320;4267,312;4272,326;4276,312;4280,340;4285,326;4289,318;4293,316;4298,330;4302,330;4306,330;4311,330;4315,308;4319,320;4324,306;4328,320;4333,320;4337,334;4341,326;4346,326;4350,324;4354,326;4359,324;4363,304;4367,330;4372,316;4376,330;4380,316;4385,328;4389,320;4393,334;4398,318;4402,334;4407,318;4411,310;4415,324;4420,322;4424,336;4428,334;4433,320;4437,326;4441,340;4446,324;4450,338;4454,322;4459,322;4463,328;4467,314;4472,340;4476,326;4481,324;4485,318;4489,330;4494,330;4498,330;4502,328;4507,328;4511,334;4515,320;4520,334;4524,332;4528,332;4533,316;4537,336;4541,322;4546,336;4550,322;4555,334;4559,326;4563,312;4568,338;4572,324;4576,324;4581,310;4585,330;4589,316;4594,328;4598,314;4602,328;4607,326;4611,318;4615,332;4620,332;4624,318;4629,316;4633,330;4637,322;4642,336;4646,320;4650,334;4655,320;4659,312;4663,324;4668,310;4672,324;4676,308;4681,322;4685,312;4690,328;4694,326;4698,326;4703,326;4707,318;4711,332;4716,318;4720,330;4724,314;4729,328;4733,334;4737,334;4742,332;4746,332;4750,316;4755,308;4759,322;4764,322;4768,334;4772,320;4777,320;4781,326;4785,340;4790,310;4794,324;4798,322;4803,336;4807,328;4811,314;4816,326;4820,312;4824,326;4829,326;4833,332;4838,316;4842,330;4846,316;4851,342;4855,336;4859,334;4864,320;4868,320;4872,332;4877,318;4881,324;4885,324;4890,324;4894,322;4898,336;4903,322;4907,328;4912,328;4916,312;4920,326;4925,312;4929,332;4933,316;4938,330;4942,316;4946,330;4951,328;4955,320;4959,320;4964,306;4968,332;4973,318;4977,332;4981,310;4986,324;4990,322;4994,336;4999,320;5003,326;5007,326;5012,312;5016,326;5020,312;5025,338;5029,316;5033,330;5038,314;5042,328;5047,314;5051,326;5055,318;5060,318;5064,332;5068,318;5073,332;5077,322;5081,322;5086,322;5090,334;5094,320;5099,320;5103,326;5107,310;5112,324;5116,310;5121,336;5125,314;5129,328;5134,326;5138,326;5142,324;5147,324;5151,330;5155,314;5160,328;5164,312;5168,340;5173,324;5177,330;5181,314;5186,330;5190,314;5195,342;5199,326;5203,304;5208,332;5212,316;5216,330;5221,316;5225,336;5229,320;5234,334;5238,318;5242,332;5247,318;5251,324;5255,322;5260,322;5264,336;5269,334;5273,326;5277,326;5282,326;5286,326;5290,324;5295,324;5299,316;5303,328;5308,314;5312,328;5316,312;5321,326;5325,318;5330,332;5334,316;5338,330;5343,316;5347,308;5351,334;5356,320;5360,334;5364,320;5369,334;5373,312;5377,340;5382,324;5386,338;5390,310;5395,322;5399,328;5404,314;5408,328;5412,314;5417,326;5421,320;5425,334;5430,318;5434,332;5438,318;5443,332;5447,322;5451,308;5456,320;5460,320;5464,334;5469,334;5473,326;5478,326;5482,326;5486,326;5491,324;5495,318;5499,316;5504,330;5508,316;5512,328;5517,314;5521,334;5525,320;5530,334;5534,318;5538,332;5543,318;5547,310;5552,324;5556,308;5560,336;5565,308;5569,328;5573,314;5578,340;5582,326;5586,338;5591,324;5595,316;5599,330;5604,314;5608,328;5612,314;5617,328;5621,320;5626,334;5630,318;5634,332;5639,318;5643,324;5647,324;5652,322;5656,322;5660,322;5665,336;5669,324;5673,328;5678,326;5682,326;5686,324;5691,326;5695,318;5700,316;5704,330;5708,316;5713,330;5717,320;5721,320;5726,320;5730,320;5734,318;5739,318;5743,324;5747,310;5752,324;5756,308;5760,308;5765,316;5769,330;5774,314;5778,328;5782,314;5787,314;5791,306;5795,306;5800,318;5804,304;5808,304;5813,290;5817,324;5821,310;5826,324;5830,310;5835,322;5839,300;5843,300;5848,314;5852,300;5856,314;5861,312;5865,320;5869,320;5874,320;5878,318;5882,318;5887,304;5891,310;5895,310;5900,296;5904,310;5909,296;5913,308;5917,316;5922,316;5926,314;5930,330;5935,314;5939,308;5943,308;5948,292;5952,320;5956,306;5961,320;5965,312;5969,326;5974,312;5978,326;5983,310;5987,304;5991,318;5996,304;6000,316;6004,302;6009,316;6013,308;6017,322;6022,308;6026,322;6030,306;6035,298;6039,312;6044,312;6048,310;6052,296;6057,310;6061,302;6065,316;6070,300;6074,300;6078,298;6083,298;6087,290;6091,290;6096,290;6100,290;6104,288;6109,280;6113,280;6118,278;6122,292;6126,292;6131,292;6135,284;6139,268;6144,282;6148,268;6152,282;6157,268;6161,288;6165,288;6170,288;6174,286;6178,286;6183,292;6187,276;6192,290;6196,290;6200,288;6205,274;6209,296;6213,294;6218,294;6222,292;6226,278;6231,278;6235,284;6239,270;6244,268;6248,282;6252,268;6257,288;6261,286;6266,274;6270,286;6274,286;6279,286;6283,292;6287,276;6292,290;6296,274;6300,274;6305,274;6309,294;6313,294;6318,294;6322,278;6326,292;6331,270;6335,284;6340,270;6344,284;6348,270;6353,296;6357,290;6361,304;6366,288;6370,302;6374,288;6379,264;6383,278;6387,266;6392,278;6396,278;6401,292;6405,284;6409,270;6414,284;6418,298;6422,284;6427,296;6431,274;6435,260;6440,286;6444,288;6448,288;6453,280;6457,294;6461,280;6466,278;6470,292;6475,292;6479,284;6483,270;6488,268;6492,268;6496,282;6501,282;6505,288;6509,288;6514,288;6518,274;6522,272;6527,278;6531,264;6536,278;6540,264;6544,278;6549,278;6553,270;6557,284;6562,282;6566,282;6570,268;6575,274;6579,276;6583,288;6588,274;6592,288;6596,286;\r\nBuffer sent in 0.973 secondsreturn;buffer;965\r\n'), 10:55:53
bytearray(b'received from UR: measure -> measure (0,1)\r\nSTEPPER: Moving to mstep: 6600 with speed [msteps/sec]: 1000 in StealthChop.\r\n'), 10:55:54
bytearray(b'STEPPER: Moving to mstep: 2400 with speed [msteps/sec]: 4000 in SpreadCycle.\r\n'), 10:55:58
bytearray(b'STEPPER: Moved 4200.00 msteps (ramp: 35%) in 1324.892 ms -> average speed [msteps/sec]: 3170.07\r\nreturn;measure;965\r\n'), 10:56:00
bytearray(b'received from UR: buffer -> buffer (0,1)\r\nSending buffer of size 965data;2400,310;2404,468;2408,136;2413,278;2417,320;2421,328;2426,328;2430,326;2434,340;2439,326;2443,318;2447,330;2452,330;2456,330;2460,316;2465,330;2469,322;2474,336;2478,320;2482,334;2487,320;2491,326;2495,340;2500,326;2504,324;2508,310;2513,324;2517,330;2521,328;2526,316;2530,328;2534,316;2539,328;2543,334;2548,320;2552,320;2556,304;2561,332;2565,324;2569,338;2574,310;2578,324;2582,322;2587,336;2591,328;2595,314;2600,326;2604,312;2609,326;2613,318;2617,346;2622,330;2626,330;2630,330;2635,342;2639,320;2643,320;2648,320;2652,318;2656,332;2661,318;2665,324;2669,322;2674,322;2678,322;2683,334;2687,320;2691,326;2696,326;2700,312;2704,324;2709,324;2713,330;2717,328;2722,328;2726,328;2730,340;2735,326;2739,320;2743,332;2748,316;2752,330;2757,316;2761,330;2765,320;2770,334;2774,320;2778,334;2783,318;2787,310;2791,324;2796,308;2800,322;2804,308;2809,322;2813,326;2817,340;2822,324;2826,338;2831,324;2835,316;2839,328;2844,314;2848,328;2852,312;2857,326;2861,318;2865,332;2870,316;2874,330;2878,316;2883,328;2887,334;2891,320;2896,334;2900,318;2905,332;2909,324;2913,338;2918,322;2922,336;2926,320;2931,320;2935,326;2939,312;2944,326;2948,310;2952,324;2957,310;2961,330;2965,316;2970,330;2974,314;2979,328;2983,314;2987,320;2992,334;2996,318;3000,318;3005,318;3009,338;3013,324;3018,338;3022,322;3026,336;3031,320;3035,314;3039,326;3044,312;3048,324;3053,310;3057,330;3061,316;3066,330;3070,328;3074,326;3079,324;3083,318;3087,318;3092,316;3096,330;3100,316;3105,314;3109,320;3114,334;3118,320;3122,334;3127,320;3131,310;3135,324;3140,310;3144,336;3148,308;3153,336;3157,328;3161,328;3166,326;3170,340;3174,312;3179,324;3183,330;3188,316;3192,344;3196,328;3201,328;3205,320;3209,334;3214,318;3218,332;3222,316;3227,330;3231,322;3235,322;3240,334;3244,320;3248,320;3253,304;3257,340;3262,324;3266,338;3270,324;3275,338;3279,330;3283,328;3288,328;3292,326;3296,328;3301,328;3305,334;3309,320;3314,332;3318,318;3323,332;3327,332;3331,322;3336,322;3340,308;3344,336;3349,320;3353,328;3357,326;3362,326;3366,326;3370,340;3375,324;3379,332;3383,330;3388,316;3392,330;3397,316;3401,344;3405,322;3410,322;3414,322;3418,336;3423,320;3427,328;3431,326;3436,312;3440,326;3444,312;3449,340;3453,318;3457,332;3462,318;3466,332;3471,316;3475,330;3479,322;3484,322;3488,322;3492,320;3497,334;3501,326;3505,324;3510,326;3514,340;3518,326;3523,326;3527,332;3531,318;3536,332;3540,332;3545,330;3549,316;3553,336;3558,322;3562,336;3566,322;3571,334;3575,326;3579,312;3584,326;3588,312;3592,326;3597,310;3601,332;3605,316;3610,332;3614,316;3619,330;3623,322;3627,322;3632,322;3636,322;3640,336;3645,334;3649,328;3653,314;3658,340;3662,324;3666,340;3671,326;3675,318;3679,332;3684,318;3688,332;3693,330;3697,324;3701,322;3706,338;3710,322;3714,336;3719,322;3723,314;3727,328;3732,314;3736,328;3740,312;3745,326;3749,332;3754,332;3758,318;3762,332;3767,332;3771,310;3775,324;3780,310;3784,324;3788,310;3793,336;3797,330;3801,330;3806,314;3810,330;3814,328;3819,342;3823,320;3828,318;3832,332;3836,318;3841,332;3845,310;3849,324;3854,322;3858,336;3862,322;3867,322;3871,328;3875,314;3880,328;3884,314;3888,328;3893,314;3897,334;3902,318;3906,332;3910,318;3915,332;3919,324;3923,310;3928,324;3932,308;3936,334;3941,306;3945,328;3949,326;3954,340;3958,326;3962,340;3967,324;3971,316;3976,330;3980,302;3984,328;3989,314;3993,334;3997,320;4002,334;4006,318;4010,332;4015,332;4019,324;4023,322;4028,308;4032,322;4036,322;4041,336;4045,314;4050,328;4054,312;4058,340;4063,324;4067,332;4071,318;4076,318;4080,330;4084,316;4089,330;4093,322;4097,336;4102,320;4106,334;4110,320;4115,334;4119,326;4124,310;4128,324;4132,324;4137,338;4141,316;4145,328;4150,328;4154,328;4158,326;4163,340;4167,332;4171,316;4176,330;4180,316;4184,344;4189,330;4193,322;4198,320;4202,334;4206,320;4211,334;4215,324;4219,310;4224,324;4228,322;4232,336;4237,322;4241,328;4245,326;4250,340;4254,326;4259,326;4263,324;4267,316;4272,330;4276,326;4280,328;4285,312;4289,332;4293,318;4298,332;4302,316;4306,330;4311,314;4315,308;4319,334;4324,320;4328,334;4333,318;4337,318;4341,322;4346,336;4350,322;4354,334;4359,320;4363,312;4367,326;4372,324;4376,338;4380,308;4385,322;4389,314;4394,340;4398,326;4402,340;4407,310;4411,316;4415,330;4420,314;4424,328;4428,314;4433,326;4437,318;4441,332;4446,314;4450,344;4454,316;4459,342;4463,320;4468,318;4472,332;4476,318;4481,332;4485,322;4489,322;4494,320;4498,334;4502,320;4507,334;4511,326;4515,312;4520,310;4524,308;4528,322;4533,322;4537,328;4542,328;4546,328;4550,326;4555,326;4559,332;4563,316;4568,330;4572,316;4576,316;4581,314;4585,336;4589,320;4594,334;4598,318;4602,332;4607,316;4611,310;4616,324;4620,322;4624,334;4629,320;4633,320;4637,324;4642,338;4646,324;4650,336;4655,322;4659,314;4663,342;4668,326;4672,326;4676,312;4681,324;4685,330;4690,330;4694,314;4698,326;4703,326;4707,318;4711,332;4716,330;4720,330;4724,314;4729,328;4733,320;4737,332;4742,318;4746,318;4750,316;4755,308;4759,336;4764,322;4768,334;4772,320;4777,332;4781,324;4785,338;4790,310;4794,324;4798,322;4803,336;4807,328;4811,314;4816,326;4820,312;4825,326;4829,318;4833,346;4838,330;4842,344;4846,328;4851,342;4855,320;4859,318;4864,320;4868,318;4872,330;4877,316;4881,336;4885,322;4890,334;4894,334;4899,334;4903,332;4907,310;4912,324;4916,322;4920,336;4925,322;4929,326;4933,326;4938,326;4942,324;4946,324;4951,322;4955,316;4959,328;4964,314;4968,328;4973,312;4977,326;4981,318;4986,332;4990,316;4994,330;4999,314;5003,322;5007,334;5012,320;5016,334;5020,318;5025,332;5029,324;5033,338;5038,322;5042,336;5047,318;5051,312;5055,326;5060,312;5064,338;5068,324;5073,324;5077,314;5081,328;5086,328;5090,326;5094,312;5099,326;5103,330;5107,316;5112,330;5116,328;5121,328;5125,320;5129,334;5134,332;5138,332;5142,330;5147,330;5151,336;5155,320;5160,334;5164,320;5168,332;5173,304;5177,338;5181,322;5186,338;5190,322;5195,336;5199,320;5203,312;5208,340;5212,326;5216,324;5221,310;5225,330;5229,314;5234,342;5238,314;5242,340;5247,326;5251,318;5255,330;5260,330;5264,330;5269,316;5273,328;5277,320;5282,334;5286,318;5290,332;5295,332;5299,324;5303,322;5308,322;5312,334;5316,320;5321,320;5325,324;5329,326;5334,324;5338,338;5343,322;5347,314;5351,328;5356,314;5360,326;5364,312;5369,326;5373,316;5377,330;5382,316;5386,330;5390,314;5395,328;5399,332;5403,318;5408,332;5412,330;5417,330;5421,322;5425,336;5430,320;5434,334;5438,320;5443,332;5447,324;5451,324;5456,324;5460,322;5464,322;5469,308;5473,328;5478,326;5482,326;5486,312;5491,324;5495,330;5499,316;5504,330;5508,314;5512,328;5517,312;5521,334;5525,318;5530,332;5534,316;5538,330;5543,314;5547,320;5552,334;5556,318;5560,318;5565,302;5569,338;5573,322;5578,336;5582,322;5586,336;5591,320;5595,312;5599,326;5604,312;5608,324;5613,310;5617,322;5621,314;5626,342;5630,326;5634,340;5639,312;5643,316;5647,330;5652,316;5656,342;5660,328;5665,328;5669,320;5673,334;5678,318;5682,332;5687,318;5691,330;5695,324;5700,322;5704,334;5708,334;5713,320;5717,326;5721,326;5726,312;5730,324;5734,310;5739,322;5743,330;5747,314;5752,314;5756,312;5761,326;5765,318;5769,318;5774,302;5778,316;5782,316;5787,316;5791,322;5795,306;5800,320;5804,304;5808,318;5813,304;5817,310;5821,310;5826,310;5830,308;5835,322;5839,314;5843,312;5848,312;5852,298;5856,310;5861,310;5865,316;5869,300;5874,314;5878,314;5882,312;5887,312;5891,304;5895,304;5900,302;5904,316;5909,302;5913,320;5917,306;5922,320;5926,306;5930,318;5935,316;5939,308;5943,322;5948,306;5952,320;5956,304;5961,318;5965,310;5969,324;5974,308;5978,322;5983,306;5987,312;5991,324;5996,296;6000,324;6004,308;6009,322;6013,300;6017,314;6022,312;6026,326;6030,310;6035,324;6039,316;6044,314;6048,314;6052,312;6057,326;6061,304;6065,318;6070,304;6074,302;6078,302;6083,286;6087,292;6091,278;6096,290;6100,276;6104,290;6109,296;6113,294;6118,294;6122,294;6126,292;6131,292;6135,284;6139,284;6144,296;6148,282;6152,294;6157,294;6161,286;6165,284;6170,284;6174,282;6178,296;6183,288;6187,274;6192,272;6196,286;6200,286;6205,286;6209,292;6213,290;6218,290;6222,274;6226,288;6231,288;6235,280;6239,278;6244,278;6248,278;6252,276;6257,284;6261,282;6266,280;6270,280;6274,294;6279,280;6283,284;6287,284;6292,284;6296,282;6300,282;6305,274;6309,286;6313,286;6318,298;6322,284;6326,282;6331,276;6335,288;6340,288;6344,286;6348,286;6353,298;6357,276;6361,290;6366,290;6370,290;6374,274;6379,280;6383,294;6387,278;6392,278;6396,278;6400,290;6405,282;6409,296;6414,282;6418,280;6422,266;6427,252;6431,286;6435,286;6440,284;6444,286;6448,284;6453,276;6457,290;6461,288;6466,274;6470,288;6474,286;6479,278;6483,278;6488,276;6492,278;6496,276;6501,276;6505,284;6509,296;6514,282;6518,294;6522,280;6527,270;6531,270;6535,284;6540,270;6544,282;6548,254;6553,288;6557,286;6562,286;6566,272;6570,270;6575,270;6579,262;6583,274;6588,274;6592,274;6596,260;\r\nBuffer sent in 0.973 secondsreturn;buffer;965\r\n'), 10:56:02
bytearray(b'received from UR: measure -> measure (0,1)\r\nSTEPPER: Moving to mstep: 6600 with speed [msteps/sec]: 1000 in StealthChop.\r\n'), 10:56:03
bytearray(b'STEPPER: Moving to mstep: 2400 with speed [msteps/sec]: 4000 in SpreadCycle.\r\n'), 10:56:07
bytearray(b'STEPPER: Moved 4200.00 msteps (ramp: 35%) in 1324.888 ms -> average speed [msteps/sec]: 3170.08\r\nreturn;measure;965\r\n'), 10:56:08
bytearray(b'received from UR: buffer -> buffer (0,1)\r\nSending buffer of size 965data;2400,308;2404,454;2408,164;2413,266;2417,308;2421,328;2426,328;2430,314;2434,340;2439,326;2443,320;2447,334;2452,320;2456,332;2460,318;2465,332;2469,324;2474,324;2478,324;2482,336;2487,322;2491,316;2495,328;2500,326;2504,326;2508,326;2513,326;2517,332;2521,330;2526,316;2530,330;2534,330;2539,328;2543,320;2548,306;2552,334;2556,320;2561,332;2565,326;2569,326;2574,324;2578,338;2582,322;2587,324;2591,330;2595,328;2600,328;2604,314;2608,326;2613,312;2617,334;2622,318;2626,332;2630,318;2635,332;2639,322;2643,322;2648,334;2652,322;2656,320;2661,308;2665,328;2669,312;2674,326;2678,312;2682,326;2687,326;2691,316;2696,330;2700,328;2704,328;2709,314;2713,334;2717,334;2722,332;2726,318;2730,332;2735,318;2739,324;2743,336;2748,322;2752,322;2757,308;2761,334;2765,314;2770,326;2774,326;2778,326;2783,324;2787,318;2791,330;2796,316;2800,330;2804,314;2809,316;2813,322;2817,336;2822,320;2826,334;2831,318;2835,310;2839,324;2844,324;2848,324;2852,324;2857,322;2861,328;2865,328;2870,326;2874,326;2878,326;2883,340;2887,318;2891,316;2896,316;2900,316;2905,316;2909,322;2913,336;2918,322;2922,334;2926,320;2931,334;2935,326;2939,310;2944,324;2948,310;2952,336;2957,322;2961,328;2965,326;2970,328;2974,326;2979,326;2983,324;2987,318;2992,318;2996,316;3000,316;3005,316;3009,336;3013,320;3018,334;3022,320;3026,334;3031,318;3035,324;3039,322;3044,322;3048,322;3053,320;3057,320;3061,312;3066,326;3070,310;3074,324;3079,322;3083,328;3087,314;3092,312;3096,326;3100,326;3105,324;3109,316;3113,330;3118,316;3122,330;3127,314;3131,320;3135,334;3140,318;3144,332;3148,318;3153,330;3157,322;3161,336;3166,334;3170,334;3174,332;3179,334;3183,324;3187,310;3192,338;3196,322;3201,336;3205,328;3209,342;3214,314;3218,340;3222,326;3227,328;3231,330;3235,330;3240,330;3244,314;3248,328;3253,312;3257,334;3262,332;3266,332;3270,318;3275,330;3279,322;3283,320;3288,320;3292,320;3296,332;3301,332;3305,324;3309,322;3314,336;3318,320;3322,334;3327,318;3331,310;3336,338;3340,322;3344,336;3349,322;3353,328;3357,326;3362,326;3366,324;3370,338;3375,322;3379,314;3383,314;3388,300;3392,326;3397,324;3401,326;3405,330;3410,344;3414,330;3418,340;3423,314;3427,320;3431,332;3436,318;3440,330;3444,318;3449,330;3453,322;3457,336;3462,320;3466,320;3471,318;3475,332;3479,324;3484,322;3488,322;3492,320;3497,320;3501,324;3505,338;3510,322;3514,322;3518,320;3523,334;3527,326;3531,310;3536,322;3540,308;3545,334;3549,320;3553,324;3558,324;3562,336;3566,336;3571,334;3575,326;3579,310;3584,338;3588,324;3592,336;3597,322;3601,342;3605,312;3610,340;3614,324;3619,336;3623,322;3627,328;3632,326;3636,312;3640,324;3645,310;3649,344;3653,314;3658,328;3662,326;3666,340;3671,326;3675,330;3679,330;3684,330;3688,328;3693,326;3697,326;3701,332;3706,332;3710,318;3714,330;3719,314;3723,322;3727,334;3732,320;3736,320;3740,318;3745,332;3749,324;3753,324;3758,324;3762,336;3767,322;3771,334;3775,326;3780,312;3784,326;3788,310;3793,324;3797,316;3801,344;3806,314;3810,328;3814,328;3819,328;3823,320;3827,318;3832,318;3836,304;3841,316;3845,322;3849,336;3854,322;3858,336;3862,320;3867,334;3871,326;3875,312;3880,324;3884,324;3888,322;3893,308;3897,328;3902,326;3906,326;3910,324;3915,338;3919,328;3923,314;3928,314;3932,298;3936,326;3941,312;3945,330;3949,330;3954,330;3958,328;3962,328;3967,314;3971,318;3976,332;3980,316;3984,330;3989,314;3993,336;3997,320;4002,334;4006,318;4010,332;4015,316;4019,322;4023,322;4028,322;4032,320;4036,320;4041,320;4045,326;4050,340;4054,324;4058,338;4063,322;4067,328;4071,328;4076,314;4080,328;4084,314;4089,328;4093,318;4097,332;4102,318;4106,332;4110,330;4115,308;4119,322;4124,308;4128,334;4132,320;4137,334;4141,326;4145,326;4150,324;4154,324;4158,324;4163,336;4167,328;4171,314;4176,314;4180,312;4184,326;4189,322;4193,332;4198,330;4202,344;4206,328;4211,330;4215,334;4219,320;4224,334;4228,318;4232,318;4237,332;4241,338;4245,322;4250,336;4254,322;4258,336;4263,320;4267,326;4272,326;4276,312;4280,324;4285,324;4289,330;4293,328;4298,328;4302,314;4306,328;4311,312;4315,318;4319,332;4324,316;4328,330;4333,314;4337,314;4341,320;4346,334;4350,318;4354,332;4359,318;4363,322;4367,322;4372,308;4376,320;4380,306;4385,334;4389,312;4393,338;4398,322;4402,332;4407,320;4411,326;4415,326;4420,324;4424,324;4428,308;4433,308;4437,314;4441,342;4446,312;4450,340;4454,324;4459,338;4463,328;4467,314;4472,328;4476,326;4481,326;4485,318;4489,330;4494,330;4498,330;4502,328;4507,328;4511,332;4515,318;4520,332;4524,316;4528,330;4533,316;4537,336;4542,320;4546,334;4550,320;4555,332;4559,324;4563,324;4568,322;4572,308;4576,322;4581,308;4585,340;4589,312;4594,326;4598,324;4602,338;4607,324;4611,316;4616,314;4620,314;4624,328;4629,326;4633,332;4637,316;4642,330;4646,330;4650,330;4655,328;4659,306;4663,334;4668,332;4672,332;4676,318;4681,330;4685,322;4690,336;4694,322;4698,322;4703,320;4707,326;4711,326;4716,310;4720,324;4724,308;4729,336;4733,314;4737,328;4742,326;4746,326;4750,326;4755,326;4759,346;4764,330;4768,330;4772,314;4777,328;4781,320;4785,334;4790,318;4794,332;4798,318;4803,332;4807,324;4811,322;4816,322;4820,308;4824,334;4829,334;4833,340;4838,324;4842,338;4846,324;4851,338;4855,314;4859,314;4864,314;4868,326;4872,326;4877,326;4881,332;4885,318;4890,330;4894,330;4898,328;4903,328;4907,320;4912,332;4916,332;4920,332;4925,316;4929,338;4933,322;4938,322;4942,336;4946,334;4951,334;4955,312;4959,324;4964,310;4968,338;4972,322;4977,322;4981,328;4986,340;4990,312;4994,340;4999,324;5003,316;5007,330;5012,316;5016,328;5020,314;5025,326;5029,318;5033,332;5038,332;5042,332;5046,328;5051,330;5055,320;5060,306;5064,332;5068,332;5073,332;5077,324;5081,324;5086,322;5090,322;5094,320;5099,334;5103,326;5107,326;5112,324;5116,310;5121,324;5125,322;5129,330;5134,328;5138,328;5142,312;5147,328;5151,332;5155,316;5160,330;5164,316;5168,330;5173,314;5177,334;5181,320;5186,334;5190,318;5195,332;5199,324;5203,308;5208,322;5212,306;5216,334;5221,320;5225,340;5229,324;5234,338;5238,322;5242,338;5247,322;5251,314;5255,328;5260,326;5264,326;5269,324;5273,324;5277,330;5282,330;5286,328;5290,328;5295,328;5299,320;5303,318;5308,318;5312,330;5316,316;5321,328;5325,320;5329,334;5334,320;5338,320;5343,318;5347,324;5351,324;5356,308;5360,322;5364,306;5369,334;5373,312;5377,326;5382,324;5386,324;5390,324;5395,338;5399,328;5403,314;5408,326;5412,312;5417,340;5421,316;5425,330;5430,316;5434,328;5438,314;5443,328;5447,320;5451,318;5456,316;5460,316;5464,316;5469,302;5473,322;5477,322;5482,334;5486,318;5491,332;5495,324;5499,324;5504,322;5508,308;5512,320;5517,306;5521,326;5525,324;5530,324;5534,322;5538,336;5543,322;5547,312;5552,326;5556,324;5560,324;5565,310;5569,330;5573,328;5578,328;5582,326;5586,340;5591,324;5595,316;5599,330;5604,314;5608,328;5612,312;5617,326;5621,316;5626,330;5630,328;5634,342;5639,328;5643,320;5647,320;5652,304;5656,318;5660,316;5665,330;5669,322;5673,334;5678,322;5682,334;5687,318;5691,332;5695,324;5700,322;5704,322;5708,320;5713,320;5717,324;5721,326;5726,310;5730,324;5734,322;5739,322;5743,314;5747,312;5752,326;5756,312;5761,312;5765,316;5769,316;5774,314;5778,314;5782,312;5787,326;5791,304;5795,304;5800,316;5804,302;5808,314;5813,300;5817,334;5821,318;5826,318;5830,316;5835,330;5839,308;5843,306;5848,306;5852,306;5856,320;5861,318;5865,312;5869,310;5874,310;5878,310;5882,308;5887,308;5891,300;5895,312;5900,314;5904,312;5909,312;5913,318;5917,316;5922,318;5926,316;5930,316;5935,314;5939,306;5943,320;5948,304;5952,320;5956,304;5961,304;5965,308;5969,322;5974,308;5978,320;5983,306;5987,298;5991,326;5996,310;6000,324;6004,308;6009,322;6013,312;6017,328;6022,312;6026,314;6030,312;6035,326;6039,302;6043,302;6048,302;6052,314;6057,314;6061,306;6065,318;6070,304;6074,302;6078,302;6083,302;6087,292;6091,292;6096,290;6100,290;6104,288;6109,280;6113,280;6118,292;6122,278;6126,292;6131,276;6135,282;6139,282;6144,282;6148,280;6152,292;6157,278;6161,284;6165,296;6170,296;6174,296;6178,294;6183,284;6187,286;6192,284;6196,270;6200,282;6205,282;6209,288;6213,288;6218,288;6222,286;6226,286;6231,286;6235,264;6239,290;6244,276;6248,288;6252,288;6257,266;6261,280;6266,280;6270,292;6274,292;6279,290;6283,268;6287,268;6292,266;6296,280;6300,280;6305,272;6309,286;6313,284;6318,284;6322,284;6326,282;6331,274;6335,274;6340,274;6344,300;6348,272;6353,270;6357,292;6361,292;6366,290;6370,290;6374,276;6379,280;6383,280;6387,266;6392,278;6396,278;6401,292;6405,270;6409,296;6414,296;6418,296;6422,280;6427,280;6431,286;6435,284;6440,284;6444,284;6448,282;6453,288;6457,288;6461,288;6466,300;6470,286;6475,272;6479,276;6483,276;6488,290;6492,260;6496,274;6501,274;6505,294;6509,292;6514,278;6518,278;6522,292;6527,290;6531,282;6535,282;6540,282;6544,282;6549,280;6553,272;6557,286;6562,286;6566,284;6570,284;6575,284;6579,260;6583,288;6588,274;6592,286;6596,286;\r\nBuffer sent in 0.973 secondsreturn;buffer;965\r\n'), 10:56:10
bytearray(b'received from UR: measure -> measure (0,1)\r\nSTEPPER: Moving to mstep: 6600 with speed [msteps/sec]: 1000 in StealthChop.\r\n'), 10:56:11
bytearray(b'STEPPER: Moving to mstep: 2400 with speed [msteps/sec]: 4000 in SpreadCycle.\r\n'), 10:56:16
bytearray(b'STEPPER: Moved 4200.00 msteps (ramp: 35%) in 1324.888 ms -> average speed [msteps/sec]: 3170.08\r\nreturn;measure;965\r\n'), 10:56:17
bytearray(b'received from UR: buffer -> buffer (0,1)\r\nSending buffer of size 965data;2400,300;2404,450;2408,160;2413,274;2417,316;2421,322;2426,336;2430,322;2434,336;2439,322;2443,326;2447,326;2452,310;2456,324;2460,324;2465,336;2469,314;2474,342;2478,326;2482,326;2487,326;2491,316;2495,318;2500,330;2504,330;2508,330;2513,328;2517,320;2521,322;2526,320;2530,334;2534,318;2539,310;2543,324;2548,324;2552,336;2556,322;2561,334;2565,326;2569,340;2574,326;2578,338;2582,324;2587,336;2591,328;2595,326;2600,328;2604,326;2608,324;2613,310;2617,330;2622,328;2626,328;2630,314;2635,342;2639,318;2643,318;2648,318;2652,316;2656,316;2661,314;2665,334;2669,318;2674,332;2678,330;2682,330;2687,316;2691,308;2696,320;2700,320;2704,332;2709,318;2713,336;2717,322;2722,334;2726,334;2730,332;2735,320;2739,310;2743,322;2748,322;2752,334;2756,318;2761,332;2765,322;2770,336;2774,322;2778,336;2783,320;2787,312;2791,326;2796,324;2800,338;2804,324;2809,322;2813,314;2817,328;2822,326;2826,340;2830,324;2835,338;2839,330;2844,314;2848,328;2852,326;2857,326;2861,316;2865,330;2870,316;2874,328;2878,328;2883,326;2887,332;2891,318;2896,330;2900,328;2904,328;2909,328;2913,334;2918,318;2922,332;2926,330;2931,330;2935,322;2939,306;2944,320;2948,318;2952,332;2957,304;2961,336;2965,322;2970,334;2974,318;2978,334;2983,318;2987,324;2992,338;2996,324;3000,322;3005,308;3009,328;3013,326;3018,326;3022,312;3026,326;3031,310;3035,330;3039,330;3044,328;3048,328;3053,314;3057,326;3061,318;3066,332;3070,316;3074,316;3079,314;3083,322;3087,334;3092,320;3096,318;3100,318;3105,316;3109,322;3113,322;3118,320;3122,334;3127,318;3131,324;3135,338;3140,322;3144,322;3148,306;3153,320;3157,326;3161,340;3166,324;3170,338;3174,322;3179,336;3183,342;3187,310;3192,326;3196,326;3201,338;3205,316;3209,330;3214,314;3218,328;3222,328;3227,340;3231,332;3235,316;3240,318;3244,330;3248,330;3253,328;3257,334;3262,318;3266,332;3270,332;3275,330;3279,322;3283,322;3288,320;3292,334;3296,334;3301,320;3305,324;3309,324;3314,324;3318,322;3322,336;3327,320;3331,312;3336,326;3340,324;3344,338;3349,322;3353,328;3357,328;3362,326;3366,326;3370,340;3375,324;3379,316;3383,328;3388,314;3392,326;3396,326;3401,338;3405,316;3410,330;3414,314;3418,328;3423,326;3427,318;3431,332;3436,316;3440,328;3444,328;3449,328;3453,318;3457,332;3462,316;3466,330;3470,328;3475,328;3479,320;3484,318;3488,318;3492,318;3497,330;3501,322;3505,336;3510,320;3514,334;3518,320;3523,334;3527,324;3531,308;3536,336;3540,320;3544,334;3549,318;3553,326;3558,324;3562,324;3566,322;3571,336;3575,340;3579,326;3584,324;3588,310;3592,322;3597,322;3601,342;3605,326;3610,340;3614,324;3618,338;3623,322;3627,328;3632,326;3636,312;3640,324;3645,324;3649,330;3653,314;3658,342;3662,326;3666,340;3671,324;3675,316;3679,316;3684,328;3688,328;3693,326;3697,326;3701,318;3706,330;3710,330;3714,328;3719,314;3723,318;3727,318;3732,316;3736,330;3740,314;3745,326;3749,320;3753,332;3758,332;3762,332;3767,316;3771,308;3775,320;3780,320;3784,332;3788,318;3793,330;3797,322;3801,336;3806,320;3810,334;3814,318;3819,332;3823,322;3827,308;3832,322;3836,320;3841,332;3845,310;3849,336;3854,322;3858,334;3862,320;3867,332;3871,324;3875,308;3880,322;3884,322;3888,334;3893,318;3897,324;3901,322;3906,322;3910,322;3915,320;3919,326;3923,310;3928,324;3932,322;3936,336;3941,320;3945,326;3949,326;3954,324;3958,320;3962,336;3967,336;3971,314;3975,326;3980,310;3984,322;3989,310;3993,336;3997,328;4002,342;4006,326;4010,340;4015,324;4019,316;4023,330;4028,328;4032,326;4036,312;4041,324;4045,316;4049,330;4054,328;4058,342;4063,326;4067,316;4071,316;4076,314;4080,328;4084,326;4089,326;4093,318;4097,330;4102,314;4106,328;4110,326;4115,340;4119,330;4124,316;4128,328;4132,312;4137,326;4141,332;4145,332;4150,316;4154,330;4158,328;4163,328;4167,332;4171,316;4176,330;4180,302;4184,314;4189,312;4193,334;4198,318;4202,330;4206,314;4211,328;4215,320;4219,318;4224,332;4228,316;4232,316;4237,314;4241,334;4245,318;4250,332;4254,316;4258,330;4263,314;4267,320;4272,330;4276,316;4280,316;4285,314;4289,320;4293,318;4298,330;4302,314;4306,328;4311,328;4315,320;4319,332;4324,316;4328,330;4333,300;4337,312;4341,318;4346,332;4350,330;4354,342;4359,326;4363,304;4367,330;4372,330;4376,342;4380,314;4385,340;4389,316;4393,330;4398,328;4402,342;4407,312;4411,318;4415,330;4420,330;4424,328;4428,326;4433,326;4437,316;4441,330;4446,328;4450,342;4454,312;4459,340;4463,330;4467,330;4472,328;4476,328;4481,326;4485,318;4489,330;4494,330;4498,344;4502,328;4507,326;4511,318;4515,332;4520,330;4524,316;4528,328;4533,314;4537,334;4541,332;4546,332;4550,316;4555,330;4559,328;4563,320;4568,334;4572,306;4576,318;4581,318;4585,338;4589,322;4594,336;4598,320;4602,334;4607,318;4611,324;4615,336;4620,322;4624,320;4629,320;4633,318;4637,324;4642,338;4646,310;4650,322;4655,320;4659,326;4663,326;4668,324;4672,322;4676,308;4681,320;4685,326;4689,326;4694,310;4698,324;4703,322;4707,322;4711,328;4716,314;4720,324;4724,310;4729,320;4733,328;4737,342;4742,326;4746,324;4750,324;4755,324;4759,328;4764,328;4768,340;4772,326;4777,324;4781,316;4785,330;4790,328;4794,330;4798,314;4803,342;4807,332;4811,318;4816,330;4820,314;4824,328;4829,312;4833,332;4838,318;4842,344;4846,330;4851,342;4855,320;4859,304;4864,318;4868,316;4872,330;4877,328;4881,334;4885,318;4890,332;4894,318;4898,330;4903,330;4907,320;4912,334;4916,318;4920,332;4925,330;4929,336;4933,320;4938,334;4942,318;4946,332;4951,330;4955,322;4959,322;4964,306;4968,320;4972,318;4977,332;4981,324;4986,336;4990,322;4994,334;4999,320;5003,312;5007,324;5012,324;5016,324;5020,322;5025,320;5029,312;5033,324;5038,322;5042,336;5046,322;5051,312;5055,326;5060,310;5064,324;5068,322;5073,334;5077,312;5081,324;5086,324;5090,336;5094,320;5099,334;5103,324;5107,308;5112,322;5116,320;5120,334;5125,318;5129,324;5134,322;5138,336;5142,322;5147,334;5151,340;5155,324;5160,324;5164,308;5168,322;5173,306;5177,340;5181,324;5186,338;5190,322;5194,336;5199,320;5203,326;5208,338;5212,324;5216,322;5221,308;5225,328;5229,326;5234,338;5238,322;5242,336;5247,320;5251,312;5255,324;5260,324;5264,322;5268,322;5273,320;5277,324;5282,326;5286,324;5290,336;5295,322;5299,314;5303,326;5308,324;5312,324;5316,322;5321,322;5325,326;5329,328;5334,326;5338,324;5343,324;5347,314;5351,328;5356,326;5360,340;5364,324;5369,324;5373,316;5377,330;5382,328;5386,328;5390,326;5395,338;5399,316;5403,314;5408,328;5412,314;5417,326;5421,318;5425,330;5430,316;5434,328;5438,314;5443,326;5447,332;5451,318;5456,330;5460,314;5464,326;5469,326;5473,332;5478,316;5482,330;5486,328;5491,328;5495,334;5499,318;5504,318;5508,316;5512,316;5517,314;5521,334;5525,318;5530,332;5534,316;5538,328;5543,328;5547,318;5552,332;5556,316;5560,328;5565,314;5569,342;5573,318;5578,332;5582,316;5586,330;5591,314;5595,320;5599,334;5604,304;5608,318;5612,316;5617,330;5621,320;5626,334;5630,320;5634,332;5639,330;5643,308;5647,322;5652,320;5656,334;5660,320;5665,332;5669,324;5673,322;5678,322;5682,334;5686,320;5691,334;5695,324;5700,324;5704,336;5708,322;5713,320;5717,326;5721,326;5726,324;5730,324;5734,310;5739,324;5743,314;5747,314;5752,328;5756,314;5760,312;5765,304;5769,318;5774,318;5778,318;5782,302;5787,316;5791,308;5795,306;5800,320;5804,306;5808,318;5813,304;5817,324;5821,308;5826,322;5830,306;5834,320;5839,306;5843,312;5848,310;5852,310;5856,310;5861,308;5865,316;5869,314;5874,312;5878,312;5882,312;5887,310;5891,316;5895,316;5900,314;5904,314;5908,298;5913,312;5917,318;5922,316;5926,302;5930,316;5935,314;5939,320;5943,320;5948,304;5952,318;5956,302;5961,316;5965,322;5969,322;5974,306;5978,320;5983,318;5987,310;5991,324;5996,308;6000,320;6004,306;6009,320;6013,312;6017,326;6022,310;6026,324;6030,322;6035,336;6039,312;6043,312;6048,312;6052,296;6057,310;6061,314;6065,314;6070,298;6074,312;6078,298;6083,296;6087,288;6091,288;6096,300;6100,286;6104,298;6109,276;6113,276;6117,288;6122,288;6126,288;6131,258;6135,292;6139,278;6144,290;6148,290;6152,302;6157,288;6161,280;6165,292;6170,306;6174,290;6178,290;6183,296;6187,282;6192,294;6196,280;6200,292;6205,278;6209,284;6213,282;6218,252;6222,280;6226,294;6231,292;6235,284;6239,284;6244,268;6248,282;6252,282;6257,286;6261,286;6266,300;6270,284;6274,284;6279,282;6283,288;6287,288;6292,272;6296,286;6300,270;6305,270;6309,290;6313,288;6318,288;6322,286;6326,286;6331,278;6335,276;6340,262;6344,274;6348,274;6353,286;6357,292;6361,292;6366,290;6370,290;6374,288;6379,302;6383,280;6387,264;6392,278;6396,276;6400,274;6405,282;6409,294;6414,280;6418,292;6422,278;6427,276;6431,296;6435,282;6440,282;6444,280;6448,278;6453,278;6457,284;6461,282;6466,282;6470,282;6474,280;6479,272;6483,270;6488,270;6492,270;6496,268;6501,252;6505,288;6509,286;6514,284;6518,284;6522,268;6527,268;6531,274;6535,286;6540,272;6544,270;6548,268;6553,274;6557,288;6562,288;6566,286;6570,284;6575,284;6579,276;6583,288;6588,288;6592,286;6596,286;\r\nBuffer sent in 0.973 secondsreturn;buffer;965\r\n'), 10:56:19
bytearray(b'received from UR: measure -> measure (0,1)\r\nSTEPPER: Moving to mstep: 6600 with speed [msteps/sec]: 1000 in StealthChop.\r\n'), 10:56:20
bytearray(b'STEPPER: Moving to mstep: 2400 with speed [msteps/sec]: 4000 in SpreadCycle.\r\n'), 10:56:24
bytearray(b'STEPPER: Moved 4200.00 msteps (ramp: 35%) in 1324.892 ms -> average speed [msteps/sec]: 3170.07\r\nreturn;measure;964\r\n'), 10:56:25
bytearray(b'received from UR: buffer -> buffer (0,1)\r\nSending buffer of size 964data;2400,300;2404,450;2408,160;2413,274;2417,316;2421,322;2426,336;2430,320;2434,334;2439,318;2443,324;2447,322;2452,320;2456,322;2460,320;2465,330;2469,324;2474,322;2478,322;2482,336;2487,320;2491,326;2495,326;2500,310;2504,324;2508,322;2513,336;2517,326;2521,326;2526,324;2530,326;2534,324;2539,336;2543,328;2548,312;2552,326;2556,310;2561,338;2565,316;2569,328;2574,314;2578,328;2582,326;2587,340;2591,330;2595,314;2600,328;2604,314;2608,342;2613,326;2617,332;2622,316;2626,330;2630,316;2635,342;2639,320;2643,318;2648,332;2652,316;2656,330;2661,328;2665,320;2669,320;2674,332;2678,318;2682,330;2687,316;2691,320;2696,334;2700,318;2704,332;2709,332;2713,324;2717,322;2722,336;2726,320;2730,334;2735,332;2739,310;2743,324;2748,322;2752,336;2756,320;2761,334;2765,324;2770,338;2774,322;2778,338;2783,322;2787,314;2791,326;2796,312;2800,338;2804,324;2809,322;2813,314;2817,342;2822,326;2826,340;2830,310;2835,324;2839,328;2844,314;2848,326;2852,326;2857,324;2861,316;2865,330;2870,328;2874,340;2878,324;2883,324;2887,330;2891,316;2896,342;2900,328;2904,326;2909,324;2913,330;2918,328;2922,328;2926,314;2931,326;2935,332;2939,316;2944,328;2948,312;2952,326;2957,310;2961,332;2965,316;2970,330;2974,328;2979,328;2983,326;2987,316;2992,316;2996,314;3000,328;3005,314;3009,332;3013,316;3018,330;3022,328;3026,328;3031,314;3035,318;3039,318;3044,316;3048,328;3053,314;3057,326;3061,318;3066,330;3070,316;3074,328;3079,314;3083,318;3087,332;3092,316;3096,330;3100,314;3105,314;3109,318;3113,332;3118,316;3122,330;3127,314;3131,306;3135,332;3140,318;3144,332;3148,330;3153,328;3157,320;3161,334;3166,332;3170,332;3174,330;3179,330;3183,334;3187,320;3192,334;3196,318;3201,330;3205,322;3209,336;3214,320;3218,334;3222,318;3227,332;3231,322;3235,322;3240,334;3244,334;3248,318;3253,316;3257,338;3261,322;3266,336;3270,320;3275,320;3279,324;3283,324;3288,322;3292,322;3296,320;3301,320;3305,326;3309,324;3314,324;3318,322;3322,322;3327,322;3331,312;3335,326;3340,312;3344,324;3349,308;3353,336;3357,328;3362,340;3366,326;3370,338;3375,324;3379,316;3383,342;3388,328;3392,326;3396,312;3401,326;3405,332;3409,332;3414,328;3418,328;3423,314;3427,318;3431,332;3436,330;3440,316;3444,314;3449,328;3453,318;3457,332;3462,318;3466,330;3470,314;3475,328;3479,334;3484,332;3488,318;3492,316;3497,330;3501,320;3505,320;3510,318;3514,318;3518,316;3523,330;3527,324;3531,306;3536,320;3540,306;3544,332;3549,318;3553,338;3558,322;3562,322;3566,320;3571,334;3575,324;3579,310;3584,322;3588,306;3592,334;3597,320;3601,338;3605,324;3610,320;3618,334;3623,318;3627,324;3631,336;3636,334;3640,320;3645,318;3649,332;3653,322;3658,336;3662,320;3666,320;3671,320;3675,324;3679,338;3684,336;3688,320;3692,320;3697,332;3701,324;3706,324;3710,322;3714,320;3719,318;3723,312;3727,338;3732,322;3736,320;3740,320;3745,332;3749,324;3753,336;3758,322;3762,334;3766,318;3771,332;3775,324;3780,308;3784,334;3788,306;3793,318;3797,324;3801,338;3806,322;3810,334;3814,320;3819,332;3823,324;3827,322;3832,336;3836,320;3840,320;3845,318;3849,338;3854,322;3858,336;3862,322;3867,334;3871,326;3875,312;3880,326;3884,324;3888,324;3893,310;3897,328;3901,314;3906,326;3910,324;3914,324;3919,322;3923,314;3928,328;3932,312;3936,326;3941,310;3945,330;3949,314;3954,328;3958,326;3962,338;3967,324;3971,302;3975,328;3980,314;3984,326;3988,326;3993,338;3997,316;4002,330;4006,314;4010,342;4015,326;4019,332;4023,330;4028,314;4032,328;4036,312;4041,340;4045,316;4049,330;4054,314;4058,342;4062,326;4067,338;4071,318;4076,316;4080,328;4084,326;4089,340;4093,316;4097,330;4102,314;4106,328;4110,326;4115,326;4119,330;4123,314;4128,328;4132,314;4136,340;4141,316;4145,330;4150,314;4154,326;4158,326;4163,324;4167,330;4171,314;4176,328;4180,312;4184,338;4189,308;4193,328;4197,312;4202,340;4206,324;4211,338;4215,322;4219,312;4224,326;4228,324;4232,338;4237,322;4241,328;4245,312;4250,338;4254,324;4258,338;4263,322;4267,314;4271,326;4276,312;4280,338;4285,322;4289,314;4293,314;4298,326;4302,324;4306,324;4311,322;4315,314;4319,326;4324,312;4328,324;4332,310;4337,322;4341,314;4345,326;4350,326;4354,326;4359,324;4363,316;4367,328;4372,314;4376,340;4380,312;4385,326;4389,318;4393,330;4398,314;4402,342;4406,312;4411,326;4415,330;4420,316;4424,342;4428,328;4433,326;4437,318;4441,332;4446,316;4450,342;4454,312;4459,326;4463,330;4467,316;4472,328;4476,314;4480,324;4485,324;4489,330;4494,314;4498,326;4502,324;4507,324;4511,328;4515,314;4520,326;4524,312;4528,336;4533,324;4537,328;4541,326;4546,326;4550,324;4554,338;4559,322;4563,314;4568,326;4572,310;4576,338;4581,322;4585,326;4589,326;4594,338;4598,322;4602,336;4607,320;4611,310;4615,324;4620,322;4624,322;4628,320;4633,332;4637,322;4642,336;4646,322;4650,334;4655,318;4659,308;4663,322;4668,320;4672,334;4676,318;4681,318;4685,322;4689,336;4694,322;4698,334;4702,320;4707,332;4711,324;4716,320;4720,334;4724,320;4729,318;4733,324;4737,336;4742,322;4746,334;4750,320;4755,332;4759,324;4763,322;4768,334;4772,320;4776,318;4781,310;4785,338;4790,322;4794,336;4798,320;4803,332;4807,324;4811,310;4816,324;4820,308;4824,320;4829,306;4833,340;4837,324;4842,338;4846,322;4851,336;4855,320;4859,326;4864,324;4868,324;4872,324;4877,308;4881,328;4885,326;4890,340;4894,324;4898,324;4903,336;4907,314;4911,312;4916,312;4920,326;4925,310;4929,336;4933,314;4938,328;4942,326;4946,326;4951,324;4955,314;4959,328;4964,300;4968,326;4972,310;4977,324;4981,328;4985,342;4990,326;4994,338;4999,324;5003,314;5007,328;5012,312;5016,312;5020,310;5025,324;5029,316;5033,342;5038,326;5042,340;5046,324;5051,338;5055,316;5059,328;5064,328;5068,312;5073,326;5077,318;5081,330;5086,316;5090,328;5094,328;5099,328;5103,316;5107,304;5112,318;5116,316;5120,330;5125,314;5129,334;5133,320;5138,334;5142,318;5147,332;5151,324;5155,322;5160,338;5164,306;5168,334;5173,320;5177,338;5181,310;5186,338;5190,322;5194,336;5199,322;5203,312;5207,326;5212,312;5216,338;5221,324;5225,322;5229,314;5234,342;5238,326;5242,340;5247,310;5251,316;5255,328;5260,314;5264,340;5268,326;5273,326;5277,316;5281,330;5286,328;5290,328;5295,314;5299,318;5303,332;5308,316;5312,330;5316,314;5321,326;5325,318;5329,330;5334,316;5338,330;5342,328;5347,328;5351,320;5356,318;5360,330;5364,330;5369,328;5373,320;5377,334;5382,318;5386,332;5390,330;5395,330;5399,334;5403,320;5408,332;5412,332;5416,318;5421,316;5425,334;5430,318;5434,332;5438,318;5443,330;5447,322;5451,320;5456,334;5460,332;5464,318;5469,316;5473,336;5477,320;5482,334;5486,318;5491,332;5495,318;5499,310;5504,322;5508,320;5512,320;5517,304;5521,324;5525,322;5530,322;5534,320;5538,318;5543,318;5547,310;5551,336;5556,308;5560,320;5565,318;5569,332;5573,322;5578,336;5582,320;5586,334;5591,318;5595,310;5599,336;5604,308;5608,322;5612,306;5617,318;5621,324;5625,338;5630,322;5634,348;5639,320;5643,310;5647,324;5652,308;5656,322;5660,320;5665,332;5669,324;5673,338;5678,322;5682,336;5686,320;5691,334;5695,324;5699,310;5704,322;5708,322;5713,320;5717,320;5721,326;5726,310;5730,324;5734,322;5739,322;5743,312;5747,312;5752,326;5756,310;5760,322;5765,308;5769,328;5773,312;5778,326;5782,310;5787,324;5791,316;5795,300;5800,328;5804,312;5808,326;5813,310;5817,330;5821,314;5826,328;5830,312;5834,326;5839,310;5843,302;5847,314;5852,314;5856,312;5861,312;5865,318;5869,316;5874,316;5878,314;5882,314;5887,312;5891,304;5895,304;5900,302;5904,314;5908,300;5913,312;5917,318;5921,318;5926,316;5930,316;5935,300;5939,306;5943,318;5948,304;5952,316;5956,302;5961,314;5965,306;5969,320;5974,304;5978,316;5982,302;5987,314;5991,320;5995,306;6000,332;6004,318;6009,316;6013,308;6017,322;6022,306;6026,320;6030,302;6035,318;6039,322;6043,308;6048,320;6052,306;6056,318;6061,316;6065,308;6070,306;6074,306;6078,304;6083,304;6087,294;6091,280;6096,278;6100,276;6104,276;6109,262;6113,296;6117,294;6122,294;6126,292;6130,278;6135,282;6139,268;6144,282;6148,280;6152,280;6157,280;6161,256;6165,284;6170,298;6174,296;6178,294;6183,294;6187,272;6191,272;6196,270;6200,282;6204,268;6209,302;6213,286;6218,286;6222,286;6226,298;6231,296;6235,274;6239,274;6244,272;6248,272;6252,270;6257,284;6261,290;6265,288;6270,274;6274,272;6278,286;6283,264;6287,276;6292,274;6296,274;6300,274;6305,286;6309,292;6313,290;6318,290;6322,290;6326,288;6331,266;6335,278;6339,264;6344,276;6348,262;6352,288;6357,294;6361,292;6366,292;6370,290;6374,290;6379,302;6383,280;6387,292;6392,278;6396,290;6400,288;6405,274;6409,294;6413,292;6418,278;6422,278;6427,290;6431,280;6435,292;6440,292;6444,292;6448,290;6453,288;6457,266;6461,280;6466,292;6470,290;6474,290;6479,266;6483,280;6487,278;6492,292;6496,290;6501,290;6505,282;6509,280;6514,280;6518,278;6522,276;6527,276;6531,266;6535,280;6540,264;6544,278;6548,262;6553,282;6557,280;6561,280;6566,278;6570,278;6575,276;6579,268;6583,280;6588,266;6592,278;6596,276;\r\nBuffer sent in 0.972 secondsreturn;buffer;964\r\n'), 10:56:27
bytearray(b'received from UR: measure -> measure (0,1)\r\nSTEPPER: Moving to mstep: 6600 with speed [msteps/sec]: 1000 in StealthChop.\r\n'), 10:56:28
bytearray(b'STEPPER: Moving to mstep: 2400 with speed [msteps/sec]: 4000 in SpreadCycle.\r\n'), 10:56:33
bytearray(b'STEPPER: Moved 4200.00 msteps (ramp: 35%) in 1324.888 ms -> average speed [msteps/sec]: 3170.08\r\nreturn;measure;964\r\n'), 10:56:34
bytearray(b'received from UR: buffer -> buffer (0,1)\r\nSending buffer of size 964data;2400,306;2404,466;2408,134;2413,276;2417,318;2421,322;2426,336;2430,322;2434,334;2439,320;2443,312;2447,324;2452,324;2456,322;2460,320;2465,320;2469,326;2474,326;2478,324;2482,338;2487,322;2491,314;2495,326;2500,326;2504,324;2508,324;2513,322;2517,328;2521,328;2526,326;2530,326;2534,324;2539,338;2543,330;2548,314;2552,328;2556,312;2561,326;2565,332;2569,344;2574,330;2578,328;2582,328;2587,342;2591,332;2595,316;2600,330;2604,316;2608,328;2613,312;2617,334;2622,318;2626,330;2630,316;2635,330;2639,336;2643,320;2648,320;2652,318;2656,330;2661,316;2665,336;2669,320;2674,334;2678,318;2682,332;2687,316;2691,322;2696,322;2700,306;2704,320;2709,320;2713,338;2717,324;2722,336;2726,322;2730,336;2735,320;2739,326;2743,338;2748,310;2752,324;2757,322;2761,336;2765,326;2770,340;2774,324;2778,338;2783,322;2787,314;2791,342;2796,312;2800,324;2804,310;2809,324;2813,328;2817,342;2822,328;2826,340;2831,324;2835,318;2839,330;2844,316;2848,328;2852,314;2857,326;2861,332;2865,332;2870,330;2874,344;2878,328;2883,328;2887,320;2891,318;2896,330;2900,316;2905,328;2909,328;2913,334;2918,318;2922,330;2926,330;2931,344;2935,320;2939,320;2944,334;2948,318;2952,332;2957,304;2961,336;2965,322;2970,334;2974,320;2979,332;2983,324;2987,322;2992,336;2996,308;3000,322;3005,320;3009,326;3013,324;3018,338;3022,324;3026,336;3031,322;3035,312;3039,312;3044,326;3048,324;3053,324;3057,330;3061,314;3066,328;3070,326;3074,326;3079,324;3083,316;3087,330;3092,314;3096,314;3100,314;3105,326;3109,318;3114,332;3118,316;3122,330;3127,328;3131,306;3135,320;3140,318;3144,330;3148,318;3153,332;3157,322;3161,336;3166,322;3170,334;3174,318;3179,332;3183,338;3188,310;3192,322;3196,322;3201,334;3205,326;3209,340;3214,324;3218,338;3222,324;3227,336;3231,328;3235,328;3240,328;3244,312;3248,326;3253,324;3257,330;3262,316;3266,328;3270,328;3275,328;3279,332;3283,332;3288,330;3292,316;3296,328;3301,328;3305,334;3309,320;3314,332;3318,332;3322,332;3327,316;3331,322;3336,336;3340,306;3344,320;3349,318;3353,338;3357,320;3362,336;3366,320;3370,334;3375,318;3379,324;3383,324;3388,322;3392,336;3396,320;3401,334;3405,324;3410,338;3414,322;3418,336;3423,320;3427,312;3431,326;3436,324;3440,324;3444,322;3449,322;3453,328;3457,326;3462,312;3466,326;3470,324;3475,338;3479,328;3484,314;3488,326;3492,324;3497,324;3501,316;3505,330;3510,314;3514,328;3518,326;3523,340;3527,318;3531,316;3536,330;3540,314;3545,328;3549,320;3553,332;3558,332;3562,346;3566,330;3571,330;3575,336;3579,320;3584,334;3588,318;3592,332;3597,318;3601,338;3605,322;3610,336;3614,320;3619,334;3623,326;3627,326;3632,324;3636,310;3640,324;3645,322;3649,344;3653,314;3658,342;3662,328;3666,340;3671,324;3675,332;3680,330;3684,316;3688,330;3693,328;3697,334;3701,320;3706,332;3710,318;3714,332;3719,332;3723,308;3727,322;3732,322;3736,334;3740,320;3745,334;3749,326;3754,324;3758,324;3762,324;3767,322;3771,314;3775,328;3780,326;3784,340;3788,312;3793,326;3797,318;3801,330;3806,316;3810,330;3814,328;3819,328;3823,332;3828,318;3832,332;3836,314;3841,316;3845,322;3849,336;3854,320;3858,334;3862,318;3867,332;3871,338;3875,310;3880,322;3884,322;3888,336;3893,322;3897,328;3902,326;3906,326;3910,326;3915,324;3919,318;3923,316;3928,328;3932,300;3936,314;3941,312;3945,334;3949,332;3954,332;3958,318;3962,330;3967,330;3971,322;3976,336;3980,306;3984,320;3989,320;3993,338;3997,324;4002,336;4006,322;4010,336;4015,320;4019,326;4023,326;4028,310;4032,310;4036,322;4041,322;4045,328;4050,342;4054,312;4058,340;4063,324;4067,316;4071,330;4076,328;4080,328;4084,312;4089,326;4093,330;4097,330;4102,316;4106,328;4110,326;4115,342;4119,332;4124,316;4128,314;4132,316;4137,328;4141,320;4145,334;4150,318;4154,332;4158,330;4163,332;4167,322;4171,320;4176,334;4180,318;4185,332;4189,316;4193,336;4198,322;4202,334;4206,320;4211,334;4215,326;4219,310;4224,324;4228,322;4232,336;4237,320;4241,340;4245,324;4250,338;4254,324;4259,338;4263,314;4267,314;4272,326;4276,326;4280,324;4285,310;4289,330;4293,326;4298,328;4302,312;4306,326;4311,326;4315,316;4319,328;4324,300;4328,314;4333,312;4337,326;4341,328;4346,330;4350,330;4354,328;4359,314;4363,320;4367,332;4372,304;4376,318;4380,316;4385,330;4389,322;4393,336;4398,320;4402,334;4407,318;4411,324;4415,322;4420,322;4424,334;4428,320;4433,318;4437,324;4441,338;4446,322;4450,336;4454,320;4459,334;4463,324;4467,324;4472,322;4476,320;4481,320;4485,326;4489,338;4494,324;4498,336;4502,322;4507,334;4511,326;4515,326;4520,324;4524,308;4528,322;4533,322;4537,326;4541,326;4546,326;4550,324;4555,336;4559,328;4563,314;4568,326;4572,326;4576,324;4581,324;4585,330;4589,314;4594,328;4598,326;4602,338;4607,324;4611,314;4616,328;4620,312;4624,326;4629,324;4633,324;4637,328;4642,342;4646,312;4650,338;4655,324;4659,316;4663,328;4668,314;4672,326;4676,312;4681,324;4685,318;4690,330;4694,316;4698,328;4703,326;4707,318;4711,318;4716,316;4720,330;4724,314;4729,328;4733,318;4737,332;4742,330;4746,330;4750,328;4755,328;4759,318;4764,318;4768,332;4772,316;4777,328;4781,320;4785,334;4790,318;4794,330;4798,330;4803,330;4807,334;4811,320;4816,332;4820,316;4825,330;4829,330;4833,320;4842,334;4846,318;4851,332;4855,322;4859,322;4864,334;4868,320;4872,332;4877,332;4881,338;4885,322;4890,336;4894,320;4898,330;4903,332;4907,324;4912,336;4916,322;4920,322;4925,320;4929,326;4933,324;4938,324;4942,336;4946,336;4951,320;4955,312;4959,326;4964,326;4968,324;4973,310;4977,322;4981,328;4986,328;4990,314;4994,328;4999,326;5003,318;5007,330;5012,316;5016,314;5020,314;5025,326;5029,318;5033,332;5038,316;5042,330;5047,328;5051,328;5055,320;5060,318;5064,318;5068,316;5073,330;5077,322;5081,334;5086,320;5090,334;5094,318;5099,332;5103,324;5107,308;5112,318;5116,320;5121,320;5125,320;5129,326;5134,324;5138,324;5142,322;5147,324;5151,330;5155,312;5160,326;5164,326;5168,338;5173,310;5177,330;5181,328;5186,328;5190,312;5195,340;5199,324;5203,316;5208,330;5212,314;5216,328;5221,326;5225,332;5229,318;5234,332;5238,316;5242,330;5247,328;5251,320;5255,320;5260,318;5264,332;5269,318;5273,330;5277,322;5282,336;5286,320;5290,334;5295,318;5299,324;5303,338;5308,322;5312,322;5316,320;5321,334;5325,324;5329,324;5334,324;5338,336;5343,322;5347,314;5351,326;5356,324;5360,324;5364,310;5369,322;5373,328;5377,328;5382,312;5386,338;5390,324;5395,338;5399,328;5404,314;5408,340;5412,312;5417,324;5421,316;5425,330;5430,314;5434,328;5438,326;5443,328;5447,318;5451,318;5456,330;5460,316;5464,330;5469,328;5473,334;5478,318;5482,332;5486,316;5491,330;5495,320;5499,320;5504,318;5508,318;5512,330;5517,302;5521,336;5525,320;5530,334;5534,318;5538,332;5543,318;5547,308;5552,322;5556,322;5560,334;5565,320;5569,326;5573,324;5578,338;5582,322;5586,336;5591,320;5595,312;5599,326;5604,324;5608,336;5612,308;5617,322;5621,326;5626,340;5630,324;5634,338;5639,322;5643,314;5647,326;5652,326;5656,324;5660,322;5665,322;5669,326;5673,328;5678,326;5682,326;5686,324;5691,338;5695,328;5700,314;5704,326;5708,312;5713,324;5717,330;5721,330;5726,328;5730,326;5734,312;5739,324;5743,330;5747,316;5752,328;5756,312;5760,312;5765,316;5769,328;5774,314;5778,314;5782,312;5787,326;5791,318;5795,316;5800,316;5804,300;5808,314;5813,298;5817,332;5821,316;5826,316;5830,316;5835,314;5839,306;5843,306;5848,304;5852,304;5856,316;5861,302;5865,320;5869,306;5874,320;5878,304;5882,314;5887,316;5891,294;5895,306;5900,306;5904,304;5909,304;5913,310;5917,308;5922,322;5926,320;5930,320;5935,304;5939,310;5943,324;5948,308;5952,308;5956,304;5961,320;5965,310;5969,324;5974,308;5978,322;5983,306;5987,312;5991,312;5996,296;6000,310;6004,308;6009,322;6013,312;6017,326;6022,310;6026,324;6030,308;6035,322;6039,314;6044,312;6048,312;6052,296;6057,310;6061,314;6065,314;6070,312;6074,298;6078,296;6083,266;6087,300;6091,300;6096,284;6100,298;6104,282;6109,288;6113,288;6118,286;6122,286;6126,298;6131,298;6135,274;6139,272;6144,286;6148,284;6152,284;6157,284;6161,290;6165,288;6170,302;6174,286;6178,300;6183,276;6187,276;6192,274;6196,272;6200,272;6205,272;6209,292;6213,290;6218,304;6222,288;6226,288;6231,278;6235,278;6239,276;6244,290;6248,288;6252,288;6257,294;6261,292;6266,292;6270,290;6274,290;6279,274;6283,280;6287,294;6292,280;6296,278;6300,276;6305,280;6309,280;6313,280;6318,292;6322,292;6326,290;6331,268;6335,280;6340,266;6344,278;6348,278;6353,256;6357,282;6361,296;6366,280;6370,294;6374,278;6379,284;6383,284;6387,282;6392,282;6396,280;6400,278;6405,284;6409,284;6414,282;6418,254;6422,280;6427,294;6431,286;6435,286;6440,270;6444,282;6448,266;6453,286;6457,272;6461,270;6466,284;6470,282;6475,282;6479,274;6483,286;6488,284;6492,284;6496,270;6501,282;6505,288;6509,274;6514,244;6518,284;6522,284;6527,290;6531,274;6535,288;6540,286;6544,272;6549,270;6553,290;6557,276;6562,274;6566,274;6570,286;6575,286;6579,278;6583,262;6588,276;6592,274;6596,274;\r\nBuffer sent in 0.972 secondsreturn;buffer;964\r\n'), 10:56:36
bytearray(b'received from UR: measure -> measure (0,1)\r\nSTEPPER: Moving to mstep: 6600 with speed [msteps/sec]: 1000 in StealthChop.\r\n'), 10:56:37
bytearray(b'STEPPER: Moving to mstep: 2400 with speed [msteps/sec]: 4000 in SpreadCycle.\r\n'), 10:56:41
bytearray(b'STEPPER: Moved 4200.00 msteps (ramp: 35%) in 1324.888 ms -> average speed [msteps/sec]: 3170.08\r\nreturn;measure;965\r\n'), 10:56:43
bytearray(b'received from UR: buffer -> buffer (0,1)\r\nSending buffer of size 965data;2400,306;2404,458;2408,170;2413,282;2417,332;2421,318;2426,330;2430,314;2434,342;2439,328;2443,318;2447,332;2452,318;2456,330;2460,314;2465,328;2469,320;2474,332;2478,318;2482,332;2487,330;2491,308;2495,322;2500,320;2504,334;2508,318;2513,332;2517,324;2521,338;2526,322;2530,336;2534,322;2539,334;2543,326;2548,312;2552,326;2556,310;2561,324;2565,330;2569,342;2574,328;2578,342;2582,326;2587,340;2591,330;2595,316;2600,328;2604,300;2608,328;2613,312;2617,332;2622,318;2626,344;2630,330;2635,342;2639,320;2643,318;2648,332;2652,304;2656,332;2661,316;2665,336;2669,322;2674,336;2678,322;2682,334;2687,320;2691,312;2696,324;2700,310;2704,324;2709,310;2713,342;2717,326;2722,340;2726,326;2730,338;2735,324;2739,316;2743,330;2748,314;2752,328;2757,312;2761,340;2765,318;2770,346;2774,330;2778,344;2783,316;2787,308;2791,334;2796,306;2800,332;2804,318;2809,332;2813,324;2817,338;2822,322;2826,336;2831,320;2835,312;2839,324;2844,324;2848,324;2852,308;2857,322;2861,328;2865,340;2870,326;2874,340;2878,324;2883,338;2887,330;2891,314;2896,328;2900,312;2905,326;2909,312;2913,332;2918,330;2922,344;2926,330;2931,330;2935,334;2939,320;2944,334;2948,304;2952,332;2957,318;2961,338;2965,322;2970,336;2974,322;2979,336;2983,326;2987,312;2992,326;2996,310;3000,324;3005,310;3009,332;3013,328;3018,342;3022,328;3026,340;3031,326;3035,318;3039,318;3044,316;3048,330;3053,314;3057,328;3061,320;3066,334;3070,318;3074,332;3079,318;3083,310;3087,322;3092,308;3096,322;3100,306;3105,320;3109,326;3113,340;3118,324;3122,338;3127,322;3131,314;3135,328;3140,312;3144,326;3148,310;3153,324;3157,330;3161,342;3166,328;3170,342;3174,326;3179,340;3183,332;3188,302;3192,330;3196,314;3201,328;3205,320;3209,348;3214,320;3218,346;3222,316;3227,346;3231,324;3235,308;3240,322;3244,322;3248,320;3253,306;3257,340;3262,324;3266,338;3270,322;3275,322;3279,330;3283,314;3288,328;3292,312;3296,326;3301,312;3305,332;3309,316;3314,330;3318,330;3322,330;3327,328;3331,318;3336,332;3340,304;3344,332;3349,316;3353,338;3357,322;3362,336;3366,322;3370,336;3375,320;3379,312;3383,326;3388,310;3392,324;3397,310;3401,324;3405,328;3410,342;3414,328;3418,342;3423,326;3427,318;3431,332;3436,316;3440,330;3444,316;3449,328;3453,322;3457,336;3462,320;3466,334;3471,318;3475,310;3479,324;3484,308;3488,324;3492,308;3497,322;3501,326;3505,342;3510,326;3514,340;3518,324;3523,338;3527,330;3531,300;3536,328;3540,312;3545,328;3549,318;3553,332;3558,330;3562,332;3566,330;3571,344;3575,334;3579,306;3584,334;3588,318;3592,332;3597,302;3601,338;3605,322;3610,334;3614,320;3619,348;3623,320;3627,310;3632,324;3636,310;3640,322;3645,308;3649,342;3653,326;3658,340;3662,324;3666,340;3671,324;3675,316;3679,328;3684,314;3688,328;3693,312;3697,324;3701,330;3706,332;3710,328;3714,342;3719,328;3723,306;3727,332;3732,318;3736,330;3740,302;3745,328;3749,334;3753,334;3758,320;3762,332;3767,330;3771,308;3775,322;3780,308;3784,334;3788,304;3793,332;3797,324;3801,338;3806,322;3810,336;3814,320;3819,334;3823,326;3828,310;3832,324;3836,310;3841,322;3845,326;3849,340;3854,324;3858,338;3862,324;3867,338;3871,328;3875,314;3880,326;3884,312;3888,324;3893,310;3897,330;3902,328;3906,330;3910,328;3915,328;3919,332;3923,304;3928,330;3932,302;3936,328;3941,314;3945,332;3949,318;3954,332;3958,330;3962,330;3967,328;3971,320;3976,334;3980,304;3984,332;3989,318;3993,338;3997,322;4002,336;4006,320;4010,334;4015,318;4019,310;4023,324;4028,308;4032,322;4036,320;4041,334;4045,326;4050,340;4054,324;4058,338;4063,322;4067,312;4071,328;4076,312;4080,326;4084,310;4089,324;4093,328;4097,342;4102,328;4106,342;4110,326;4115,340;4119,332;4124,316;4128,330;4132,314;4137,328;4141,320;4145,334;4150,332;4154,332;4158,318;4163,330;4167,322;4171,308;4176,322;4180,308;4184,334;4189,306;4193,340;4198,324;4202,338;4206,322;4211,338;4215,328;4219,312;4224,326;4228,312;4232,326;4237,310;4241,344;4245,330;4250,330;4254,316;4259,342;4263,328;4267,306;4272,320;4276,320;4280,320;4285,304;4289,338;4293,324;4298,336;4302,322;4306,336;4311,320;4315,312;4319,324;4324,310;4328,324;4333,310;4337,322;4341,328;4346,328;4350,326;4354,340;4359,326;4363,304;4367,330;4372,316;4376,330;4380,314;4385,326;4389,320;4393,332;4398,318;4402,332;4407,316;4411,322;4415,336;4420,306;4424,334;4428,320;4433,320;4437,326;4441,340;4446,322;4450,338;4454,324;4459,324;4463,328;4468,314;4472,328;4476,312;4481,326;4485,332;4489,332;4494,328;4498,342;4502,328;4507,328;4511,332;4515,318;4520,332;4524,302;4528,330;4533,316;4537,336;4542,320;4546,334;4550,332;4555,332;4559,324;4563,308;4568,322;4572,308;4576,334;4581,320;4585,340;4589,324;4594,338;4598,322;4602,338;4607,322;4611,312;4616,326;4620,310;4624,324;4629,310;4633,322;4637,328;4642,342;4646,326;4650,340;4655,324;4659,316;4663,328;4668,314;4672,328;4676,312;4681,326;4685,318;4690,332;4694,330;4698,330;4703,328;4707,320;4711,320;4716,304;4720,332;4724,316;4729,330;4733,322;4737,336;4742,320;4746,334;4750,318;4755,310;4759,324;4764,308;4768,324;4772,308;4777,334;4781,326;4785,340;4790,324;4794,338;4798,322;4803,336;4807,326;4811,312;4816,326;4820,312;4824,324;4829,310;4833,344;4838,328;4842,342;4846,326;4851,340;4855,330;4859,330;4864,328;4868,314;4872,326;4877,326;4881,332;4885,316;4890,330;4894,316;4899,328;4903,326;4907,332;4912,318;4916,316;4920,330;4925,314;4929,336;4933,320;4938,320;4942,318;4946,332;4951,330;4955,308;4959,322;4964,308;4968,334;4973,306;4977,332;4981,324;4986,338;4990,320;4994,336;4999,320;5003,312;5007,324;5012,310;5016,322;5020,306;5025,320;5029,326;5033,340;5038,324;5042,338;5047,322;5051,314;5055,328;5060,312;5064,326;5068,310;5073,324;5077,328;5081,328;5086,326;5090,340;5094,326;5099,324;5103,314;5108,316;5112,328;5116,314;5121,326;5125,318;5129,332;5134,330;5138,330;5142,328;5147,330;5151,334;5155,304;5160,332;5164,318;5168,330;5173,302;5177,336;5182,322;5186,334;5190,320;5195,346;5199,324;5203,306;5208,324;5212,308;5216,334;5221,306;5225,340;5229,326;5234,338;5238,324;5242,338;5247,322;5251,312;5256,326;5260,312;5264,324;5269,310;5273,324;5277,330;5282,330;5286,328;5290,342;5295,326;5299,318;5303,332;5308,318;5312,330;5316,316;5321,328;5325,322;5330,334;5334,320;5338,334;5343,332;5347,310;5351,324;5356,310;5360,322;5364,308;5369,322;5373,326;5377,340;5382,324;5386,338;5390,324;5395,302;5399,328;5404,314;5408,328;5412,312;5417,326;5421,332;5425,332;5430,316;5434,344;5438,328;5443,342;5447,320;5451,318;5456,318;5460,318;5464,330;5469,316;5473,336;5478,320;5482,334;5486,318;5491,332;5495,324;5499,308;5504,322;5508,306;5512,320;5517,306;5521,326;5525,324;5530,338;5534,322;5539,336;5543,320;5547,312;5552,326;5556,312;5560,326;5565,310;5569,332;5573,316;5578,344;5582,328;5586,342;5591,328;5595,320;5599,332;5604,304;5608,332;5613,316;5617,330;5621,322;5626,336;5630,322;5634,336;5639,320;5643,312;5647,326;5652,310;5656,324;5660,322;5665,324;5669,328;5673,342;5678,326;5682,340;5687,324;5691,316;5695,330;5700,314;5704,326;5708,314;5713,326;5717,318;5721,332;5726,316;5730,330;5734,314;5739,328;5743,318;5747,304;5752,316;5756,302;5761,314;5765,320;5769,334;5774,320;5778,332;5782,316;5787,330;5791,308;5795,294;5800,320;5804,306;5808,318;5813,304;5817,324;5821,322;5826,322;5830,320;5835,322;5839,312;5843,298;5848,310;5852,310;5856,308;5861,294;5865,328;5869,312;5874,312;5878,310;5882,324;5887,310;5891,300;5895,314;5900,300;5904,312;5909,298;5913,310;5917,316;5922,318;5926,314;5930,328;5935,314;5939,290;5943,318;5948,304;5952,316;5956,302;5961,314;5965,320;5970,320;5974,316;5978,332;5983,318;5987,294;5991,322;5996,308;6000,320;6004,292;6009,318;6013,310;6017,324;6022,310;6026,336;6030,320;6035,298;6039,312;6044,310;6048,310;6052,296;6057,308;6061,314;6065,328;6070,312;6074,312;6078,310;6083,274;6087,286;6091,272;6096,284;6100,270;6104,282;6109,290;6113,288;6118,288;6122,300;6126,300;6131,284;6135,290;6139,274;6144,274;6148,274;6152,286;6157,294;6161,292;6165,292;6170,292;6174,290;6179,290;6183,280;6187,266;6192,278;6196,264;6200,278;6205,276;6209,282;6213,296;6218,296;6222,294;6226,280;6231,286;6235,284;6239,284;6244,296;6248,296;6253,266;6257,288;6261,286;6266,298;6270,284;6274,282;6279,282;6283,274;6287,288;6292,258;6296,286;6300,270;6305,290;6309,288;6313,274;6318,286;6322,286;6327,286;6331,262;6335,276;6340,262;6344,288;6348,260;6353,274;6357,292;6361,290;6366,290;6370,290;6374,274;6379,280;6383,292;6387,278;6392,292;6396,290;6401,290;6405,280;6409,294;6414,278;6418,280;6422,278;6427,256;6431,284;6435,282;6440,282;6444,294;6448,280;6453,272;6457,286;6461,284;6466,284;6470,282;6475,252;6479,288;6483,286;6488,284;6492,270;6496,284;6501,282;6505,260;6509,286;6514,286;6518,286;6522,286;6527,276;6531,274;6535,274;6540,260;6544,272;6549,256;6553,292;6557,290;6562,290;6566,274;6570,246;6575,286;6579,278;6583,278;6588,276;6592,274;6596,274;\r\nBuffer sent in 0.973 secondsreturn;buffer;965\r\n'), 10:56:45
bytearray(b'received from UR: measure -> measure (0,1)\r\nSTEPPER: Moving to mstep: 6600 with speed [msteps/sec]: 1000 in StealthChop.\r\n'), 10:56:46
bytearray(b'STEPPER: Moving to mstep: 2400 with speed [msteps/sec]: 4000 in SpreadCycle.\r\n'), 10:56:50
bytearray(b'STEPPER: Moved 4200.00 msteps (ramp: 35%) in 1324.888 ms -> average speed [msteps/sec]: 3170.08\r\nreturn;measure;965\r\n'), 10:56:51
bytearray(b'received from UR: buffer -> buffer (0,1)\r\nSending buffer of size 965data;2400,300;2404,464;2408,144;2413,274;2417,316;2421,322;2426,336;2430,320;2434,334;2439,318;2443,324;2447,322;2452,320;2456,320;2460,320;2465,334;2469,324;2474,324;2478,322;2482,336;2487,334;2491,312;2495,310;2500,308;2504,322;2508,322;2513,334;2517,326;2521,340;2526,324;2530,338;2534,322;2539,336;2543,328;2548,312;2552,326;2556,312;2561,338;2565,316;2569,330;2574,316;2578,328;2582,328;2587,326;2591,318;2595,318;2600,332;2604,330;2608,330;2613,314;2617,332;2622,320;2626,332;2630,318;2635,330;2639,322;2643,320;2648,320;2652,320;2656,332;2661,318;2665,324;2669,320;2674,322;2678,320;2682,332;2687,318;2691,324;2696,322;2700,322;2704,320;2709,320;2713,326;2717,324;2722,338;2726,322;2730,336;2735,320;2739,312;2743,340;2748,324;2752,324;2757,308;2761,322;2765,314;2770,340;2774,312;2778,326;2783,324;2787,316;2791,342;2796,328;2800,326;2804,312;2809,322;2813,330;2817,344;2822,328;2826,342;2831,326;2835,340;2839,330;2844,316;2848,328;2852,328;2857,326;2861,318;2865,332;2870,330;2874,330;2878,328;2883,328;2887,320;2891,318;2896,318;2900,316;2905,330;2909,320;2913,334;2918,318;2922,332;2926,330;2931,330;2935,334;2939,320;2944,318;2948,316;2952,330;2957,330;2961,322;2965,320;2970,334;2974,318;2979,346;2983,324;2987,308;2992,322;2996,306;3000,334;3005,318;3009,324;3013,322;3018,336;3022,332;3026,334;3031,320;3035,310;3039,324;3044,324;3048,322;3053,322;3057,328;3061,312;3066,326;3070,324;3074,322;3079,322;3083,326;3087,326;3092,312;3096,324;3100,324;3105,322;3109,328;3113,328;3118,326;3122,326;3127,324;3131,316;3135,328;3140,314;3144,326;3148,312;3153,324;3157,330;3161,344;3166,328;3170,328;3174,326;3179,340;3183,332;3187,330;3192,330;3196,314;3201,326;3205,318;3209,346;3214,330;3218,344;3222,328;3227,342;3231,334;3235,332;3240,332;3244,316;3248,330;3253,328;3257,336;3262,320;3266,332;3270,318;3275,330;3279,322;3283,322;3288,320;3292,320;3296,318;3301,318;3305,338;3309,322;3314,336;3318,334;3322,334;3327,318;3331,324;3336,324;3340,322;3344,322;3349,320;3353,326;3357,326;3362,326;3366,324;3370,338;3375,322;3379,314;3383,328;3388,312;3392,326;3397,326;3401,324;3405,330;3410,344;3414,328;3418,330;3423,326;3427,318;3431,318;3436,318;3440,316;3444,316;3449,314;3453,320;3457,334;3462,318;3466,332;3471,316;3475,330;3479,322;3484,322;3488,320;3492,306;3497,332;3501,324;3505,324;3510,322;3514,324;3518,320;3523,334;3527,326;3531,312;3536,324;3540,310;3545,338;3549,322;3553,328;3558,328;3562,328;3566,326;3571,340;3575,332;3579,318;3584,330;3588,316;3592,330;3597,314;3601,334;3605,320;3610,346;3614,318;3619,332;3623,330;3627,308;3632,322;3636,320;3640,320;3645,320;3649,340;3653,324;3658,338;3662,322;3666,336;3671,320;3675,326;3679,324;3684,324;3688,322;3693,322;3697,320;3701,326;3706,340;3710,324;3714,324;3719,324;3723,328;3727,328;3732,312;3736,326;3740,310;3745,338;3749,316;3753,328;3758,326;3762,326;3767,326;3771,318;3775,330;3780,316;3784,330;3788,314;3793,314;3797,320;3801,332;3806,318;3810,332;3814,316;3819,330;3823,322;3827,320;3832,318;3836,304;3841,318;3845,324;3849,336;3854,322;3858,336;3862,320;3867,334;3871,324;3875,324;3880,322;3884,322;3888,322;3893,320;3897,326;3901,326;3906,326;3910,324;3915,324;3919,330;3923,316;3928,328;3932,312;3936,312;3941,310;3945,332;3949,316;3954,330;3958,328;3962,328;3967,326;3971,318;3976,332;3980,316;3984,330;3989,314;3993,334;3997,318;4002,332;4006,318;4010,330;4015,330;4019,308;4023,320;4028,306;4032,334;4036,332;4041,332;4045,322;4050,336;4054,322;4058,334;4063,320;4067,326;4071,324;4076,324;4080,322;4084,322;4089,336;4093,328;4097,326;4102,324;4106,326;4110,324;4115,336;4119,314;4124,314;4128,340;4132,326;4137,326;4141,316;4145,330;4150,330;4154,328;4158,328;4163,326;4167,332;4171,332;4176,330;4180,314;4184,328;4189,328;4193,334;4198,318;4202,332;4206,316;4211,332;4215,322;4219,320;4224,320;4228,318;4232,332;4237,316;4241,336;4245,322;4250,336;4254,320;4258,334;4263,318;4267,310;4272,322;4276,320;4280,320;4285,320;4289,326;4293,324;4298,324;4302,322;4306,336;4311,320;4315,312;4319,326;4324,310;4328,338;4332,324;4337,322;4341,328;4346,328;4350,326;4354,326;4359,324;4363,316;4367,330;4372,328;4376,328;4380,312;4385,326;4389,316;4393,344;4398,314;4402,328;4406,326;4411,304;4415,318;4420,318;4424,330;4428,316;4433,328;4437,320;4441,334;4446,318;4450,346;4454,330;4459,344;4463,322;4467,320;4472,320;4476,304;4481,318;4485,324;4489,338;4494,336;4498,334;4502,334;4507,334;4511,338;4515,324;4520,324;4524,322;4528,322;4533,320;4537,326;4542,324;4546,324;4550,324;4555,336;4559,314;4563,314;4568,340;4572,326;4576,324;4581,310;4585,330;4589,328;4594,342;4598,326;4602,340;4607,324;4611,330;4616,330;4620,314;4624,314;4629,312;4633,332;4637,316;4642,330;4646,316;4650,328;4655,326;4659,318;4663,330;4668,330;4672,330;4676,314;4681,314;4685,318;4690,332;4694,316;4698,330;4703,316;4707,320;4711,320;4716,318;4720,330;4724,316;4729,328;4733,322;4737,334;4742,318;4746,332;4750,316;4755,330;4759,334;4764,320;4768,332;4772,304;4777,318;4781,322;4785,336;4790,320;4794,334;4798,318;4803,332;4807,338;4811,322;4816,322;4820,320;4824,318;4829,304;4833,338;4838,322;4842,336;4846,320;4851,334;4855,324;4859,324;4864,322;4868,322;4872,320;4877,306;4881,326;4885,324;4890,338;4894,324;4898,336;4903,322;4907,312;4912,328;4916,324;4920,324;4925,322;4929,330;4933,328;4938,326;4942,326;4946,326;4951,324;4955,316;4959,330;4964,328;4968,312;4972,312;4977,340;4981,316;4986,330;4990,316;4994,330;4999,328;5003,320;5007,332;5012,304;5016,316;5020,316;5025,328;5029,320;5033,334;5038,318;5042,332;5046,316;5051,330;5055,334;5060,320;5064,320;5068,318;5073,316;5077,322;5081,336;5086,320;5090,320;5094,320;5099,332;5103,324;5107,310;5112,322;5116,306;5121,334;5125,326;5129,324;5134,324;5138,324;5142,322;5147,336;5151,328;5155,312;5160,326;5164,310;5168,338;5173,324;5177,330;5181,314;5186,328;5190,312;5195,340;5199,312;5203,316;5208,330;5212,316;5216,330;5221,328;5225,334;5229,320;5234,332;5238,318;5242,332;5247,332;5251,322;5255,322;5260,322;5264,320;5269,306;5273,326;5277,324;5282,338;5286,324;5290,338;5295,322;5299,314;5303,328;5308,328;5312,326;5316,326;5321,324;5325,330;5329,330;5334,330;5338,328;5343,328;5347,320;5351,332;5356,318;5360,316;5364,316;5369,330;5373,322;5377,334;5382,320;5386,334;5390,318;5395,332;5399,324;5403,322;5408,322;5412,308;5417,320;5421,326;5425,326;5430,324;5434,338;5438,322;5443,336;5447,312;5451,312;5456,326;5460,324;5464,324;5469,322;5473,328;5478,328;5482,326;5486,326;5491,326;5495,330;5499,330;5504,330;5508,314;5512,326;5517,312;5521,332;5525,316;5530,330;5534,316;5538,330;5543,314;5547,320;5552,334;5556,318;5560,332;5565,316;5569,316;5573,322;5578,336;5582,320;5586,334;5591,318;5595,310;5599,338;5604,322;5608,336;5612,320;5617,334;5621,326;5626,340;5630,324;5634,338;5639,322;5643,316;5647,328;5652,328;5656,328;5660,312;5665,326;5669,318;5673,330;5678,316;5682,330;5686,330;5691,330;5695,320;5700,318;5704,332;5708,332;5713,330;5717,324;5721,322;5726,322;5730,320;5734,320;5739,320;5743,324;5747,310;5752,308;5756,308;5761,322;5765,312;5769,312;5774,312;5778,326;5782,310;5787,324;5791,316;5795,314;5800,314;5804,312;5808,312;5813,298;5817,318;5821,302;5826,316;5830,314;5835,314;5839,320;5843,306;5848,318;5852,318;5856,316;5861,302;5865,322;5869,308;5874,306;5878,306;5882,320;5887,304;5891,312;5895,310;5900,310;5904,310;5909,308;5913,314;5917,314;5922,328;5926,312;5930,326;5935,310;5939,302;5943,316;5948,316;5952,316;5956,300;5961,314;5965,320;5969,318;5974,304;5978,318;5983,316;5987,308;5991,322;5996,306;6000,320;6004,304;6009,318;6013,310;6017,336;6022,322;6026,322;6030,320;6035,320;6039,312;6043,310;6048,310;6052,308;6057,308;6061,314;6065,312;6070,298;6074,296;6078,296;6083,294;6087,286;6091,286;6096,284;6100,270;6104,284;6109,288;6113,288;6117,274;6122,274;6126,286;6131,286;6135,290;6139,278;6144,290;6148,274;6152,286;6157,286;6161,292;6165,290;6170,304;6174,288;6178,302;6183,280;6187,278;6191,278;6196,262;6200,276;6205,276;6209,282;6213,294;6218,292;6222,292;6226,292;6231,276;6235,282;6239,280;6244,280;6248,278;6252,278;6257,284;6261,284;6266,296;6270,282;6274,282;6279,280;6283,286;6287,284;6292,284;6296,282;6300,268;6305,280;6309,286;6313,272;6318,284;6322,284;6326,284;6331,262;6335,288;6340,274;6344,286;6348,286;6353,286;6357,278;6361,290;6366,290;6370,302;6374,288;6379,286;6383,278;6387,278;6392,276;6396,276;6400,274;6405,280;6409,280;6414,278;6418,278;6422,290;6427,290;6431,268;6435,280;6440,266;6444,264;6448,278;6453,284;6457,284;6461,282;6466,268;6470,280;6475,280;6479,272;6483,284;6488,286;6492,284;6496,268;6501,268;6505,274;6509,272;6514,272;6518,284;6522,284;6527,276;6531,276;6535,274;6540,272;6544,272;6549,272;6553,290;6557,290;6562,274;6566,272;6570,272;6575,286;6579,276;6583,276;6588,274;6592,274;6596,272;\r\nBuffer sent in 0.973 secondsreturn;buffer;965\r\n'), 10:56:53
bytearray(b'received from UR: measure -> measure (0,1)\r\nSTEPPER: Moving to mstep: 6600 with speed [msteps/sec]: 1000 in StealthChop.\r\n'), 10:56:54
bytearray(b'STEPPER: Moving to mstep: 2400 with speed [msteps/sec]: 4000 in SpreadCycle.\r\n'), 10:56:59
bytearray(b'STEPPER: Moved 4200.00 msteps (ramp: 35%) in 1324.888 ms -> average speed [msteps/sec]: 3170.08\r\nreturn;measure;965\r\n'), 10:57:00
bytearray(b'received from UR: buffer -> buffer (0,1)\r\nSending buffer of size 965data;2400,294;2404,456;2408,168;2413,282;2417,310;2421,316;2426,344;2430,328;2434,342;2439,312;2443,318;2447,330;2452,316;2456,330;2460,328;2465,328;2469,318;2474,332;2478,330;2482,330;2487,316;2491,322;2495,334;2500,318;2504,332;2508,330;2513,330;2517,322;2521,334;2526,320;2530,332;2534,318;2539,332;2543,324;2547,310;2552,336;2556,320;2561,334;2565,312;2569,326;2574,324;2578,338;2582,322;2587,336;2591,328;2595,312;2600,326;2604,312;2608,338;2613,324;2617,330;2622,316;2626,330;2630,328;2635,342;2639,320;2643,318;2648,332;2652,316;2656,330;2661,330;2665,322;2669,320;2674,334;2678,318;2682,332;2687,316;2691,322;2696,322;2700,320;2704,334;2709,332;2713,324;2717,324;2722,338;2726,322;2730,336;2735,334;2739,312;2743,326;2748,312;2752,338;2756,310;2761,338;2765,316;2770,330;2774,314;2778,328;2783,326;2787,318;2791,346;2796,330;2800,330;2804,314;2809,328;2813,320;2817,334;2822,318;2826,330;2831,314;2835,322;2839,334;2844,334;2848,318;2852,318;2857,332;2861,324;2865,336;2870,322;2874,322;2878,320;2883,334;2887,340;2891,324;2896,324;2900,322;2905,336;2909,320;2913,342;2918,326;2922,326;2926,324;2931,338;2935,330;2939,328;2944,328;2948,312;2952,326;2957,312;2961,330;2965,316;2970,328;2974,314;2979,340;2983,326;2987,332;2992,330;2996,316;3000,328;3005,314;3009,334;3013,318;3018,332;3022,316;3026,330;3031,316;3035,334;3039,320;3044,318;3048,332;3053,318;3057,330;3061,320;3066,320;3070,318;3074,332;3079,316;3083,324;3087,320;3092,320;3096,320;3100,318;3105,318;3109,324;3113,336;3118,322;3122,334;3127,320;3131,324;3135,324;3140,310;3144,336;3148,320;3153,334;3157,326;3161,326;3166,324;3170,338;3174,322;3179,336;3183,326;3187,312;3192,326;3196,310;3201,338;3205,314;3209,328;3214,314;3218,340;3222,324;3227,338;3231,330;3235,314;3240,328;3244,314;3248,340;3253,326;3257,328;3262,316;3266,330;3270,328;3275,340;3279,332;3283,316;3288,330;3292,314;3296,328;3301,326;3305,332;3309,316;3314,328;3318,328;3322,340;3327,326;3331,316;3336,330;3340,314;3344,328;3349,312;3353,332;3357,318;3362,330;3366,328;3370,328;3375,314;3379,318;3383,332;3388,330;3392,328;3396,314;3401,328;3405,318;3410,332;3414,330;3418,330;3423,314;3427,320;3431,318;3436,318;3440,330;3444,316;3449,314;3453,320;3457,332;3462,318;3466,330;3470,314;3475,328;3479,334;3484,318;3488,332;3492,330;3497,316;3501,320;3505,334;3510,318;3514,332;3518,316;3523,316;3527,336;3531,320;3536,334;3540,318;3544,318;3549,314;3553,336;3558,322;3562,334;3566,318;3571,332;3575,324;3579,310;3584,336;3588,320;3592,334;3597,320;3601,340;3605,324;3610,338;3614,322;3618,336;3623,322;3627,314;3632,326;3636,326;3640,338;3645,326;3649,330;3653,316;3658,342;3662,328;3666,328;3671,326;3675,318;3679,332;3684,316;3688,330;3692,314;3697,328;3701,320;3706,332;3710,316;3714,330;3719,316;3723,320;3727,334;3732,320;3736,334;3740,318;3745,318;3749,324;3753,336;3758,322;3762,334;3767,318;3771,312;3775,338;3780,322;3784,336;3788,320;3793,320;3797,324;3801,338;3806,324;3810,336;3814,320;3819,334;3823,326;3827,310;3832,322;3836,322;3841,322;3845,320;3849,340;3854,324;3858,338;3862,322;3867,322;3871,328;3875,312;3880,326;3884,324;3888,338;3893,324;3897,316;3901,314;3906,328;3910,326;3915,326;3919,318;3923,304;3928,330;3932,316;3936,328;3941,314;3945,334;3949,318;3954,332;3958,316;3962,330;3967,316;3971,322;3976,334;3980,320;3984,334;3989,318;3993,338;3997,322;4002,336;4006,322;4010,336;4015,320;4019,310;4023,324;4028,322;4032,322;4036,322;4041,334;4045,312;4050,340;4054,324;4058,338;4063,322;4067,328;4071,328;4076,326;4080,324;4084,324;4089,338;4093,314;4097,328;4102,326;4106,326;4110,324;4115,338;4119,330;4124,316;4128,328;4132,314;4137,326;4141,320;4145,332;4150,316;4154,330;4158,330;4163,342;4167,320;4171,306;4176,332;4180,316;4184,344;4189,328;4193,320;4198,318;4202,332;4206,316;4211,330;4215,322;4219,320;4224,332;4228,318;4232,330;4237,316;4241,336;4245,320;4250,334;4254,318;4258,332;4263,316;4267,308;4272,322;4276,320;4280,334;4285,332;4289,324;4293,322;4298,322;4302,320;4306,334;4311,320;4315,310;4319,324;4324,310;4328,336;4332,306;4337,320;4341,326;4346,326;4350,324;4354,324;4359,322;4363,314;4367,326;4372,312;4376,338;4380,310;4385,324;4389,314;4393,342;4398,326;4402,340;4407,326;4411,316;4415,330;4420,316;4424,342;4428,328;4433,326;4437,318;4441,332;4446,316;4450,332;4454,316;4459,328;4463,334;4467,320;4472,332;4476,318;4481,330;4485,316;4489,336;4494,320;4498,334;4502,318;4507,330;4511,322;4515,322;4520,334;4524,320;4528,318;4533,316;4537,338;4541,322;4546,334;4550,334;4555,332;4559,324;4563,310;4568,336;4572,322;4576,320;4581,318;4585,338;4589,324;4594,336;4598,322;4602,320;4607,320;4611,310;4615,340;4620,324;4624,322;4629,320;4633,328;4637,326;4642,326;4646,310;4650,322;4655,322;4659,314;4663,326;4668,312;4672,324;4676,308;4681,322;4685,328;4689,326;4694,326;4698,324;4703,324;4707,314;4711,328;4716,312;4720,326;4724,310;4729,324;4733,328;4737,328;4742,328;4746,326;4750,324;4755,324;4759,330;4763,316;4768,314;4772,312;4777,326;4781,318;4785,344;4790,328;4794,342;4798,324;4803,340;4807,332;4811,316;4816,330;4820,330;4824,328;4829,312;4833,334;4838,318;4842,332;4846,316;4851,328;4855,334;4859,320;4864,332;4868,330;4872,330;4877,314;4881,334;4885,318;4890,332;4894,318;4898,330;4903,316;4907,320;4912,334;4916,332;4920,318;4925,316;4929,330;4933,322;4938,334;4942,332;4946,332;4951,318;4955,322;4959,322;4964,320;4968,332;4972,318;4977,330;4981,322;4986,336;4990,320;4994,334;4999,318;5003,310;5007,336;5012,320;5016,320;5020,318;5025,332;5029,322;5033,336;5038,320;5042,334;5046,318;5051,330;5055,322;5060,322;5064,334;5068,320;5073,332;5077,324;5081,322;5086,320;5090,334;5094,318;5099,332;5103,322;5107,308;5112,322;5116,320;5120,334;5125,310;5129,324;5134,322;5138,336;5142,320;5147,334;5151,324;5155,308;5160,322;5164,320;5168,334;5173,318;5177,338;5181,322;5186,336;5190,320;5195,334;5199,318;5203,308;5208,336;5212,320;5216,332;5221,318;5225,338;5229,322;5234,336;5238,320;5242,334;5247,318;5251,322;5255,322;5260,308;5264,334;5269,318;5273,332;5277,324;5282,336;5286,322;5290,334;5295,320;5299,326;5303,324;5308,322;5312,336;5316,320;5321,332;5325,324;5329,322;5334,320;5338,334;5343,318;5347,310;5351,322;5356,308;5360,334;5364,318;5369,332;5373,310;5377,322;5382,320;5386,334;5390,320;5395,332;5399,324;5403,308;5408,334;5412,320;5417,334;5421,310;5425,322;5430,322;5434,334;5438,318;5443,332;5447,322;5451,322;5456,322;5460,320;5464,332;5469,332;5473,322;5477,322;5482,334;5486,320;5491,332;5495,324;5499,310;5504,322;5508,320;5512,334;5517,318;5521,324;5525,322;5530,336;5534,320;5538,334;5543,320;5547,310;5551,324;5556,308;5560,336;5565,308;5569,332;5573,312;5578,338;5582,324;5586,338;5591,322;5595,312;5599,326;5604,312;5608,338;5612,324;5617,322;5621,314;5626,340;5630,326;5634,340;5639,310;5643,316;5647,328;5652,314;5656,328;5660,312;5665,324;5669,316;5673,330;5678,330;5682,328;5686,328;5691,328;5695,332;5700,318;5704,330;5708,330;5713,316;5717,320;5721,334;5726,318;5730,318;5734,316;5739,316;5743,322;5747,306;5752,320;5756,304;5761,318;5765,310;5769,322;5774,308;5778,320;5782,306;5787,318;5791,310;5795,294;5800,320;5804,306;5808,318;5813,302;5817,322;5821,308;5826,320;5830,304;5835,318;5839,308;5843,308;5848,320;5852,306;5856,318;5861,304;5865,310;5869,308;5874,322;5878,306;5882,320;5887,304;5891,310;5895,324;5900,308;5904,308;5909,306;5913,312;5917,310;5922,324;5926,322;5930,322;5935,322;5939,312;5943,326;5948,310;5952,324;5956,310;5961,322;5965,314;5969,328;5974,312;5978,326;5983,310;5987,302;5991,316;5996,300;6000,312;6004,312;6009,312;6013,316;6017,330;6022,314;6026,328;6030,312;6035,326;6039,316;6043,316;6048,314;6052,298;6057,312;6061,316;6065,330;6070,314;6074,314;6078,298;6083,298;6087,288;6091,288;6096,288;6100,286;6104,284;6109,290;6113,290;6117,288;6122,288;6126,288;6131,286;6135,290;6139,276;6144,290;6148,274;6152,288;6157,272;6161,292;6165,290;6170,290;6174,288;6178,302;6183,280;6187,278;6192,278;6196,276;6200,274;6205,274;6209,294;6213,292;6218,292;6222,290;6226,288;6231,266;6235,278;6239,292;6244,276;6248,288;6252,260;6257,294;6261,278;6266,280;6270,276;6274,276;6279,274;6283,266;6287,278;6292,278;6296,276;6300,276;6305,252;6309,280;6313,294;6318,292;6322,292;6326,290;6331,268;6335,280;6340,266;6344,278;6348,264;6353,290;6357,282;6361,282;6366,280;6370,294;6374,292;6379,284;6383,284;6387,268;6392,280;6396,266;6400,278;6405,284;6409,298;6414,282;6418,282;6422,280;6427,292;6431,284;6435,298;6440,268;6444,282;6448,266;6453,266;6457,298;6461,284;6466,282;6470,282;6474,280;6479,286;6483,284;6488,282;6492,282;6496,280;6501,280;6505,284;6509,286;6514,284;6518,282;6522,282;6527,272;6531,258;6535,284;6540,284;6544,282;6548,282;6553,274;6557,272;6562,286;6566,284;6570,298;6575,282;6579,260;6583,272;6588,272;6592,270;6596,268;\r\nBuffer sent in 0.973 secondsreturn;buffer;965\r\n'), 10:57:02
bytearray(b'received from UR: measure -> measure (0,1)\r\nSTEPPER: Moving to mstep: 6600 with speed [msteps/sec]: 1000 in StealthChop.\r\n'), 10:57:03
bytearray(b'STEPPER: Moving to mstep: 2400 with speed [msteps/sec]: 4000 in SpreadCycle.\r\n'), 10:57:07
bytearray(b'STEPPER: Moved 4200.00 msteps (ramp: 35%) in 1324.888 ms -> average speed [msteps/sec]: 3170.08\r\nreturn;measure;965\r\n'), 10:57:08
bytearray(b'received from UR: buffer -> buffer (0,1)\r\nSending buffer of size 965data;2400,306;2404,452;2408,164;2413,278;2417,320;2421,326;2426,338;2430,324;2434,336;2439,322;2443,328;2447,326;2452,312;2456,324;2460,322;2465,336;2469,314;2474,326;2478,324;2482,338;2487,322;2491,314;2495,326;2500,312;2504,324;2508,324;2513,336;2517,328;2521,326;2526,324;2530,338;2534,322;2539,336;2543,326;2548,312;2552,324;2556,310;2561,324;2565,328;2569,328;2574,314;2578,340;2582,326;2587,340;2591,330;2595,316;2600,328;2604,314;2608,326;2613,312;2617,332;2622,316;2626,330;2630,316;2635,328;2639,318;2643,318;2648,318;2652,316;2656,328;2661,314;2665,334;2669,320;2674,332;2678,316;2682,330;2687,316;2691,322;2696,320;2700,306;2704,332;2709,318;2713,324;2717,322;2722,322;2726,320;2730,334;2735,332;2739,308;2743,322;2748,308;2752,322;2756,306;2761,320;2765,324;2770,338;2774,322;2778,336;2783,322;2787,312;2791,326;2796,312;2800,338;2804,324;2809,322;2813,314;2817,342;2822,326;2826,340;2830,324;2835,316;2839,328;2844,314;2848,328;2852,312;2857,324;2861,316;2865,330;2870,326;2874,328;2878,314;2883,326;2887,330;2891,316;2896,330;2900,328;2905,328;2909,312;2913,332;2918,316;2922,330;2926,316;2931,328;2935,334;2939,320;2944,332;2948,316;2952,330;2957,314;2961,336;2965,320;2970,334;2974,318;2979,332;2983,324;2987,310;2992,336;2996,322;3000,322;3005,320;3009,340;3013,324;3018,338;3022,322;3026,322;3031,322;3035,312;3039,340;3044,324;3048,324;3053,322;3057,328;3061,314;3066,326;3070,312;3074,324;3079,324;3083,314;3087,328;3092,312;3096,326;3100,310;3105,324;3109,314;3114,328;3118,314;3122,326;3127,324;3131,316;3135,330;3140,314;3144,328;3148,298;3153,326;3157,318;3161,344;3166,328;3170,342;3174,326;3179,304;3183,332;3188,316;3192,330;3196,316;3201,328;3205,320;3209,336;3214,318;3218,332;3222,316;3227,330;3231,322;3235,320;3240,332;3244,318;3248,318;3253,316;3257,336;3262,322;3266,334;3270,320;3275,320;3279,324;3283,324;3288,336;3292,336;3296,320;3301,320;3305,326;3309,324;3314,324;3318,322;3322,322;3327,322;3331,314;3336,340;3340,312;3344,324;3349,310;3353,330;3357,328;3362,342;3366,326;3370,340;3375,326;3379,314;3383,330;3388,316;3392,314;3396,314;3401,326;3405,318;3410,332;3414,318;3418,330;3423,316;3427,322;3431,334;3436,334;3440,318;3444,318;3449,332;3453,322;3457,336;3462,322;3466,320;3470,320;3475,334;3479,324;3484,324;3488,322;3492,322;3497,322;3501,326;3505,326;3510,326;3514,324;3518,324;3523,336;3527,328;3531,312;3536,312;3540,312;3544,324;3549,310;3553,330;3558,328;3562,342;3566,328;3571,340;3575,332;3579,318;3584,332;3588,316;3592,330;3597,316;3601,336;3605,320;3610,334;3614,318;3618,346;3623,330;3627,322;3632,320;3636,320;3640,334;3645,318;3649,338;3653,322;3658,336;3662,322;3666,336;3671,320;3675,326;3679,324;3684,324;3688,324;3693,322;3697,336;3701,314;3706,326;3710,326;3714,326;3719,324;3723,330;3727,330;3732,314;3736,328;3740,314;3745,326;3749,332;3753,332;3758,330;3762,332;3767,330;3771,320;3775,320;3780,306;3784,332;3788,318;3793,332;3797,322;3801,336;3806,322;3810,334;3814,320;3819,334;3823,326;3827,324;3832,322;3836,322;3841,334;3845,326;3849,326;3854,310;3858,322;3862,322;3867,336;3871,328;3875,312;3880,324;3884,310;3888,322;3893,322;3897,328;3901,326;3906,326;3910,324;3915,324;3919,324;3923,330;3928,328;3932,314;3936,326;3941,312;3945,332;3949,330;3954,330;3958,330;3962,342;3967,328;3971,318;3975,332;3980,318;3984,332;3989,316;3993,328;3997,334;4002,348;4006,318;4010,332;4015,316;4019,322;4023,334;4028,320;4032,320;4036,318;4041,332;4045,324;4049,338;4054,322;4058,322;4063,320;4067,326;4071,340;4076,326;4080,324;4084,310;4089,322;4093,328;4097,328;4102,326;4106,326;4110,324;4115,338;4119,330;4123,314;4128,328;4132,312;4137,326;4141,318;4145,330;4150,328;4154,328;4158,328;4163,328;4167,334;4171,332;4176,330;4180,316;4184,330;4189,314;4193,334;4198,320;4202,332;4206,316;4211,330;4215,322;4219,320;4224,334;4228,318;4232,318;4237,332;4241,338;4245,322;4250,336;4254,320;4258,334;4263,318;4267,310;4272,324;4276,322;4280,336;4285,320;4289,326;4293,324;4298,338;4302,322;4306,322;4311,320;4315,312;4319,326;4324,324;4328,338;4332,308;4337,322;4341,326;4346,326;4350,324;4354,324;4359,324;4363,314;4367,314;4372,312;4376,326;4380,310;4385,338;4389,316;4393,330;4398,314;4402,342;4407,326;4411,318;4415,330;4420,316;4424,328;4428,314;4433,328;4437,318;4441,332;4446,316;4450,344;4454,328;4459,342;4463,320;4467,318;4472,332;4476,318;4481,332;4485,330;4489,322;4494,320;4498,334;4502,332;4507,332;4511,324;4515,308;4520,322;4524,308;4528,334;4533,320;4537,328;4541,324;4546,324;4550,322;4555,336;4559,322;4563,312;4568,326;4572,312;4576,324;4581,310;4585,330;4589,314;4594,328;4598,326;4602,338;4607,324;4611,314;4615,328;4620,314;4624,326;4629,326;4633,338;4637,316;4642,328;4646,314;4650,328;4655,312;4659,316;4663,330;4668,314;4672,326;4676,312;4681,340;4685,316;4689,316;4694,314;4698,328;4703,326;4707,318;4711,316;4716,314;4720,328;4724,314;4729,328;4733,332;4737,332;4742,316;4746,330;4750,330;4755,328;4759,332;4763,316;4768,330;4772,314;4777,342;4781,320;4785,332;4790,316;4794,332;4798,330;4803,344;4807,322;4811,320;4816,332;4820,316;4824,344;4829,328;4833,334;4837,318;4842,332;4846,316;4851,330;4855,322;4859,320;4864,334;4868,318;4872,332;4877,330;4881,336;4885,320;4890,334;4894,318;4898,332;4903,316;4907,322;4912,334;4916,320;4920,330;4925,318;4929,324;4933,322;4938,336;4942,320;4946,334;4951,332;4955,310;4959,322;4964,322;4968,334;4972,320;4977,318;4981,324;4986,336;4990,322;4994,336;4999,320;5003,312;5007,326;5012,310;5016,322;5020,308;5025,322;5029,312;5033,340;5038,324;5042,338;5046,310;5051,322;5055,328;5060,314;5064,326;5068,312;5073,324;5077,330;5081,330;5086,328;5090,330;5094,326;5099,326;5103,332;5107,316;5112,330;5116,314;5120,326;5125,312;5129,332;5134,328;5138,330;5142,316;5147,328;5151,334;5155,318;5160,332;5164,316;5168,330;5173,314;5177,334;5181,332;5186,346;5190,318;5194,330;5199,314;5203,320;5208,334;5212,318;5216,332;5221,316;5225,336;5229,322;5234,334;5238,320;5242,332;5247,318;5251,322;5255,336;5260,334;5264,320;5268,318;5273,332;5277,324;5282,338;5286,322;5290,334;5295,320;5299,324;5303,338;5308,324;5312,322;5316,322;5321,334;5325,326;5329,326;5334,324;5338,324;5342,322;5347,314;5351,328;5356,312;5360,324;5364,310;5369,324;5373,328;5377,342;5382,326;5386,340;5390,326;5395,338;5399,330;5403,316;5408,328;5412,314;5417,312;5421,312;5425,332;5430,316;5434,330;5438,316;5443,328;5447,320;5451,320;5456,332;5460,332;5464,318;5469,316;5473,336;5477,320;5482,334;5486,320;5491,332;5495,324;5499,322;5504,336;5508,322;5512,320;5517,318;5521,326;5525,324;5530,336;5534,322;5538,334;5543,318;5547,312;5552,324;5556,322;5560,336;5565,308;5569,328;5573,312;5578,338;5582,324;5586,336;5591,322;5595,312;5599,326;5604,312;5608,338;5612,322;5617,320;5621,314;5626,340;5630,324;5634,338;5639,322;5643,314;5647,328;5652,326;5656,326;5660,324;5665,324;5669,314;5673,328;5678,326;5682,326;5686,324;5691,336;5695,328;5700,328;5704,328;5708,312;5713,324;5717,316;5721,330;5726,328;5730,328;5734,326;5739,326;5743,316;5747,302;5752,328;5756,300;5760,312;5765,310;5769,316;5774,314;5778,314;5782,312;5787,326;5791,316;5795,316;5800,314;5804,300;5808,314;5813,312;5817,318;5821,302;5826,316;5830,316;5834,316;5839,314;5843,306;5848,318;5852,316;5856,316;5861,302;5865,320;5869,306;5874,318;5878,318;5882,316;5887,316;5891,306;5895,306;5900,304;5904,314;5908,302;5913,308;5917,306;5922,306;5926,304;5930,318;5935,316;5939,306;5943,320;5948,304;5952,318;5956,304;5961,330;5965,320;5969,320;5974,318;5978,332;5982,304;5987,310;5991,322;5996,294;6000,320;6004,306;6009,318;6013,310;6017,324;6022,308;6026,322;6030,320;6035,334;6039,310;6043,310;6048,308;6052,308;6057,306;6061,312;6065,312;6070,310;6074,308;6078,294;6083,292;6087,284;6091,282;6096,282;6100,280;6104,280;6109,280;6113,286;6117,284;6122,298;6126,296;6131,296;6135,274;6139,288;6144,300;6148,286;6152,284;6157,286;6161,276;6165,274;6170,260;6174,286;6178,300;6183,292;6187,278;6191,290;6196,290;6200,274;6205,274;6209,294;6213,292;6218,264;6222,278;6226,290;6231,290;6235,282;6239,294;6244,294;6248,278;6252,278;6257,284;6261,282;6265,254;6270,282;6274,294;6279,294;6283,272;6287,284;6292,284;6296,296;6300,268;6305,282;6309,288;6313,286;6318,286;6322,286;6326,284;6331,262;6335,274;6339,274;6344,288;6348,274;6353,288;6357,292;6361,292;6366,290;6370,304;6374,288;6379,266;6383,280;6387,278;6392,278;6396,276;6400,290;6405,282;6409,266;6414,280;6418,294;6422,292;6427,292;6431,270;6435,268;6440,266;6444,266;6448,278;6453,292;6457,284;6461,282;6466,266;6470,280;6474,280;6479,284;6483,270;6488,268;6492,282;6496,280;6501,280;6505,272;6509,284;6514,284;6518,282;6522,254;6527,272;6531,272;6535,286;6540,270;6544,282;6548,268;6553,288;6557,286;6562,286;6566,284;6570,284;6575,284;6579,274;6583,274;6588,258;6592,270;6596,270;\r\nBuffer sent in 0.973 secondsreturn;buffer;965\r\n'), 10:57:10
bytearray(b'received from UR: home -> home (0,1)\r\nSTEPPER: Moving to mstep: 0 with speed [msteps/sec]: 4000 in SpreadCycle.\r\n'), 10:57:11
bytearray(b'STEPPER: Moved 2400.00 msteps (ramp: 35%) in 813.424 ms -> average speed [msteps/sec]: 2950.49\r\nreturn;home;1\r\n'), 10:57:12
