bytearray(b'STEPPER: Moving to mstep: 2400 with speed [msteps/sec]: 4000 in SpreadCycle.\r\n'), 11:01:37
bytearray(b'STEPPER: Moved 2400.00 msteps (ramp: 35%) in 812.832 ms -> average speed [msteps/sec]: 2952.64\r\n'), 11:01:38
bytearray(b'received from UR: status -> status (0,1)\r\n*** STATUS ***\r\nid        :         3 -\r\nstep      :      2400 steps\r\nspeed     :      1500 msteps/s\r\nmspeed    :      1000 msteps/s\r\nsg-thrs   :        80 -\r\ndefault   :     12000 \xc2\xb5m\r\ndispense  :     30350 \xc2\xb5m\r\nblowout   :     33000 \xc2\xb5m\r\nd-offset  :        20 \xc2\xb5m\r\nur0       :         0 -\r\nur1       :         1 -\r\nhomed     :         1 -\r\nreturn;status;2400\r\n'), 11:01:40
bytearray(b'received from UR: measure -> measure (0,1)\r\nSTEPPER: Moving to mstep: 6600 with speed [msteps/sec]: 1000 in StealthChop.\r\n'), 11:01:41
bytearray(b'STEPPER: Moving to mstep: 2400 with speed [msteps/sec]: 4000 in SpreadCycle.\r\n'), 11:01:45
bytearray(b'STEPPER: Moved 4200.00 msteps (ramp: 35%) in 1324.888 ms -> average speed [msteps/sec]: 3170.08\r\nreturn;measure;965\r\n'), 11:01:46
bytearray(b'received from UR: buffer -> buffer (0,1)\r\nSending buffer of size 965data;2400,126;2404,458;2408,226;2413,296;2417,324;2421,316;2426,330;2430,316;2434,328;2439,328;2443,320;2447,320;2452,318;2456,318;2460,332;2465,330;2469,322;2474,336;2478,322;2482,334;2487,318;2491,326;2495,326;2500,324;2504,324;2508,324;2513,324;2517,328;2521,328;2526,326;2530,326;2534,324;2539,338;2543,330;2548,316;2552,328;2556,314;2561,328;2565,320;2569,332;2574,318;2578,332;2582,330;2587,344;2591,322;2595,306;2600,318;2604,320;2608,332;2613,318;2617,338;2622,324;2626,338;2630,322;2635,336;2639,326;2643,326;2648,326;2652,310;2656,324;2661,324;2665,330;2669,328;2674,328;2678,328;2682,326;2687,314;2691,318;2696,318;2700,302;2704,316;2709,316;2713,336;2717,322;2722,322;2726,320;2730,334;2735,320;2739,312;2743,324;2748,310;2752,322;2756,308;2761,336;2765,314;2770,328;2774,326;2778,340;2783,324;2787,316;2791,330;2796,314;2800,328;2804,314;2809,326;2813,318;2817,346;2822,318;2826,332;2830,316;2835,344;2839,322;2844,322;2848,320;2852,320;2857,320;2861,326;2865,338;2870,324;2874,338;2878,322;2883,336;2887,328;2891,314;2896,328;2900,314;2904,326;2909,318;2913,332;2918,316;2922,332;2926,330;2931,330;2935,322;2939,306;2944,320;2948,306;2952,318;2957,304;2961,324;2965,324;2970,336;2974,322;2979,336;2983,320;2987,312;2992,326;2996,326;3000,338;3005,324;3009,330;3013,316;3018,330;3022,314;3026,328;3031,314;3035,320;3039,332;3044,318;3048,318;3053,316;3057,316;3061,322;3066,336;3070,320;3074,334;3079,320;3083,312;3087,324;3092,310;3096,322;3100,322;3105,322;3109,314;3114,328;3118,326;3122,326;3127,324;3131,316;3135,330;3140,316;3144,328;3148,314;3153,326;3157,318;3161,332;3166,318;3170,332;3174,316;3179,330;3183,336;3188,308;3192,336;3196,308;3201,322;3205,314;3209,328;3214,326;3218,340;3222,326;3227,338;3231,330;3235,330;3240,330;3244,314;3248,328;3253,326;3257,334;3262,318;3266,332;3270,316;3275,330;3279,336;3283,322;3288,320;3292,320;3296,318;3301,318;3305,324;3309,322;3314,336;3318,322;3322,336;3327,320;3331,312;3336,326;3340,324;3344,324;3349,308;3353,330;3357,328;3362,328;3366,326;3370,338;3375,326;3379,316;3383,330;3388,330;3392,330;3396,314;3401,328;3405,320;3410,334;3414,318;3418,332;3423,316;3427,322;3431,322;3436,320;3440,320;3444,320;3449,334;3453,310;3457,324;3462,310;3466,324;3470,322;3475,322;3479,328;3484,314;3488,312;3492,312;3497,326;3501,318;3505,316;3510,316;3514,330;3518,316;3523,328;3527,320;3531,306;3536,334;3540,304;3545,318;3549,318;3553,324;3558,322;3562,324;3566,322;3571,334;3575,328;3579,312;3584,326;3588,326;3592,338;3597,324;3601,330;3605,316;3610,330;3614,328;3619,328;3623,320;3627,318;3632,332;3636,318;3640,316;3645,316;3649,336;3653,322;3658,336;3662,320;3666,334;3671,320;3675,312;3679,324;3684,324;3688,338;3693,324;3697,322;3701,328;3706,330;3710,328;3714,328;3719,328;3723,320;3727,332;3732,318;3736,318;3740,318;3745,318;3749,324;3753,338;3758,324;3762,338;3767,322;3771,328;3775,330;3780,314;3784,328;3788,312;3793,326;3797,318;3801,332;3806,316;3810,330;3814,316;3819,344;3823,322;3827,320;3832,320;3836,318;3841,332;3845,324;3849,338;3854,322;3858,322;3862,322;3867,320;3871,326;3875,312;3880,324;3884,312;3888,310;3893,308;3897,330;3901,328;3906,328;3910,328;3915,328;3919,318;3923,304;3928,318;3932,304;3936,316;3941,316;3945,336;3949,322;3954,334;3958,320;3962,332;3967,318;3971,324;3976,324;3980,308;3984,322;3989,322;3993,328;3997,312;4002,326;4006,324;4010,338;4015,324;4019,316;4023,330;4028,314;4032,328;4036,328;4041,328;4045,320;4050,334;4054,318;4058,332;4063,318;4067,322;4071,322;4076,320;4080,320;4084,320;4089,320;4093,326;4097,338;4102,322;4106,324;4110,322;4115,324;4119,328;4124,326;4128,326;4132,312;4137,324;4141,330;4145,330;4150,314;4154,328;4158,314;4163,328;4167,334;4171,320;4176,318;4180,318;4185,318;4189,316;4193,336;4198,320;4202,336;4206,320;4211,334;4215,326;4219,310;4224,324;4228,324;4232,324;4237,322;4241,342;4245,328;4250,326;4254,324;4259,326;4263,324;4267,330;4272,328;4276,314;4280,314;4285,312;4289,332;4293,318;4298,330;4302,330;4306,330;4311,328;4315,306;4319,320;4324,320;4328,332;4333,318;4337,324;4341,324;4346,324;4350,322;4354,322;4359,320;4363,314;4367,326;4372,312;4376,326;4380,312;4385,338;4389,316;4393,330;4398,314;4402,328;4407,314;4411,320;4415,332;4420,318;4424,318;4428,316;4433,316;4437,322;4441,336;4446,320;4450,334;4454,320;4459,332;4463,324;4467,324;4472,322;4476,322;4481,322;4485,328;4489,328;4494,326;4498,326;4502,324;4507,326;4511,330;4515,316;4520,330;4524,328;4528,328;4533,314;4537,332;4541,318;4546,332;4550,330;4555,330;4559,322;4563,308;4568,320;4572,320;4576,320;4581,318;4585,340;4589,324;4594,338;4598,322;4602,336;4607,322;4611,328;4615,328;4620,326;4624,326;4629,312;4633,324;4637,318;4642,344;4646,328;4650,330;4655,328;4659,320;4663,334;4668,320;4672,320;4676,318;4681,332;4685,324;4690,324;4694,322;4698,322;4703,320;4707,312;4711,326;4716,312;4720,324;4724,310;4729,322;4733,328;4737,328;4742,326;4746,326;4750,326;4755,316;4759,330;4764,316;4768,330;4772,328;4777,340;4781,318;4785,332;4790,316;4794,330;4798,316;4803,330;4807,322;4811,306;4816,320;4820,318;4825,332;4829,318;4833,338;4838,322;4842,336;4846,320;4851,334;4855,326;4859,324;4864,338;4868,324;4872,336;4877,322;4881,344;4885,328;4890,328;4894,326;4899,326;4903,326;4907,318;4912,332;4916,318;4920,330;4925,316;4929,336;4933,322;4938,322;4942,322;4946,334;4951,320;4955,312;4959,326;4964,310;4968,326;4973,312;4977,322;4981,316;4986,330;4990,316;4994,328;4999,314;5003,306;5007,334;5012,320;5016,318;5020,318;5025,318;5029,324;5033,338;5038,322;5042,336;5047,322;5051,314;5055,328;5060,314;5064,326;5068,312;5073,326;5077,320;5081,332;5086,318;5090,332;5094,330;5099,330;5103,322;5107,320;5112,334;5116,320;5121,334;5125,306;5129,340;5134,324;5138,338;5142,322;5147,324;5151,314;5155,314;5160,328;5164,312;5168,326;5173,312;5177,332;5181,318;5186,344;5190,316;5195,330;5199,320;5203,320;5208,334;5212,318;5216,318;5221,304;5225,338;5229,322;5234,336;5238,320;5242,334;5247,320;5251,312;5255,324;5260,324;5264,324;5269,308;5273,322;5277,328;5282,342;5286,326;5290,326;5295,324;5299,318;5303,330;5308,316;5312,328;5316,314;5321,326;5325,318;5329,332;5334,330;5338,330;5343,328;5347,320;5351,334;5356,318;5360,318;5364,304;5369,332;5373,322;5377,336;5382,322;5386,336;5390,320;5395,334;5399,340;5404,326;5408,324;5412,310;5417,324;5421,330;5425,330;5430,328;5434,328;5438,326;5443,326;5447,320;5451,332;5456,332;5460,318;5464,318;5469,316;5473,336;5478,322;5482,336;5486,320;5491,334;5495,326;5499,310;5504,324;5508,324;5512,322;5517,308;5521,328;5525,328;5530,328;5534,326;5538,326;5543,324;5547,330;5552,330;5556,314;5560,328;5565,312;5569,332;5573,318;5578,332;5582,316;5586,330;5591,316;5595,322;5599,334;5604,306;5608,320;5612,304;5617,318;5621,324;5626,338;5630,322;5634,336;5639,322;5643,328;5647,326;5652,312;5656,326;5660,310;5665,324;5669,330;5673,330;5678,316;5682,328;5686,314;5691,306;5695,320;5700,318;5704,304;5708,302;5713,316;5717,308;5721,308;5726,306;5730,320;5734,318;5739,318;5743,324;5747,308;5752,322;5756,306;5761,306;5765,312;5769,312;5774,310;5778,310;5782,308;5787,322;5791,314;5795,300;5800,312;5804,298;5808,310;5813,310;5817,316;5821,300;5826,314;5830,300;5835,314;5839,306;5843,304;5848,318;5852,302;5856,302;5861,316;5865,308;5869,294;5874,306;5878,306;5882,306;5887,306;5891,312;5895,310;5900,296;5904,310;5909,310;5913,302;5917,300;5922,314;5926,314;5930,328;5935,312;5939,304;5943,304;5948,304;5952,318;5956,304;5961,302;5965,310;5970,324;5974,308;5978,322;5983,308;5987,300;5991,312;5996,298;6000,312;6004,298;6009,312;6013,304;6017,318;6022,302;6026,302;6030,302;6035,294;6039,294;6044,280;6048,278;6052,292;6057,290;6061,282;6065,298;6070,296;6074,296;6078,294;6083,272;6087,272;6091,270;6096,284;6100,284;6104,282;6109,288;6113,302;6118,288;6122,272;6126,286;6131,286;6135,276;6139,276;6144,290;6148,274;6152,274;6157,274;6161,294;6165,294;6170,278;6174,278;6178,292;6183,270;6187,268;6192,282;6196,282;6200,266;6205,266;6209,300;6213,284;6218,270;6222,268;6226,268;6231,282;6235,272;6239,272;6244,272;6248,270;6252,270;6257,262;6261,276;6266,276;6270,274;6274,274;6279,272;6283,278;6287,278;6292,278;6296,276;6300,262;6305,268;6309,282;6313,282;6318,266;6322,238;6326,278;6331,272;6335,284;6340,284;6344,282;6348,254;6353,282;6357,288;6361,274;6366,272;6370,272;6374,284;6379,262;6383,274;6387,276;6392,274;6396,260;6401,286;6405,278;6409,292;6414,278;6418,248;6422,276;6427,290;6431,280;6435,266;6440,278;6444,278;6448,292;6453,268;6457,268;6461,280;6466,280;6470,280;6475,278;6479,270;6483,268;6488,268;6492,268;6496,280;6501,264;6505,286;6509,284;6514,284;6518,282;6522,268;6527,274;6531,260;6535,272;6540,286;6544,284;6549,284;6553,290;6557,274;6562,274;6566,272;6570,272;6575,272;6579,262;6583,262;6588,262;6592,274;6596,274;\r\nBuffer sent in 0.973 secondsreturn;buffer;965\r\n'), 11:01:48
bytearray(b'received from UR: measure -> measure (0,1)\r\nSTEPPER: Moving to mstep: 6600 with speed [msteps/sec]: 1000 in StealthChop.\r\n'), 11:01:49
bytearray(b'STEPPER: Moving to mstep: 2400 with speed [msteps/sec]: 4000 in SpreadCycle.\r\n'), 11:01:54
bytearray(b'STEPPER: Moved 4200.00 msteps (ramp: 35%) in 1324.888 ms -> average speed [msteps/sec]: 3170.08\r\nreturn;measure;965\r\n'), 11:01:55
bytearray(b'received from UR: buffer -> buffer (0,1)\r\nSending buffer of size 965data;2400,304;2404,452;2408,162;2413,276;2417,320;2421,326;2426,340;2430,326;2434,328;2439,326;2443,318;2447,332;2452,318;2456,318;2460,332;2465,330;2469,324;2474,338;2478,322;2482,322;2487,322;2491,328;2495,328;2500,314;2504,328;2508,328;2513,328;2517,320;2521,334;2526,318;2530,332;2534,332;2539,332;2543,324;2548,310;2552,322;2556,322;2561,336;2565,314;2569,328;2574,314;2578,328;2582,326;2587,326;2591,318;2595,318;2600,318;2604,318;2608,330;2613,308;2617,322;2622,320;2626,334;2630,320;2635,334;2639,326;2643,312;2648,324;2652,324;2656,324;2661,322;2665,328;2669,314;2674,328;2678,326;2682,326;2687,312;2691,318;2696,318;2700,316;2704,330;2709,316;2713,322;2717,322;2722,322;2726,322;2730,334;2735,320;2739,312;2743,326;2748,310;2752,338;2756,324;2761,338;2765,330;2770,330;2774,316;2778,328;2783,314;2787,320;2791,334;2796,318;2800,332;2804,304;2809,318;2813,324;2817,338;2822,322;2826,334;2830,322;2835,336;2839,314;2844,312;2848,326;2852,326;2857,326;2861,318;2865,332;2870,318;2874,330;2878,330;2883,328;2887,322;2891,320;2896,320;2900,320;2905,332;2909,318;2913,338;2918,324;2922,338;2926,322;2931,336;2935,328;2939,328;2944,328;2948,314;2952,328;2957,312;2961,334;2965,330;2970,334;2974,332;2979,346;2983,316;2987,308;2992,322;2996,322;3000,334;3005,320;3009,326;3013,324;3018,326;3022,324;3026,338;3031,324;3035,316;3039,316;3044,314;3048,328;3053,326;3057,326;3061,318;3066,332;3070,318;3074,330;3079,318;3083,322;3087,322;3092,308;3096,322;3100,322;3105,322;3109,312;3113,328;3118,326;3122,326;3127,324;3131,316;3135,330;3140,316;3144,328;3148,328;3153,342;3157,320;3161,334;3166,318;3170,332;3174,318;3179,332;3183,338;3187,308;3192,322;3196,322;3201,334;3205,314;3209,340;3214,326;3218,340;3222,324;3227,338;3231,316;3235,316;3240,314;3244,314;3248,328;3253,328;3257,334;3261,318;3266,332;3270,318;3275,332;3279,324;3283,324;3288,336;3292,322;3296,322;3301,320;3305,328;3309,326;3314,326;3318,326;3322,340;3327,324;3331,318;3335,330;3340,314;3344,328;3349,314;3353,328;3357,334;3362,334;3366,318;3370,332;3375,316;3379,324;3383,334;3388,322;3392,336;3396,306;3401,320;3405,326;3409,326;3414,324;3418,324;3423,324;3427,330;3431,328;3436,328;3440,328;3444,314;3449,326;3453,318;3457,332;3462,316;3466,330;3470,316;3475,328;3479,334;3484,320;3488,320;3492,316;3497,318;3501,324;3505,324;3510,322;3514,324;3518,322;3523,322;3527,328;3531,312;3536,340;3540,310;3544,338;3549,310;3553,330;3558,330;3562,330;3566,314;3571,342;3575,320;3579,320;3584,334;3588,318;3592,332;3597,302;3601,338;3605,322;3610,336;3614,322;3619,336;3623,320;3627,312;3632,326;3636,324;3640,324;3645,310;3649,344;3653,330;3658,344;3662,328;3666,330;3671,328;3675,320;3679,320;3684,320;3688,318;3693,332;3697,324;3701,322;3706,336;3710,322;3714,322;3719,322;3723,326;3727,326;3732,312;3736,326;3740,324;3745,338;3749,330;3753,330;3758,328;3762,328;3767,326;3771,318;3775,332;3780,318;3784,330;3788,316;3793,328;3797,322;3801,336;3806,320;3810,334;3814,320;3819,332;3823,326;3827,324;3832,324;3836,308;3841,322;3845,320;3849,326;3854,312;3858,326;3862,324;3867,324;3871,330;3875,328;3880,328;3884,312;3888,326;3893,326;3897,332;3901,318;3906,330;3910,316;3915,330;3919,328;3923,320;3928,334;3932,304;3936,318;3941,318;3945,338;3949,322;3954,336;3958,320;3962,334;3967,320;3971,326;3975,326;3980,310;3984,324;3989,310;3993,338;3997,328;4002,342;4006,314;4010,342;4015,326;4019,320;4023,332;4028,318;4032,318;4036,316;4041,330;4045,322;4049,336;4054,320;4058,334;4063,318;4067,324;4071,324;4076,324;4080,338;4084,322;4089,322;4093,328;4097,328;4102,314;4106,326;4110,312;4115,326;4119,332;4124,318;4128,332;4132,316;4137,330;4141,322;4145,324;4150,322;4154,322;4158,320;4163,336;4167,328;4171,312;4176,326;4180,310;4184,324;4189,316;4193,344;4198,330;4202,344;4206,328;4211,328;4215,334;4219,318;4224,318;4228,316;4232,316;4237,330;4241,336;4245,322;4250,336;4254,320;4259,334;4263,320;4267,326;4272,326;4276,310;4280,324;4285,324;4289,330;4293,314;4298,328;4302,326;4306,326;4311,326;4315,304;4319,318;4324,316;4328,330;4333,316;4337,328;4341,320;4346,320;4350,320;4354,334;4359,332;4363,310;4367,324;4372,308;4376,322;4380,322;4385,336;4389,314;4393,328;4398,326;4402,340;4407,324;4411,318;4415,330;4420,316;4424,316;4428,328;4433,328;4437,320;4441,334;4446,318;4450,332;4454,318;4459,332;4463,336;4467,320;4472,320;4476,334;4481,334;4485,312;4489,326;4494,324;4498,324;4502,324;4507,324;4511,328;4515,314;4520,328;4524,328;4528,340;4533,326;4537,334;4541,318;4546,330;4550,330;4555,330;4559,314;4563,308;4568,322;4572,320;4576,334;4581,320;4585,326;4589,326;4594,340;4598,324;4602,338;4607,322;4611,302;4615,314;4620,314;4624,328;4629,326;4633,326;4637,318;4642,332;4646,318;4650,330;4655,316;4659,308;4663,322;4668,322;4672,334;4676,320;4681,320;4685,326;4689,326;4694,324;4698,338;4703,322;4707,316;4711,328;4716,314;4720,328;4724,312;4729,326;4733,320;4737,332;4742,318;4746,332;4750,316;4755,330;4759,336;4763,322;4768,322;4772,306;4777,320;4781,326;4785,340;4790,324;4794,338;4798,324;4803,338;4807,330;4811,314;4816,328;4820,328;4824,328;4829,326;4833,332;4838,318;4842,332;4846,330;4851,330;4855,322;4859,308;4864,320;4868,320;4872,334;4877,320;4881,326;4885,324;4890,338;4894,324;4898,338;4903,322;4907,330;4912,328;4916,314;4920,314;4925,314;4929,334;4933,320;4938,332;4942,318;4946,330;4951,316;4955,322;4959,334;4964,320;4968,334;4972,318;4977,332;4981,324;4986,336;4990,322;4994,336;4999,320;5003,312;5007,326;5012,326;5016,326;5020,310;5025,324;5029,330;5033,342;5038,328;5042,342;5046,326;5051,326;5055,318;5060,304;5064,316;5068,316;5073,330;5077,322;5081,336;5086,320;5090,334;5094,320;5099,320;5103,326;5107,326;5112,324;5116,310;5120,322;5125,322;5129,328;5134,314;5138,328;5142,326;5147,326;5151,332;5155,316;5160,330;5164,302;5168,328;5173,314;5177,334;5181,320;5186,334;5190,318;5194,332;5199,316;5203,322;5208,336;5212,322;5216,334;5221,320;5225,326;5229,326;5234,338;5238,324;5242,338;5247,322;5251,328;5255,328;5260,328;5264,328;5268,312;5273,326;5277,332;5282,332;5286,316;5290,330;5295,328;5299,322;5303,334;5308,320;5312,320;5316,318;5321,318;5325,324;5329,336;5334,322;5338,334;5343,320;5347,312;5351,338;5356,324;5360,338;5364,322;5369,336;5373,314;5377,328;5382,326;5386,326;5390,324;5395,326;5399,330;5403,330;5408,330;5412,314;5417,326;5421,318;5425,332;5430,318;5434,330;5438,314;5443,328;5447,320;5451,320;5456,332;5460,318;5464,332;5469,316;5473,322;5477,320;5482,320;5486,320;5491,332;5495,324;5499,310;5504,322;5508,322;5512,336;5517,322;5521,330;5525,326;5530,326;5534,324;5538,324;5543,324;5547,314;5551,330;5556,328;5560,342;5565,314;5569,328;5573,318;5578,332;5582,318;5586,330;5591,316;5595,306;5599,320;5604,306;5608,332;5612,318;5617,332;5621,324;5625,338;5630,322;5634,336;5639,322;5643,328;5647,328;5652,326;5656,326;5660,312;5665,324;5669,316;5673,330;5678,314;5682,328;5686,314;5691,328;5695,318;5699,318;5704,318;5708,304;5713,316;5717,308;5721,308;5726,308;5730,322;5734,320;5739,320;5743,312;5747,310;5752,310;5756,296;5760,308;5765,308;5769,314;5774,300;5778,312;5782,312;5787,326;5791,316;5795,302;5800,316;5804,302;5808,314;5813,300;5817,320;5821,304;5826,304;5830,304;5834,304;5839,302;5843,310;5848,308;5852,308;5856,308;5861,294;5865,312;5869,312;5874,298;5878,296;5882,296;5887,308;5891,316;5895,314;5900,300;5904,314;5908,300;5913,318;5917,304;5922,304;5926,304;5930,304;5935,302;5939,308;5943,322;5948,306;5952,320;5956,290;5961,304;5965,310;5969,324;5974,308;5978,308;5983,308;5987,300;5991,312;5996,312;6000,326;6004,310;6009,324;6013,302;6017,316;6022,302;6026,302;6030,286;6035,292;6039,292;6043,276;6048,276;6052,276;6057,276;6061,296;6065,294;6070,294;6074,294;6078,280;6083,270;6087,270;6091,270;6096,268;6100,268;6104,280;6109,288;6113,274;6117,286;6122,286;6126,286;6131,284;6135,276;6139,276;6144,276;6148,260;6152,274;6157,274;6161,280;6165,280;6170,292;6174,278;6178,292;6183,284;6187,282;6191,280;6196,252;6200,280;6205,278;6209,284;6213,284;6218,270;6222,268;6226,240;6231,282;6235,274;6239,274;6244,272;6248,270;6252,256;6257,292;6261,276;6266,276;6270,274;6274,260;6279,260;6283,280;6287,278;6292,278;6296,278;6300,276;6305,268;6309,282;6313,282;6318,282;6322,268;6326,266;6331,258;6335,272;6340,270;6344,270;6348,256;6353,284;6357,276;6361,290;6366,274;6370,274;6374,272;6379,280;6383,278;6387,278;6392,278;6396,276;6400,276;6405,268;6409,280;6414,280;6418,294;6422,278;6427,278;6431,284;6435,282;6440,282;6444,282;6448,280;6453,272;6457,272;6461,284;6466,286;6470,284;6474,284;6479,276;6483,274;6488,274;6492,258;6496,286;6501,284;6505,278;6509,290;6514,262;6518,262;6522,246;6527,280;6531,266;6535,278;6540,278;6544,278;6549,278;6553,270;6557,282;6562,282;6566,280;6570,266;6575,280;6579,270;6583,270;6588,254;6592,282;6596,268;\r\nBuffer sent in 0.973 secondsreturn;buffer;965\r\n'), 11:01:57
bytearray(b'received from UR: measure -> measure (0,1)\r\nSTEPPER: Moving to mstep: 6600 with speed [msteps/sec]: 1000 in StealthChop.\r\n'), 11:01:58
bytearray(b'STEPPER: Moving to mstep: 2400 with speed [msteps/sec]: 4000 in SpreadCycle.\r\n'), 11:02:02
bytearray(b'STEPPER: Moved 4200.00 msteps (ramp: 35%) in 1324.880 ms -> average speed [msteps/sec]: 3170.10\r\nreturn;measure;965\r\n'), 11:02:03
bytearray(b'received from UR: buffer -> buffer (0,1)\r\nSending buffer of size 965data;2400,312;2404,448;2408,160;2413,274;2417,316;2421,322;2426,336;2430,322;2434,336;2439,320;2443,312;2447,326;2452,326;2456,324;2460,310;2465,324;2469,330;2474,344;2478,328;2482,342;2487,328;2491,320;2495,320;2500,318;2504,318;2508,318;2513,318;2517,322;2521,336;2526,322;2530,336;2534,320;2539,334;2543,326;2548,312;2552,324;2556,310;2561,322;2565,328;2569,330;2574,326;2578,326;2582,326;2587,326;2591,330;2595,316;2600,330;2604,316;2608,328;2613,314;2617,336;2622,320;2626,334;2630,318;2635,332;2639,324;2643,324;2648,324;2652,322;2656,322;2661,322;2665,328;2669,314;2674,326;2678,326;2682,326;2687,310;2691,316;2696,330;2700,328;2704,328;2709,312;2713,334;2717,318;2722,332;2726,330;2730,330;2735,330;2739,308;2743,320;2748,320;2752,334;2756,318;2761,332;2765,324;2770,336;2774,322;2778,334;2783,320;2787,326;2791,324;2796,310;2800,322;2804,308;2809,322;2813,326;2817,340;2822,326;2826,338;2830,324;2835,338;2839,330;2844,328;2848,326;2852,312;2857,326;2861,318;2865,344;2870,330;2874,330;2878,328;2883,342;2887,320;2891,318;2896,316;2900,316;2904,316;2909,316;2913,336;2918,334;2922,334;2926,318;2931,332;2935,338;2939,310;2944,324;2948,308;2952,322;2957,320;2961,326;2965,326;2970,326;2974,324;2979,338;2983,322;2987,314;2992,328;2996,298;3000,326;3005,312;3009,334;3013,316;3018,330;3022,314;3026,328;3031,328;3035,318;3039,332;3044,318;3048,318;3053,330;3057,322;3061,320;3066,334;3070,320;3074,332;3079,318;3083,308;3087,322;3092,322;3096,320;3100,318;3105,318;3109,324;3113,324;3118,322;3122,322;3127,334;3131,312;3135,326;3140,310;3144,324;3148,310;3153,336;3157,328;3161,328;3166,326;3170,340;3174,324;3179,338;3183,330;3187,314;3192,328;3196,312;3201,340;3205,318;3209,332;3214,316;3218,328;3222,328;3227,340;3231,332;3235,318;3240,330;3244,330;3248,328;3253,314;3257,334;3261,320;3266,334;3270,318;3275,332;3279,324;3283,322;3288,320;3292,320;3296,320;3301,332;3305,324;3309,324;3314,336;3318,336;3322,334;3327,334;3331,312;3335,324;3340,324;3344,324;3349,308;3353,322;3357,326;3362,326;3366,324;3370,338;3375,322;3379,314;3383,328;3388,312;3392,328;3396,312;3401,326;3405,318;3409,332;3414,316;3418,330;3423,328;3427,320;3431,334;3436,318;3440,318;3444,304;3449,316;3453,322;3457,336;3462,322;3466,322;3470,320;3475,334;3479,326;3484,312;3488,324;3492,324;3497,322;3501,316;3505,328;3510,326;3514,326;3518,324;3523,324;3527,330;3531,314;3536,328;3540,314;3544,326;3549,312;3553,332;3558,318;3562,332;3566,330;3571,344;3575,322;3579,306;3584,320;3588,320;3592,334;3597,318;3601,338;3605,322;3610,336;3614,320;3618,334;3623,320;3627,312;3632,324;3636,324;3640,322;3645,308;3649,342;3653,328;3658,342;3662,326;3666,338;3671,324;3675,330;3679,330;3684,314;3688,328;3692,328;3697,326;3701,318;3706,332;3710,318;3714,332;3719,330;3723,320;3727,320;3732,320;3736,332;3740,318;3745,318;3749,324;3753,336;3758,320;3762,334;3767,320;3771,332;3775,338;3780,310;3784,322;3788,322;3793,336;3797,312;3801,340;3806,326;3810,340;3814,324;3819,338;3823,330;3827,316;3832,328;3836,312;3841,326;3845,318;3849,330;3854,316;3858,330;3862,328;3867,328;3871,318;3875,318;3880,332;3884,330;3888,330;3893,314;3897,322;3901,320;3906,334;3910,318;3915,332;3919,332;3923,308;3928,322;3932,306;3936,320;3941,318;3945,338;3949,322;3954,322;3958,322;3962,336;3967,320;3971,312;3975,326;3980,310;3984,324;3989,322;3993,336;3997,314;4002,340;4006,326;4010,340;4015,324;4019,316;4023,316;4028,316;4032,314;4036,314;4041,328;4045,320;4049,334;4054,318;4058,332;4063,330;4067,310;4071,322;4076,320;4080,320;4084,320;4089,318;4093,324;4097,324;4102,322;4106,322;4110,322;4115,322;4119,342;4123,326;4128,326;4132,312;4137,324;4141,330;4145,330;4150,316;4154,328;4158,328;4163,342;4167,332;4171,318;4176,330;4180,316;4184,330;4189,316;4193,336;4198,320;4202,334;4206,318;4211,332;4215,324;4219,308;4224,322;4228,306;4232,320;4237,320;4241,340;4245,324;4250,338;4254,322;4258,336;4263,320;4267,312;4272,324;4276,310;4280,324;4285,322;4289,328;4293,314;4298,326;4302,326;4306,326;4311,324;4315,316;4319,330;4324,314;4328,314;4332,314;4337,328;4341,318;4346,332;4350,316;4354,330;4359,328;4363,320;4367,334;4372,318;4376,332;4380,316;4385,330;4389,322;4393,336;4398,320;4402,334;4406,318;4411,332;4415,336;4420,322;4424,322;4428,320;4433,320;4437,326;4441,338;4446,324;4450,336;4454,322;4459,336;4463,326;4467,326;4472,324;4476,310;4480,324;4485,322;4489,328;4494,326;4498,326;4502,326;4507,324;4511,318;4515,316;4520,328;4524,314;4528,328;4533,312;4537,332;4541,318;4546,330;4550,316;4554,328;4559,328;4563,306;4568,318;4572,318;4576,332;4581,316;4585,336;4589,322;4594,334;4598,320;4602,334;4607,318;4611,308;4615,322;4620,322;4624,334;4629,318;4633,318;4637,322;4642,336;4646,322;4650,336;4655,320;4659,312;4663,324;4668,324;4672,336;4676,322;4681,320;4685,326;4689,340;4694,324;4698,324;4703,322;4707,316;4711,328;4716,312;4720,324;4724,310;4729,324;4733,330;4737,328;4742,328;4746,328;4750,326;4755,326;4759,332;4763,318;4768,330;4772,314;4777,328;4781,318;4785,334;4790,318;4794,330;4798,316;4803,330;4807,334;4811,320;4816,320;4820,318;4824,316;4829,316;4833,336;4838,320;4842,334;4846,318;4851,332;4855,324;4859,322;4864,322;4868,320;4872,320;4877,320;4881,326;4885,324;4890,338;4894,322;4898,336;4903,320;4907,328;4912,326;4916,312;4920,324;4925,310;4929,330;4933,328;4938,328;4942,328;4946,328;4951,326;4955,318;4959,332;4964,316;4968,330;4972,312;4977,328;4981,318;4986,332;4990,318;4994,332;4999,316;5003,308;5007,322;5012,320;5016,334;5020,318;5025,332;5029,322;5033,324;5038,322;5042,334;5046,320;5051,334;5055,324;5060,324;5064,336;5068,322;5073,322;5077,326;5081,326;5086,326;5090,324;5094,324;5099,324;5103,328;5107,314;5112,314;5116,312;5120,326;5125,310;5129,332;5134,316;5138,330;5142,328;5147,328;5151,320;5155,304;5160,318;5164,316;5168,330;5173,314;5177,334;5181,320;5186,332;5190,318;5194,346;5199,330;5203,308;5208,320;5212,320;5216,320;5221,316;5225,338;5229,322;5234,336;5238,320;5242,334;5247,318;5251,310;5255,324;5260,324;5264,322;5269,320;5273,320;5277,326;5282,326;5286,324;5290,338;5295,322;5299,314;5303,328;5308,326;5312,326;5316,312;5321,324;5325,330;5329,328;5334,328;5338,328;5343,326;5347,318;5351,332;5356,318;5360,330;5364,314;5369,328;5373,320;5377,334;5382,318;5386,332;5390,316;5395,332;5399,322;5403,320;5408,334;5412,320;5417,320;5421,324;5425,324;5430,322;5434,336;5438,320;5443,334;5447,324;5451,310;5456,322;5460,322;5464,322;5469,320;5473,326;5477,326;5482,326;5486,324;5491,338;5495,316;5499,314;5504,314;5508,314;5512,312;5517,312;5521,332;5525,330;5530,330;5534,316;5538,328;5543,328;5547,318;5551,318;5556,318;5560,330;5565,316;5569,330;5573,320;5578,334;5582,318;5586,332;5591,318;5595,324;5599,336;5604,322;5608,322;5612,320;5617,334;5621,326;5625,340;5630,324;5634,338;5639,324;5643,328;5647,328;5652,314;5656,326;5660,312;5665,326;5669,318;5673,330;5678,314;5682,328;5686,314;5691,326;5695,304;5699,304;5704,314;5708,316;5713,316;5717,308;5721,322;5726,320;5730,320;5734,318;5739,318;5743,310;5747,310;5752,308;5756,294;5760,306;5765,306;5769,326;5774,310;5778,310;5782,310;5787,322;5791,300;5795,300;5800,312;5804,298;5808,298;5813,296;5817,316;5821,302;5826,316;5830,314;5834,326;5839,304;5843,304;5848,302;5852,302;5856,300;5861,300;5865,320;5869,306;5874,316;5878,304;5882,316;5887,302;5891,294;5895,306;5900,292;5904,304;5909,304;5913,310;5917,306;5922,308;5926,306;5930,306;5935,306;5939,296;5943,310;5948,308;5952,308;5956,294;5961,306;5965,312;5969,324;5974,310;5978,324;5983,308;5987,300;5991,312;5996,298;6000,312;6004,310;6009,310;6013,302;6017,316;6022,300;6026,314;6030,298;6035,290;6039,288;6043,274;6048,274;6052,272;6057,272;6061,278;6065,290;6070,276;6074,288;6078,288;6083,288;6087,278;6091,292;6096,278;6100,276;6104,276;6109,282;6113,296;6117,280;6122,280;6126,278;6131,250;6135,298;6139,282;6144,282;6148,266;6152,280;6157,280;6161,286;6165,284;6170,284;6174,282;6178,268;6183,286;6187,272;6191,286;6196,284;6200,284;6205,270;6209,288;6213,272;6218,244;6222,272;6226,284;6231,284;6235,276;6239,276;6244,260;6248,274;6252,286;6257,236;6261,278;6265,278;6270,276;6274,274;6279,274;6283,266;6287,266;6292,250;6296,278;6300,276;6305,276;6309,268;6313,238;6318,280;6322,294;6326,292;6331,270;6335,270;6340,268;6344,266;6348,266;6353,280;6357,272;6361,256;6366,272;6370,284;6374,284;6379,284;6383,288;6387,288;6392,274;6396,286;6401,286;6405,278;6409,276;6414,276;6418,276;6422,274;6427,288;6431,280;6435,280;6440,278;6444,278;6448,278;6453,282;6457,268;6461,282;6466,294;6470,294;6475,278;6479,270;6483,254;6488,282;6492,282;6496,280;6501,280;6505,242;6509,284;6514,284;6518,284;6522,282;6527,274;6531,258;6535,286;6540,272;6544,284;6549,284;6553,276;6557,274;6562,274;6566,288;6570,286;6575,286;6579,278;6583,276;6588,276;6592,288;6596,274;\r\nBuffer sent in 0.973 secondsreturn;buffer;965\r\n'), 11:02:05
bytearray(b'received from UR: measure -> measure (0,1)\r\nSTEPPER: Moving to mstep: 6600 with speed [msteps/sec]: 1000 in StealthChop.\r\n'), 11:02:06
bytearray(b'STEPPER: Moving to mstep: 2400 with speed [msteps/sec]: 4000 in SpreadCycle.\r\n'), 11:02:11
bytearray(b'STEPPER: Moved 4200.00 msteps (ramp: 35%) in 1324.888 ms -> average speed [msteps/sec]: 3170.08\r\nreturn;measure;965\r\n'), 11:02:12
bytearray(b'received from UR: buffer -> buffer (0,1)\r\nSending buffer of size 965data;2400,304;2404,456;2408,166;2413,268;2417,310;2421,330;2426,344;2430,328;2434,342;2439,314;2443,320;2447,320;2452,320;2456,320;2460,318;2465,318;2469,326;2474,326;2478,326;2482,338;2487,324;2491,316;2495,316;2500,314;2504,328;2508,328;2513,326;2517,318;2521,332;2526,318;2530,332;2534,316;2539,330;2543,336;2548,320;2552,334;2556,318;2561,318;2565,324;2569,338;2574,322;2578,336;2582,320;2587,334;2591,314;2595,326;2600,326;2604,312;2608,324;2613,310;2617,330;2622,314;2626,342;2630,312;2635,326;2639,318;2643,318;2648,318;2652,316;2656,330;2661,316;2665,336;2669,320;2674,334;2678,318;2683,332;2687,318;2691,324;2696,322;2700,308;2704,334;2709,320;2713,326;2717,324;2722,324;2726,324;2730,338;2735,322;2739,314;2743,342;2748,326;2752,326;2757,312;2761,324;2765,330;2770,344;2774,328;2778,330;2783,312;2787,318;2791,332;2796,318;2800,330;2804,316;2809,330;2813,320;2817,334;2822,320;2826,334;2831,318;2835,324;2839,322;2844,308;2848,320;2852,304;2857,318;2861,326;2865,338;2870,324;2874,338;2878,322;2883,336;2887,328;2891,326;2896,324;2900,324;2905,324;2909,322;2913,328;2918,328;2922,328;2926,326;2931,326;2935,330;2939,316;2944,328;2948,314;2952,314;2957,312;2961,334;2965,318;2970,332;2974,316;2979,330;2983,328;2987,320;2992,320;2996,306;3000,332;3005,318;3009,324;3013,322;3018,336;3022,336;3026,336;3031,320;3035,312;3039,324;3044,324;3048,324;3053,322;3057,322;3061,328;3066,328;3070,326;3074,326;3079,324;3083,316;3087,316;3092,316;3096,328;3100,326;3105,326;3109,318;3113,332;3118,316;3122,330;3127,314;3131,308;3135,320;3140,306;3144,332;3148,318;3153,330;3157,322;3161,336;3166,320;3170,334;3174,318;3179,332;3183,324;3188,324;3192,324;3196,322;3201,322;3205,326;3209,340;3214,324;3218,338;3222,322;3227,336;3231,328;3235,312;3240,312;3244,310;3248,324;3253,324;3257,344;3262,328;3266,328;3270,326;3275,326;3279,330;3283,316;3288,314;3292,314;3296,326;3301,326;3305,332;3309,330;3314,330;3318,314;3323,340;3327,326;3331,318;3336,330;3340,316;3344,328;3349,314;3353,334;3357,318;3362,332;3366,316;3370,330;3375,328;3379,318;3383,332;3388,332;3392,330;3397,316;3401,328;3405,320;3410,334;3414,318;3418,332;3423,316;3427,322;3431,322;3436,320;3440,320;3444,320;3449,318;3453,324;3457,338;3462,322;3466,336;3471,322;3475,312;3479,312;3484,312;3488,326;3492,324;3497,324;3501,314;3505,328;3510,314;3514,328;3518,324;3523,324;3527,330;3531,316;3536,328;3540,312;3545,326;3549,318;3553,332;3558,316;3562,330;3566,314;3571,328;3575,334;3579,318;3584,332;3588,316;3592,330;3597,316;3601,336;3605,320;3610,334;3614,320;3619,332;3623,318;3627,324;3632,322;3636,322;3640,322;3645,320;3649,340;3653,326;3658,340;3662,324;3666,338;3671,324;3675,314;3679,314;3684,314;3688,328;3693,326;3697,324;3701,318;3706,332;3710,330;3714,330;3719,328;3723,306;3727,334;3732,320;3736,332;3740,318;3745,332;3749,324;3754,338;3758,322;3762,336;3767,322;3771,328;3775,326;3780,312;3784,324;3788,324;3793,324;3797,328;3801,330;3806,314;3810,340;3814,326;3819,326;3823,330;3828,330;3832,330;3836,314;3841,328;3845,320;3849,332;3854,330;3858,332;3862,316;3867,330;3871,322;3875,320;3880,334;3884,318;3888,318;3893,318;3897,324;3902,322;3906,324;3910,336;3915,336;3919,312;3923,312;3928,338;3932,324;3936,324;3941,308;3945,328;3949,326;3954,340;3958,324;3962,324;3967,324;3971,314;3976,342;3980,326;3984,326;3989,312;3993,332;3997,330;4002,344;4006,328;4010,342;4015,314;4019,332;4023,332;4028,316;4032,330;4036,330;4041,330;4045,320;4050,334;4054,320;4058,332;4063,316;4067,322;4071,322;4076,320;4080,320;4084,320;4089,332;4093,324;4097,338;4102,322;4106,336;4110,320;4115,334;4119,326;4124,312;4128,324;4132,324;4137,322;4141,328;4145,328;4150,326;4154,326;4158,324;4163,338;4167,330;4171,314;4176,314;4180,314;4184,340;4189,328;4193,334;4198,318;4202,332;4206,332;4211,330;4215,322;4219,308;4224,334;4228,320;4232,320;4237,318;4241,338;4245,322;4250,336;4254,322;4258,334;4263,320;4267,312;4272,324;4276,324;4280,322;4285,322;4289,328;4293,328;4298,326;4302,326;4306,326;4311,324;4315,316;4319,330;4324,314;4328,328;4333,312;4337,340;4341,318;4346,330;4350,316;4354,330;4359,314;4363,320;4367,320;4372,318;4376,332;4380,318;4385,332;4389,322;4393,336;4398,320;4402,334;4407,320;4411,312;4415,324;4420,310;4424,324;4428,322;4433,322;4437,328;4441,342;4446,326;4450,340;4454,324;4459,338;4463,328;4468,314;4472,314;4476,328;4481,326;4485,332;4489,332;4494,330;4498,330;4502,314;4507,328;4511,334;4515,318;4520,332;4524,318;4528,330;4533,316;4537,336;4542,320;4546,334;4550,320;4555,332;4559,320;4563,324;4568,322;4572,308;4576,320;4581,306;4585,340;4589,312;4594,324;4598,324;4602,324;4607,320;4611,326;4616,326;4620,312;4624,324;4629,324;4633,324;4637,328;4642,328;4646,314;4650,340;4655,312;4659,318;4663,330;4668,330;4672,330;4676,316;4681,328;4685,320;4690,320;4694,320;4698,332;4703,318;4707,310;4711,324;4716,322;4720,322;4724,308;4729,320;4733,326;4737,328;4742,326;4746,340;4750,324;4755,302;4759,328;4764,314;4768,328;4772,314;4777,326;4781,318;4785,332;4790,316;4794,344;4798,314;4803,328;4807,332;4811,304;4816,318;4820,316;4824,330;4829,316;4833,336;4838,320;4842,334;4846,318;4851,346;4855,324;4859,324;4864,322;4868,322;4872,322;4877,320;4881,326;4885,326;4890,338;4894,324;4898,336;4903,322;4907,328;4912,328;4916,312;4920,326;4925,310;4929,332;4933,316;4938,330;4942,328;4946,328;4951,328;4955,318;4959,318;4964,316;4968,330;4973,330;4977,328;4981,320;4986,334;4990,318;4994,332;4999,316;5003,322;5007,322;5012,306;5016,320;5020,318;5025,320;5029,324;5033,338;5038,322;5042,336;5047,320;5051,334;5055,324;5060,324;5064,324;5068,322;5073,322;5077,326;5081,324;5086,324;5090,324;5094,322;5099,322;5103,328;5107,312;5112,312;5116,298;5121,324;5125,310;5129,330;5134,330;5138,330;5142,328;5147,328;5151,320;5155,318;5160,332;5164,316;5168,330;5173,316;5177,334;5181,320;5186,332;5190,332;5195,346;5199,322;5203,308;5208,322;5212,306;5216,320;5221,320;5225,340;5229,324;5234,338;5238,322;5242,336;5247,320;5251,328;5255,326;5260,326;5264,326;5269,324;5273,324;5277,316;5282,330;5286,328;5290,328;5295,326;5299,332;5303,332;5308,316;5312,316;5316,314;5321,328;5325,320;5330,334;5334,320;5338,332;5343,318;5347,322;5351,324;5356,320;5360,320;5364,306;5369,332;5373,310;5377,324;5382,322;5386,336;5390,320;5395,334;5399,326;5404,312;5408,324;5412,308;5417,308;5421,314;5425,328;5430,326;5434,340;5438,326;5443,338;5447,316;5451,314;5456,314;5460,326;5464,326;5469,324;5473,332;5478,330;5482,330;5486,314;5491,328;5495,320;5499,318;5504,318;5508,318;5512,330;5517,316;5521,336;5525,334;5530,336;5534,334;5538,332;5543,318;5547,326;5552,324;5556,322;5560,322;5565,306;5569,340;5573,324;5578,338;5582,324;5586,336;5591,322;5595,328;5599,328;5604,312;5608,326;5612,310;5617,338;5621,316;5626,330;5630,316;5634,342;5639,328;5643,320;5647,318;5652,318;5656,330;5660,316;5665,330;5669,322;5673,334;5678,320;5682,334;5687,318;5691,310;5695,310;5700,308;5704,308;5708,306;5713,320;5717,310;5721,312;5726,310;5730,324;5734,310;5739,310;5743,314;5747,300;5752,314;5756,314;5761,312;5765,304;5769,318;5774,304;5778,316;5782,316;5787,316;5791,306;5795,292;5800,320;5804,304;5808,304;5813,302;5817,322;5821,294;5826,308;5830,306;5835,320;5839,298;5843,298;5848,312;5852,312;5856,310;5861,310;5865,316;5869,302;5874,302;5878,300;5882,314;5887,300;5891,306;5895,318;5900,304;5904,304;5909,304;5913,310;5917,296;5922,308;5926,308;5930,322;5935,308;5939,314;5943,312;5948,298;5952,312;5956,298;5961,312;5965,318;5969,318;5974,316;5978,330;5983,314;5987,292;5991,306;5996,304;6000,318;6004,304;6009,302;6013,308;6017,322;6022,306;6026,320;6030,306;6035,284;6039,282;6044,282;6048,280;6052,294;6057,280;6061,286;6065,298;6070,284;6074,270;6078,282;6083,274;6087,274;6091,286;6096,272;6100,272;6104,272;6109,276;6113,276;6118,274;6122,288;6126,286;6131,272;6135,278;6139,278;6144,276;6148,262;6152,276;6157,282;6161,280;6165,280;6170,280;6174,278;6179,278;6183,270;6187,284;6192,270;6196,268;6200,268;6205,268;6209,272;6213,272;6218,272;6222,272;6226,284;6231,276;6235,262;6239,274;6244,274;6248,274;6253,274;6257,266;6261,278;6266,292;6270,278;6274,262;6279,260;6283,268;6287,280;6292,280;6296,264;6300,264;6305,284;6309,284;6313,268;6318,268;6322,282;6327,280;6331,272;6335,272;6340,272;6344,284;6348,270;6353,282;6357,290;6361,274;6366,274;6370,272;6374,272;6379,278;6383,278;6387,276;6392,276;6396,276;6401,274;6405,280;6409,280;6414,278;6418,292;6422,292;6427,292;6431,268;6435,268;6440,282;6444,280;6448,280;6453,272;6457,242;6461,284;6466,284;6470,282;6475,282;6479,274;6483,272;6488,256;6492,258;6496,270;6501,272;6505,262;6509,290;6514,288;6518,288;6522,286;6527,292;6531,278;6535,292;6540,276;6544,290;6549,276;6553,240;6557,280;6562,280;6566,280;6570,280;6575,270;6579,270;6583,256;6588,254;6592,268;6596,268;\r\nBuffer sent in 0.973 secondsreturn;buffer;965\r\n'), 11:02:14
bytearray(b'received from UR: measure -> measure (0,1)\r\nSTEPPER: Moving to mstep: 6600 with speed [msteps/sec]: 1000 in StealthChop.\r\n'), 11:02:15
bytearray(b'STEPPER: Moving to mstep: 2400 with speed [msteps/sec]: 4000 in SpreadCycle.\r\n'), 11:02:19
bytearray(b'STEPPER: Moved 4200.00 msteps (ramp: 35%) in 1324.880 ms -> average speed [msteps/sec]: 3170.10\r\nreturn;measure;965\r\n'), 11:02:21
bytearray(b'received from UR: buffer -> buffer (0,1)\r\nSending buffer of size 965data;2400,300;2404,438;2408,206;2413,278;2417,306;2421,326;2426,340;2430,324;2434,338;2439,324;2443,316;2447,330;2452,314;2456,328;2460,314;2465,314;2469,334;2474,334;2478,332;2482,332;2487,332;2491,310;2495,338;2500,324;2504,322;2508,322;2513,322;2517,328;2521,326;2526,326;2530,326;2534,324;2539,324;2543,330;2548,316;2552,328;2556,314;2561,314;2565,320;2569,334;2574,318;2578,330;2582,316;2587,330;2591,322;2595,308;2600,320;2604,306;2608,320;2613,318;2617,338;2622,324;2626,338;2630,322;2635,336;2639,328;2643,328;2648,326;2652,312;2656,324;2661,310;2665,330;2669,330;2674,330;2678,328;2682,328;2687,328;2691,320;2696,320;2700,318;2704,318;2709,318;2713,338;2717,322;2722,336;2726,320;2730,334;2735,320;2739,312;2743,324;2748,310;2752,338;2756,322;2761,336;2765,328;2770,340;2774,312;2778,340;2783,324;2787,316;2791,314;2796,316;2800,330;2804,328;2809,328;2813,320;2817,332;2822,318;2826,334;2830,332;2835,346;2839,324;2844,324;2848,324;2852,322;2857,322;2861,316;2865,330;2870,328;2874,328;2878,326;2883,328;2887,318;2891,318;2896,332;2900,318;2904,316;2909,316;2913,336;2918,320;2922,334;2926,320;2931,332;2935,324;2939,310;2944,336;2948,322;2952,336;2957,322;2961,328;2965,326;2970,340;2974,326;2979,338;2983,316;2987,316;2992,330;2996,328;3000,328;3005,312;3009,334;3013,318;3018,332;3022,330;3026,330;3031,328;3035,320;3039,320;3044,306;3048,320;3053,318;3057,318;3061,324;3066,338;3070,322;3074,336;3079,322;3083,328;3087,326;3092,312;3096,326;3100,310;3105,310;3109,330;3114,330;3118,330;3122,328;3127,328;3131,306;3135,332;3140,318;3144,332;3148,316;3153,316;3157,322;3161,336;3166,320;3170,334;3174,320;3179,334;3183,326;3188,326;3192,326;3196,310;3201,324;3205,328;3209,342;3214,314;3218,342;3222,314;3227,328;3231,320;3235,304;3240,318;3244,318;3248,330;3253,316;3257,336;3262,322;3266,334;3270,318;3275,332;3279,324;3283,324;3288,324;3292,322;3296,322;3301,320;3305,326;3309,326;3314,326;3318,324;3322,324;3327,338;3331,314;3336,314;3340,312;3344,340;3349,324;3353,332;3357,318;3362,330;3366,330;3370,330;3375,314;3379,306;3383,320;3388,318;3392,332;3396,316;3401,330;3405,322;3410,336;3414,320;3418,336;3423,320;3427,312;3431,326;3436,310;3440,324;3444,324;3449,322;3453,328;3457,330;3462,328;3466,328;3470,312;3475,326;3479,330;3484,316;3488,330;3492,328;3497,328;3501,320;3505,334;3510,318;3514,332;3518,318;3523,330;3527,322;3531,308;3536,322;3540,322;3545,334;3549,320;3553,328;3558,326;3562,324;3566,326;3571,340;3575,316;3579,316;3584,330;3588,328;3592,328;3597,314;3601,334;3605,320;3610,334;3614,318;3619,334;3623,318;3627,324;3632,324;3636,324;3640,322;3645,308;3649,342;3653,314;3658,342;3662,314;3666,328;3671,326;3675,320;3680,332;3684,318;3688,320;3693,320;3697,326;3701,326;3706,326;3710,324;3714,324;3719,324;3723,316;3727,328;3732,314;3736,314;3740,314;3745,340;3749,320;3754,332;3758,318;3762,332;3767,316;3771,322;3775,336;3780,320;3784,334;3788,306;3793,320;3797,326;3801,338;3806,324;3810,338;3814,322;3819,336;3823,328;3828,328;3832,328;3836,314;3841,326;3845,318;3849,332;3854,316;3858,332;3862,330;3867,330;3871,308;3875,308;3880,334;3884,322;3888,320;3893,320;3897,326;3902,326;3906,326;3910,324;3915,338;3919,330;3923,328;3928,328;3932,314;3936,328;3941,328;3945,334;3949,318;3954,332;3958,318;3962,330;3967,330;3971,322;3976,322;3980,306;3984,320;3989,306;3993,334;3997,312;4002,340;4006,324;4010,338;4015,324;4019,316;4023,316;4028,314;4032,328;4036,328;4041,328;4045,320;4050,334;4054,318;4058,332;4063,330;4067,322;4071,322;4076,320;4080,320;4084,320;4089,334;4093,324;4097,324;4102,324;4106,336;4110,322;4115,336;4119,328;4124,326;4128,326;4132,312;4137,326;4141,318;4145,332;4150,316;4154,330;4158,328;4163,328;4167,334;4171,320;4176,320;4180,306;4184,334;4189,318;4193,324;4198,324;4202,338;4206,322;4211,336;4215,328;4219,328;4224,326;4228,312;4232,326;4237,310;4241,332;4245,330;4250,330;4254,330;4259,328;4263,320;4267,320;4272,320;4276,306;4280,332;4285,332;4289,324;4293,324;4298,324;4302,324;4306,322;4311,322;4315,314;4319,328;4324,314;4328,314;4333,296;4337,326;4341,332;4346,332;4350,318;4354,332;4359,316;4363,322;4367,336;4372,322;4376,320;4380,306;4385,334;4389,324;4393,340;4398,324;4402,338;4407,322;4411,314;4415,328;4420,326;4424,326;4428,312;4433,326;4437,318;4441,332;4446,330;4450,344;4454,328;4459,344;4463,320;4467,306;4472,320;4476,320;4481,332;4485,324;4489,338;4494,322;4498,336;4502,320;4507,334;4511,326;4515,326;4520,324;4524,310;4528,338;4533,324;4537,330;4541,328;4546,328;4550,326;4555,326;4559,324;4563,318;4568,330;4572,316;4576,330;4581,316;4585,336;4589,320;4594,336;4598,320;4602,334;4607,318;4611,310;4615,338;4620,324;4624,322;4629,322;4633,320;4637,328;4642,328;4646,326;4650,340;4655,324;4659,316;4663,330;4668,330;4672,328;4676,314;4681,314;4685,320;4689,334;4694,318;4698,318;4703,318;4707,324;4711,322;4716,308;4720,322;4724,306;4729,334;4733,326;4737,326;4742,324;4746,324;4750,322;4755,336;4759,328;4764,312;4768,324;4772,310;4777,338;4781,316;4785,330;4790,314;4794,342;4798,314;4803,326;4807,332;4811,316;4816,330;4820,314;4824,314;4829,312;4833,348;4838,318;4842,332;4846,316;4851,330;4855,320;4859,320;4864,332;4868,332;4872,330;4877,316;4881,336;4885,336;4890,334;4894,320;4898,334;4903,318;4907,324;4912,324;4916,322;4920,322;4925,320;4929,328;4933,326;4938,338;4942,324;4946,324;4951,322;4955,316;4959,328;4964,312;4968,314;4972,312;4977,338;4981,316;4986,330;4990,316;4994,330;4999,314;5003,320;5007,334;5012,318;5016,318;5020,318;5025,316;5029,322;5033,336;5038,322;5042,336;5047,320;5051,334;5055,326;5060,312;5064,324;5068,310;5073,324;5077,330;5081,328;5086,328;5090,328;5094,314;5099,326;5103,318;5107,318;5112,330;5116,302;5121,316;5125,314;5129,336;5134,320;5138,334;5142,318;5147,332;5151,324;5155,310;5160,322;5164,308;5168,336;5173,322;5177,328;5181,314;5186,340;5190,312;5195,326;5199,324;5203,316;5208,330;5212,314;5216,314;5221,314;5225,334;5229,318;5234,332;5238,316;5242,330;5247,328;5251,320;5255,320;5260,320;5264,332;5269,318;5273,332;5277,324;5282,324;5286,322;5290,336;5295,322;5299,312;5303,326;5308,326;5312,324;5316,324;5321,324;5325,330;5329,330;5334,328;5338,328;5343,326;5347,318;5351,332;5356,318;5360,330;5364,316;5369,330;5373,322;5377,336;5382,322;5386,336;5390,322;5395,336;5399,328;5403,314;5408,326;5412,312;5417,326;5421,326;5425,332;5430,332;5434,332;5438,330;5443,330;5447,322;5451,322;5456,322;5460,322;5464,322;5469,308;5473,328;5478,326;5482,326;5486,326;5491,326;5495,318;5499,304;5504,318;5508,318;5512,318;5517,316;5521,338;5525,322;5530,336;5534,320;5538,334;5543,320;5547,312;5552,326;5556,310;5560,324;5565,322;5569,330;5573,328;5578,342;5582,328;5586,340;5591,312;5595,318;5599,330;5604,316;5608,328;5612,328;5617,328;5621,318;5626,332;5630,318;5634,332;5639,316;5643,324;5647,322;5652,322;5656,322;5660,320;5665,320;5669,326;5673,326;5678,324;5682,324;5686,310;5691,302;5695,328;5700,314;5704,314;5708,312;5713,312;5717,318;5721,318;5726,316;5730,316;5734,316;5739,316;5743,322;5747,308;5752,322;5756,306;5760,306;5765,312;5769,312;5774,298;5778,310;5782,310;5787,310;5791,302;5795,300;5800,300;5804,300;5808,314;5813,312;5817,318;5821,304;5826,316;5830,302;5834,316;5839,308;5843,308;5848,292;5852,306;5856,320;5861,306;5865,312;5869,310;5874,310;5878,294;5882,296;5887,308;5891,300;5895,300;5900,300;5904,300;5909,298;5913,304;5917,304;5922,318;5926,302;5930,316;5935,314;5939,306;5943,306;5948,292;5952,320;5956,306;5961,318;5965,310;5969,324;5974,310;5978,322;5983,308;5987,300;5991,312;5996,298;6000,312;6004,296;6009,324;6013,302;6017,316;6022,300;6026,302;6030,300;6035,292;6039,290;6043,290;6048,276;6052,274;6057,274;6061,280;6065,280;6070,280;6074,292;6078,292;6083,278;6087,284;6091,284;6096,282;6100,282;6104,280;6109,274;6113,272;6118,286;6122,286;6126,270;6131,284;6135,290;6139,290;6144,274;6148,274;6152,274;6157,274;6161,280;6165,280;6170,278;6174,278;6178,278;6183,270;6187,284;6192,268;6196,268;6200,268;6205,268;6209,274;6213,258;6218,272;6222,272;6226,272;6231,286;6235,278;6239,262;6244,276;6248,262;6252,260;6257,282;6261,280;6266,252;6270,280;6274,292;6279,292;6283,270;6287,268;6292,268;6296,268;6300,266;6305,260;6309,258;6313,258;6318,272;6322,272;6326,284;6331,276;6335,276;6340,262;6344,274;6348,274;6353,288;6357,280;6361,294;6366,278;6370,264;6374,262;6379,276;6383,284;6387,282;6392,282;6396,280;6400,294;6405,272;6409,286;6414,284;6418,284;6422,270;6427,240;6431,274;6435,274;6440,274;6444,272;6448,272;6453,278;6457,278;6461,276;6466,276;6470,276;6474,232;6479,280;6483,280;6488,266;6492,266;6496,264;6501,264;6505,284;6509,284;6514,268;6518,282;6522,280;6527,286;6531,274;6535,286;6540,258;6544,272;6549,270;6553,290;6557,276;6562,276;6566,274;6570,288;6575,274;6579,280;6583,266;6588,278;6592,278;6596,278;\r\nBuffer sent in 0.973 secondsreturn;buffer;965\r\n'), 11:02:23
bytearray(b'received from UR: measure -> measure (0,1)\r\nSTEPPER: Moving to mstep: 6600 with speed [msteps/sec]: 1000 in StealthChop.\r\n'), 11:02:24
bytearray(b'STEPPER: Moving to mstep: 2400 with speed [msteps/sec]: 4000 in SpreadCycle.\r\n'), 11:02:28
bytearray(b'STEPPER: Moved 4200.00 msteps (ramp: 35%) in 1324.888 ms -> average speed [msteps/sec]: 3170.08\r\nreturn;measure;964\r\n'), 11:02:29
bytearray(b'received from UR: buffer -> buffer (0,1)\r\nSending buffer of size 964data;2400,300;2404,454;2408,166;2413,280;2417,308;2421,328;2426,342;2430,328;2434,342;2439,326;2443,304;2447,318;2452,318;2456,330;2460,316;2465,330;2469,322;2474,336;2478,320;2482,334;2487,318;2491,326;2495,324;2500,310;2504,322;2508,322;2513,336;2517,328;2521,328;2526,326;2530,326;2535,324;2539,324;2543,330;2548,316;2552,328;2556,314;2561,328;2565,320;2569,332;2574,318;2578,332;2582,316;2587,330;2591,322;2595,308;2600,334;2604,320;2609,330;2613,312;2617,324;2622,324;2626,338;2630,322;2635,336;2639,328;2643,314;2648,328;2652,312;2656,340;2661,326;2665,318;2669,316;2674,330;2678,316;2683,330;2687,320;2691,320;2696,320;2700,318;2704,332;2709,318;2713,324;2717,322;2722,336;2726,320;2730,334;2735,334;2739,312;2743,326;2748,310;2752,324;2757,308;2761,322;2765,314;2770,342;2774,326;2778,340;2783,312;2787,316;2791,330;2796,314;2800,328;2804,314;2809,326;2813,318;2817,332;2822,316;2826,332;2831,316;2835,320;2839,334;2844,320;2848,334;2852,332;2857,318;2861,322;2865,336;2870,320;2874,334;2878,320;2883,334;2887,324;2891,324;2896,324;2900,322;2905,336;2909,328;2913,326;2918,326;2922,326;2926,324;2931,338;2935,330;2939,328;2944,342;2948,312;2952,326;2957,310;2961,330;2965,330;2970,342;2974,326;2979,340;2983,312;2987,316;2992,330;2996,314;3000,328;3005,298;3009,332;3013,318;3018,332;3022,316;3026,330;3031,314;3035,320;3040,332;3044,318;3048,330;3053,330;3057,334;3061,320;3066,320;3070,318;3074,332;3079,316;3083,322;3087,322;3092,308;3096,320;3100,320;3105,334;3109,310;3114,324;3118,324;3122,324;3127,322;3131,328;3135,328;3140,312;3144,328;3148,312;3153,338;3157,332;3161,332;3166,316;3170,330;3174,328;3179,342;3183,320;3188,304;3192,332;3196,316;3201,330;3205,322;3209,322;3218,334;3222,320;3227,334;3231,338;3235,324;3240,324;3244,310;3248,322;3253,308;3257,342;3262,326;3266,340;3270,326;3275,340;3279,330;3283,316;3288,330;3292,328;3296,328;3301,314;3305,334;3309,318;3314,332;3318,316;3322,330;3327,316;3331,320;3336,334;3340,320;3344,320;3349,304;3353,338;3357,324;3362,338;3366,322;3370,336;3375,320;3379,312;3383,326;3388,312;3392,326;3396,310;3401,324;3405,316;3410,330;3414,316;3418,342;3423,326;3427,318;3431,332;3436,318;3440,332;3444,330;3449,316;3453,322;3457,336;3462,320;3466,334;3470,320;3475,312;3479,324;3484,310;3488,324;3492,322;3497,322;3501,314;3505,326;3510,326;3514,326;3518,324;3523,338;3527,316;3531,300;3536,328;3540,314;3544,340;3549,326;3553,318;3558,316;3562,330;3566,328;3571,342;3575,320;3579,306;3584,332;3588,318;3592,346;3597,330;3601,322;3605,320;3610,334;3614,318;3618,334;3623,316;3627,310;3632,322;3636,320;3640,320;3645,320;3649,340;3653,324;3658,338;3662,324;3666,336;3671,322;3675,328;3679,326;3684,326;3688,324;3692,324;3697,338;3701,328;3706,328;3710,328;3714,326;3719,326;3723,332;3727,330;3732,316;3736,328;3740,314;3745,328;3749,320;3753,332;3758,318;3762,332;3767,330;3771,308;3775,322;3780,306;3784,334;3788,320;3793,334;3797,310;3801,324;3806,322;3810,336;3814,322;3819,336;3823,328;3827,312;3832,326;3836,326;3841,340;3845,316;3849,330;3854,316;3858,330;3862,316;3867,330;3871,322;3875,320;3880,334;3884,320;3888,332;3893,318;3897,324;3901,324;3906,324;3910,322;3915,322;3919,328;3923,312;3928,326;3932,312;3936,340;3941,324;3945,318;3949,316;3954,330;3958,328;3962,328;3967,326;3971,318;3975,332;3980,318;3984,330;3989,316;3993,328;3997,320;4002,334;4006,318;4010,334;4015,318;4019,310;4023,322;4028,308;4032,320;4036,320;4041,318;4045,326;4050,340;4054,324;4058,336;4063,322;4067,328;4071,328;4076,312;4080,326;4084,326;4089,340;4093,316;4097,330;4102,316;4106,330;4110,328;4115,328;4119,320;4124,318;4128,332;4132,318;4137,332;4141,322;4145,322;4150,322;4154,334;4158,332;4163,332;4167,324;4171,310;4176,324;4180,322;4184,336;4189,320;4193,326;4198,326;4202,338;4206,324;4211,338;4215,328;4219,314;4224,328;4228,314;4232,340;4237,326;4241,332;4245,316;4250,330;4254,314;4258,328;4263,326;4267,318;4272,332;4276,318;4280,330;4285,330;4289,322;4293,320;4298,334;4302,320;4306,334;4311,318;4315,310;4319,324;4324,308;4328,336;4332,306;4337,320;4341,326;4346,326;4350,324;4354,324;4359,322;4363,316;4367,328;4372,314;4376,340;4380,312;4385,326;4389,316;4393,332;4398,316;4402,330;4407,314;4411,320;4415,332;4420,318;4424,332;4428,330;4433,330;4437,322;4441,336;4446,320;4450,334;4454,320;4459,332;4463,324;4467,324;4472,336;4476,320;4481,334;4485,320;4489,326;4494,324;4498,324;4502,322;4507,322;4511,328;4515,314;4520,326;4524,310;4528,324;4533,310;4537,330;4541,328;4546,328;4550,326;4555,326;4559,324;4563,316;4568,344;4572,328;4576,328;4581,312;4585,332;4589,318;4594,332;4598,316;4602,330;4607,314;4611,320;4615,332;4620,332;4624,318;4629,316;4633,330;4637,322;4642,334;4646,320;4650,334;4655,318;4659,310;4663,324;4668,308;4672,322;4676,320;4681,334;4685,326;4689,326;4694,326;4698,326;4703,324;4707,324;4711,328;4716,314;4720,328;4724,312;4729,340;4733,318;4737,318;4742,316;4746,330;4750,328;4755,328;4759,320;4763,304;4768,332;4772,316;4777,344;4781,320;4785,320;4790,318;4794,332;4798,318;4803,346;4807,322;4811,308;4816,336;4820,320;4824,334;4829,320;4833,340;4837,324;4842,338;4846,322;4851,336;4855,328;4859,314;4864,326;4868,326;4872,340;4877,324;4881,330;4885,316;4890,328;4894,326;4898,326;4903,326;4907,316;4912,330;4916,316;4920,342;4925,326;4929,318;4933,318;4938,330;4942,316;4946,330;4951,328;4955,306;4959,332;4964,318;4968,332;4972,316;4977,330;4981,322;4986,336;4990,320;4994,334;4999,318;5003,310;5007,324;5012,322;5016,336;5020,320;5025,334;5029,326;5033,338;5038,324;5042,338;5046,310;5051,314;5055,328;5060,314;5064,328;5068,312;5073,326;5077,316;5081,330;5086,330;5090,330;5094,328;5099,328;5103,320;5107,316;5112,332;5116,330;5120,330;5125,314;5129,334;5134,320;5138,332;5142,318;5147,318;5151,324;5155,310;5160,324;5164,308;5168,322;5173,306;5177,340;5181,326;5186,340;5190,324;5194,338;5199,322;5203,314;5208,328;5212,312;5216,326;5221,312;5225,330;5229,316;5234,330;5238,316;5242,342;5247,328;5251,306;5255,318;5260,316;5264,330;5268,316;5273,330;5277,322;5282,334;5286,320;5290,334;5295,318;5299,324;5303,324;5308,322;5312,322;5316,320;5321,334;5325,326;5329,324;5334,324;5338,324;5343,322;5347,314;5351,328;5356,300;5360,326;5364,312;5369,324;5373,330;5377,330;5382,328;5386,330;5390,314;5395,328;5399,332;5403,318;5408,330;5412,316;5417,328;5421,314;5425,334;5430,318;5434,332;5438,316;5443,330;5447,334;5451,334;5456,318;5460,318;5464,330;5469,316;5473,320;5477,320;5482,320;5486,318;5491,332;5495,330;5499,308;5504,320;5508,306;5512,318;5517,318;5521,324;5525,322;5530,322;5534,320;5538,334;5543,318;5547,310;5551,324;5556,308;5560,336;5565,320;5569,334;5573,326;5578,326;5582,324;5586,338;5591,322;5595,314;5599,328;5604,298;5608,326;5612,310;5617,324;5621,328;5625,342;5630,326;5634,340;5639,324;5643,316;5647,330;5652,328;5656,328;5660,312;5665,326;5669,316;5673,330;5678,314;5682,314;5686,312;5691,326;5695,318;5700,304;5704,316;5708,300;5713,314;5717,320;5721,318;5726,318;5730,316;5734,302;5739,314;5743,320;5747,306;5752,318;5756,304;5760,304;5765,308;5769,322;5774,308;5778,320;5782,306;5787,320;5791,310;5795,296;5800,310;5804,308;5808,322;5813,306;5817,312;5821,312;5826,310;5830,296;5834,324;5839,308;5843,300;5848,298;5852,298;5856,310;5861,296;5865,316;5869,314;5874,314;5878,312;5882,312;5887,310;5891,302;5895,302;5900,300;5904,314;5908,298;5913,304;5917,302;5922,302;5926,302;5930,314;5935,314;5939,306;5943,304;5948,304;5952,316;5956,316;5961,314;5965,306;5969,320;5974,304;5978,318;5982,302;5987,308;5991,322;5996,306;6000,320;6004,304;6009,304;6013,310;6017,322;6022,308;6026,308;6030,304;6035,284;6039,282;6043,282;6048,280;6052,280;6057,292;6061,286;6065,298;6070,298;6074,282;6078,282;6083,294;6087,286;6091,270;6096,284;6100,270;6104,282;6109,288;6113,286;6117,286;6122,256;6126,284;6131,298;6135,274;6139,260;6144,272;6148,258;6152,284;6157,284;6161,290;6165,274;6170,274;6174,272;6178,286;6183,276;6187,262;6191,276;6196,260;6200,272;6205,258;6209,292;6213,278;6218,290;6222,274;6226,274;6231,266;6235,266;6239,278;6244,262;6248,276;6252,276;6257,268;6261,280;6266,294;6270,278;6274,278;6279,276;6283,282;6287,282;6292,266;6296,280;6300,250;6305,278;6309,284;6313,268;6318,282;6322,296;6326,280;6331,272;6335,286;6340,284;6344,284;6348,282;6353,282;6357,288;6361,274;6366,272;6370,284;6374,284;6379,276;6383,274;6387,274;6392,286;6396,272;6400,272;6405,276;6409,276;6414,276;6418,288;6422,288;6427,274;6431,278;6435,264;6440,276;6444,276;6448,274;6453,274;6457,278;6461,280;6466,266;6470,278;6474,292;6479,284;6483,282;6488,268;6492,282;6496,266;6501,264;6505,284;6509,284;6514,282;6518,282;6522,266;6527,280;6531,272;6535,284;6540,284;6544,268;6548,282;6553,274;6557,286;6562,286;6566,284;6570,284;6575,268;6579,260;6583,272;6588,272;6592,272;6596,270;\r\nBuffer sent in 0.972 secondsreturn;buffer;964\r\n'), 11:02:31
bytearray(b'received from UR: measure -> measure (0,1)\r\nSTEPPER: Moving to mstep: 6600 with speed [msteps/sec]: 1000 in StealthChop.\r\n'), 11:02:32
bytearray(b'STEPPER: Moving to mstep: 2400 with speed [msteps/sec]: 4000 in SpreadCycle.\r\n'), 11:02:37
bytearray(b'STEPPER: Moved 4200.00 msteps (ramp: 35%) in 1324.880 ms -> average speed [msteps/sec]: 3170.10\r\nreturn;measure;965\r\n'), 11:02:38
bytearray(b'received from UR: buffer -> buffer (0,1)\r\nSending buffer of size 965data;2400,308;2404,470;2408,138;2413,280;2417,322;2421,328;2426,342;2430,312;2434,340;2439,324;2443,330;2447,330;2452,314;2456,328;2460,314;2465,328;2469,320;2474,334;2478,332;2482,332;2487,318;2491,322;2495,322;2500,308;2504,322;2508,320;2513,334;2517,326;2521,340;2526,324;2530,338;2534,324;2539,336;2543,328;2548,314;2552,326;2556,312;2561,326;2565,318;2569,332;2574,330;2578,344;2582,328;2587,342;2591,332;2595,304;2600,332;2604,316;2608,330;2613,300;2617,336;2622,320;2626,334;2630,318;2635,332;2639,324;2643,308;2648,322;2652,308;2656,322;2661,306;2665,340;2669,326;2674,326;2678,324;2682,338;2687,322;2691,314;2696,328;2700,312;2704,326;2709,310;2713,332;2717,330;2722,330;2726,328;2730,342;2735,328;2739,304;2743,332;2748,316;2752,330;2757,302;2761,328;2765,320;2770,334;2774,318;2778,346;2783,318;2787,308;2791,336;2796,308;2800,334;2804,306;2809,332;2813,324;2817,338;2822,322;2826,336;2831,322;2835,314;2839,326;2844,312;2848,326;2852,310;2857,324;2861,330;2865,344;2870,328;2874,342;2878,326;2883,340;2887,332;2891,316;2896,330;2900,314;2905,328;2909,314;2913,332;2918,318;2922,332;2926,330;2931,330;2935,336;2939,308;2944,334;2948,306;2952,332;2957,318;2961,338;2965,322;2970,336;2974,322;2979,336;2983,320;2987,312;2992,326;2996,310;3000,324;3005,308;3009,330;3013,314;3018,342;3022,328;3026,340;3031,324;3035,318;3039,316;3044,316;3048,328;3053,314;3057,328;3061,320;3066,334;3070,318;3074,332;3079,316;3083,310;3087,322;3092,308;3096,322;3100,306;3105,320;3109,326;3113,340;3118,324;3122,338;3127,324;3131,314;3135,328;3140,298;3144,326;3148,310;3153,324;3157,330;3161,344;3166,328;3170,342;3174,326;3179,340;3183,332;3187,302;3192,330;3196,314;3201,328;3205,320;3209,348;3214,318;3218,346;3222,318;3227,346;3231,322;3235,308;3240,322;3244,320;3248,334;3253,306;3257,340;3262,324;3266,338;3270,324;3275,336;3279,328;3283,314;3288,328;3292,314;3296,326;3301,312;3305,332;3309,330;3314,332;3318,330;3322,344;3327,328;3331,306;3336,334;3340,318;3344,332;3349,302;3353,336;3357,322;3362,336;3366,320;3370,334;3375,320;3379,310;3383,324;3388,310;3392,322;3396,308;3401,334;3405,326;3410,340;3414,326;3418,338;3423,324;3427,316;3431,330;3436,314;3440,328;3444,312;3449,326;3453,318;3457,332;3462,318;3466,332;3470,330;3475,308;3479,322;3484,308;3488,320;3492,306;3497,318;3501,324;3505,338;3510,324;3514,338;3518,322;3523,336;3527,328;3531,312;3536,326;3540,298;3544,324;3549,310;3553,330;3558,330;3562,342;3566,328;3571,342;3575,332;3579,318;3584,332;3588,302;3592,330;3597,314;3601,336;3605,320;3610,332;3614,318;3618,332;3623,316;3627,322;3632,322;3636,320;3640,334;3645,332;3649,324;3653,324;3658,338;3662,322;3666,336;3671,320;3675,314;3679,326;3684,312;3688,324;3692,324;3697,324;3701,328;3706,330;3710,328;3714,340;3719,324;3723,316;3727,330;3732,302;3736,328;3740,314;3745,328;3749,318;3753,332;3758,330;3762,330;3767,328;3771,308;3775,334;3780,306;3784,332;3788,318;3793,332;3797,324;3801,336;3806,322;3810,336;3814,320;3819,334;3823,326;3827,312;3832,324;3836,310;3841,324;3845,316;3849,344;3854,328;3858,342;3862,326;3867,340;3871,318;3875,304;3880,330;3884,316;3888,328;3893,314;3897,334;3901,320;3906,332;3910,318;3915,332;3919,322;3923,308;3928,322;3932,306;3936,334;3941,304;3945,340;3949,324;3954,338;3958,322;3962,336;3967,320;3971,312;3975,326;3980,310;3984,324;3989,308;3993,336;3997,328;4002,342;4006,326;4010,340;4015,324;4019,316;4023,330;4028,314;4032,328;4036,312;4041,326;4045,318;4050,346;4054,316;4058,344;4063,328;4067,306;4071,320;4076,318;4080,332;4084,318;4089,330;4093,322;4097,336;4102,320;4106,334;4110,332;4115,332;4119,324;4124,308;4128,322;4132,308;4137,334;4141,326;4145,340;4150,324;4154,338;4158,324;4163,338;4167,328;4171,314;4176,328;4180,312;4184,326;4189,310;4193,332;4198,316;4202,344;4206,328;4211,342;4215,332;4219,318;4224,330;4228,316;4232,330;4237,314;4241,334;4245,320;4250,334;4254,318;4258,332;4263,316;4267,308;4272,322;4276,306;4280,320;4285,318;4289,326;4293,324;4298,338;4302,322;4306,336;4311,322;4315,314;4319,326;4324,298;4328,326;4332,310;4337,324;4341,316;4346,330;4350,328;4354,328;4359,326;4363,318;4367,332;4372,302;4376,330;4380,314;4385,328;4389,318;4393,348;4398,318;4402,346;4406,316;4411,308;4415,334;4420,306;4424,332;4428,318;4433,330;4437,322;4441,336;4446,320;4450,348;4454,318;4459,346;4463,324;4467,308;4472,322;4476,320;4480,334;4485,318;4489,338;4494,324;4498,336;4502,322;4507,334;4511,326;4515,310;4520,324;4524,308;4528,322;4533,306;4537,340;4541,326;4546,340;4550,324;4555,336;4559,322;4563,312;4568,326;4572,310;4576,324;4581,310;4585,344;4589,328;4594,342;4598,326;4602,340;4607,324;4611,302;4615,330;4620,314;4624,328;4629,312;4633,326;4637,318;4642,330;4646,316;4650,344;4655,328;4659,306;4663,320;4668,318;4672,332;4676,304;4681,330;4685,322;4689,334;4694,318;4698,334;4703,332;4707,310;4711,324;4716,308;4720,322;4724,308;4729,322;4733,326;4737,340;4742,324;4746,338;4750,324;4755,336;4759,328;4763,314;4768,328;4772,312;4777,326;4781,318;4785,332;4790,316;4794,344;4798,330;4803,344;4807,334;4811,320;4816,334;4820,304;4824,332;4829,316;4833,338;4837,322;4842,336;4846,320;4851,348;4855,326;4859,312;4864,338;4868,324;4872,322;4877,322;4881,328;4885,328;4890,328;4894,324;4898,340;4903,324;4907,316;4911,330;4916,316;4920,330;4925,314;4929,328;4933,334;4938,332;4942,318;4946,332;4951,330;4955,308;4959,322;4964,320;4968,334;4972,304;4977,332;4981,324;4985,338;4990,322;4994,336;4999,320;5003,312;5007,326;5012,310;5016,324;5020,308;5025,322;5029,328;5033,342;5038,326;5042,340;5046,324;5051,340;5055,330;5060,316;5064,328;5068,314;5073,326;5077,320;5081,332;5086,318;5090,332;5094,330;5099,330;5103,320;5107,318;5112,320;5116,304;5120,330;5125,316;5129,336;5134,320;5138,334;5142,320;5147,332;5151,324;5155,308;5160,322;5164,306;5168,334;5173,320;5177,340;5181,324;5186,338;5190,322;5195,336;5199,320;5203,312;5208,326;5212,310;5216,322;5221,308;5225,342;5229,326;5234,340;5238,326;5242,338;5247,324;5251,316;5255,328;5260,314;5264,328;5269,312;5273,326;5277,316;5282,330;5286,316;5290,330;5295,314;5299,320;5303,334;5308,318;5312,332;5316,318;5321,332;5325,322;5329,336;5334,322;5338,334;5343,320;5347,312;5351,324;5356,310;5360,324;5364,308;5369,334;5373,326;5377,340;5382,324;5386,336;5390,322;5395,336;5399,326;5403,310;5408,324;5412,310;5417,322;5421,306;5425,342;5430,326;5434,340;5438,324;5443,338;5447,330;5451,314;5456,328;5460,312;5464,326;5469,312;5473,332;5477,330;5482,330;5486,316;5491,330;5495,322;5499,306;5504,320;5508,318;5512,318;5517,302;5521,338;5525,322;5530,336;5534,320;5538,334;5543,320;5547,312;5551,324;5556,310;5560,324;5565,308;5569,324;5573,328;5578,342;5582,326;5586,340;5591,324;5595,302;5599,330;5604,314;5608,328;5612,314;5617,326;5621,320;5625,334;5630,318;5634,332;5639,316;5643,322;5647,336;5652,336;5656,320;5660,320;5665,332;5669,324;5673,324;5678,310;5682,322;5686,308;5691,322;5695,328;5700,298;5704,312;5708,310;5713,310;5717,316;5721,328;5726,314;5730,326;5734,312;5739,326;5743,316;5747,288;5752,314;5756,300;5760,314;5765,306;5769,318;5774,318;5778,316;5782,316;5787,330;5791,306;5795,292;5800,306;5804,304;5808,304;5813,288;5817,322;5821,308;5826,320;5830,306;5835,320;5839,310;5843,296;5848,310;5852,294;5856,308;5861,292;5865,312;5869,312;5874,310;5878,308;5882,310;5887,308;5891,286;5895,312;5900,298;5904,310;5909,296;5913,316;5917,314;5922,314;5926,312;5930,326;5935,310;5939,288;5943,314;5948,300;5952,312;5956,298;5961,310;5965,316;5969,330;5974,314;5978,328;5983,312;5987,290;5991,318;5996,302;6000,316;6004,300;6009,314;6013,306;6017,320;6022,304;6026,318;6030,302;6035,278;6039,278;6043,278;6048,278;6052,276;6057,274;6061,282;6065,280;6070,280;6074,292;6078,292;6083,290;6087,282;6091,268;6096,280;6100,266;6104,294;6109,284;6113,284;6117,284;6122,268;6126,282;6131,296;6135,272;6139,286;6144,272;6148,256;6152,284;6157,282;6161,274;6165,272;6170,272;6174,286;6178,284;6183,290;6187,262;6191,274;6196,272;6200,272;6205,258;6209,292;6213,290;6218,276;6222,288;6226,288;6231,286;6235,264;6239,278;6244,276;6248,276;6252,274;6257,266;6261,280;6266,264;6270,278;6274,292;6279,276;6283,282;6287,282;6292,282;6296,280;6300,266;6305,284;6309,284;6313,268;6318,282;6322,282;6326,280;6331,272;6335,286;6340,270;6344,284;6348,270;6353,284;6357,288;6361,288;6366,286;6370,286;6374,284;6379,276;6383,276;6387,260;6392,288;6396,272;6400,286;6405,278;6409,292;6414,276;6418,262;6422,274;6427,260;6431,280;6435,266;6440,266;6444,264;6448,264;6453,284;6457,268;6461,282;6466,282;6470,278;6475,266;6479,286;6483,272;6488,284;6492,270;6496,270;6501,268;6505,260;6509,288;6514,288;6518,286;6522,286;6527,278;6531,262;6535,276;6540,262;6544,274;6549,260;6553,280;6557,280;6562,294;6566,278;6570,278;6575,278;6579,284;6583,282;6588,268;6592,280;6596,266;\r\nBuffer sent in 0.973 secondsreturn;buffer;965\r\n'), 11:02:40
bytearray(b'received from UR: measure -> measure (0,1)\r\nSTEPPER: Moving to mstep: 6600 with speed [msteps/sec]: 1000 in StealthChop.\r\n'), 11:02:41
bytearray(b'STEPPER: Moving to mstep: 2400 with speed [msteps/sec]: 4000 in SpreadCycle.\r\n'), 11:02:45
bytearray(b'STEPPER: Moved 4200.00 msteps (ramp: 35%) in 1324.892 ms -> average speed [msteps/sec]: 3170.07\r\nreturn;measure;965\r\n'), 11:02:46
bytearray(b'received from UR: buffer -> buffer (0,1)\r\nSending buffer of size 965data;2400,308;2404,456;2408,168;2413,282;2417,310;2421,330;2426,344;2430,314;2434,342;2439,314;2443,334;2447,320;2452,318;2456,332;2460,318;2465,330;2469,322;2473,322;2478,322;2482,334;2487,318;2491,326;2495,324;2500,324;2504,324;2508,322;2513,336;2517,314;2521,326;2526,326;2530,326;2534,324;2539,324;2543,328;2547,316;2552,330;2556,314;2561,328;2565,320;2569,332;2574,318;2578,332;2582,316;2587,330;2591,336;2595,322;2600,334;2604,320;2608,320;2613,306;2617,340;2621,324;2626,338;2630,324;2635,336;2639,328;2643,314;2648,328;2652,314;2656,326;2661,312;2665,332;2669,318;2674,332;2678,316;2682,330;2687,314;2691,320;2696,320;2700,316;2704,332;2709,318;2713,318;2717,324;2722,336;2726,336;2730,336;2735,320;2739,312;2743,326;2748,326;2752,338;2756,310;2761,322;2765,316;2770,330;2774,328;2778,342;2783,326;2787,304;2791,332;2796,316;2800,330;2804,314;2809,328;2813,320;2817,334;2822,318;2826,346;2830,330;2835,308;2839,320;2844,306;2848,334;2852,320;2857,332;2861,310;2865,324;2870,322;2874,336;2878,322;2883,334;2887,326;2891,312;2896,324;2900,324;2904,338;2909,316;2913,326;2918,328;2922,328;2926,326;2931,324;2935,330;2939,316;2944,328;2948,314;2952,328;2957,312;2961,332;2965,318;2970,332;2974,316;2979,344;2983,322;2987,306;2992,320;2996,304;3000,332;3005,316;3009,336;3013,322;3018,336;3022,320;3026,334;3031,318;3035,326;3039,324;3044,310;3048,322;3053,322;3057,336;3061,312;3066,326;3070,312;3074,324;3079,322;3083,330;3087,314;3092,314;3096,326;3100,312;3105,326;3109,316;3113,316;3118,314;3122,328;3127,326;3131,320;3135,320;3140,318;3144,332;3148,316;3153,330;3157,322;3161,334;3166,320;3170,334;3174,318;3179,332;3183,338;3187,308;3192,336;3196,320;3201,334;3205,320;3209,340;3214,324;3218,338;3222,322;3227,336;3231,328;3235,312;3240,326;3244,310;3248,324;3253,324;3257,330;3261,314;3266,328;3270,314;3275,328;3279,326;3283,332;3288,318;3292,316;3296,330;3301,316;3305,336;3309,320;3314,320;3318,318;3322,332;3327,316;3331,322;3336,322;3340,320;3344,334;3349,320;3353,332;3357,324;3362,338;3366,324;3370,336;3375,322;3379,314;3383,328;3388,312;3392,326;3396,310;3401,324;3405,330;3410,330;3414,314;3418,328;3423,314;3427,320;3431,332;3436,332;3440,318;3444,316;3449,330;3453,322;3457,334;3462,320;3466,334;3470,316;3475,310;3479,338;3484,322;3488,322;3492,320;3497,320;3501,326;3505,326;3510,310;3514,324;3518,324;3523,324;3527,330;3531,314;3536,328;3540,312;3545,326;3549,318;3553,332;3558,330;3562,330;3566,316;3571,330;3575,334;3579,320;3584,332;3588,318;3592,316;3597,316;3601,336;3605,322;3610,336;3614,320;3619,332;3623,318;3627,324;3632,322;3636,322;3640,336;3645,320;3649,340;3653,326;3658,338;3662,324;3666,338;3671,322;3675,314;3679,328;3684,310;3688,326;3693,312;3697,324;3701,316;3706,330;3710,314;3714,328;3719,326;3723,318;3727,332;3732,332;3736,330;3740,316;3745,330;3749,334;3753,334;3758,334;3762,332;3767,318;3771,310;3775,324;3780,308;3784,322;3788,308;3793,334;3797,326;3801,326;3806,312;3810,324;3814,324;3819,338;3823,330;3827,328;3832,328;3836,314;3841,326;3845,318;3849,332;3854,318;3858,332;3862,316;3867,330;3871,336;3875,322;3880,320;3884,320;3888,332;3893,318;3897,324;3901,322;3906,324;3910,322;3915,336;3919,320;3923,314;3928,326;3932,310;3936,324;3941,324;3945,330;3949,328;3954,328;3958,314;3962,328;3967,326;3971,318;3975,332;3980,316;3984,330;3989,316;3993,330;3997,320;4002,334;4006,320;4010,334;4015,318;4019,310;4023,324;4028,310;4032,322;4036,310;4041,322;4045,328;4050,342;4054,328;4058,340;4063,326;4067,318;4071,332;4076,332;4080,318;4084,316;4089,330;4093,322;4097,336;4102,320;4106,320;4110,318;4115,332;4119,338;4124,324;4128,324;4132,308;4137,336;4141,328;4145,340;4150,326;4154,324;4158,324;4163,336;4167,328;4171,314;4176,328;4180,312;4184,326;4189,324;4193,332;4198,316;4202,330;4206,328;4211,328;4215,332;4219,318;4224,332;4228,316;4232,330;4237,328;4241,334;4245,318;4250,332;4254,318;4258,332;4263,330;4267,322;4272,320;4276,306;4280,320;4285,318;4289,324;4293,322;4298,322;4302,322;4306,322;4311,320;4315,326;4319,324;4324,310;4328,324;4332,308;4337,336;4341,326;4346,326;4350,324;4354,324;4359,324;4363,316;4367,328;4372,312;4376,328;4380,312;4385,340;4389,318;4393,330;4398,316;4402,330;4406,316;4411,342;4415,320;4420,318;4424,332;4428,318;4433,330;4437,322;4441,334;4446,320;4450,334;4454,316;4459,332;4463,322;4467,322;4472,334;4476,318;4480,332;4485,332;4489,322;4494,322;4498,336;4502,320;4507,334;4511,324;4515,310;4520,324;4524,322;4528,336;4533,320;4537,326;4541,326;4546,326;4550,324;4555,324;4559,324;4563,316;4568,330;4572,314;4576,328;4581,314;4585,334;4589,318;4594,332;4598,318;4602,346;4607,330;4611,308;4615,322;4620,308;4624,322;4629,320;4633,334;4637,312;4642,324;4646,324;4650,338;4655,322;4659,328;4663,326;4668,312;4672,326;4676,312;4681,338;4685,316;4689,316;4694,314;4698,328;4703,326;4707,326;4711,318;4716,316;4720,330;4724,316;4729,330;4733,320;4737,334;4742,318;4746,332;4750,316;4755,330;4759,322;4763,306;4768,334;4772,320;4777,332;4781,324;4785,338;4790,322;4794,336;4798,320;4803,334;4807,326;4811,310;4816,324;4820,324;4824,336;4829,322;4833,342;4838,314;4842,340;4846,326;4851,340;4855,318;4859,316;4864,330;4868,316;4872,328;4877,314;4881,334;4885,334;4890,334;4894,332;4898,332;4903,316;4907,322;4912,336;4916,322;4920,320;4925,320;4929,326;4933,326;4938,324;4942,324;4946,324;4951,322;4955,312;4959,328;4964,312;4968,326;4972,310;4977,324;4981,316;4986,330;4990,314;4994,328;4999,314;5003,318;5007,332;5012,330;5016,330;5020,314;5025,328;5029,320;5033,334;5038,318;5042,332;5046,316;5051,330;5055,336;5060,336;5064,320;5068,320;5073,334;5077,324;5081,326;5086,310;5090,324;5094,322;5099,324;5103,328;5107,328;5112,326;5116,312;5120,326;5125,312;5129,332;5134,330;5138,330;5142,316;5147,328;5151,322;5155,320;5160,332;5164,318;5168,330;5173,316;5177,336;5181,322;5186,334;5190,320;5195,332;5199,318;5203,324;5208,322;5212,308;5216,336;5221,320;5225,342;5229,312;5234,326;5238,324;5242,338;5247,322;5251,328;5255,328;5260,312;5264,326;5269,324;5273,338;5277,316;5282,328;5286,314;5290,328;5295,326;5299,332;5303,318;5308,316;5312,330;5316,316;5321,328;5325,320;5329,334;5334,318;5338,332;5343,318;5347,324;5351,322;5356,308;5360,334;5364,320;5369,334;5373,326;5377,338;5382,324;5386,338;5390,322;5395,336;5399,328;5403,312;5408,326;5412,310;5417,324;5421,316;5425,330;5430,316;5434,330;5438,314;5443,328;5447,320;5451,318;5456,332;5460,316;5464,330;5469,316;5473,334;5477,320;5482,334;5486,318;5491,332;5495,324;5499,310;5504,322;5508,322;5512,322;5517,322;5521,328;5525,326;5530,326;5534,326;5538,326;5543,324;5547,316;5551,330;5556,316;5560,328;5565,314;5569,328;5573,320;5578,332;5582,318;5586,344;5591,330;5595,308;5599,322;5604,306;5608,334;5612,318;5617,334;5621,324;5625,324;5630,322;5634,336;5639,320;5643,326;5647,326;5652,312;5656,324;5660,324;5665,338;5669,316;5673,316;5678,314;5682,328;5686,312;5691,312;5695,318;5699,318;5704,316;5708,316;5713,316;5717,306;5721,320;5726,318;5730,318;5734,304;5739,318;5743,322;5747,308;5752,308;5756,306;5760,320;5765,304;5769,310;5774,296;5778,310;5782,308;5787,322;5791,314;5795,298;5800,312;5804,296;5808,310;5813,296;5817,316;5821,314;5826,314;5830,314;5834,314;5839,312;5843,318;5848,304;5852,302;5856,302;5861,302;5865,308;5869,306;5874,306;5878,304;5882,304;5887,304;5891,310;5895,308;5900,294;5904,306;5909,292;5913,306;5917,312;5922,312;5926,310;5930,322;5935,308;5939,300;5943,314;5948,312;5952,326;5956,296;5961,310;5965,316;5969,316;5974,300;5978,314;5983,312;5987,304;5991,318;5996,302;6000,314;6004,300;6009,314;6013,306;6017,318;6022,304;6026,290;6030,302;6035,278;6039,278;6043,276;6048,276;6052,276;6057,288;6061,280;6065,294;6070,278;6074,292;6078,276;6083,276;6087,268;6091,266;6096,280;6100,280;6104,278;6109,284;6113,270;6117,282;6122,282;6126,280;6131,250;6135,286;6139,284;6144,284;6148,282;6152,296;6157,280;6161,286;6165,286;6170,284;6174,284;6178,282;6183,288;6187,274;6191,286;6196,272;6200,272;6205,270;6209,290;6213,290;6218,290;6222,288;6226,274;6231,286;6235,280;6239,278;6244,292;6248,276;6252,276;6257,282;6261,282;6266,280;6270,280;6274,278;6279,278;6283,254;6287,282;6292,280;6296,280;6300,280;6305,258;6309,270;6313,284;6318,284;6322,268;6326,280;6331,274;6335,286;6340,258;6344,272;6348,256;6353,270;6357,290;6361,276;6366,274;6370,274;6374,272;6379,280;6383,278;6387,278;6392,292;6396,276;6400,276;6405,282;6409,282;6414,280;6418,280;6422,278;6427,292;6431,270;6435,284;6440,268;6444,282;6448,266;6453,288;6457,286;6461,286;6466,286;6470,284;6474,270;6479,276;6483,276;6488,274;6492,288;6496,274;6501,286;6505,278;6509,292;6514,292;6518,290;6522,276;6527,266;6531,252;6535,280;6540,280;6544,278;6549,278;6553,270;6557,270;6562,240;6566,282;6570,296;6575,280;6579,272;6583,284;6588,256;6592,284;6596,282;\r\nBuffer sent in 0.973 secondsreturn;buffer;965\r\n'), 11:02:48
bytearray(b'received from UR: measure -> measure (0,1)\r\nSTEPPER: Moving to mstep: 6600 with speed [msteps/sec]: 1000 in StealthChop.\r\n'), 11:02:49
bytearray(b'STEPPER: Moving to mstep: 2400 with speed [msteps/sec]: 4000 in SpreadCycle.\r\n'), 11:02:54
bytearray(b'STEPPER: Moved 4200.00 msteps (ramp: 35%) in 1324.880 ms -> average speed [msteps/sec]: 3170.10\r\nreturn;measure;965\r\n'), 11:02:55
bytearray(b'received from UR: buffer -> buffer (0,1)\r\nSending buffer of size 965data;2400,308;2404,448;2408,160;2413,274;2417,316;2421,322;2426,336;2430,320;2434,334;2439,318;2443,324;2447,324;2452,324;2456,322;2460,322;2465,322;2469,328;2473,328;2478,326;2482,326;2487,324;2491,316;2495,330;2500,330;2504,328;2508,314;2513,314;2517,320;2521,332;2526,330;2530,332;2534,330;2539,330;2543,322;2548,306;2552,332;2556,320;2561,332;2565,324;2569,338;2574,322;2578,322;2582,322;2587,336;2591,326;2595,312;2600,324;2604,310;2608,338;2613,324;2617,328;2622,314;2626,328;2630,326;2635,340;2639,332;2643,332;2648,330;2652,316;2656,328;2661,328;2665,322;2669,320;2674,334;2678,318;2682,318;2687,316;2691,324;2696,322;2700,322;2704,322;2709,320;2713,328;2717,326;2722,326;2726,324;2730,338;2735,324;2739,314;2743,342;2748,328;2752,328;2757,314;2761,326;2765,318;2770,344;2774,330;2778,344;2783,330;2787,308;2791,320;2796,306;2800,334;2804,318;2809,332;2813,324;2817,338;2822,322;2826,336;2831,320;2835,312;2839,326;2844,326;2848,324;2852,324;2857,324;2861,330;2865,330;2870,328;2874,328;2878,328;2883,328;2887,334;2891,332;2896,332;2900,318;2905,330;2909,322;2913,336;2918,322;2922,334;2926,332;2931,334;2935,326;2939,310;2944,338;2948,322;2952,336;2957,320;2961,328;2965,326;2970,326;2974,324;2979,338;2983,322;2987,314;2992,314;2996,312;3000,328;3005,326;3009,332;3013,318;3018,332;3022,328;3026,330;3031,316;3035,320;3039,322;3044,320;3048,320;3053,306;3057,326;3061,312;3066,324;3070,324;3074,324;3079,322;3083,314;3087,314;3092,314;3096,326;3100,326;3105,326;3109,318;3113,330;3118,316;3122,330;3127,316;3131,306;3135,334;3140,316;3144,332;3148,318;3153,332;3157,324;3161,338;3166,322;3170,336;3174,320;3179,336;3183,326;3187,312;3192,324;3196,324;3201,324;3205,328;3209,342;3214,314;3218,342;3222,326;3227,326;3231,332;3235,330;3240,330;3244,314;3248,328;3253,328;3257,334;3262,318;3266,332;3270,318;3275,330;3279,322;3283,322;3288,322;3292,320;3296,320;3301,318;3305,338;3309,324;3314,324;3318,322;3322,334;3327,322;3331,328;3336,328;3340,312;3344,326;3349,310;3353,332;3357,330;3362,330;3366,330;3370,330;3375,316;3379,320;3383,334;3388,320;3392,318;3397,318;3401,332;3405,324;3410,338;3414,322;3418,336;3423,322;3427,326;3431,328;3436,312;3440,326;3444,310;3449,324;3453,330;3457,330;3462,316;3466,330;3471,314;3475,326;3479,320;3484,318;3488,318;3492,318;3497,318;3501,322;3505,322;3510,322;3514,322;3518,320;3523,320;3527,326;3531,312;3536,324;3540,310;3545,324;3549,322;3553,330;3558,328;3562,328;3566,314;3571,342;3575,334;3579,318;3584,332;3588,304;3592,318;3597,316;3601,336;3605,322;3610,336;3614,320;3619,334;3623,318;3627,326;3632,324;3636,324;3640,324;3645,322;3649,330;3653,316;3658,342;3662,312;3666,340;3671,326;3675,318;3679,330;3684,330;3688,316;3693,316;3697,314;3701,320;3706,334;3710,320;3714,332;3719,318;3723,310;3727,324;3732,324;3736,324;3740,322;3745,322;3749,328;3753,328;3758,326;3762,326;3767,326;3771,318;3775,316;3780,316;3784,316;3788,314;3793,330;3797,320;3801,336;3806,320;3810,334;3814,320;3819,334;3823,326;3827,326;3832,326;3836,310;3841,310;3845,316;3849,330;3854,314;3858,328;3862,314;3867,328;3871,320;3875,320;3880,318;3884,318;3888,332;3893,332;3897,324;3902,322;3906,322;3910,318;3915,322;3919,326;3923,312;3928,326;3932,312;3936,312;3941,310;3945,330;3949,316;3954,330;3958,316;3962,328;3967,328;3971,320;3976,334;3980,306;3984,320;3989,318;3993,340;3997,324;4002,338;4006,324;4010,338;4015,322;4019,316;4023,328;4028,328;4032,328;4036,312;4041,326;4045,318;4050,332;4054,332;4058,344;4063,330;4067,310;4071,320;4076,306;4080,320;4084,334;4089,334;4093,326;4097,338;4102,324;4106,336;4110,322;4115,322;4119,328;4124,314;4128,326;4132,310;4137,324;4141,330;4145,344;4150,330;4154,330;4158,328;4163,328;4167,334;4171,320;4176,332;4180,318;4184,332;4189,318;4193,338;4198,322;4202,336;4206,322;4211,336;4215,326;4219,326;4224,326;4228,310;4232,324;4237,324;4241,330;4245,314;4250,328;4254,328;4258,328;4263,326;4267,318;4272,332;4276,316;4280,330;4285,314;4289,322;4293,320;4298,334;4302,320;4306,320;4311,318;4315,324;4319,324;4324,308;4328,322;4332,306;4337,334;4341,312;4346,326;4350,324;4354,324;4359,324;4363,314;4367,314;4372,314;4376,340;4380,326;4385,326;4389,318;4393,332;4398,314;4402,344;4407,314;4411,320;4415,334;4420,304;4424,318;4428,318;4433,332;4437,324;4441,338;4446,322;4450,336;4454,322;4459,336;4463,328;4467,326;4472,326;4476,326;4481,324;4485,324;4489,330;4494,328;4498,328;4502,314;4507,326;4511,320;4515,318;4520,332;4524,316;4528,316;4533,314;4537,336;4542,320;4546,320;4550,318;4555,332;4559,324;4563,308;4568,322;4572,322;4576,334;4581,320;4585,328;4589,324;4594,324;4598,324;4602,336;4607,322;4611,312;4616,326;4620,326;4624,324;4629,322;4633,330;4637,330;4642,328;4646,314;4650,328;4655,328;4659,318;4663,318;4668,304;4672,316;4676,316;4681,326;4685,320;4690,322;4694,320;4698,332;4703,318;4707,322;4711,322;4716,322;4720,320;4724,306;4729,332;4733,324;4737,338;4742,322;4746,336;4750,320;4755,334;4759,326;4764,312;4768,324;4772,310;4777,322;4781,314;4785,342;4790,314;4794,326;4798,324;4803,338;4807,330;4811,314;4816,328;4820,314;4824,328;4829,326;4833,332;4838,316;4842,330;4846,328;4851,330;4855,320;4859,320;4864,332;4868,318;4872,330;4877,330;4881,336;4885,322;4890,334;4894,318;4898,330;4903,330;4907,320;4912,320;4916,318;4920,330;4925,330;4929,322;4933,320;4938,334;4942,318;4946,332;4951,316;4955,322;4959,322;4964,322;4968,320;4972,320;4977,318;4981,324;4986,338;4990,322;4994,336;4999,322;5003,312;5007,312;5012,312;5016,340;5020,326;5025,324;5029,316;5033,330;5038,330;5042,328;5046,314;5051,328;5055,320;5060,318;5064,318;5068,318;5073,330;5077,322;5081,322;5086,322;5090,334;5094,320;5099,334;5103,326;5107,324;5112,322;5116,308;5121,322;5125,320;5129,326;5134,324;5138,324;5142,324;5147,336;5151,328;5155,312;5160,326;5164,310;5168,324;5173,324;5177,342;5181,328;5186,340;5190,326;5195,338;5199,324;5203,328;5208,328;5212,312;5216,326;5221,324;5225,330;5229,316;5234,342;5238,326;5242,340;5247,324;5251,330;5255,330;5260,314;5264,314;5269,312;5273,326;5277,318;5282,330;5286,316;5290,328;5295,326;5299,318;5303,318;5308,330;5312,316;5316,314;5321,314;5325,320;5329,332;5334,316;5338,330;5343,316;5347,320;5351,334;5356,320;5360,318;5364,302;5369,316;5373,322;5377,336;5382,320;5386,334;5390,318;5395,332;5399,324;5403,310;5408,322;5412,322;5417,320;5421,326;5425,340;5430,324;5434,324;5438,322;5443,336;5447,326;5451,312;5456,324;5460,310;5464,322;5469,322;5473,328;5477,326;5482,326;5486,324;5491,324;5495,330;5499,314;5504,314;5508,312;5512,312;5517,324;5521,330;5525,330;5530,330;5534,328;5538,328;5543,326;5547,318;5551,332;5556,316;5560,330;5565,316;5569,328;5573,320;5578,334;5582,318;5586,332;5591,316;5595,322;5599,336;5604,320;5608,334;5612,318;5617,332;5621,324;5626,336;5630,322;5634,334;5639,320;5643,326;5647,324;5652,324;5656,322;5660,322;5665,320;5669,312;5673,326;5678,324;5682,324;5686,322;5691,302;5695,300;5700,298;5704,312;5708,312;5713,310;5717,316;5721,316;5726,314;5730,328;5734,312;5739,326;5743,316;5747,302;5752,302;5756,300;5761,298;5765,306;5769,318;5774,316;5778,316;5782,302;5787,314;5791,306;5795,292;5800,318;5804,304;5808,316;5813,302;5817,322;5821,308;5826,306;5830,306;5835,318;5839,296;5843,296;5848,308;5852,308;5856,306;5861,306;5865,312;5869,312;5874,310;5878,310;5882,310;5887,308;5891,300;5895,300;5900,300;5904,312;5909,312;5913,304;5917,304;5922,318;5926,304;5930,318;5935,304;5939,294;5943,322;5948,308;5952,322;5956,306;5961,320;5965,312;5969,326;5974,312;5978,324;5983,310;5987,302;5991,302;5996,288;6000,314;6004,314;6009,314;6013,306;6017,320;6022,304;6026,318;6030,302;6035,294;6039,280;6043,280;6048,264;6052,264;6057,278;6061,284;6065,284;6070,284;6074,296;6078,282;6083,262;6087,274;6091,274;6096,274;6100,286;6104,272;6109,278;6113,292;6117,290;6122,276;6126,276;6131,276;6135,282;6139,268;6144,280;6148,280;6152,280;6157,280;6161,286;6165,286;6170,300;6174,284;6178,284;6183,276;6187,276;6192,274;6196,274;6200,274;6205,274;6209,280;6213,278;6218,264;6222,278;6226,278;6231,270;6235,268;6239,268;6244,282;6248,268;6252,266;6257,288;6261,286;6266,286;6270,272;6274,242;6279,284;6283,278;6287,262;6292,262;6296,260;6300,260;6305,282;6309,280;6313,266;6318,280;6322,280;6327,278;6331,284;6335,284;6340,270;6344,270;6348,256;6353,270;6357,290;6361,276;6366,274;6370,274;6374,274;6379,280;6383,278;6387,278;6392,278;6396,264;6401,276;6405,282;6409,282;6414,282;6418,296;6422,280;6427,280;6431,286;6435,272;6440,272;6444,270;6448,270;6453,276;6457,276;6461,276;6466,288;6470,288;6475,288;6479,278;6483,264;6488,278;6492,264;6496,264;6501,276;6505,268;6509,268;6514,282;6518,280;6522,266;6527,272;6531,272;6535,284;6540,256;6544,268;6549,268;6553,274;6557,274;6562,288;6566,286;6570,286;6575,286;6579,262;6583,276;6588,276;6592,276;6596,260;\r\nBuffer sent in 0.973 secondsreturn;buffer;965\r\n'), 11:02:57
bytearray(b'received from UR: measure -> measure (0,1)\r\nSTEPPER: Moving to mstep: 6600 with speed [msteps/sec]: 1000 in StealthChop.\r\n'), 11:02:58
bytearray(b'STEPPER: Moving to mstep: 2400 with speed [msteps/sec]: 4000 in SpreadCycle.\r\n'), 11:03:02
bytearray(b'STEPPER: Moved 4200.00 msteps (ramp: 35%) in 1324.892 ms -> average speed [msteps/sec]: 3170.07\r\nreturn;measure;965\r\n'), 11:03:04
bytearray(b'received from UR: buffer -> buffer (0,1)\r\nSending buffer of size 965data;2400,298;2404,454;2408,166;2413,280;2417,308;2421,328;2426,342;2430,314;2434,328;2439,326;2443,318;2447,330;2452,316;2456,330;2460,314;2465,328;2469,320;2474,334;2478,332;2482,332;2487,318;2491,310;2495,324;2500,324;2504,336;2508,322;2513,322;2517,326;2521,328;2526,326;2530,326;2534,324;2539,324;2543,330;2548,330;2552,330;2556,316;2561,328;2565,322;2569,336;2574,320;2578,334;2582,320;2587,334;2591,324;2595,310;2600,324;2604,322;2608,336;2613,322;2617,330;2622,326;2626,340;2630,326;2635,338;2639,316;2643,316;2648,316;2652,328;2656,328;2661,328;2665,334;2669,318;2674,332;2678,318;2682,330;2687,316;2691,308;2696,320;2700,320;2704,334;2709,318;2713,326;2717,324;2722,324;2726,322;2730,336;2735,322;2739,312;2743,326;2748,326;2752,340;2757,324;2761,338;2765,316;2770,330;2774,328;2778,342;2783,328;2787,304;2791,320;2796,318;2800,332;2804,316;2809,330;2813,322;2817,336;2822,320;2826,334;2831,320;2835,312;2839,324;2844,310;2848,324;2852,324;2857,336;2861,328;2865,328;2870,326;2874,326;2878,324;2883,338;2887,330;2891,314;2896,328;2900,312;2905,326;2909,326;2913,330;2918,316;2922,328;2926,314;2931,328;2935,334;2939,320;2944,332;2948,304;2952,318;2957,316;2961,338;2965,322;2970,336;2974,320;2979,334;2983,314;2987,312;2992,326;2996,324;3000,338;3005,324;3009,330;3013,316;3018,330;3022,328;3026,328;3031,312;3035,318;3039,318;3044,330;3048,330;3053,328;3057,328;3061,320;3066,332;3070,318;3074,332;3079,316;3083,308;3087,320;3092,320;3096,334;3100,318;3105,332;3109,310;3113,324;3118,322;3122,322;3127,320;3131,312;3135,326;3140,326;3144,338;3148,324;3153,324;3157,328;3161,328;3166,326;3170,340;3174,324;3179,338;3183,330;3187,316;3192,342;3196,314;3201,326;3205,318;3209,332;3214,318;3218,332;3222,316;3227,330;3231,320;3235,318;3240,332;3244,318;3248,330;3253,318;3257,336;3262,320;3266,334;3270,334;3275,332;3279,324;3283,310;3288,322;3292,322;3296,336;3301,322;3305,328;3309,314;3314,326;3318,326;3322,324;3327,324;3331,316;3336,328;3340,328;3344,328;3349,326;3353,332;3357,318;3362,330;3366,330;3370,342;3375,328;3379,306;3383,320;3388,320;3392,332;3396,316;3401,330;3405,322;3410,336;3414,320;3418,334;3423,318;3427,310;3431,324;3436,310;3440,322;3444,322;3449,322;3453,326;3457,340;3462,324;3466,324;3471,324;3475,314;3479,314;3484,314;3488,328;3492,314;3497,326;3501,318;3505,332;3510,316;3514,330;3518,328;3523,328;3527,318;3531,304;3536,316;3540,302;3545,330;3549,316;3553,334;3558,320;3562,334;3566,318;3571,330;3575,338;3579,322;3584,336;3588,320;3592,320;3597,306;3601,328;3605,324;3610,338;3614,324;3619,336;3623,314;3627,314;3632,326;3636,326;3640,324;3645,324;3649,344;3653,316;3658,342;3662,328;3666,340;3671,324;3675,330;3679,330;3684,328;3688,328;3693,312;3697,324;3701,330;3706,330;3710,330;3714,328;3719,328;3723,320;3727,318;3732,302;3736,316;3740,314;3745,328;3749,320;3753,334;3758,318;3762,332;3767,330;3771,320;3775,322;3780,306;3784,320;3788,318;3793,332;3797,310;3801,336;3806,322;3810,336;3814,320;3819,334;3823,326;3827,310;3832,324;3836,324;3841,336;3845,314;3849,342;3854,314;3858,328;3862,326;3867,326;3871,318;3875,316;3880,316;3884,316;3888,328;3893,314;3897,334;3902,318;3906,332;3910,318;3915,330;3919,322;3923,306;3928,320;3932,306;3936,332;3941,318;3945,324;3949,324;3954,324;3958,322;3962,322;3967,320;3971,326;3976,326;3980,310;3984,324;3989,324;3993,330;3997,314;4002,328;4006,326;4010,340;4015,326;4019,318;4023,330;4028,314;4032,328;4036,314;4041,326;4045,318;4050,332;4054,316;4058,330;4063,316;4067,322;4071,334;4076,320;4080,320;4084,318;4089,318;4093,322;4097,336;4102,320;4106,334;4110,318;4115,332;4119,338;4124,322;4128,322;4132,306;4137,320;4141,326;4145,338;4150,324;4154,336;4158,322;4163,336;4167,326;4171,326;4176,338;4180,324;4184,322;4189,308;4193,328;4198,326;4202,340;4206,310;4211,324;4215,330;4219,328;4224,328;4228,326;4232,326;4237,310;4241,330;4245,330;4250,330;4254,314;4258,328;4263,326;4267,318;4272,332;4276,316;4280,330;4285,314;4289,322;4293,320;4298,320;4302,318;4306,332;4311,316;4315,322;4319,336;4324,320;4328,320;4332,304;4337,318;4341,324;4346,338;4350,322;4354,336;4359,322;4363,314;4367,340;4372,312;4376,326;4380,324;4385,338;4389,316;4393,330;4398,314;4402,328;4407,326;4411,318;4415,332;4420,316;4424,330;4428,316;4433,330;4437,320;4441,334;4446,320;4450,332;4454,318;4459,332;4463,322;4467,322;4472,334;4476,320;4481,318;4485,324;4489,324;4494,322;4498,336;4502,336;4507,336;4511,328;4515,312;4520,326;4524,324;4528,338;4533,324;4537,330;4541,312;4546,328;4550,326;4555,326;4559,318;4563,316;4568,330;4572,330;4576,330;4581,326;4585,334;4589,318;4594,332;4598,330;4602,344;4607,328;4611,306;4616,320;4620,306;4624,332;4629,318;4633,330;4637,322;4642,336;4646,320;4650,334;4655,320;4659,326;4663,324;4668,310;4672,324;4676,322;4681,336;4685,314;4690,328;4694,326;4698,326;4703,326;4707,318;4711,330;4716,316;4720,330;4724,314;4729,328;4733,320;4737,332;4742,318;4746,332;4750,318;4755,330;4759,336;4763,320;4768,320;4772,306;4777,320;4781,324;4785,338;4790,324;4794,338;4798,322;4803,336;4807,342;4811,326;4816,326;4820,312;4824,324;4829,310;4833,344;4838,330;4842,344;4846,314;4851,342;4855,320;4859,318;4864,332;4868,332;4872,330;4877,316;4881,336;4885,320;4890,334;4894,332;4898,332;4903,318;4907,324;4912,336;4916,322;4920,320;4925,304;4929,326;4933,324;4938,324;4942,322;4946,336;4951,320;4955,312;4959,326;4964,310;4968,324;4972,324;4977,338;4981,328;4986,328;4990,326;4994,326;4999,324;5003,316;5007,330;5012,314;5016,328;5020,312;5025,326;5029,318;5033,330;5038,316;5042,330;5047,314;5051,320;5055,334;5060,318;5064,318;5068,304;5073,318;5077,324;5081,336;5086,322;5090,336;5094,320;5099,334;5103,326;5107,324;5112,324;5116,310;5121,322;5125,322;5129,328;5134,314;5138,328;5142,328;5147,326;5151,332;5155,318;5160,330;5164,302;5168,316;5173,314;5177,336;5181,320;5186,334;5190,318;5195,332;5199,318;5203,322;5208,322;5212,308;5216,320;5221,306;5225,340;5229,324;5234,338;5238,310;5242,338;5247,322;5251,328;5255,328;5260,326;5264,326;5269,310;5273,324;5277,330;5282,328;5286,314;5290,328;5295,326;5299,332;5303,332;5308,318;5312,316;5316,316;5321,330;5325,322;5329,334;5334,320;5338,334;5343,318;5347,324;5351,338;5356,324;5360,322;5364,308;5369,322;5373,314;5377,342;5382,326;5386,340;5390,310;5395,324;5399,330;5403,328;5408,328;5412,314;5417,326;5421,318;5425,332;5430,330;5434,330;5438,316;5443,342;5447,320;5451,320;5456,332;5460,316;5464,328;5469,314;5473,320;5477,320;5482,332;5486,318;5491,330;5495,322;5499,322;5504,320;5508,320;5512,318;5517,302;5521,324;5525,320;5530,336;5534,320;5538,334;5543,318;5547,310;5552,324;5556,308;5560,322;5565,322;5569,328;5573,326;5578,340;5582,310;5586,336;5591,322;5595,328;5599,342;5604,312;5608,340;5612,312;5617,324;5621,316;5626,344;5630,328;5634,342;5639,326;5643,318;5647,316;5652,330;5656,330;5660,328;5665,328;5669,320;5673,332;5678,318;5682,316;5687,316;5691,308;5695,320;5700,320;5704,318;5708,318;5713,316;5717,310;5721,322;5726,322;5730,322;5734,320;5739,320;5743,312;5747,296;5752,310;5756,296;5761,308;5765,314;5769,316;5774,312;5778,326;5782,312;5787,324;5791,302;5795,288;5800,300;5804,300;5808,312;5813,298;5817,318;5821,318;5826,316;5830,316;5835,316;5839,306;5843,292;5848,304;5852,304;5856,302;5861,288;5865,322;5869,306;5874,306;5878,304;5882,304;5887,304;5891,310;5895,308;5900,308;5904,306;5909,292;5913,312;5917,310;5922,310;5926,296;5930,308;5935,308;5939,312;5943,326;5948,310;5952,310;5956,296;5961,308;5965,314;5969,314;5974,298;5978,326;5983,312;5987,302;5991,316;5996,300;6000,314;6004,300;6009,312;6013,304;6017,318;6022,302;6026,302;6030,286;6035,278;6039,276;6043,276;6048,274;6052,258;6057,286;6061,292;6065,292;6070,290;6074,276;6078,274;6083,258;6087,280;6091,278;6096,278;6100,290;6104,276;6109,280;6113,294;6118,280;6122,278;6126,278;6131,276;6135,282;6139,282;6144,280;6148,280;6152,294;6157,278;6161,284;6165,284;6170,270;6174,268;6178,252;6183,288;6187,272;6192,286;6196,272;6200,284;6205,256;6209,290;6213,274;6218,274;6222,272;6226,272;6231,264;6235,276;6239,262;6244,248;6248,276;6252,274;6257,278;6261,278;6266,264;6270,262;6274,262;6279,276;6283,266;6287,266;6292,250;6296,276;6300,276;6305,282;6309,282;6313,266;6318,266;6322,236;6326,278;6331,270;6335,284;6340,268;6344,282;6348,282;6353,280;6357,286;6361,286;6366,284;6370,284;6374,282;6379,274;6383,274;6387,258;6392,272;6396,272;6400,270;6405,276;6409,290;6414,276;6418,288;6422,274;6427,260;6431,280;6435,292;6440,278;6444,276;6448,276;6453,282;6457,266;6461,280;6466,280;6470,278;6474,264;6479,284;6483,254;6488,282;6492,282;6496,280;6501,280;6505,258;6509,284;6514,284;6518,270;6522,240;6527,274;6531,272;6535,272;6540,272;6544,272;6548,284;6553,276;6557,288;6562,288;6566,288;6570,272;6575,286;6579,264;6583,264;6588,248;6592,276;6596,276;\r\nBuffer sent in 0.973 secondsreturn;buffer;965\r\n'), 11:03:06
bytearray(b'received from UR: home -> home (0,1)\r\nSTEPPER: Moving to mstep: 0 with speed [msteps/sec]: 4000 in SpreadCycle.\r\n'), 11:03:07
bytearray(b'STEPPER: Moved 2400.00 msteps (ramp: 35%) in 813.424 ms -> average speed [msteps/sec]: 2950.49\r\nreturn;home;1\r\n'), 11:03:08
