bytearray(b'STEPPER: Moving to mstep: 2400 with speed [msteps/sec]: 4000 in SpreadCycle.\r\n'), 10:57:39
bytearray(b'STEPPER: Moved 2400.00 msteps (ramp: 35%) in 812.832 ms -> average speed [msteps/sec]: 2952.64\r\n'), 10:57:40
bytearray(b'received from UR: status -> status (0,1)\r\n*** STATUS ***\r\nid        :         3 -\r\nstep      :      2400 steps\r\nspeed     :      1500 msteps/s\r\nmspeed    :      1000 msteps/s\r\nsg-thrs   :        80 -\r\ndefault   :     12000 \xc2\xb5m\r\ndispense  :     30350 \xc2\xb5m\r\nblowout   :     33000 \xc2\xb5m\r\nd-offset  :        20 \xc2\xb5m\r\nur0       :         0 -\r\nur1       :         1 -\r\nhomed     :         1 -\r\nreturn;status;2400\r\n'), 10:57:42
bytearray(b'received from UR: measure -> measure (0,1)\r\nSTEPPER: Moving to mstep: 6600 with speed [msteps/sec]: 1000 in StealthChop.\r\n'), 10:57:43
bytearray(b'STEPPER: Moving to mstep: 2400 with speed [msteps/sec]: 4000 in SpreadCycle.\r\n'), 10:57:47
bytearray(b'STEPPER: Moved 4200.00 msteps (ramp: 35%) in 1324.880 ms -> average speed [msteps/sec]: 3170.10\r\nreturn;measure;965\r\n'), 10:57:48
bytearray(b'received from UR: buffer -> buffer (0,1)\r\nSending buffer of size 965data;2400,126;2404,482;2408,134;2413,276;2417,320;2421,326;2426,340;2430,324;2434,338;2439,324;2443,316;2447,328;2452,328;2456,326;2460,312;2465,326;2469,318;2474,332;2478,316;2482,330;2487,314;2491,320;2495,320;2500,320;2504,332;2508,318;2513,332;2517,324;2521,338;2526,322;2530,336;2534,322;2539,334;2543,326;2548,326;2552,340;2556,310;2561,324;2565,330;2569,342;2574,314;2578,328;2582,326;2587,340;2591,332;2595,318;2600,330;2604,316;2608,330;2613,314;2617,336;2622,320;2626,334;2630,318;2635,332;2639,324;2643,322;2648,322;2652,322;2656,320;2661,320;2665,328;2669,326;2674,326;2678,310;2682,324;2687,324;2691,314;2696,328;2700,314;2704,314;2709,312;2713,332;2717,318;2722,330;2726,330;2730,330;2735,328;2739,306;2743,320;2748,318;2752,332;2757,318;2761,332;2765,322;2770,338;2774,322;2778,336;2783,322;2787,314;2791,342;2796,312;2800,326;2804,326;2809,338;2813,316;2817,330;2822,330;2826,342;2831,314;2835,320;2839,334;2844,318;2848,332;2852,332;2857,332;2861,324;2865,336;2870,322;2874,336;2878,320;2883,334;2887,326;2891,326;2896,326;2900,324;2905,324;2909,324;2913,344;2918,328;2922,328;2926,326;2931,328;2935,332;2939,318;2944,318;2948,316;2952,330;2957,330;2961,336;2965,320;2970,336;2974,320;2979,334;2983,324;2987,324;2992,324;2996,322;3000,336;3005,306;3009,328;3013,328;3018,340;3022,326;3026,326;3031,324;3035,318;3039,330;3044,314;3048,314;3053,314;3057,312;3061,318;3066,332;3070,316;3074,330;3079,316;3083,322;3087,322;3092,320;3096,320;3100,318;3105,318;3109,324;3113,324;3118,322;3122,336;3127,322;3131,298;3135,326;3140,310;3144,324;3148,324;3153,338;3157,316;3161,328;3166,328;3170,328;3174,312;3179,340;3183,332;3187,316;3192,330;3196,316;3201,330;3205,320;3209,334;3214,334;3218,346;3222,318;3227,332;3231,336;3235,322;3240,322;3244,322;3248,334;3253,320;3257,340;3262,326;3266,340;3270,324;3275,338;3279,330;3283,316;3288,316;3292,314;3296,328;3301,330;3305,334;3309,320;3314,334;3318,318;3322,332;3327,318;3331,324;3336,336;3340,308;3344,322;3349,322;3353,326;3357,328;3362,328;3366,326;3370,326;3375,312;3379,318;3383,330;3388,316;3392,316;3396,316;3401,330;3405,322;3410,334;3414,320;3418,334;3423,320;3427,326;3431,326;3436,312;3440,324;3444,324;3449,324;3453,316;3457,330;3462,330;3466,330;3470,314;3475,328;3479,320;3484,320;3488,318;3492,318;3497,318;3501,324;3505,338;3510,322;3514,324;3518,322;3523,336;3527,328;3531,312;3536,326;3540,310;3544,324;3549,324;3553,330;3558,314;3562,328;3566,326;3571,328;3575,332;3579,318;3584,332;3588,316;3592,330;3597,316;3601,336;3605,320;3610,334;3614,320;3618,334;3623,318;3627,324;3632,324;3636,324;3640,338;3645,322;3649,330;3653,328;3658,342;3662,326;3666,340;3671,324;3675,330;3679,330;3684,316;3688,328;3693,328;3697,328;3701,320;3706,320;3710,318;3714,332;3719,332;3723,310;3727,322;3732,322;3736,322;3740,308;3745,320;3749,326;3753,326;3758,324;3762,324;3767,324;3771,316;3775,330;3780,314;3784,328;3788,312;3793,326;3797,318;3801,332;3806,318;3810,330;3814,316;3819,330;3823,336;3827,318;3832,320;3836,320;3841,332;3845,324;3849,324;3854,310;3858,336;3862,322;3867,334;3871,328;3875,312;3880,326;3884,312;3888,324;3893,312;3897,330;3901,316;3906,328;3910,326;3915,328;3919,320;3923,318;3928,332;3932,304;3936,316;3941,316;3945,324;3949,322;3954,336;3958,322;3962,334;3967,320;3971,312;3976,326;3980,324;3984,338;3989,308;3993,332;3997,330;4002,344;4006,314;4010,342;4015,326;4019,304;4023,318;4028,318;4032,316;4036,316;4041,330;4045,322;4050,336;4054,318;4058,334;4063,318;4067,310;4071,324;4076,324;4080,322;4084,322;4089,336;4093,328;4097,328;4102,326;4106,340;4110,324;4115,338;4119,330;4124,326;4128,330;4132,314;4137,326;4141,320;4145,332;4150,318;4154,330;4158,330;4163,344;4167,320;4171,320;4176,334;4180,318;4184,332;4189,316;4193,336;4198,322;4202,336;4206,320;4211,334;4215,326;4219,310;4224,324;4228,322;4232,336;4237,320;4241,328;4245,326;4250,340;4254,324;4258,338;4263,324;4267,316;4272,328;4276,314;4280,328;4285,314;4289,334;4293,318;4298,332;4302,318;4306,330;4311,316;4315,308;4319,322;4324,308;4328,320;4332,320;4337,334;4341,326;4346,326;4350,324;4354,324;4359,324;4363,302;4367,328;4372,314;4376,328;4380,314;4385,326;4389,318;4393,332;4398,316;4402,344;4406,328;4411,306;4415,320;4420,320;4424,320;4428,318;4433,332;4437,324;4441,338;4446,322;4450,334;4454,320;4459,334;4463,324;4467,324;4472,322;4476,322;4481,336;4485,322;4489,328;4494,324;4498,326;4502,326;4507,338;4511,330;4515,330;4520,328;4524,314;4528,326;4533,312;4537,332;4541,330;4546,344;4550,316;4555,330;4559,322;4563,320;4568,334;4572,318;4576,332;4581,318;4585,338;4589,324;4594,338;4598,322;4602,336;4607,320;4611,312;4616,326;4620,326;4624,326;4629,324;4633,330;4637,316;4642,330;4646,328;4650,328;4655,314;4659,320;4663,320;4668,318;4672,332;4676,318;4681,330;4685,324;4690,338;4694,322;4698,336;4703,320;4707,314;4711,328;4716,312;4720,326;4724,326;4729,326;4733,318;4737,332;4742,316;4746,330;4750,330;4755,330;4759,336;4764,320;4768,334;4772,320;4777,332;4781,324;4785,338;4790,324;4794,336;4798,322;4803,336;4807,328;4811,328;4816,328;4820,312;4824,326;4829,324;4833,332;4838,316;4842,330;4846,328;4851,342;4855,320;4859,320;4864,320;4868,318;4872,332;4877,316;4881,336;4885,322;4890,336;4894,318;4898,334;4903,318;4907,324;4912,338;4916,322;4920,324;4925,322;4929,336;4933,326;4938,328;4942,326;4946,326;4951,324;4955,316;4959,330;4964,328;4968,328;4972,312;4977,326;4981,318;4986,330;4990,316;4994,328;4999,326;5003,320;5007,332;5012,318;5016,332;5020,330;5025,330;5029,320;5033,334;5038,320;5042,332;5046,318;5051,332;5055,336;5060,322;5064,322;5068,320;5073,334;5077,326;5081,324;5086,324;5090,322;5094,322;5099,336;5103,328;5107,326;5112,326;5116,312;5121,324;5125,310;5129,330;5134,328;5138,328;5142,314;5147,326;5151,332;5155,318;5160,332;5164,302;5168,330;5173,314;5177,334;5181,320;5186,332;5190,318;5195,330;5199,330;5203,308;5208,320;5212,320;5216,332;5221,318;5225,338;5229,322;5234,336;5238,320;5242,334;5247,318;5251,324;5255,324;5260,322;5264,322;5269,322;5273,328;5277,326;5282,340;5286,324;5290,338;5295,322;5299,316;5303,328;5308,326;5312,326;5316,312;5321,326;5325,330;5329,330;5334,316;5338,328;5343,328;5347,306;5351,332;5356,318;5360,332;5364,316;5369,330;5373,322;5377,334;5382,320;5386,332;5390,318;5395,332;5399,324;5403,322;5408,336;5412,308;5417,320;5421,326;5425,340;5430,326;5434,340;5438,324;5443,338;5447,330;5451,314;5456,328;5460,328;5464,326;5469,312;5473,332;5477,330;5482,330;5486,314;5491,328;5495,320;5499,318;5504,318;5508,316;5512,316;5517,316;5521,336;5525,320;5530,334;5534,320;5538,320;5543,318;5547,324;5551,324;5556,308;5560,322;5565,322;5569,328;5573,326;5578,340;5582,310;5586,338;5591,324;5595,316;5599,328;5604,314;5608,328;5612,312;5617,326;5621,332;5626,346;5630,316;5634,332;5639,330;5643,322;5647,320;5652,320;5656,334;5660,320;5665,330;5669,324;5673,338;5678,324;5682,338;5686,322;5691,336;5695,328;5700,328;5704,326;5708,326;5713,326;5717,316;5721,330;5726,330;5730,344;5734,328;5739,328;5743,334;5747,320;5752,332;5756,304;5761,318;5765,316;5769,336;5774,320;5778,334;5782,320;5787,332;5791,338;5795,310;5800,324;5804,322;5808,336;5813,320;5817,328;5821,326;5826,326;5830,310;5835,324;5839,322;5843,314;5848,314;5852,314;5856,326;5861,312;5865,318;5869,316;5874,316;5878,314;5882,316;5887,314;5891,320;5895,304;5900,306;5904,318;5909,304;5913,316;5917,308;5922,322;5926,320;5930,320;5935,318;5939,310;5943,310;5948,308;5952,322;5956,294;5961,320;5965,312;5969,324;5974,310;5978,322;5983,308;5987,312;5991,326;5996,310;6000,310;6004,310;6009,308;6013,314;6017,312;6022,312;6026,326;6030,310;6035,324;6039,314;6043,314;6048,314;6052,312;6057,312;6061,318;6065,330;6070,316;6074,330;6078,314;6083,314;6087,318;6091,318;6096,316;6100,316;6104,330;6109,314;6113,320;6117,320;6122,332;6126,318;6131,316;6135,324;6139,308;6144,322;6148,306;6152,320;6157,306;6161,326;6165,324;6170,308;6174,308;6178,322;6183,300;6187,298;6191,296;6196,296;6200,294;6205,294;6209,300;6213,286;6218,298;6222,296;6226,282;6231,272;6235,286;6239,284;6244,284;6248,268;6252,282;6257,258;6261,286;6266,300;6270,284;6274,284;6279,282;6283,288;6287,272;6292,286;6296,284;6300,270;6305,282;6309,288;6313,286;6318,286;6322,258;6326,284;6331,290;6335,290;6340,288;6344,302;6348,286;6353,286;6357,278;6361,290;6366,290;6370,304;6374,288;6379,280;6383,292;6387,278;6392,290;6396,288;6400,288;6405,294;6409,292;6414,278;6418,290;6422,288;6427,302;6431,266;6435,280;6440,264;6444,276;6448,276;6453,282;6457,294;6461,294;6466,292;6470,292;6475,290;6479,282;6483,282;6488,280;6492,278;6496,278;6501,276;6505,282;6509,280;6514,280;6518,294;6522,292;6527,270;6531,268;6535,282;6540,280;6544,280;6549,280;6553,256;6557,284;6562,296;6566,282;6570,294;6575,280;6579,286;6583,270;6588,270;6592,282;6596,282;\r\nBuffer sent in 0.973 secondsreturn;buffer;965\r\n'), 10:57:50
bytearray(b'received from UR: measure -> measure (0,1)\r\nSTEPPER: Moving to mstep: 6600 with speed [msteps/sec]: 1000 in StealthChop.\r\n'), 10:57:51
bytearray(b'STEPPER: Moving to mstep: 2400 with speed [msteps/sec]: 4000 in SpreadCycle.\r\n'), 10:57:56
bytearray(b'STEPPER: Moved 4200.00 msteps (ramp: 35%) in 1324.892 ms -> average speed [msteps/sec]: 3170.07\r\nreturn;measure;965\r\n'), 10:57:57
bytearray(b'received from UR: buffer -> buffer (0,1)\r\nSending buffer of size 965data;2400,300;2404,470;2408,140;2413,282;2417,324;2421,330;2426,344;2430,314;2434,342;2439,326;2443,332;2447,318;2452,316;2456,328;2460,314;2465,328;2469,320;2474,332;2478,316;2482,330;2487,316;2491,328;2495,322;2500,320;2504,332;2508,318;2513,332;2517,322;2521,322;2526,322;2530,334;2534,320;2539,334;2543,324;2548,310;2552,324;2556,322;2561,336;2565,328;2569,328;2574,312;2578,340;2582,324;2587,338;2591,330;2595,316;2600,330;2604,314;2608,328;2613,314;2617,334;2622,318;2626,332;2630,318;2635,344;2639,322;2643,320;2648,320;2652,306;2656,332;2661,316;2665,338;2669,322;2674,336;2678,320;2682,334;2687,320;2691,312;2696,324;2700,310;2704,324;2709,322;2713,328;2717,326;2722,326;2726,324;2730,338;2735,324;2739,314;2743,328;2748,314;2752,326;2757,312;2761,338;2765,330;2770,330;2774,316;2778,342;2783,328;2787,320;2791,334;2796,318;2800,332;2804,316;2809,330;2813,322;2817,336;2822,320;2826,334;2831,320;2835,348;2839,326;2844,324;2848,322;2852,322;2857,322;2861,328;2865,340;2870,326;2874,326;2878,324;2883,338;2887,330;2891,328;2896,326;2900,312;2905,326;2909,316;2913,330;2918,316;2922,326;2926,328;2931,328;2935,334;2939,318;2944,332;2948,316;2952,330;2957,316;2961,336;2965,320;2970,320;2974,320;2979,332;2983,318;2987,324;2992,324;2996,308;3000,322;3005,320;3009,342;3013,326;3018,340;3022,324;3026,338;3031,324;3035,316;3039,328;3044,314;3048,312;3053,312;3057,326;3061,316;3066,330;3070,314;3074,314;3079,314;3083,318;3087,318;3092,316;3096,316;3100,314;3105,314;3109,318;3113,332;3118,316;3122,330;3127,328;3131,306;3135,334;3140,318;3144,332;3148,316;3153,330;3157,322;3161,334;3166,320;3170,332;3174,318;3179,330;3183,336;3187,320;3192,334;3196,318;3201,330;3205,322;3209,336;3214,320;3218,334;3222,320;3227,332;3231,324;3235,324;3240,324;3244,322;3248,320;3253,320;3257,340;3262,326;3266,340;3270,324;3275,324;3279,330;3283,316;3288,330;3292,328;3296,326;3301,312;3305,332;3309,318;3314,330;3318,316;3322,328;3327,328;3331,318;3336,332;3340,318;3344,330;3349,316;3353,336;3357,336;3362,334;3366,320;3370,334;3375,318;3379,310;3383,322;3388,322;3392,334;3396,320;3401,334;3405,326;3410,340;3414,324;3418,338;3423,322;3427,314;3431,328;3436,328;3440,328;3444,312;3449,326;3453,318;3457,330;3462,316;3466,330;3470,328;3475,328;3479,320;3484,320;3488,332;3492,332;3497,318;3501,324;3505,336;3510,322;3514,322;3518,320;3523,320;3527,326;3531,312;3536,338;3540,324;3544,324;3549,310;3553,328;3558,326;3562,340;3566,326;3571,338;3575,330;3579,314;3584,342;3588,326;3592,326;3597,310;3601,332;3605,316;3610,330;3614,314;3618,326;3623,326;3627,318;3632,330;3636,330;3640,328;3645,314;3649,334;3653,318;3658,332;3662,316;3666,328;3671,314;3675,320;3679,332;3684,318;3688,318;3692,316;3697,328;3701,334;3706,334;3710,332;3714,332;3719,316;3723,322;3727,334;3732,318;3736,318;3740,302;3745,330;3749,322;3753,334;3758,320;3762,332;3766,318;3771,330;3775,336;3780,320;3784,320;3788,320;3793,332;3797,324;3801,338;3806,322;3810,336;3814,320;3819,334;3823,326;3827,310;3832,324;3836,322;3841,336;3845,314;3849,326;3854,312;3858,338;3862,324;3867,324;3871,330;3875,314;3880,328;3884,314;3888,326;3893,310;3897,330;3901,316;3906,330;3910,328;3915,328;3919,326;3923,304;3928,330;3932,316;3936,344;3941,328;3945,320;3949,318;3954,332;3958,318;3962,330;3967,316;3971,320;3976,334;3980,318;3984,332;3989,318;3993,330;3997,322;4002,336;4006,320;4010,334;4015,320;4019,310;4023,324;4028,322;4032,336;4036,322;4041,320;4045,326;4050,340;4054,324;4058,338;4063,322;4067,314;4071,328;4076,314;4080,326;4084,326;4089,326;4093,316;4097,330;4102,328;4106,328;4110,314;4115,326;4119,332;4124,316;4128,330;4132,316;4137,328;4141,320;4145,334;4150,318;4154,332;4158,318;4163,332;4167,324;4171,322;4176,334;4180,320;4184,334;4189,304;4193,338;4198,322;4202,336;4206,322;4211,336;4215,326;4219,312;4224,340;4228,324;4232,322;4237,322;4241,328;4245,314;4250,340;4254,326;4258,326;4263,324;4267,316;4272,330;4276,326;4280,326;4285,312;4289,330;4293,330;4298,328;4302,328;4306,326;4311,324;4315,316;4319,328;4324,314;4328,326;4332,312;4337,326;4341,316;4346,330;4350,314;4354,326;4359,326;4363,316;4367,330;4372,316;4376,328;4380,312;4385,326;4389,316;4393,330;4398,314;4402,328;4406,326;4411,338;4415,330;4420,314;4424,328;4428,312;4433,326;4437,316;4441,330;4446,328;4450,342;4454,312;4459,340;4463,332;4467,316;4472,316;4476,314;4480,326;4485,326;4489,332;4494,316;4498,330;4502,328;4507,342;4511,318;4515,318;4520,330;4524,316;4528,342;4533,328;4537,320;4541,318;4546,332;4550,318;4555,330;4559,322;4563,308;4568,334;4572,320;4576,332;4581,316;4585,338;4589,322;4594,334;4598,320;4602,332;4607,318;4611,308;4615,336;4620,320;4624,334;4629,318;4633,332;4637,322;4642,336;4646,320;4650,334;4655,318;4659,310;4663,324;4668,322;4672,336;4676,334;4681,320;4685,326;4689,324;4694,324;4698,322;4703,322;4707,314;4711,326;4716,312;4720,326;4724,324;4729,322;4733,314;4737,328;4742,326;4746,326;4750,324;4755,324;4759,330;4763,314;4768,328;4772,312;4777,324;4781,318;4785,332;4790,316;4794,344;4798,328;4803,342;4807,320;4811,306;4816,332;4820,316;4824,330;4829,328;4833,334;4837,320;4842,334;4846,318;4851,332;4855,322;4859,320;4864,334;4868,320;4872,332;4877,332;4881,324;4885,322;4890,336;4894,320;4898,334;4903,320;4907,310;4911,324;4916,322;4920,336;4925,320;4929,320;4933,324;4938,326;4942,324;4946,336;4951,320;4955,312;4959,326;4964,312;4968,338;4972,324;4977,322;4981,312;4985,340;4990,324;4994,338;4999,322;5003,314;5007,328;5012,312;5016,326;5020,310;5025,322;5029,314;5033,328;5038,326;5042,326;5046,310;5051,324;5055,328;5059,314;5064,340;5068,326;5073,324;5077,316;5081,328;5086,328;5090,326;5094,324;5099,324;5103,330;5107,314;5112,328;5116,326;5120,326;5125,310;5129,330;5134,316;5138,328;5142,314;5147,326;5151,330;5155,316;5160,330;5164,328;5168,326;5173,312;5177,332;5181,318;5186,344;5190,328;5194,342;5199,326;5203,318;5208,330;5212,316;5216,328;5221,314;5225,332;5229,318;5234,332;5238,316;5242,328;5247,314;5251,320;5255,332;5260,332;5264,330;5268,314;5273,328;5277,320;5282,332;5286,332;5290,330;5295,316;5299,320;5303,334;5308,334;5312,318;5316,316;5321,330;5325,320;5329,334;5334,320;5338,332;5342,316;5347,310;5351,322;5356,320;5360,334;5364,318;5369,332;5373,322;5377,336;5382,322;5386,322;5390,318;5395,332;5399,324;5403,322;5408,336;5412,320;5416,318;5421,318;5425,338;5430,322;5434,336;5438,322;5443,334;5447,326;5451,312;5456,338;5460,324;5464,322;5469,322;5473,326;5477,326;5482,326;5486,324;5490,324;5495,322;5499,314;5504,326;5508,326;5512,326;5517,310;5521,330;5525,328;5530,328;5534,314;5538,328;5543,326;5547,318;5551,330;5556,316;5560,328;5565,314;5569,340;5573,318;5578,330;5582,316;5586,330;5591,328;5595,320;5599,318;5604,304;5608,330;5612,316;5617,342;5621,320;5625,332;5630,318;5634,332;5639,330;5643,344;5647,320;5652,306;5656,332;5660,316;5665,330;5669,322;5673,320;5678,320;5682,332;5686,318;5691,332;5695,322;5699,308;5704,320;5708,318;5713,332;5717,324;5721,336;5726,322;5730,334;5734,320;5739,332;5743,338;5747,310;5752,322;5756,308;5760,320;5765,306;5769,326;5773,324;5778,338;5782,322;5787,334;5791,328;5795,312;5800,326;5804,310;5808,338;5813,322;5817,328;5821,314;5826,340;5830,324;5834,324;5839,310;5843,314;5848,314;5852,312;5856,326;5861,324;5865,316;5869,314;5874,314;5878,312;5882,312;5887,310;5891,302;5895,316;5900,314;5904,314;5908,312;5913,310;5917,316;5922,316;5926,316;5930,328;5935,312;5939,290;5943,318;5948,302;5952,316;5956,314;5961,328;5965,306;5969,332;5974,318;5978,318;5982,302;5987,306;5991,320;5996,306;6000,318;6004,302;6009,316;6013,308;6017,322;6022,320;6026,320;6030,304;6035,316;6039,322;6043,308;6048,320;6052,304;6056,318;6061,310;6065,322;6070,320;6074,320;6078,320;6083,318;6087,324;6091,310;6096,322;6100,322;6104,320;6109,306;6113,324;6117,310;6122,322;6126,308;6130,320;6135,320;6139,312;6144,324;6148,310;6152,308;6157,308;6161,328;6165,312;6170,312;6174,296;6178,310;6183,296;6187,288;6191,300;6196,284;6200,284;6205,282;6209,302;6213,288;6218,258;6222,286;6226,298;6231,298;6235,274;6239,274;6244,272;6248,286;6252,284;6257,290;6261,274;6265,274;6270,286;6274,284;6279,298;6283,276;6287,274;6292,272;6296,284;6300,270;6305,270;6309,288;6313,288;6318,286;6322,286;6326,284;6331,276;6335,288;6339,274;6344,274;6348,286;6353,300;6357,290;6361,290;6366,274;6370,288;6374,274;6379,258;6383,292;6387,276;6392,276;6396,274;6400,288;6405,280;6409,292;6414,292;6418,290;6422,290;6427,288;6431,294;6435,278;6440,278;6444,276;6448,276;6453,274;6457,294;6461,292;6466,278;6470,292;6474,290;6479,282;6483,294;6488,280;6492,292;6496,276;6501,276;6505,296;6509,292;6514,294;6518,294;6522,278;6527,270;6531,268;6535,282;6540,268;6544,280;6548,266;6553,286;6557,284;6562,298;6566,282;6570,284;6575,280;6579,286;6583,286;6588,284;6592,284;6596,282;\r\nBuffer sent in 0.973 secondsreturn;buffer;965\r\n'), 10:57:59
bytearray(b'received from UR: measure -> measure (0,1)\r\nSTEPPER: Moving to mstep: 6600 with speed [msteps/sec]: 1000 in StealthChop.\r\n'), 10:58:00
bytearray(b'STEPPER: Moving to mstep: 2400 with speed [msteps/sec]: 4000 in SpreadCycle.\r\n'), 10:58:04
bytearray(b'STEPPER: Moved 4200.00 msteps (ramp: 35%) in 1324.888 ms -> average speed [msteps/sec]: 3170.08\r\nreturn;measure;965\r\n'), 10:58:06
bytearray(b'received from UR: buffer -> buffer (0,1)\r\nSending buffer of size 965data;2400,306;2404,470;2408,138;2413,268;2417,324;2421,316;2426,330;2430,316;2434,344;2439,328;2443,308;2447,320;2452,320;2456,320;2460,318;2465,332;2469,324;2474,338;2478,322;2482,336;2487,320;2491,328;2495,326;2500,326;2504,326;2508,324;2513,324;2517,330;2521,330;2526,316;2530,328;2534,328;2539,326;2543,332;2548,318;2552,332;2556,316;2561,330;2565,324;2569,336;2574,320;2578,334;2582,320;2587,334;2591,338;2595,310;2600,324;2604,322;2608,336;2613,308;2617,328;2622,326;2626,326;2630,312;2635,338;2639,330;2643,316;2648,328;2652,314;2656,326;2661,326;2665,332;2669,318;2674,330;2678,316;2682,330;2687,328;2691,320;2696,318;2700,318;2704,318;2709,318;2713,338;2717,322;2722,336;2726,322;2730,334;2735,320;2739,312;2743,324;2748,324;2752,336;2756,308;2761,336;2765,326;2770,328;2774,326;2778,340;2783,326;2787,316;2791,342;2796,314;2800,326;2804,312;2809,326;2813,332;2817,344;2822,316;2826,330;2830,328;2835,344;2839,320;2844,320;2848,318;2852,318;2857,332;2861,322;2865,336;2870,322;2874,336;2878,320;2883,334;2887,326;2891,324;2896,324;2900,322;2905,322;2909,322;2913,328;2918,326;2922,340;2926,324;2931,338;2935,330;2939,314;2944,328;2948,312;2952,324;2957,324;2961,332;2965,316;2970,330;2974,328;2979,328;2983,312;2987,318;2992,332;2996,316;3000,330;3005,316;3009,336;3013,320;3018,334;3022,318;3026,332;3031,316;3035,322;3039,322;3044,320;3048,320;3053,320;3057,318;3061,324;3066,324;3070,322;3074,322;3079,320;3083,312;3087,324;3092,310;3096,324;3100,310;3105,322;3109,328;3114,328;3118,326;3122,326;3127,324;3131,314;3135,328;3140,312;3144,326;3148,312;3153,324;3157,330;3161,344;3166,328;3170,342;3174,326;3179,338;3183,330;3188,302;3192,314;3196,314;3201,326;3205,318;3209,330;3214,330;3218,330;3222,312;3227,340;3231,332;3235,330;3240,330;3244,314;3248,328;3253,326;3257,346;3262,330;3266,344;3270,314;3275,328;3279,318;3283,332;3288,330;3292,314;3296,314;3301,314;3305,332;3309,330;3314,330;3318,328;3322,328;3327,326;3331,318;3336,330;3340,330;3344,330;3349,312;3353,332;3357,330;3362,330;3366,328;3370,328;3375,314;3379,318;3383,332;3388,302;3392,316;3396,314;3401,328;3405,320;3410,332;3414,316;3418,330;3423,328;3427,320;3431,320;3436,320;3440,332;3444,318;3449,330;3453,322;3457,336;3462,320;3466,334;3470,318;3475,332;3479,338;3484,322;3488,322;3492,320;3497,320;3501,324;3505,324;3510,322;3514,324;3518,322;3523,334;3527,326;3531,312;3536,324;3540,310;3544,324;3549,322;3553,328;3558,326;3562,326;3566,326;3571,338;3575,330;3579,316;3584,342;3588,314;3592,328;3597,326;3601,332;3605,316;3610,330;3614,316;3618,342;3623,328;3627,320;3632,332;3636,318;3640,330;3645,330;3649,336;3653,320;3658,334;3662,318;3666,332;3671,318;3675,322;3679,322;3684,322;3688,334;3693,320;3697,332;3701,324;3706,324;3710,322;3714,338;3719,322;3723,328;3727,328;3732,312;3736,324;3740,310;3745,322;3749,328;3753,342;3758,326;3762,324;3767,324;3771,324;3775,342;3780,312;3784,326;3788,312;3793,324;3797,330;3801,344;3806,328;3810,342;3814,326;3819,340;3823,332;3827,316;3832,330;3836,328;3841,328;3845,320;3849,334;3854,318;3858,332;3862,330;3867,332;3871,322;3875,322;3880,334;3884,318;3888,318;3893,318;3897,338;3901,322;3906,324;3910,322;3915,322;3919,326;3923,326;3928,338;3932,310;3936,334;3941,322;3945,328;3949,326;3954,326;3958,324;3962,338;3967,324;3971,328;3975,342;3980,312;3984,326;3989,310;3993,324;3997,330;4002,330;4006,328;4010,340;4015,326;4019,318;4023,330;4028,316;4032,328;4036,328;4041,326;4045,318;4049,332;4054,316;4058,330;4063,328;4067,320;4071,318;4076,318;4080,332;4084,330;4089,330;4093,322;4097,334;4102,320;4106,332;4110,332;4115,330;4119,322;4123,322;4128,334;4132,320;4137,320;4141,324;4145,338;4150,322;4154,324;4158,320;4163,334;4167,326;4171,312;4176,324;4180,324;4184,322;4189,322;4193,342;4197,314;4202,340;4206,326;4211,338;4215,330;4219,328;4224,328;4228,314;4232,326;4237,326;4241,344;4245,330;4250,344;4254,314;4258,328;4263,326;4267,318;4272,330;4276,316;4280,330;4285,328;4289,322;4293,320;4298,334;4302,332;4306,332;4311,318;4315,310;4319,322;4324,322;4328,336;4332,306;4337,320;4341,326;4346,340;4350,324;4354,324;4359,322;4363,314;4367,328;4372,328;4376,326;4380,326;4385,340;4389,316;4393,330;4398,330;4402,344;4407,314;4411,320;4415,332;4420,318;4424,332;4428,316;4433,330;4437,322;4441,336;4446,320;4450,332;4454,318;4459,346;4463,336;4467,322;4472,322;4476,322;4481,334;4485,320;4489,326;4494,324;4498,338;4502,322;4507,334;4511,326;4515,326;4520,324;4524,324;4528,336;4533,322;4537,328;4541,326;4546,340;4550,324;4555,338;4559,314;4563,314;4568,328;4572,326;4576,326;4581,310;4585,330;4589,330;4594,328;4598,328;4602,328;4607,326;4611,318;4615,332;4620,318;4624,330;4629,316;4633,328;4637,320;4642,334;4646,318;4650,332;4655,316;4659,324;4663,322;4668,322;4672,336;4676,320;4681,320;4685,326;4689,326;4694,324;4698,324;4703,322;4707,314;4711,328;4716,326;4720,326;4724,310;4729,324;4733,330;4737,330;4742,328;4746,328;4750,326;4755,326;4759,332;4763,318;4768,330;4772,316;4777,330;4781,320;4785,334;4790,320;4794,334;4798,318;4803,332;4807,338;4811,308;4816,322;4820,322;4824,334;4829,320;4833,340;4837,324;4842,340;4846,324;4851,338;4855,324;4859,314;4864,328;4868,328;4872,328;4877,326;4881,332;4885,330;4890,344;4894,314;4898,328;4903,326;4907,318;4911,332;4916,330;4920,330;4925,314;4929,314;4933,320;4938,332;4942,332;4946,330;4951,316;4955,322;4959,336;4964,320;4968,334;4972,318;4977,332;4981,322;4986,336;4990,322;4994,334;4999,320;5003,312;5007,326;5012,324;5016,324;5020,308;5025,320;5029,326;5033,340;5038,326;5042,338;5046,324;5051,338;5055,328;5060,314;5064,314;5068,326;5073,326;5077,332;5081,332;5086,316;5090,328;5094,328;5099,342;5103,318;5107,318;5112,316;5116,316;5120,316;5125,314;5129,334;5134,332;5138,332;5142,330;5147,330;5151,322;5155,320;5160,334;5164,304;5168,332;5173,316;5177,336;5181,322;5186,336;5190,318;5194,334;5199,318;5203,310;5208,324;5212,322;5216,334;5221,320;5225,338;5229,324;5234,338;5238,322;5242,336;5247,322;5251,328;5255,312;5260,312;5264,324;5268,324;5273,322;5277,328;5282,328;5286,326;5290,326;5295,324;5299,330;5303,330;5308,314;5312,328;5316,312;5321,326;5325,332;5329,330;5334,316;5338,328;5342,328;5347,304;5351,318;5356,318;5360,330;5364,316;5369,330;5373,320;5377,334;5382,320;5386,332;5390,318;5395,332;5399,324;5403,308;5408,322;5412,320;5416,334;5421,318;5425,326;5430,324;5434,338;5438,322;5443,336;5447,312;5451,312;5456,324;5460,324;5464,324;5469,322;5473,328;5477,328;5482,326;5486,324;5491,324;5495,316;5499,316;5504,328;5508,312;5512,326;5517,312;5521,332;5525,316;5530,330;5534,316;5538,328;5543,328;5547,320;5551,332;5556,318;5560,332;5565,316;5569,328;5573,320;5578,334;5582,318;5586,332;5591,318;5595,324;5599,324;5604,322;5608,334;5612,306;5617,320;5621,326;5626,338;5630,324;5634,338;5639,322;5643,328;5647,314;5652,314;5656,324;5660,310;5665,324;5669,328;5673,328;5678,328;5682,326;5686,326;5691,326;5695,332;5700,316;5704,316;5708,316;5713,328;5717,322;5721,320;5726,320;5730,332;5734,332;5739,334;5743,324;5747,324;5752,336;5756,320;5760,320;5765,320;5769,340;5774,324;5778,340;5782,324;5787,338;5791,330;5795,316;5800,328;5804,314;5808,326;5813,312;5817,332;5821,318;5826,332;5830,316;5834,330;5839,314;5843,306;5848,306;5852,306;5856,306;5861,304;5865,324;5869,310;5874,324;5878,322;5882,322;5887,320;5891,312;5895,312;5900,312;5904,326;5908,310;5913,310;5917,316;5922,328;5926,314;5930,312;5935,312;5939,304;5943,316;5948,316;5952,330;5956,300;5961,314;5965,318;5969,332;5974,318;5978,316;5982,316;5987,308;5991,320;5996,306;6000,320;6004,306;6009,318;6013,324;6017,310;6022,308;6026,322;6030,306;6035,320;6039,312;6043,312;6048,326;6052,312;6057,310;6061,316;6065,330;6070,316;6074,314;6078,314;6083,326;6087,318;6091,318;6096,316;6100,316;6104,316;6109,314;6113,320;6117,318;6122,318;6126,318;6131,318;6135,322;6139,294;6144,320;6148,306;6152,320;6157,320;6161,312;6165,310;6170,310;6174,308;6178,322;6183,308;6187,300;6191,298;6196,298;6200,282;6205,284;6209,302;6213,286;6218,258;6222,286;6226,300;6231,284;6235,290;6239,290;6244,290;6248,290;6252,288;6257,252;6261,278;6265,292;6270,292;6274,292;6279,290;6283,282;6287,282;6292,282;6296,280;6300,280;6305,292;6309,284;6313,284;6318,284;6322,282;6326,282;6331,274;6335,286;6339,272;6344,286;6348,284;6353,282;6357,288;6361,288;6366,286;6370,258;6374,286;6379,298;6383,290;6387,288;6392,302;6396,288;6400,272;6405,292;6409,306;6414,290;6418,290;6422,288;6427,302;6431,266;6435,280;6440,264;6444,276;6448,276;6453,276;6457,296;6461,280;6466,250;6470,278;6474,292;6479,282;6483,282;6488,296;6492,282;6496,280;6501,294;6505,286;6509,284;6514,284;6518,284;6522,296;6527,274;6531,272;6535,272;6540,286;6544,284;6548,284;6553,302;6557,288;6562,288;6566,286;6570,286;6575,284;6579,276;6583,274;6588,272;6592,272;6596,272;\r\nBuffer sent in 0.973 secondsreturn;buffer;965\r\n'), 10:58:08
bytearray(b'received from UR: measure -> measure (0,1)\r\nSTEPPER: Moving to mstep: 6600 with speed [msteps/sec]: 1000 in StealthChop.\r\n'), 10:58:09
bytearray(b'STEPPER: Moving to mstep: 2400 with speed [msteps/sec]: 4000 in SpreadCycle.\r\n'), 10:58:13
bytearray(b'STEPPER: Moved 4200.00 msteps (ramp: 35%) in 1324.888 ms -> average speed [msteps/sec]: 3170.08\r\nreturn;measure;965\r\n'), 10:58:14
bytearray(b'received from UR: buffer -> buffer (0,1)\r\nSending buffer of size 965data;2400,298;2404,454;2408,164;2413,278;2417,320;2421,326;2426,340;2430,324;2434,338;2439,324;2443,330;2447,328;2452,314;2456,314;2460,312;2465,326;2469,318;2474,330;2478,316;2482,328;2487,328;2491,320;2495,334;2500,318;2504,318;2508,318;2513,332;2517,322;2521,336;2526,322;2530,334;2534,318;2539,332;2543,324;2548,320;2552,324;2556,322;2561,336;2565,314;2569,342;2574,326;2578,340;2582,324;2587,338;2591,330;2595,314;2600,328;2604,328;2608,328;2613,326;2617,332;2622,318;2626,332;2630,318;2635,330;2639,322;2643,308;2648,320;2652,320;2656,332;2661,318;2665,324;2669,324;2674,322;2678,322;2682,322;2687,320;2691,312;2696,324;2700,324;2704,324;2709,324;2713,330;2717,314;2722,328;2726,326;2730,326;2735,324;2739,316;2743,330;2748,330;2752,342;2756,314;2761,328;2765,320;2770,332;2774,318;2778,346;2783,332;2787,308;2791,322;2796,306;2800,320;2804,320;2809,332;2813,324;2817,336;2822,322;2826,336;2830,320;2835,334;2839,324;2844,310;2848,322;2852,308;2857,322;2861,328;2865,340;2870,324;2874,324;2878,324;2883,322;2887,328;2891,328;2896,326;2900,312;2904,324;2909,324;2913,328;2918,314;2922,328;2926,326;2931,340;2935,330;2939,316;2944,328;2948,312;2952,326;2957,312;2961,332;2965,330;2970,344;2974,328;2979,328;2983,318;2987,304;2992,330;2996,316;3000,328;3005,314;3009,334;3013,318;3018,332;3022,316;3026,330;3031,328;3035,306;3039,318;3044,304;3048,318;3053,316;3057,330;3061,320;3066,334;3070,318;3074,332;3079,316;3083,322;3087,322;3092,306;3096,320;3100,318;3105,316;3109,324;3113,336;3118,322;3122,334;3127,320;3131,312;3135,324;3140,324;3144,336;3148,322;3153,322;3157,326;3161,326;3166,324;3170,338;3174,324;3179,338;3183,344;3188,314;3192,342;3196,314;3201,326;3205,318;3209,332;3214,316;3218,330;3222,314;3227,328;3231,334;3235,320;3240,332;3244,318;3248,316;3253,316;3257,336;3262,320;3266,334;3270,318;3275,332;3279,324;3283,324;3288,336;3292,320;3296,320;3301,320;3305,326;3309,338;3314,336;3318,320;3322,334;3327,320;3331,310;3336,324;3340,324;3344,336;3349,322;3353,328;3357,326;3362,326;3366,326;3370,326;3375,324;3379,316;3383,328;3388,328;3392,342;3396,314;3401,326;3405,318;3410,330;3414,330;3418,330;3423,314;3427,320;3431,320;3436,334;3440,332;3444,318;3449,332;3453,310;3457,324;3462,322;3466,336;3470,320;3475,312;3479,326;3484,326;3488,326;3492,324;3497,324;3501,316;3505,330;3510,328;3514,328;3518,328;3523,328;3527,332;3531,318;3536,332;3540,316;3544,330;3549,330;3553,336;3558,320;3562,334;3566,320;3571,332;3575,326;3579,310;3584,338;3588,308;3592,336;3597,306;3601,328;3605,326;3610,340;3614,310;3619,338;3623,322;3627,328;3632,328;3636,326;3640,326;3645,312;3649,330;3653,330;3658,330;3662,314;3666,328;3671,328;3675,320;3679,332;3684,332;3688,318;3693,316;3697,316;3701,322;3706,334;3710,320;3714,334;3719,318;3723,324;3727,338;3732,322;3736,322;3740,306;3745,320;3749,326;3753,324;3758,324;3762,338;3767,322;3771,314;3775,328;3780,326;3784,340;3788,324;3793,338;3797,316;3801,328;3806,314;3810,328;3814,326;3819,326;3823,332;3827,316;3832,316;3836,316;3841,328;3845,320;3849,334;3854,318;3858,332;3862,318;3867,332;3871,322;3875,322;3880,336;3884,320;3888,320;3893,318;3897,324;3901,324;3906,336;3910,322;3915,334;3919,326;3923,324;3928,340;3932,310;3936,324;3941,308;3945,328;3949,328;3954,328;3958,312;3962,326;3967,326;3971,318;3975,330;3980,316;3984,344;3989,314;3993,342;3997,320;4002,332;4006,318;4010,332;4015,318;4019,308;4023,322;4028,322;4032,334;4036,320;4041,320;4045,312;4049,326;4054,324;4058,338;4063,322;4067,314;4071,328;4076,328;4080,326;4084,326;4089,322;4093,316;4097,330;4102,330;4106,330;4110,314;4115,306;4119,320;4124,320;4128,334;4132,318;4137,332;4141,324;4145,336;4150,322;4154,334;4158,320;4163,334;4167,324;4171,310;4176,324;4180,322;4184,336;4189,308;4193,328;4198,326;4202,326;4206,312;4211,338;4215,330;4219,314;4224,328;4228,312;4232,326;4237,326;4241,332;4245,316;4250,330;4254,314;4258,328;4263,328;4267,320;4272,332;4276,318;4280,330;4285,316;4289,322;4293,322;4298,320;4302,320;4306,332;4311,318;4315,324;4319,336;4324,322;4328,322;4333,306;4337,320;4341,326;4346,340;4350,324;4354,324;4359,322;4363,314;4367,328;4372,328;4376,340;4380,326;4385,338;4389,316;4393,330;4398,314;4402,328;4407,328;4411,340;4415,318;4420,304;4424,316;4428,316;4433,328;4437,320;4441,334;4446,318;4450,332;4454,316;4459,330;4463,336;4467,322;4472,322;4476,306;4481,318;4485,312;4489,338;4494,322;4498,336;4502,322;4507,336;4511,326;4515,326;4520,338;4524,324;4528,324;4533,308;4537,330;4541,328;4546,342;4550,326;4555,338;4559,318;4563,316;4568,330;4572,316;4576,328;4581,312;4585,334;4589,318;4594,332;4598,330;4602,344;4607,330;4611,308;4615,320;4620,320;4624,332;4629,318;4633,332;4637,322;4642,324;4646,322;4650,336;4655,320;4659,312;4663,326;4668,324;4672,324;4676,308;4681,322;4685,328;4689,326;4694,312;4698,324;4703,324;4707,316;4711,328;4716,314;4720,326;4724,312;4729,326;4733,332;4737,330;4742,316;4746,330;4750,328;4755,328;4759,334;4764,318;4768,332;4772,316;4777,330;4781,322;4785,334;4790,320;4794,334;4798,318;4803,332;4807,336;4811,322;4816,336;4820,320;4824,320;4829,318;4833,338;4838,324;4842,336;4846,322;4851,334;4855,326;4859,326;4864,326;4868,324;4872,336;4877,322;4881,326;4885,326;4890,326;4894,324;4898,324;4903,322;4907,328;4912,328;4916,326;4920,324;4925,310;4929,330;4933,328;4938,326;4942,326;4946,324;4951,322;4955,328;4959,328;4964,326;4968,326;4972,310;4977,322;4981,314;4986,342;4990,326;4994,340;4999,324;5003,316;5007,330;5012,314;5016,328;5020,312;5025,326;5029,318;5033,332;5038,330;5042,342;5046,328;5051,328;5055,318;5060,332;5064,330;5068,330;5073,328;5077,320;5081,320;5086,318;5090,332;5094,316;5099,330;5103,320;5107,320;5112,318;5116,304;5120,318;5125,316;5129,336;5134,320;5138,334;5142,318;5147,332;5151,338;5155,322;5160,336;5164,306;5168,320;5173,320;5177,338;5181,324;5186,336;5190,320;5195,334;5199,320;5203,326;5208,326;5212,310;5216,322;5221,308;5225,328;5229,326;5234,338;5238,310;5242,338;5247,322;5251,328;5255,328;5260,326;5264,326;5269,312;5273,324;5277,330;5282,328;5286,314;5290,340;5295,326;5299,332;5303,330;5308,328;5312,328;5316,312;5321,326;5325,332;5329,330;5334,316;5338,328;5343,326;5347,318;5351,332;5356,316;5360,330;5364,300;5369,314;5373,318;5377,332;5382,332;5386,344;5390,316;5395,330;5399,320;5404,320;5408,332;5412,318;5417,316;5421,322;5425,336;5430,320;5434,334;5438,318;5443,332;5447,322;5451,308;5456,320;5460,320;5464,334;5469,318;5473,338;5478,322;5482,336;5486,320;5491,334;5495,324;5499,308;5504,322;5508,320;5512,334;5517,318;5521,324;5525,322;5530,336;5534,320;5538,334;5543,320;5547,324;5552,324;5556,308;5560,322;5565,320;5569,326;5573,324;5578,338;5582,322;5586,336;5591,320;5595,326;5599,340;5604,310;5608,338;5612,308;5617,322;5621,326;5626,340;5630,312;5634,338;5639,322;5643,314;5647,328;5652,312;5656,324;5660,324;5665,324;5669,328;5673,328;5678,326;5682,326;5686,312;5691,338;5695,316;5700,328;5704,328;5708,326;5713,326;5717,318;5721,330;5726,330;5730,330;5734,314;5739,328;5743,320;5747,318;5752,332;5756,316;5760,330;5765,314;5769,334;5774,318;5778,332;5782,318;5787,330;5791,322;5795,306;5800,320;5804,304;5808,332;5813,316;5817,336;5821,322;5826,334;5830,320;5835,320;5839,318;5843,324;5848,308;5852,308;5856,306;5861,306;5865,326;5869,310;5874,310;5878,308;5882,322;5887,320;5891,312;5895,324;5900,310;5904,324;5909,308;5913,314;5917,312;5922,312;5926,310;5930,310;5935,308;5939,314;5943,326;5948,312;5952,310;5956,296;5961,308;5965,314;5969,326;5974,312;5978,326;5983,310;5987,302;5991,316;5996,314;6000,328;6004,312;6009,312;6013,318;6017,330;6022,314;6026,328;6030,312;6035,326;6039,318;6043,316;6048,316;6052,314;6057,314;6061,306;6065,318;6070,318;6074,318;6078,316;6083,328;6087,306;6091,306;6096,318;6100,304;6104,316;6109,316;6113,322;6117,320;6122,320;6126,320;6131,318;6135,324;6139,294;6144,308;6148,308;6152,320;6157,318;6161,324;6165,310;6170,322;6174,308;6178,308;6183,292;6187,284;6192,296;6196,296;6200,294;6205,280;6209,300;6213,298;6218,298;6222,296;6226,282;6231,274;6235,272;6239,272;6244,284;6248,284;6252,268;6257,302;6261,288;6266,286;6270,286;6274,300;6279,284;6283,276;6287,274;6292,274;6296,272;6300,258;6305,286;6309,292;6313,290;6318,290;6322,274;6326,274;6331,280;6335,294;6340,278;6344,290;6348,276;6353,290;6357,282;6361,266;6366,294;6370,294;6374,292;6379,284;6383,282;6387,282;6392,296;6396,280;6400,294;6405,286;6409,298;6414,282;6418,254;6422,282;6427,294;6431,286;6435,286;6440,284;6444,284;6448,282;6453,288;6457,300;6461,286;6466,286;6470,284;6475,270;6479,290;6483,274;6488,288;6492,272;6496,272;6501,270;6505,290;6509,290;6514,262;6518,288;6522,288;6527,278;6531,278;6535,292;6540,276;6544,276;6549,262;6553,294;6557,294;6562,280;6566,292;6570,292;6575,290;6579,268;6583,280;6588,280;6592,278;6596,264;\r\nBuffer sent in 0.973 secondsreturn;buffer;965\r\n'), 10:58:16
bytearray(b'received from UR: measure -> measure (0,1)\r\nSTEPPER: Moving to mstep: 6600 with speed [msteps/sec]: 1000 in StealthChop.\r\n'), 10:58:17
bytearray(b'STEPPER: Moving to mstep: 2400 with speed [msteps/sec]: 4000 in SpreadCycle.\r\n'), 10:58:22
bytearray(b'STEPPER: Moved 4200.00 msteps (ramp: 35%) in 1324.892 ms -> average speed [msteps/sec]: 3170.07\r\nreturn;measure;965\r\n'), 10:58:23
bytearray(b'received from UR: buffer -> buffer (0,1)\r\nSending buffer of size 965data;2400,298;2404,452;2408,162;2413,276;2417,318;2421,324;2426,338;2430,324;2434,338;2439,324;2443,314;2447,314;2452,312;2456,326;2460,326;2465,338;2469,316;2474,330;2478,316;2482,330;2487,328;2491,334;2495,320;2500,318;2504,332;2508,316;2513,330;2517,322;2521,320;2526,320;2530,334;2534,318;2539,332;2543,324;2548,310;2552,336;2556,320;2561,334;2565,326;2569,326;2574,324;2578,338;2582,324;2587,338;2591,328;2595,314;2600,312;2604,312;2608,324;2613,310;2617,344;2622,330;2626,330;2630,314;2635,342;2639,320;2643,318;2648,330;2652,316;2656,330;2661,314;2665,336;2669,320;2674,336;2678,320;2682,334;2687,320;2691,310;2696,324;2700,324;2704,336;2709,322;2713,328;2717,328;2722,340;2726,326;2730,340;2735,324;2739,316;2743,330;2748,314;2752,328;2756,314;2761,328;2765,318;2770,332;2774,318;2778,332;2783,316;2787,322;2791,336;2796,320;2800,334;2804,318;2809,332;2813,324;2817,338;2822,322;2826,336;2830,320;2835,334;2839,338;2844,324;2848,322;2852,320;2857,322;2861,326;2865,340;2870,324;2874,324;2878,324;2883,336;2887,342;2891,328;2896,326;2900,312;2905,326;2909,318;2913,330;2918,316;2922,328;2926,314;2931,328;2935,332;2939,318;2944,318;2948,316;2952,330;2957,314;2961,336;2965,320;2970,334;2974,320;2979,332;2983,316;2987,310;2992,336;2996,322;3000,320;3005,308;3009,340;3013,324;3018,338;3022,310;3026,324;3031,322;3035,314;3039,328;3044,326;3048,326;3053,312;3057,324;3061,316;3066,330;3070,316;3074,314;3079,314;3083,320;3087,332;3092,332;3096,318;3100,316;3105,330;3109,322;3113,334;3118,320;3122,318;3127,316;3131,310;3135,338;3140,324;3144,322;3148,322;3153,334;3157,326;3161,340;3166,324;3170,338;3174,322;3179,336;3183,328;3187,312;3192,326;3196,310;3201,324;3205,316;3209,344;3214,328;3218,342;3222,326;3227,340;3231,332;3235,316;3240,316;3244,314;3248,328;3253,314;3257,332;3261,318;3266,332;3270,316;3275,330;3279,322;3283,320;3288,334;3292,318;3296,332;3301,332;3305,324;3309,322;3314,336;3318,320;3322,334;3327,320;3331,310;3335,324;3340,310;3344,324;3349,308;3353,328;3357,326;3362,328;3366,326;3370,326;3375,310;3379,316;3383,330;3388,314;3392,328;3396,312;3401,326;3405,318;3409,332;3414,330;3418,330;3423,328;3427,306;3431,320;3436,318;3440,332;3444,318;3449,330;3453,322;3457,336;3462,320;3466,334;3470,320;3475,332;3479,324;3484,322;3488,336;3492,322;3497,320;3501,326;3505,324;3510,324;3514,324;3518,322;3523,320;3527,326;3531,312;3536,324;3540,324;3544,322;3549,308;3553,328;3558,326;3562,340;3566,326;3571,326;3575,330;3579,316;3584,342;3588,328;3592,326;3597,312;3601,332;3605,330;3610,344;3614,330;3619,342;3623,314;3627,320;3632,332;3636,330;3640,318;3645,316;3649,336;3653,320;3658,334;3662,318;3666,332;3671,316;3675,322;3679,334;3684,334;3688,320;3693,318;3697,332;3701,324;3706,336;3710,322;3714,334;3719,320;3723,312;3727,324;3732,324;3736,336;3740,310;3745,320;3749,326;3753,326;3758,326;3762,324;3767,322;3771,316;3775,328;3780,312;3784,326;3788,312;3793,324;3797,316;3801,330;3806,316;3810,328;3814,312;3819,326;3823,332;3827,318;3832,330;3836,330;3841,328;3845,320;3849,334;3854,320;3858,332;3862,318;3867,318;3871,324;3875,322;3880,336;3884,334;3888,320;3893,318;3897,324;3901,322;3906,322;3910,322;3915,320;3919,320;3923,312;3928,340;3932,324;3936,324;3941,308;3945,328;3949,328;3954,328;3958,326;3962,326;3967,324;3971,316;3975,330;3980,316;3984,330;3989,314;3993,314;3997,320;4002,334;4006,318;4010,334;4015,318;4019,308;4023,322;4028,320;4032,334;4036,334;4041,318;4045,324;4050,338;4054,324;4058,336;4063,322;4067,314;4071,328;4076,326;4080,326;4084,324;4089,324;4093,314;4097,328;4102,328;4106,328;4110,326;4115,326;4119,332;4124,316;4128,330;4132,314;4137,328;4141,320;4145,334;4150,332;4154,332;4158,330;4163,330;4167,324;4171,322;4176,336;4180,320;4184,334;4189,318;4193,338;4198,322;4202,338;4206,320;4211,334;4215,326;4219,310;4224,324;4228,322;4232,336;4237,336;4241,328;4245,326;4250,340;4254,324;4258,324;4263,310;4267,316;4272,328;4276,314;4280,342;4285,326;4289,318;4293,318;4298,330;4302,330;4306,330;4311,328;4315,306;4319,334;4324,318;4328,332;4332,318;4337,330;4341,322;4346,336;4350,320;4354,334;4359,320;4363,312;4367,324;4372,310;4376,338;4380,308;4385,322;4389,314;4393,342;4398,326;4402,340;4407,324;4411,316;4415,330;4420,316;4424,344;4428,328;4433,326;4437,318;4441,332;4446,316;4450,330;4454,314;4459,328;4463,334;4467,320;4472,332;4476,332;4481,316;4485,316;4489,336;4494,320;4498,334;4502,320;4507,332;4511,324;4515,324;4520,336;4524,322;4528,322;4533,320;4537,326;4541,326;4546,324;4550,322;4555,322;4559,322;4563,314;4568,326;4572,312;4576,326;4581,310;4585,330;4589,316;4594,342;4598,326;4602,340;4607,326;4611,318;4615,330;4620,316;4624,314;4629,314;4633,326;4637,318;4642,332;4646,316;4650,330;4655,316;4659,320;4663,334;4668,320;4672,332;4676,316;4681,332;4685,322;4689,322;4694,320;4698,320;4703,318;4707,310;4711,322;4716,308;4720,320;4724,306;4729,332;4733,324;4737,324;4742,322;4746,322;4750,322;4755,334;4759,340;4764,312;4768,324;4772,310;4777,336;4781,314;4785,342;4790,326;4794,340;4798,326;4803,338;4807,330;4811,316;4816,328;4820,314;4824,314;4829,312;4833,334;4838,318;4842,332;4846,316;4851,328;4855,334;4859,320;4864,334;4868,332;4872,318;4877,316;4881,336;4885,322;4890,336;4894,320;4898,318;4903,318;4907,324;4912,338;4916,324;4920,322;4925,322;4929,328;4933,326;4938,326;4942,324;4946,324;4951,324;4955,314;4959,328;4964,314;4968,326;4972,312;4977,324;4981,330;4986,330;4990,314;4994,326;4999,324;5003,316;5007,330;5012,314;5016,328;5020,312;5025,326;5029,318;5033,332;5038,316;5042,330;5046,316;5051,328;5055,334;5060,320;5064,318;5068,316;5073,330;5077,322;5081,322;5086,320;5090,334;5094,318;5099,332;5103,324;5107,310;5112,322;5116,322;5120,334;5125,318;5129,326;5134,324;5138,338;5142,324;5147,338;5151,328;5155,314;5160,326;5164,312;5168,324;5173,310;5177,330;5181,314;5186,328;5190,312;5194,340;5199,324;5203,330;5208,328;5212,314;5216,328;5221,312;5225,332;5229,316;5234,330;5238,314;5242,342;5247,326;5251,332;5255,318;5260,316;5264,330;5269,314;5273,328;5277,318;5282,332;5286,316;5290,330;5295,316;5299,334;5303,320;5308,318;5312,332;5316,316;5321,330;5325,322;5329,320;5334,320;5338,332;5343,332;5347,310;5351,322;5356,308;5360,334;5364,320;5369,334;5373,310;5377,324;5382,322;5386,336;5390,320;5395,334;5399,326;5403,310;5408,324;5412,322;5417,336;5421,312;5425,326;5430,324;5434,338;5438,322;5443,336;5447,326;5451,312;5456,324;5460,324;5464,338;5469,322;5473,328;5477,314;5482,326;5486,324;5491,324;5495,328;5499,314;5504,326;5508,312;5512,338;5517,324;5521,328;5525,314;5530,326;5534,324;5538,324;5543,322;5547,314;5551,328;5556,312;5560,338;5565,310;5569,330;5573,314;5578,342;5582,326;5586,340;5591,310;5595,314;5599,328;5604,312;5608,340;5612,310;5617,324;5621,316;5625,342;5630,326;5634,340;5639,312;5643,316;5647,328;5652,314;5656,326;5660,312;5665,324;5669,316;5673,330;5678,326;5682,328;5686,324;5691,324;5695,330;5699,314;5704,328;5708,312;5713,326;5717,316;5721,330;5726,328;5730,328;5734,326;5739,326;5743,330;5747,316;5752,328;5756,314;5760,326;5765,312;5769,330;5774,316;5778,328;5782,312;5787,326;5791,332;5795,316;5800,342;5804,328;5808,326;5813,310;5817,330;5821,316;5826,328;5830,312;5834,326;5839,310;5843,314;5848,328;5852,328;5856,312;5861,312;5865,318;5869,316;5874,316;5878,314;5882,314;5887,312;5891,304;5895,316;5900,302;5904,314;5908,300;5913,314;5917,318;5922,318;5926,316;5930,316;5935,314;5939,306;5943,320;5948,304;5952,318;5956,316;5961,314;5965,318;5969,320;5974,316;5978,318;5983,302;5987,306;5991,318;5996,304;6000,330;6004,302;6009,314;6013,318;6017,332;6022,316;6026,330;6030,314;6035,328;6039,304;6043,304;6048,316;6052,316;6057,328;6061,306;6065,318;6070,318;6074,318;6078,316;6083,316;6087,320;6091,306;6096,318;6100,318;6104,330;6109,330;6113,320;6117,318;6122,318;6126,316;6131,316;6135,320;6139,306;6144,318;6148,304;6152,330;6157,316;6161,320;6165,306;6170,318;6174,304;6178,316;6183,288;6187,292;6191,306;6196,290;6200,304;6205,274;6209,294;6213,292;6218,292;6222,290;6226,276;6231,290;6235,280;6239,280;6244,278;6248,278;6252,278;6257,282;6261,280;6265,282;6270,280;6274,250;6279,278;6283,284;6287,282;6292,280;6296,294;6300,280;6305,292;6309,282;6313,282;6318,294;6322,294;6326,294;6331,270;6335,284;6339,268;6344,282;6348,268;6353,280;6357,300;6361,300;6366,298;6370,298;6374,282;6379,296;6383,288;6387,286;6392,300;6396,286;6400,284;6405,290;6409,290;6414,274;6418,288;6422,286;6427,300;6431,276;6435,276;6440,274;6444,274;6448,272;6453,272;6457,278;6461,290;6466,290;6470,288;6474,288;6479,278;6483,292;6488,278;6492,290;6496,276;6501,288;6505,280;6509,294;6514,294;6518,292;6522,292;6527,282;6531,254;6535,294;6540,280;6544,280;6549,292;6553,284;6557,282;6562,282;6566,294;6570,294;6575,292;6579,270;6583,270;6588,268;6592,268;6596,266;\r\nBuffer sent in 0.973 secondsreturn;buffer;965\r\n'), 10:58:25
bytearray(b'received from UR: measure -> measure (0,1)\r\nSTEPPER: Moving to mstep: 6600 with speed [msteps/sec]: 1000 in StealthChop.\r\n'), 10:58:26
bytearray(b'STEPPER: Moving to mstep: 2400 with speed [msteps/sec]: 4000 in SpreadCycle.\r\n'), 10:58:30
bytearray(b'STEPPER: Moved 4200.00 msteps (ramp: 35%) in 1324.888 ms -> average speed [msteps/sec]: 3170.08\r\nreturn;measure;965\r\n'), 10:58:31
bytearray(b'received from UR: buffer -> buffer (0,1)\r\nSending buffer of size 965data;2400,308;2404,460;2408,142;2413,270;2417,324;2421,318;2426,332;2430,316;2434,330;2439,328;2443,318;2447,318;2452,316;2456,316;2460,330;2465,330;2469,320;2474,334;2478,318;2482,332;2487,330;2491,310;2495,322;2500,322;2504,320;2508,320;2513,320;2517,324;2521,324;2526,322;2530,336;2534,334;2539,334;2543,326;2548,310;2552,338;2556,324;2561,324;2565,328;2569,328;2574,312;2578,340;2582,324;2587,338;2591,314;2595,314;2600,328;2604,326;2608,326;2613,310;2617,330;2622,330;2626,328;2630,328;2635,328;2639,320;2643,318;2648,318;2652,318;2656,316;2661,316;2665,336;2669,322;2674,336;2678,334;2682,334;2687,332;2691,310;2696,310;2700,310;2704,322;2709,322;2713,330;2717,328;2722,328;2726,326;2730,340;2735,324;2739,316;2743,330;2748,316;2752,330;2756,328;2761,328;2765,320;2770,332;2774,318;2778,346;2783,316;2787,322;2791,336;2796,320;2800,334;2804,306;2809,318;2813,324;2817,338;2822,322;2826,336;2830,322;2835,336;2839,326;2844,310;2848,322;2852,324;2857,322;2861,328;2865,342;2870,328;2874,328;2878,326;2883,326;2887,330;2891,330;2896,330;2900,314;2905,328;2909,326;2913,330;2918,318;2922,330;2926,330;2931,330;2935,322;2939,306;2944,334;2948,320;2952,332;2957,318;2961,324;2965,324;2970,336;2974,322;2979,334;2983,320;2987,324;2992,324;2996,310;3000,322;3005,322;3009,342;3013,326;3018,340;3022,324;3026,338;3031,324;3035,314;3039,328;3044,312;3048,312;3053,324;3057,324;3061,326;3066,330;3070,326;3074,328;3079,326;3083,332;3087,330;3092,314;3096,314;3100,312;3105,326;3109,318;3113,330;3118,316;3122,328;3127,328;3131,306;3135,318;3140,318;3144,332;3148,330;3153,328;3157,320;3161,334;3166,318;3170,332;3174,316;3179,330;3183,336;3187,320;3192,334;3196,306;3201,318;3205,324;3209,324;3214,322;3218,336;3222,320;3227,334;3231,326;3235,324;3240,324;3244,322;3248,322;3253,306;3257,328;3261,326;3266,340;3270,324;3275,338;3279,314;3283,314;3288,328;3292,326;3296,326;3301,326;3305,330;3309,330;3314,330;3318,328;3322,328;3327,326;3331,320;3335,332;3340,316;3344,330;3349,314;3353,342;3357,320;3362,334;3366,320;3370,332;3375,318;3379,324;3383,324;3388,322;3392,322;3396,320;3401,332;3405,326;3409,338;3414,324;3418,336;3423,322;3427,312;3431,326;3436,326;3440,324;3444,322;3449,322;3453,314;3457,328;3462,326;3466,340;3470,324;3475,338;3479,314;3484,314;3488,328;3492,326;3497,326;3501,318;3505,330;3510,330;3514,330;3518,328;3523,328;3527,334;3531,318;3536,332;3540,316;3544,330;3549,316;3553,336;3558,320;3562,334;3566,318;3571,332;3575,324;3579,324;3584,336;3588,322;3592,322;3597,306;3601,340;3605,324;3610,338;3614,324;3619,336;3623,322;3627,328;3632,328;3636,312;3640,326;3645,310;3649,332;3653,330;3658,344;3662,330;3666,344;3671,328;3675,306;3679,320;3684,318;3688,332;3693,318;3697,316;3701,324;3706,336;3710,320;3714,334;3719,318;3723,312;3727,324;3732,324;3736,322;3740,308;3745,322;3749,328;3753,328;3758,326;3762,326;3767,324;3771,318;3775,330;3780,316;3784,328;3788,328;3793,328;3797,318;3801,332;3806,318;3810,332;3814,330;3819,330;3823,322;3827,320;3832,318;3836,306;3841,318;3845,318;3849,338;3854,322;3858,336;3862,320;3867,334;3871,326;3875,324;3880,324;3884,322;3888,322;3893,322;3897,328;3901,326;3906,326;3910,324;3915,324;3919,322;3923,314;3928,328;3932,312;3936,324;3941,310;3945,330;3949,330;3954,330;3958,328;3962,326;3967,326;3971,318;3975,330;3980,330;3984,330;3989,314;3993,328;3997,320;4002,334;4006,318;4010,346;4015,318;4019,322;4023,322;4028,322;4032,322;4036,320;4041,320;4045,326;4049,338;4054,324;4058,336;4063,336;4067,314;4071,312;4076,312;4080,338;4084,324;4089,322;4093,328;4097,328;4102,326;4106,326;4110,324;4115,338;4119,330;4123,314;4128,328;4132,312;4137,340;4141,318;4145,332;4150,316;4154,330;4158,314;4163,330;4167,318;4171,318;4176,332;4180,316;4184,328;4189,314;4193,334;4198,318;4202,332;4206,316;4211,330;4215,322;4219,322;4224,322;4228,320;4232,318;4237,318;4241,338;4245,322;4250,336;4254,322;4258,334;4263,320;4267,312;4272,324;4276,324;4280,324;4285,324;4289,330;4293,328;4298,328;4302,326;4306,326;4311,312;4315,318;4319,332;4324,316;4328,330;4332,314;4337,328;4341,320;4346,334;4350,318;4354,332;4359,316;4363,322;4367,336;4372,320;4376,334;4380,320;4385,332;4389,324;4393,338;4398,322;4402,336;4406,322;4411,334;4415,326;4420,310;4424,324;4428,324;4433,338;4437,316;4441,328;4446,328;4450,340;4454,312;4459,338;4463,330;4467,314;4472,328;4476,328;4480,314;4485,312;4489,334;4494,332;4498,330;4502,330;4507,330;4511,336;4515,322;4520,334;4524,320;4528,320;4533,318;4537,338;4541,324;4546,322;4550,322;4554,336;4559,334;4563,312;4568,324;4572,310;4576,338;4581,322;4585,328;4589,314;4594,328;4598,312;4602,338;4607,324;4611,316;4615,330;4620,328;4624,326;4629,312;4633,324;4637,316;4642,330;4646,328;4650,342;4655,326;4659,318;4663,318;4668,330;4672,330;4676,314;4681,328;4685,320;4689,332;4694,318;4698,332;4703,316;4707,322;4711,320;4716,306;4720,334;4724,318;4729,332;4733,324;4737,324;4742,336;4746,334;4750,320;4755,334;4759,340;4764,324;4768,324;4772,322;4777,322;4781,328;4785,328;4790,326;4794,326;4798,324;4803,338;4807,330;4811,314;4816,324;4820,328;4824,326;4829,312;4833,332;4838,316;4842,344;4846,316;4851,328;4855,320;4859,320;4864,332;4868,318;4872,330;4877,330;4881,336;4885,320;4890,334;4894,318;4898,332;4903,318;4907,322;4912,322;4916,322;4920,334;4925,318;4929,326;4933,324;4938,324;4942,322;4946,336;4951,334;4955,312;4959,326;4964,310;4968,338;4972,324;4977,336;4981,314;4986,328;4990,326;4994,326;4999,326;5003,316;5007,330;5012,316;5016,328;5020,326;5025,312;5029,318;5033,332;5038,316;5042,330;5046,314;5051,328;5055,320;5060,318;5064,318;5068,330;5073,330;5077,322;5081,336;5086,320;5090,334;5094,318;5099,320;5103,324;5107,324;5112,322;5116,308;5120,320;5125,306;5129,326;5134,324;5138,324;5142,324;5147,324;5151,322;5155,328;5160,328;5164,312;5168,326;5173,312;5177,332;5181,316;5186,330;5190,314;5194,328;5199,314;5203,320;5208,332;5212,318;5216,318;5221,316;5225,338;5229,322;5234,336;5238,320;5242,334;5247,332;5251,310;5255,310;5260,308;5264,322;5269,322;5273,322;5277,326;5282,326;5286,324;5290,324;5295,324;5299,314;5303,314;5308,312;5312,326;5316,326;5321,324;5325,316;5329,330;5334,328;5338,328;5343,326;5347,318;5351,332;5356,330;5360,330;5364,314;5369,328;5373,320;5377,334;5382,318;5386,332;5390,316;5395,330;5399,336;5403,322;5408,334;5412,320;5417,320;5421,324;5425,324;5430,324;5434,338;5438,322;5443,336;5447,326;5451,326;5456,324;5460,310;5464,310;5469,308;5473,328;5477,314;5482,326;5486,324;5491,324;5495,316;5499,314;5504,312;5508,300;5512,312;5517,312;5521,332;5525,330;5530,330;5534,328;5538,328;5543,328;5547,320;5552,332;5556,316;5560,330;5565,316;5569,328;5573,320;5578,334;5582,318;5586,332;5591,318;5595,322;5599,322;5604,308;5608,320;5612,306;5617,334;5621,324;5626,338;5630,322;5634,336;5639,322;5643,314;5647,326;5652,326;5656,324;5660,324;5665,324;5669,328;5673,342;5678,328;5682,328;5686,326;5691,340;5695,332;5700,318;5704,330;5708,328;5713,328;5717,320;5721,332;5726,332;5730,332;5734,330;5739,330;5743,334;5747,320;5752,332;5756,318;5760,330;5765,316;5769,336;5774,320;5778,334;5782,318;5787,332;5791,324;5795,322;5800,334;5804,320;5808,332;5813,318;5817,338;5821,322;5826,334;5830,320;5834,334;5839,310;5843,310;5848,322;5852,320;5856,320;5861,306;5865,324;5869,310;5874,322;5878,322;5882,320;5887,320;5891,310;5895,324;5900,322;5904,322;5909,306;5913,306;5917,312;5922,324;5926,310;5930,310;5935,308;5939,298;5943,312;5948,312;5952,324;5956,308;5961,308;5965,314;5969,328;5974,312;5978,326;5983,310;5987,316;5991,316;5996,300;6000,314;6004,298;6009,312;6013,318;6017,332;6022,316;6026,330;6030,314;6035,328;6039,320;6043,304;6048,318;6052,316;6057,316;6061,308;6065,322;6070,320;6074,318;6078,304;6083,318;6087,322;6091,322;6096,322;6100,306;6104,320;6109,320;6113,312;6117,310;6122,324;6126,324;6131,322;6135,314;6139,300;6144,326;6148,312;6152,324;6157,310;6161,316;6165,316;6170,316;6174,314;6178,314;6183,298;6187,304;6191,302;6196,288;6200,288;6205,272;6209,306;6213,292;6218,290;6222,290;6226,302;6231,288;6235,294;6239,280;6244,294;6248,278;6252,278;6257,284;6261,268;6265,282;6270,282;6274,280;6279,280;6283,286;6287,284;6292,270;6296,284;6300,268;6305,282;6309,288;6313,288;6318,286;6322,284;6326,284;6331,262;6335,290;6340,288;6344,288;6348,272;6353,272;6357,292;6361,292;6366,290;6370,290;6374,276;6379,282;6383,294;6387,294;6392,292;6396,292;6400,290;6405,282;6409,296;6414,282;6418,294;6422,280;6427,250;6431,284;6435,284;6440,296;6444,296;6448,282;6453,274;6457,288;6461,286;6466,286;6470,286;6475,256;6479,290;6483,290;6488,290;6492,290;6496,288;6501,288;6505,294;6509,294;6514,294;6518,294;6522,278;6527,272;6531,270;6535,284;6540,284;6544,282;6549,268;6553,274;6557,288;6562,288;6566,274;6570,286;6575,286;6579,292;6583,278;6588,276;6592,290;6596,274;\r\nBuffer sent in 0.973 secondsreturn;buffer;965\r\n'), 10:58:33
bytearray(b'received from UR: measure -> measure (0,1)\r\nSTEPPER: Moving to mstep: 6600 with speed [msteps/sec]: 1000 in StealthChop.\r\n'), 10:58:34
bytearray(b'STEPPER: Moving to mstep: 2400 with speed [msteps/sec]: 4000 in SpreadCycle.\r\n'), 10:58:39
bytearray(b'STEPPER: Moved 4200.00 msteps (ramp: 35%) in 1324.888 ms -> average speed [msteps/sec]: 3170.08\r\nreturn;measure;965\r\n'), 10:58:40
bytearray(b'received from UR: buffer -> buffer (0,1)\r\nSending buffer of size 965data;2400,302;2404,454;2408,166;2413,280;2417,308;2421,326;2426,340;2430,324;2434,338;2439,310;2443,314;2447,328;2452,314;2456,340;2460,326;2465,324;2469,316;2474,328;2478,328;2482,340;2487,326;2491,316;2495,330;2500,316;2504,328;2508,328;2513,326;2517,318;2521,332;2526,330;2530,330;2534,328;2539,328;2543,332;2548,318;2552,330;2556,316;2561,328;2565,320;2569,332;2574,318;2578,330;2582,316;2587,330;2591,334;2595,318;2600,332;2604,330;2609,330;2613,314;2617,334;2622,318;2626,332;2630,316;2635,330;2639,322;2643,320;2648,334;2652,332;2656,318;2661,316;2665,324;2669,322;2674,336;2678,320;2682,334;2687,318;2691,310;2696,322;2700,320;2704,334;2709,320;2713,326;2717,324;2722,336;2726,322;2730,334;2735,334;2739,310;2743,324;2748,322;2752,336;2757,320;2761,320;2765,326;2770,340;2774,324;2778,338;2783,322;2787,312;2791,326;2796,312;2800,338;2804,324;2809,322;2813,314;2817,340;2822,326;2826,338;2831,324;2835,316;2839,328;2844,314;2848,326;2852,312;2857,326;2861,316;2865,330;2870,328;2874,328;2878,314;2883,326;2887,332;2891,316;2896,330;2900,328;2905,326;2909,320;2913,332;2918,318;2922,330;2926,316;2931,328;2935,334;2939,318;2944,332;2948,330;2952,330;2957,314;2961,334;2965,320;2970,332;2974,318;2979,330;2983,324;2987,322;2992,334;2996,306;3000,320;3005,304;3009,338;3013,322;3018,336;3022,322;3026,334;3031,320;3035,310;3039,324;3044,322;3048,322;3053,322;3057,326;3061,312;3066,326;3070,324;3074,324;3079,310;3083,314;3087,328;3092,312;3096,326;3100,310;3105,324;3109,314;3114,328;3118,328;3122,340;3127,326;3131,316;3135,316;3140,314;3144,326;3148,312;3153,338;3157,330;3161,330;3166,314;3170,342;3174,326;3179,340;3183,330;3188,316;3192,328;3196,314;3201,340;3205,318;3209,332;3214,316;3218,332;3222,328;3227,342;3231,332;3235,318;3240,332;3244,316;3248,330;3253,330;3257,322;3262,320;3266,332;3270,318;3275,332;3279,322;3283,308;3288,322;3292,320;3296,332;3301,320;3305,324;3309,324;3314,338;3318,322;3322,336;3327,320;3331,312;3336,326;3340,312;3344,338;3349,324;3353,328;3357,328;3362,328;3366,326;3370,338;3375,324;3379,316;3383,328;3388,314;3392,328;3396,312;3401,326;3405,316;3410,330;3414,316;3418,328;3423,314;3427,318;3431,332;3436,318;3440,330;3444,330;3449,328;3453,320;3457,334;3462,318;3466,332;3470,316;3475,310;3479,322;3484,320;3488,322;3492,318;3497,318;3501,322;3505,336;3510,322;3514,334;3518,320;3523,332;3527,324;3531,308;3536,336;3540,322;3545,320;3549,318;3553,326;3558,324;3562,336;3566,322;3571,322;3575,326;3579,312;3584,324;3588,310;3592,322;3597,308;3601,342;3605,326;3610,340;3614,310;3619,324;3623,328;3627,314;3632,340;3636,326;3640,324;3645,324;3649,344;3653,328;3658,342;3662,312;3666,326;3671,324;3675,316;3680,330;3684,328;3688,326;3693,312;3697,332;3701,330;3706,330;3710,328;3714,328;3719,326;3723,318;3727,332;3732,330;3736,330;3740,314;3745,328;3749,320;3754,332;3758,330;3762,330;3767,316;3771,320;3775,334;3780,318;3784,318;3788,302;3793,330;3797,322;3801,336;3806,320;3810,334;3814,318;3819,332;3823,338;3828,334;3832,322;3836,320;3841,334;3845,324;3849,338;3854,310;3858,322;3862,320;3867,334;3871,340;3875,324;3880,324;3884,322;3888,322;3893,320;3897,326;3902,326;3906,324;3910,324;3915,324;3919,328;3923,312;3928,326;3932,312;3936,338;3941,324;3945,328;3949,328;3954,328;3958,326;3962,338;3967,324;3971,314;3976,328;3980,314;3984,340;3989,324;3993,332;3997,316;4002,330;4006,314;4010,342;4015,326;4019,318;4023,330;4028,314;4032,330;4036,328;4041,326;4045,318;4050,332;4054,316;4058,330;4063,314;4067,318;4071,332;4076,318;4080,330;4084,330;4089,328;4093,320;4097,334;4102,318;4106,332;4110,318;4115,330;4119,336;4124,322;4128,334;4132,320;4137,320;4141,324;4145,324;4150,324;4154,336;4158,322;4163,334;4167,326;4171,312;4176,338;4180,324;4184,322;4189,310;4193,328;4198,328;4202,340;4206,326;4211,326;4215,330;4219,316;4224,328;4228,328;4232,326;4237,312;4241,332;4245,316;4250,330;4254,316;4259,328;4263,322;4267,320;4272,334;4276,332;4280,318;4285,316;4289,324;4293,322;4298,322;4302,320;4306,320;4311,318;4315,310;4319,338;4324,324;4328,322;4333,308;4337,328;4341,326;4346,326;4350,312;4354,324;4359,324;4363,316;4367,330;4372,314;4376,328;4380,298;4385,326;4389,318;4393,346;4398,330;4402,344;4407,328;4411,306;4415,334;4420,320;4424,332;4428,334;4433,318;4437,322;4441,336;4446,322;4450,336;4454,320;4459,332;4463,324;4468,324;4472,338;4476,322;4481,322;4485,314;4489,328;4494,326;4498,324;4502,324;4507,322;4511,328;4515,314;4520,340;4524,324;4528,324;4533,310;4537,328;4542,328;4546,328;4550,326;4555,324;4559,330;4563,316;4568,330;4572,314;4576,326;4581,312;4585,332;4589,316;4594,330;4598,312;4602,330;4607,328;4611,320;4616,332;4620,318;4624,330;4629,316;4633,330;4637,320;4642,334;4646,320;4650,332;4655,318;4659,324;4663,336;4668,322;4672,322;4676,320;4681,334;4685,326;4690,326;4694,324;4698,324;4703,324;4707,316;4711,330;4716,314;4720,328;4724,314;4729,328;4733,320;4737,332;4742,318;4746,332;4750,330;4755,308;4759,322;4764,308;4768,334;4772,318;4777,334;4781,312;4785,324;4790,324;4794,338;4798,322;4803,336;4807,328;4811,310;4816,326;4820,312;4824,324;4829,312;4833,344;4838,330;4842,344;4846,314;4851,342;4855,334;4859,332;4864,318;4868,316;4872,330;4877,316;4881,336;4885,320;4890,334;4894,318;4899,332;4903,322;4907,322;4912,320;4916,320;4920,332;4925,318;4929,324;4933,324;4938,322;4942,322;4946,334;4951,320;4955,312;4959,324;4964,310;4968,322;4973,308;4977,336;4981,326;4986,340;4990,324;4994,338;4999,324;5003,314;5007,342;5012,328;5016,326;5020,312;5025,324;5029,330;5033,330;5038,314;5042,328;5047,312;5051,318;5055,332;5060,330;5064,330;5068,314;5073,328;5077,320;5081,332;5086,318;5090,330;5094,316;5099,330;5103,320;5107,320;5112,332;5116,318;5121,330;5125,322;5129,334;5134,320;5138,332;5142,318;5147,330;5151,334;5155,308;5160,334;5164,306;5168,332;5173,318;5177,338;5181,322;5186,334;5190,320;5195,332;5199,318;5203,324;5208,322;5212,320;5216,334;5221,318;5225,338;5229,322;5234,336;5238,320;5242,334;5247,318;5251,324;5255,322;5260,322;5264,322;5269,320;5273,334;5277,324;5282,324;5286,322;5290,336;5295,322;5299,328;5303,326;5308,324;5312,324;5316,322;5321,336;5325,314;5329,326;5334,326;5338,326;5343,324;5347,324;5351,328;5356,314;5360,326;5364,312;5369,336;5373,316;5377,328;5382,314;5386,340;5390,326;5395,338;5399,330;5404,314;5408,328;5412,312;5417,324;5421,316;5425,330;5430,314;5434,328;5438,326;5443,326;5447,316;5451,316;5456,328;5460,314;5464,340;5469,324;5473,316;5478,316;5482,328;5486,328;5491,326;5495,332;5499,316;5504,330;5508,314;5512,328;5517,312;5521,332;5525,316;5530,330;5534,328;5538,328;5543,326;5547,304;5552,330;5556,316;5560,330;5565,314;5569,334;5573,318;5578,332;5582,314;5586,344;5591,328;5595,320;5599,318;5604,318;5608,330;5612,316;5617,344;5621,320;5626,334;5630,318;5634,332;5639,316;5643,324;5647,322;5652,320;5656,334;5660,320;5665,332;5669,324;5673,324;5678,322;5682,336;5686,334;5691,312;5695,326;5700,310;5704,324;5708,322;5713,336;5717,314;5721,326;5726,326;5730,326;5734,324;5739,324;5743,328;5747,314;5752,328;5756,312;5760,340;5765,326;5769,330;5774,316;5778,330;5782,314;5787,328;5791,320;5795,318;5800,332;5804,316;5808,330;5813,314;5817,334;5821,320;5826,334;5830,318;5834,332;5839,316;5843,308;5848,306;5852,306;5856,318;5861,304;5865,310;5869,308;5874,308;5878,306;5882,320;5887,304;5891,312;5895,310;5900,308;5904,322;5909,306;5913,320;5917,312;5922,324;5926,310;5930,324;5935,322;5939,300;5943,314;5948,312;5952,324;5956,310;5961,324;5965,314;5969,328;5974,312;5978,326;5983,310;5987,304;5991,330;5996,316;6000,314;6004,312;6009,326;6013,316;6017,330;6022,314;6026,314;6030,312;6035,326;6039,332;6043,316;6048,314;6052,314;6057,314;6061,320;6065,318;6070,304;6074,316;6078,314;6083,314;6087,320;6091,318;6096,316;6100,316;6104,328;6109,314;6113,320;6118,318;6122,318;6126,316;6131,316;6135,320;6139,306;6144,318;6148,318;6152,318;6157,302;6161,322;6165,320;6170,320;6174,304;6178,316;6183,294;6187,292;6192,292;6196,290;6200,290;6205,288;6209,308;6213,292;6218,292;6222,290;6226,290;6231,280;6235,280;6239,292;6244,278;6248,290;6252,276;6257,282;6261,280;6266,250;6270,278;6274,290;6279,290;6283,282;6287,294;6292,280;6296,280;6300,278;6305,276;6309,296;6313,296;6318,294;6322,294;6326,294;6331,270;6335,284;6340,270;6344,282;6348,268;6353,278;6357,286;6361,284;6366,284;6370,298;6374,296;6379,274;6383,286;6387,272;6392,284;6396,270;6400,270;6405,290;6409,302;6414,288;6418,302;6422,286;6427,286;6431,276;6435,276;6440,274;6444,274;6448,272;6453,278;6457,290;6461,290;6466,290;6470,288;6474,286;6479,278;6483,292;6488,276;6492,290;6496,288;6501,288;6505,278;6509,292;6514,292;6518,290;6522,288;6527,280;6531,264;6535,278;6540,262;6544,290;6549,274;6553,294;6557,294;6562,278;6566,290;6570,290;6575,290;6579,268;6583,280;6588,264;6592,276;6596,262;\r\nBuffer sent in 0.973 secondsreturn;buffer;965\r\n'), 10:58:42
bytearray(b'received from UR: measure -> measure (0,1)\r\nSTEPPER: Moving to mstep: 6600 with speed [msteps/sec]: 1000 in StealthChop.\r\n'), 10:58:43
bytearray(b'STEPPER: Moving to mstep: 2400 with speed [msteps/sec]: 4000 in SpreadCycle.\r\n'), 10:58:47
bytearray(b'STEPPER: Moved 4200.00 msteps (ramp: 35%) in 1324.888 ms -> average speed [msteps/sec]: 3170.08\r\nreturn;measure;965\r\n'), 10:58:49
bytearray(b'received from UR: buffer -> buffer (0,1)\r\nSending buffer of size 965data;2400,306;2404,466;2408,146;2413,276;2417,316;2421,322;2426,336;2430,320;2434,334;2439,318;2443,324;2447,322;2452,322;2456,320;2460,320;2465,334;2469,324;2474,326;2478,324;2482,322;2487,322;2491,328;2495,340;2500,326;2504,324;2508,324;2513,324;2517,328;2521,328;2526,326;2530,326;2534,324;2539,324;2543,330;2548,330;2552,328;2556,314;2561,328;2565,332;2569,332;2574,316;2578,330;2582,314;2587,330;2591,334;2595,318;2600,318;2604,316;2608,330;2613,314;2617,334;2622,318;2626,332;2630,318;2635,330;2639,316;2643,322;2648,322;2652,320;2656,334;2661,318;2665,324;2669,322;2674,322;2678,322;2682,334;2687,320;2691,326;2696,324;2700,324;2704,322;2709,322;2713,328;2717,326;2722,326;2726,324;2730,338;2735,324;2739,314;2743,328;2748,312;2752,326;2756,312;2761,338;2765,330;2770,330;2774,314;2778,340;2783,326;2787,332;2791,330;2796,316;2800,328;2804,312;2809,342;2813,316;2817,330;2822,316;2826,344;2830,328;2835,342;2839,318;2844,316;2848,330;2852,316;2857,330;2861,320;2865,334;2870,318;2874,332;2878,330;2883,330;2887,322;2891,320;2896,334;2900,318;2904,332;2909,330;2913,322;2918,322;2922,334;2926,320;2931,332;2935,324;2939,310;2944,336;2948,322;2952,334;2957,320;2961,326;2965,324;2970,338;2974,322;2979,336;2983,320;2987,312;2992,324;2996,310;3000,322;3005,320;3009,342;3013,326;3018,338;3022,324;3026,336;3031,322;3035,328;3039,326;3044,312;3048,324;3053,324;3057,338;3061,314;3066,328;3070,312;3074,326;3079,324;3083,330;3087,316;3092,314;3096,328;3100,312;3105,326;3109,318;3113,316;3118,316;3122,330;3127,328;3131,306;3135,332;3140,304;3144,330;3148,316;3153,344;3157,320;3161,320;3166,318;3170,332;3174,316;3179,330;3183,334;3187,320;3192,332;3196,318;3201,344;3205,322;3209,322;3214,320;3218,334;3222,318;3227,332;3231,324;3235,322;3240,324;3244,322;3248,334;3253,320;3257,338;3261,324;3266,338;3270,322;3275,336;3279,320;3283,312;3288,324;3292,324;3296,336;3301,336;3305,328;3309,326;3314,326;3318,324;3322,324;3327,324;3331,314;3335,328;3340,312;3344,326;3349,310;3353,324;3357,330;3362,342;3366,328;3370,326;3375,324;3379,318;3383,330;3388,314;3392,314;3396,312;3401,326;3405,316;3409,328;3414,314;3418,326;3423,324;3427,316;3431,330;3436,328;3440,326;3444,310;3449,324;3453,330;3457,330;3462,328;3466,326;3470,324;3475,326;3479,330;3484,314;3488,328;3492,312;3497,326;3501,316;3505,330;3510,328;3514,328;3518,326;3523,328;3527,332;3531,316;3536,330;3540,314;3544,328;3549,314;3553,332;3558,318;3562,332;3566,330;3571,330;3575,334;3579,320;3584,334;3588,318;3592,330;3597,316;3601,336;3605,320;3610,334;3614,320;3618,332;3623,316;3627,322;3632,336;3636,334;3640,320;3645,318;3649,338;3653,324;3658,336;3662,320;3666,320;3671,320;3675,324;3679,338;3684,336;3688,322;3692,320;3697,332;3701,324;3706,324;3710,322;3714,322;3719,320;3723,312;3727,340;3732,324;3736,324;3740,310;3745,336;3749,328;3753,328;3758,326;3762,326;3767,324;3771,316;3775,330;3780,316;3784,328;3788,314;3793,314;3797,318;3801,332;3806,316;3810,330;3814,316;3819,328;3823,334;3827,318;3832,332;3836,330;3841,316;3845,314;3849,334;3854,318;3858,332;3862,318;3867,318;3871,322;3875,322;3880,334;3884,320;3888,320;3893,318;3897,324;3901,322;3906,336;3910,320;3915,334;3919,318;3923,310;3928,338;3932,322;3936,322;3941,320;3945,326;3949,324;3954,324;3958,322;3962,322;3967,320;3971,312;3975,340;3980,326;3984,324;3989,310;3993,338;3997,314;4002,342;4006,314;4010,326;4015,326;4019,318;4023,332;4028,330;4032,330;4036,314;4041,328;4045,320;4049,332;4054,316;4058,330;4063,316;4067,320;4071,334;4076,320;4080,332;4084,318;4089,332;4093,324;4097,336;4102,322;4106,322;4110,320;4115,334;4119,340;4123,324;4128,324;4132,310;4137,336;4141,328;4145,328;4150,326;4154,328;4158,324;4163,338;4167,330;4171,316;4176,328;4180,314;4184,312;4189,312;4193,332;4198,316;4202,330;4206,316;4211,328;4215,334;4219,320;4224,332;4228,332;4232,318;4237,316;4241,336;4245,320;4250,334;4254,320;4258,320;4263,318;4267,324;4272,336;4276,322;4280,320;4285,320;4289,326;4293,324;4298,324;4302,310;4306,322;4311,322;4315,314;4319,326;4324,310;4328,324;4332,310;4337,322;4341,328;4346,328;4350,328;4354,326;4359,324;4363,316;4367,330;4372,316;4376,328;4380,314;4385,326;4389,318;4393,332;4398,330;4402,344;4406,314;4411,328;4415,332;4420,318;4424,332;4428,330;4433,330;4437,320;4441,334;4446,318;4450,332;4454,318;4459,330;4463,322;4467,322;4472,334;4476,334;4480,320;4485,318;4489,324;4494,324;4498,336;4502,320;4507,320;4511,326;4515,324;4520,338;4524,322;4528,322;4533,320;4537,324;4541,326;4546,340;4550,324;4554,324;4559,322;4563,314;4568,328;4572,312;4576,326;4581,310;4585,330;4589,314;4594,342;4598,326;4602,340;4607,324;4611,316;4615,328;4620,314;4624,326;4628,312;4633,326;4637,316;4642,330;4646,316;4650,328;4655,326;4659,318;4663,332;4668,330;4672,330;4676,314;4681,314;4685,320;4689,332;4694,316;4698,330;4703,316;4707,322;4711,322;4716,320;4720,332;4724,318;4729,318;4733,324;4737,336;4742,336;4746,336;4750,320;4755,334;4759,326;4763,310;4768,336;4772,322;4777,322;4781,314;4785,340;4790,326;4794,340;4798,310;4803,324;4807,330;4811,314;4816,328;4820,312;4824,324;4829,310;4833,344;4837,316;4842,342;4846,314;4851,326;4855,332;4859,318;4864,332;4868,330;4872,330;4877,314;4881,334;4885,332;4890,334;4894,318;4898,332;4903,316;4907,322;4912,336;4916,336;4920,320;4925,320;4929,326;4933,324;4938,336;4942,322;4946,334;4951,320;4955,312;4959,324;4964,324;4968,338;4972,322;4977,320;4981,312;4986,340;4990,324;4994,338;4999,322;5003,314;5007,328;5012,312;5016,340;5020,324;5025,324;5029,316;5033,330;5038,314;5042,328;5046,312;5051,326;5055,330;5060,316;5064,330;5068,328;5073,328;5077,318;5081,332;5086,316;5090,330;5094,314;5099,316;5103,320;5107,318;5112,332;5116,318;5120,318;5125,316;5129,336;5134,322;5138,336;5142,318;5147,332;5151,324;5155,310;5160,336;5164,308;5168,322;5173,306;5177,340;5181,324;5186,338;5190,322;5194,322;5199,320;5203,312;5208,340;5212,324;5216,324;5221,308;5225,322;5229,326;5234,340;5238,310;5242,324;5247,322;5251,314;5255,342;5260,326;5264,324;5268,324;5273,324;5277,328;5282,328;5286,314;5290,326;5295,324;5299,316;5303,330;5308,326;5312,326;5316,312;5321,324;5325,330;5329,330;5334,326;5338,326;5342,324;5347,338;5351,330;5356,316;5360,328;5364,312;5369,312;5373,316;5377,330;5382,328;5386,342;5390,328;5395,340;5399,330;5403,316;5408,328;5412,314;5417,326;5421,318;5425,332;5430,316;5434,344;5438,330;5443,342;5447,320;5451,306;5456,320;5460,318;5464,332;5469,330;5473,322;5477,320;5482,334;5486,320;5491,332;5495,324;5499,310;5504,322;5508,322;5512,334;5517,320;5521,324;5525,324;5530,326;5534,324;5538,324;5543,322;5547,314;5551,326;5556,312;5560,338;5565,324;5569,322;5573,314;5578,342;5582,326;5586,338;5591,324;5595,314;5599,328;5604,314;5608,340;5612,326;5617,324;5621,316;5625,330;5630,314;5634,342;5639,312;5643,318;5647,332;5652,316;5656,330;5660,328;5665,328;5669,318;5673,332;5678,318;5682,330;5686,316;5691,330;5695,334;5699,320;5704,332;5708,332;5713,318;5717,322;5721,336;5726,334;5730,332;5734,332;5739,332;5743,336;5747,322;5752,334;5756,320;5760,318;5765,318;5769,336;5773,322;5778,334;5782,320;5787,332;5791,324;5795,310;5800,322;5804,308;5808,320;5813,306;5817,340;5821,324;5826,338;5830,308;5834,322;5839,320;5843,312;5848,326;5852,310;5856,310;5861,308;5865,314;5869,314;5874,314;5878,310;5882,310;5887,310;5891,316;5895,314;5900,312;5904,312;5908,312;5913,324;5917,302;5922,316;5926,314;5930,328;5935,312;5939,304;5943,316;5948,302;5952,316;5956,314;5961,328;5965,318;5969,332;5974,316;5978,330;5983,314;5987,328;5991,320;5996,304;6000,318;6004,304;6009,330;6013,308;6017,320;6022,306;6026,332;6030,316;6035,330;6039,308;6043,306;6048,320;6052,318;6057,332;6061,308;6065,322;6070,308;6074,320;6078,318;6083,320;6087,310;6091,310;6096,322;6100,308;6104,320;6109,306;6113,326;6117,310;6122,324;6126,308;6131,322;6135,312;6139,298;6144,312;6148,296;6152,322;6157,308;6161,328;6165,314;6170,326;6174,310;6178,310;6183,294;6187,286;6191,284;6196,270;6200,296;6205,282;6209,302;6213,300;6218,286;6222,286;6226,298;6231,284;6235,290;6239,274;6244,288;6248,286;6252,286;6257,292;6261,292;6265,290;6270,290;6274,274;6279,288;6283,266;6287,278;6292,278;6296,292;6300,278;6305,290;6309,282;6313,282;6318,282;6322,282;6326,280;6331,286;6335,298;6339,284;6344,296;6348,282;6353,296;6357,286;6361,288;6366,286;6370,300;6374,284;6379,298;6383,290;6387,274;6392,288;6396,274;6400,300;6405,292;6409,306;6413,290;6418,304;6422,288;6427,290;6431,280;6435,264;6440,280;6444,292;6448,278;6453,290;6457,282;6461,280;6466,252;6470,280;6474,292;6479,284;6483,298;6488,282;6492,282;6496,280;6501,266;6505,286;6509,286;6514,286;6518,284;6522,298;6527,276;6531,274;6535,288;6540,286;6544,300;6548,284;6553,290;6557,276;6562,274;6566,274;6570,288;6575,286;6579,278;6583,278;6588,262;6592,276;6596,260;\r\nBuffer sent in 0.973 secondsreturn;buffer;965\r\n'), 10:58:51
bytearray(b'received from UR: measure -> measure (0,1)\r\nSTEPPER: Moving to mstep: 6600 with speed [msteps/sec]: 1000 in StealthChop.\r\n'), 10:58:52
bytearray(b'STEPPER: Moving to mstep: 2400 with speed [msteps/sec]: 4000 in SpreadCycle.\r\n'), 10:58:56
bytearray(b'STEPPER: Moved 4200.00 msteps (ramp: 35%) in 1324.888 ms -> average speed [msteps/sec]: 3170.08\r\nreturn;measure;964\r\n'), 10:58:57
bytearray(b'received from UR: buffer -> buffer (0,1)\r\nSending buffer of size 964data;2400,306;2404,460;2408,170;2413,284;2417,312;2421,332;2426,346;2430,316;2434,344;2439,316;2443,336;2447,320;2452,318;2456,332;2460,318;2465,332;2469,324;2474,322;2478,322;2482,336;2487,334;2491,312;2495,324;2500,310;2504,324;2508,322;2513,336;2517,316;2521,328;2526,326;2530,326;2534,324;2539,338;2543,330;2548,316;2552,330;2556,314;2561,328;2565,320;2569,334;2574,318;2578,332;2582,316;2587,330;2591,322;2595,308;2600,334;2604,320;2608,334;2613,320;2617,324;2622,324;2626,336;2630,322;2635,336;2639,328;2643,312;2648,326;2652,326;2656,340;2661,324;2665,316;2669,314;2674,328;2678,328;2682,328;2687,326;2691,304;2696,318;2700,316;2704,328;2709,314;2713,334;2717,334;2722,332;2726,318;2730,330;2735,330;2739,322;2743,334;2748,318;2752,332;2756,318;2761,330;2765,322;2770,336;2774,320;2778,334;2783,320;2787,312;2791,338;2796,324;2800,322;2804,308;2809,336;2813,326;2817,340;2822,312;2826,322;2830,322;2835,314;2839,342;2844,326;2848,326;2852,324;2857,324;2861,316;2865,328;2870,314;2874,326;2878,326;2883,326;2887,332;2891,330;2896,328;2900,314;2905,328;2909,318;2913,332;2918,332;2922,344;2926,328;2931,328;2935,334;2939,320;2944,332;2948,332;2952,330;2957,316;2961,336;2965,320;2970,334;2974,318;2979,332;2983,316;2987,322;2992,336;2996,320;3000,320;3005,318;3009,338;3013,324;3018,336;3022,322;3026,334;3031,320;3035,312;3039,336;3044,326;3048,324;3053,322;3057,330;3061,314;3066,328;3070,312;3074,326;3079,324;3083,330;3087,316;3092,314;3096,328;3100,314;3105,326;3109,318;3113,332;3118,318;3122,330;3127,330;3131,308;3135,320;3140,306;3144,334;3148,318;3153,334;3157,324;3161,324;3166,322;3170,336;3174,320;3179,336;3183,326;3187,312;3192,324;3196,310;3201,324;3205,328;3209,342;3214,328;3218,342;3222,326;3227,340;3231,332;3235,330;3240,316;3244,316;3248,328;3253,314;3257,348;3261,320;3266,332;3270,330;3275,330;3279,322;3283,322;3288,334;3292,334;3296,320;3301,318;3305,326;3309,324;3314,336;3318,322;3322,320;3327,320;3331,312;3335,326;3340,324;3344,322;3349,320;3353,328;3357,326;3362,326;3366,324;3370,324;3375,324;3379,314;3383,328;3388,312;3392,326;3396,310;3401,324;3405,316;3410,344;3414,328;3418,328;3423,314;3427,320;3431,332;3436,318;3440,330;3444,330;3449,328;3453,320;3457,334;3462,318;3466,332;3470,316;3475,330;3479,336;3484,320;3488,320;3492,318;3497,318;3501,324;3505,322;3510,322;3514,336;3518,320;3523,334;3527,326;3531,310;3536,324;3540,322;3544,336;3549,308;3553,326;3558,326;3562,340;3566,324;3571,338;3575,330;3579,314;3584,342;3588,312;3592,326;3597,308;3601,344;3605,316;3610,342;3614,326;3619,340;3623,324;3627,330;3632,330;3636,316;3640,328;3645,328;3649,334;3653,320;3658,334;3662,318;3666,346;3671,318;3675,322;3679,322;3684,322;3688,334;3693,320;3697,320;3701,326;3706,338;3710,324;3714,324;3719,322;3723,314;3727,328;3732,312;3736,326;3740,312;3745,324;3749,316;3753,330;3758,316;3762,328;3767,314;3771,320;3775,332;3780,318;3784,318;3788,316;3793,330;3797,320;3801,334;3806,320;3810,330;3814,318;3819,332;3823,324;3827,324;3832,322;3836,322;3841,320;3845,314;3849,340;3854,326;3858,326;3862,310;3867,324;3871,328;3875,314;3880,328;3884,312;3888,326;3893,310;3897,330;3901,316;3906,328;3910,314;3915,326;3919,326;3923,318;3928,330;3932,316;3936,330;3941,314;3945,334;3949,320;3954,332;3958,332;3962,330;3967,316;3971,322;3975,336;3980,320;3984,334;3989,304;3993,332;3997,322;4002,336;4006,322;4010,348;4015,320;4019,312;4023,324;4028,324;4032,336;4036,322;4041,322;4045,314;4049,340;4054,326;4058,338;4063,324;4067,316;4071,328;4076,314;4080,328;4084,312;4089,326;4093,318;4097,330;4102,316;4106,330;4110,314;4115,328;4119,334;4124,318;4128,332;4132,318;4137,318;4141,322;4145,336;4150,322;4154,334;4158,320;4163,334;4167,324;4171,310;4176,324;4180,322;4184,336;4189,314;4193,326;4198,326;4202,340;4206,324;4211,338;4215,328;4219,314;4224,328;4228,314;4232,326;4237,312;4241,332;4245,316;4250,330;4254,316;4258,328;4263,314;4267,320;4272,332;4276,318;4280,330;4285,330;4289,336;4293,322;4298,334;4302,320;4306,334;4311,318;4315,310;4319,324;4324,308;4328,336;4332,306;4337,334;4341,326;4346,326;4350,324;4354,324;4359,322;4363,314;4367,328;4372,314;4376,328;4380,300;4385,326;4389,318;4393,346;4398,330;4402,344;4407,328;4411,306;4415,332;4420,318;4424,332;4428,330;4433,328;4437,320;4441,334;4446,320;4450,334;4454,318;4459,330;4463,322;4467,322;4472,334;4476,320;4481,320;4485,318;4489,338;4494,324;4498,324;4502,322;4507,322;4511,328;4515,312;4520,326;4524,312;4528,324;4533,310;4537,330;4541,330;4546,328;4550,314;4555,326;4559,326;4563,318;4568,330;4572,316;4576,328;4581,298;4585,334;4589,320;4594,334;4598,318;4602,332;4607,330;4611,308;4615,322;4620,308;4624,320;4629,318;4633,318;4637,324;4642,338;4646,322;4650,336;4655,320;4659,312;4663,326;4668,324;4672,338;4676,324;4681,324;4685,316;4689,328;4694,328;4698,326;4703,312;4707,318;4711,332;4716,316;4720,330;4724,316;4729,328;4733,320;4737,334;4742,318;4746,332;4750,330;4755,330;4759,322;4764,322;4768,336;4772,320;4777,334;4781,312;4785,338;4790,324;4794,338;4798,322;4803,336;4807,328;4811,312;4816,326;4820,312;4824,324;4829,310;4833,344;4838,316;4842,342;4846,314;4851,326;4855,332;4859,318;4864,332;4868,330;4872,328;4877,314;4881,334;4885,320;4890,334;4894,318;4898,330;4903,316;4907,322;4912,336;4916,320;4920,320;4925,304;4929,340;4933,324;4938,338;4942,322;4946,336;4951,322;4955,314;4959,326;4964,312;4968,326;4972,310;4977,324;4981,316;4986,330;4990,316;4994,328;4999,314;5003,318;5007,332;5012,316;5016,330;5020,316;5025,328;5029,320;5033,334;5038,318;5042,332;5046,318;5051,308;5055,322;5060,320;5064,320;5068,306;5073,332;5077,324;5081,324;5086,322;5090,322;5094,320;5099,334;5103,340;5107,326;5112,324;5116,310;5120,324;5125,308;5129,328;5134,314;5138,326;5142,326;5147,326;5151,330;5155,316;5160,330;5164,314;5168,328;5173,312;5177,334;5181,318;5186,332;5190,316;5194,330;5199,330;5203,306;5208,320;5212,304;5216,332;5221,316;5225,338;5229,322;5234,320;5242,334;5247,318;5251,324;5255,338;5260,324;5264,322;5268,320;5273,334;5277,326;5282,338;5286,322;5290,324;5295,322;5299,328;5303,326;5308,326;5312,324;5316,310;5321,324;5325,328;5329,328;5334,326;5338,326;5342,326;5347,326;5351,330;5356,316;5360,328;5364,314;5369,328;5373,318;5377,332;5382,316;5386,330;5390,316;5395,328;5399,320;5403,318;5408,330;5412,316;5416,330;5421,314;5425,334;5430,320;5434,334;5438,318;5443,332;5447,324;5451,310;5456,322;5460,322;5464,334;5469,320;5473,326;5477,324;5482,324;5486,310;5491,322;5495,322;5499,314;5504,328;5508,312;5512,326;5517,310;5521,332;5525,318;5530,330;5534,330;5538,330;5543,328;5547,306;5551,332;5556,318;5560,332;5565,318;5569,322;5573,320;5578,334;5582,320;5586,334;5591,318;5595,310;5599,324;5604,310;5608,336;5612,308;5617,322;5621,314;5625,340;5630,326;5634,338;5639,310;5643,316;5647,330;5652,314;5656,328;5660,312;5665,326;5669,318;5673,332;5678,316;5682,330;5686,314;5691,328;5695,334;5699,320;5704,332;5708,318;5713,318;5717,322;5721,334;5726,320;5730,334;5734,320;5739,332;5743,326;5747,310;5752,338;5756,322;5760,322;5765,308;5769,328;5773,326;5778,326;5782,310;5787,324;5791,322;5795,314;5800,328;5804,314;5808,328;5813,298;5817,332;5821,318;5826,332;5830,316;5834,330;5839,316;5843,306;5847,320;5852,306;5856,318;5861,304;5865,324;5869,308;5874,322;5878,306;5882,320;5887,318;5891,298;5895,310;5900,308;5904,322;5908,306;5913,306;5917,312;5921,324;5926,310;5930,324;5935,322;5939,300;5943,326;5948,312;5952,326;5956,310;5961,310;5965,316;5969,328;5974,314;5978,328;5982,312;5987,302;5991,316;5996,302;6000,328;6004,314;6009,326;6013,304;6017,332;6022,316;6026,330;6030,314;6035,314;6039,320;6043,318;6048,318;6052,316;6057,316;6061,308;6065,322;6070,320;6074,320;6078,318;6083,318;6087,324;6091,308;6096,322;6100,320;6104,320;6109,306;6113,326;6117,310;6122,310;6126,308;6131,322;6135,308;6139,312;6144,326;6148,310;6152,310;6157,308;6161,328;6165,314;6170,326;6174,312;6178,324;6183,310;6187,288;6191,286;6196,286;6200,298;6205,284;6209,304;6213,288;6218,288;6222,286;6226,286;6231,284;6235,276;6239,288;6244,274;6248,288;6252,272;6257,278;6261,290;6265,290;6270,290;6274,288;6279,286;6283,278;6287,276;6292,276;6296,276;6300,276;6305,274;6309,294;6313,292;6318,292;6322,290;6326,288;6331,252;6335,292;6339,278;6344,290;6348,290;6353,288;6357,280;6361,266;6366,278;6370,292;6374,290;6379,290;6383,296;6387,282;6392,278;6396,278;6400,278;6405,282;6409,266;6413,280;6418,294;6422,280;6427,292;6431,296;6435,296;6440,280;6444,280;6448,266;6453,278;6457,284;6461,282;6466,266;6470,280;6474,294;6479,284;6483,270;6488,282;6492,268;6496,280;6501,278;6505,284;6509,282;6514,282;6518,280;6522,280;6527,270;6531,270;6535,282;6540,268;6544,280;6548,280;6553,284;6557,284;6562,296;6566,282;6570,282;6575,280;6579,286;6583,270;6588,268;6592,282;6596,266;\r\nBuffer sent in 0.972 secondsreturn;buffer;964\r\n'), 10:58:59
bytearray(b'received from UR: measure -> measure (0,1)\r\nSTEPPER: Moving to mstep: 6600 with speed [msteps/sec]: 1000 in StealthChop.\r\n'), 10:59:00
bytearray(b'STEPPER: Moving to mstep: 2400 with speed [msteps/sec]: 4000 in SpreadCycle.\r\n'), 10:59:04
bytearray(b'STEPPER: Moved 4200.00 msteps (ramp: 35%) in 1324.888 ms -> average speed [msteps/sec]: 3170.08\r\nreturn;measure;964\r\n'), 10:59:06
bytearray(b'received from UR: buffer -> buffer (0,1)\r\nSending buffer of size 964data;2400,304;2404,462;2408,144;2413,272;2417,314;2421,320;2426,336;2430,320;2434,334;2439,320;2443,324;2447,324;2452,308;2456,322;2460,322;2465,336;2469,314;2474,328;2478,326;2482,328;2487,326;2491,318;2495,316;2500,330;2504,330;2508,328;2513,328;2517,320;2521,334;2526,332;2530,332;2534,316;2539,308;2543,322;2548,322;2552,334;2556,320;2561,332;2565,324;2569,338;2574,322;2578,336;2582,322;2587,334;2591,326;2595,326;2600,326;2604,322;2608,322;2613,306;2617,326;2622,326;2626,340;2630,324;2635,338;2639,316;2643,314;2648,314;2652,312;2656,326;2661,324;2665,330;2669,316;2674,328;2678,328;2682,328;2687,324;2691,304;2696,318;2700,318;2704,330;2709,316;2713,334;2717,320;2722,334;2726,318;2730,332;2735,330;2739,310;2743,322;2748,306;2752,320;2756,320;2761,334;2765,324;2770,338;2774,322;2778,336;2783,322;2787,314;2791,326;2796,326;2800,340;2804,312;2809,338;2813,316;2817,330;2822,316;2826,328;2830,328;2835,342;2839,332;2844,318;2848,318;2852,332;2857,330;2861,322;2865,336;2870,322;2874,336;2878,320;2883,334;2887,326;2891,312;2896,326;2900,322;2904,324;2909,310;2913,330;2918,330;2922,328;2926,314;2931,342;2935,320;2939,320;2944,332;2948,318;2952,332;2957,316;2961,336;2965,322;2970,336;2974,320;2979,334;2983,320;2987,312;2992,326;2996,324;3000,324;3005,308;3009,342;3013,328;3018,340;3022,326;3026,340;3031,324;3035,318;3039,330;3044,316;3048,328;3053,314;3057,314;3061,320;3066,334;3070,318;3074,332;3079,318;3083,310;3087,324;3092,322;3096,322;3100,308;3105,320;3109,328;3113,326;3118,326;3122,328;3127,324;3131,318;3135,330;3140,316;3144,330;3148,314;3153,328;3157,320;3161,332;3166,332;3170,332;3174,316;3179,330;3183,336;3187,320;3192,322;3196,306;3201,320;3205,324;3209,338;3214,324;3218,336;3222,322;3227,336;3231,328;3235,326;3240,326;3244,324;3248,324;3253,322;3257,330;3262,314;3266,328;3270,326;3275,326;3279,318;3283,316;3288,316;3292,316;3296,328;3301,328;3305,336;3309,320;3314,334;3318,320;3322,332;3327,330;3331,322;3336,322;3340,306;3344,320;3349,320;3353,324;3357,324;3362,336;3366,322;3370,336;3375,322;3379,326;3383,326;3388,310;3392,324;3396,310;3401,324;3405,328;3410,342;3414,328;3418,328;3423,312;3427,332;3431,332;3436,318;3440,330;3444,316;3449,330;3453,320;3457,334;3462,318;3466,332;3470,318;3475,330;3479,336;3484,322;3488,320;3492,318;3497,318;3501,324;3505,324;3510,310;3514,324;3518,322;3523,322;3527,328;3531,314;3536,326;3540,310;3544,324;3549,310;3553,344;3558,330;3562,342;3566,328;3571,328;3575,320;3579,304;3584,332;3588,318;3592,330;3597,316;3601,336;3605,320;3610,334;3614,320;3619,334;3623,318;3627,324;3632,324;3636,308;3640,322;3645,322;3649,342;3653,326;3658,340;3662,326;3666,340;3671,324;3675,330;3679,330;3684,328;3688,328;3693,314;3697,322;3701,332;3706,332;3710,318;3714,332;3719,318;3723,322;3727,336;3732,320;3736,320;3740,304;3745,318;3749,324;3753,338;3758,324;3762,336;3767,322;3771,314;3775,328;3780,326;3784,340;3788,326;3793,340;3797,316;3801,330;3806,316;3810,328;3814,328;3819,328;3823,320;3827,304;3832,318;3836,316;3841,330;3845,322;3849,336;3854,320;3858,334;3862,318;3867,332;3871,324;3875,324;3880,322;3884,322;3888,320;3893,306;3897,326;3901,326;3906,326;3910,324;3915,324;3919,316;3923,316;3928,328;3932,314;3936,328;3941,312;3945,332;3949,332;3954,332;3958,316;3962,330;3967,316;3971,306;3975,334;3980,320;3984,334;3989,318;3993,332;3997,324;4002,336;4006,320;4010,334;4015,320;4019,326;4023,324;4028,310;4032,324;4036,322;4041,336;4045,314;4050,342;4054,326;4058,340;4063,324;4067,316;4071,316;4076,328;4080,328;4084,326;4089,328;4093,318;4097,332;4102,330;4106,330;4110,328;4115,306;4119,320;4124,306;4128,332;4132,318;4137,330;4141,322;4145,336;4150,320;4154,322;4158,318;4163,332;4167,338;4171,322;4176,322;4180,306;4184,320;4189,306;4193,340;4198,324;4202,338;4206,322;4211,336;4215,326;4219,326;4224,326;4228,324;4232,324;4237,308;4241,330;4245,314;4250,342;4254,326;4259,326;4263,318;4267,316;4272,316;4276,330;4280,328;4285,328;4289,334;4293,318;4298,332;4302,332;4306,332;4311,316;4315,322;4319,336;4324,320;4328,320;4333,304;4337,318;4341,324;4346,338;4350,322;4354,336;4359,320;4363,312;4367,326;4372,310;4376,338;4380,322;4385,336;4389,326;4393,340;4398,324;4402,338;4407,324;4411,316;4415,328;4420,314;4424,326;4428,312;4433,326;4437,332;4441,344;4446,316;4450,344;4454,328;4459,342;4463,320;4467,320;4472,330;4476,318;4481,316;4485,322;4489,334;4494,320;4498,334;4502,318;4507,332;4511,324;4515,324;4520,336;4524,322;4528,336;4533,306;4537,326;4541,324;4546,338;4550,322;4555,336;4559,322;4563,314;4568,326;4572,310;4576,324;4581,310;4585,344;4589,328;4594,342;4598,326;4602,340;4607,326;4611,318;4615,330;4620,316;4624,328;4629,314;4633,314;4637,320;4642,334;4646,318;4650,332;4655,318;4659,310;4663,322;4668,308;4672,322;4676,322;4681,334;4685,310;4690,326;4694,312;4698,324;4703,324;4707,316;4711,328;4716,314;4720,326;4724,312;4729,326;4733,318;4737,330;4742,328;4746,328;4750,326;4755,304;4759,318;4764,316;4768,330;4772,316;4777,328;4781,320;4785,334;4790,318;4794,330;4798,330;4803,330;4807,322;4811,306;4816,318;4820,316;4824,332;4829,316;4833,320;4842,334;4846,320;4851,332;4855,324;4859,324;4864,322;4868,320;4872,320;4877,320;4881,324;4885,324;4890,336;4894,322;4898,334;4903,320;4907,324;4912,338;4916,324;4920,322;4925,306;4929,328;4933,326;4938,326;4942,324;4946,338;4951,322;4955,328;4959,340;4964,324;4968,324;4972,308;4977,322;4981,328;4986,328;4990,326;4994,340;4999,324;5003,316;5007,328;5012,326;5016,326;5020,324;5025,324;5029,314;5033,328;5038,326;5042,326;5046,310;5051,324;5055,328;5060,328;5064,328;5068,326;5073,326;5077,316;5081,330;5086,328;5090,326;5094,326;5099,326;5103,316;5107,330;5112,328;5116,314;5120,326;5125,312;5129,332;5134,328;5138,330;5142,328;5147,328;5151,318;5155,316;5160,330;5164,302;5168,328;5173,328;5177,334;5181,318;5186,332;5190,316;5194,330;5199,314;5203,320;5208,332;5212,318;5216,330;5221,316;5225,334;5229,320;5234,332;5238,318;5242,330;5247,316;5251,308;5255,320;5260,332;5264,332;5268,330;5273,328;5277,320;5282,334;5286,318;5290,332;5295,330;5299,322;5303,320;5308,318;5312,318;5316,318;5321,330;5325,322;5329,334;5334,318;5338,332;5342,332;5347,330;5351,322;5356,306;5360,320;5364,318;5369,332;5373,322;5377,336;5382,320;5386,334;5390,320;5395,334;5399,324;5403,310;5408,322;5412,308;5416,320;5421,320;5425,326;5430,312;5434,324;5438,310;5443,324;5447,328;5451,328;5456,324;5460,312;5464,324;5469,324;5473,330;5477,328;5482,328;5486,326;5491,326;5495,326;5499,318;5504,330;5508,316;5512,314;5517,314;5521,320;5525,320;5530,332;5534,318;5538,330;5543,314;5547,320;5551,334;5556,320;5560,320;5565,304;5569,324;5573,322;5578,336;5582,322;5586,348;5591,320;5595,312;5599,324;5604,324;5608,336;5612,322;5617,322;5621,326;5625,340;5630,324;5634,338;5639,322;5643,314;5647,328;5652,326;5656,326;5660,324;5665,324;5669,316;5673,328;5678,328;5682,340;5686,326;5691,340;5695,318;5699,316;5704,316;5708,314;5713,328;5717,320;5721,334;5726,332;5730,332;5734,330;5739,330;5743,322;5747,320;5752,334;5756,320;5760,318;5765,304;5769,324;5773,322;5778,336;5782,322;5787,334;5791,326;5795,310;5800,324;5804,322;5808,336;5813,308;5817,330;5821,326;5826,326;5830,326;5834,324;5839,310;5843,316;5847,328;5852,314;5856,312;5861,310;5865,332;5869,316;5874,316;5878,314;5882,328;5887,312;5891,318;5895,318;5900,302;5904,302;5908,300;5913,314;5917,320;5922,320;5926,318;5930,330;5935,316;5939,306;5943,320;5948,304;5952,318;5956,302;5961,316;5965,308;5969,336;5974,320;5978,320;5982,304;5987,296;5991,310;5996,308;6000,322;6004,308;6009,322;6013,312;6017,326;6022,312;6026,324;6030,310;6035,338;6039,316;6043,300;6048,314;6052,312;6056,312;6061,318;6065,332;6070,316;6074,330;6078,314;6083,328;6087,320;6091,320;6096,318;6100,304;6104,316;6109,316;6113,322;6117,306;6122,320;6126,318;6131,318;6135,324;6139,308;6144,322;6148,292;6152,306;6157,304;6161,324;6165,324;6170,324;6174,308;6178,322;6183,306;6187,284;6191,296;6196,282;6200,294;6205,278;6209,300;6213,298;6218,298;6222,284;6226,280;6231,282;6235,274;6239,274;6244,274;6248,272;6252,256;6257,292;6261,290;6265,290;6270,276;6274,274;6279,272;6283,280;6287,292;6292,262;6296,276;6300,276;6305,274;6309,294;6313,292;6318,292;6322,292;6326,292;6331,282;6335,282;6339,268;6344,280;6348,266;6353,278;6357,298;6361,298;6366,298;6370,296;6374,282;6379,296;6383,274;6387,272;6392,272;6396,272;6400,284;6405,290;6409,302;6413,288;6418,288;6422,286;6427,300;6431,276;6435,274;6440,272;6444,274;6448,272;6453,258;6457,292;6461,290;6466,290;6470,288;6474,274;6479,280;6483,292;6488,292;6492,290;6496,290;6501,290;6505,280;6509,266;6514,264;6518,292;6522,292;6527,282;6531,268;6535,280;6540,266;6544,280;6548,278;6553,298;6557,282;6562,282;6566,280;6570,280;6575,294;6579,270;6583,270;6588,270;6592,282;6596,268;\r\nBuffer sent in 0.972 secondsreturn;buffer;964\r\n'), 10:59:08
bytearray(b'received from UR: home -> home (0,1)\r\nSTEPPER: Moving to mstep: 0 with speed [msteps/sec]: 4000 in SpreadCycle.\r\n'), 10:59:09
bytearray(b'STEPPER: Moved 2400.00 msteps (ramp: 35%) in 813.424 ms -> average speed [msteps/sec]: 2950.49\r\nreturn;home;1\r\n'), 10:59:10
