bytearray(b'STEPPER: Moving to mstep: 2400 with speed [msteps/sec]: 4000 in SpreadCycle.\r\n'), 10:59:38
bytearray(b'STEPPER: Moved 2400.00 msteps (ramp: 35%) in 812.836 ms -> average speed [msteps/sec]: 2952.63\r\n'), 10:59:38
bytearray(b'received from UR: status -> status (0,1)\r\n*** STATUS ***\r\nid        :         3 -\r\nstep      :      2400 steps\r\nspeed     :      1500 msteps/s\r\nmspeed    :      1000 msteps/s\r\nsg-thrs   :        80 -\r\ndefault   :     12000 \xc2\xb5m\r\ndispense  :     30350 \xc2\xb5m\r\nblowout   :     33000 \xc2\xb5m\r\nd-offset  :        20 \xc2\xb5m\r\nur0       :         0 -\r\nur1       :         1 -\r\nhomed     :         1 -\r\nreturn;status;2400\r\n'), 10:59:40
bytearray(b'received from UR: measure -> measure (0,1)\r\nSTEPPER: Moving to mstep: 6600 with speed [msteps/sec]: 1000 in StealthChop.\r\n'), 10:59:41
bytearray(b'STEPPER: Moving to mstep: 2400 with speed [msteps/sec]: 4000 in SpreadCycle.\r\n'), 10:59:46
bytearray(b'STEPPER: Moved 4200.00 msteps (ramp: 35%) in 1324.888 ms -> average speed [msteps/sec]: 3170.08\r\nreturn;measure;965\r\n'), 10:59:47
bytearray(b'received from UR: buffer -> buffer (0,1)\r\nSending buffer of size 965data;2400,126;2404,480;2408,162;2413,276;2417,318;2421,324;2426,338;2430,322;2434,336;2439,322;2443,328;2447,326;2452,312;2456,326;2460,324;2465,324;2469,316;2474,330;2478,316;2482,328;2487,328;2491,320;2495,334;2500,318;2504,318;2508,318;2513,332;2517,324;2521,336;2526,322;2530,336;2534,320;2539,312;2543,326;2548,324;2552,338;2556,324;2561,322;2565,328;2569,328;2574,328;2578,328;2582,326;2587,336;2591,330;2595,328;2600,330;2604,314;2609,328;2613,318;2617,332;2622,318;2626,332;2630,316;2635,330;2639,320;2643,320;2648,334;2652,318;2656,318;2661,302;2665,324;2669,308;2674,336;2678,320;2683,322;2687,312;2691,312;2696,324;2700,310;2704,310;2709,310;2713,330;2717,328;2722,328;2726,326;2730,326;2735,326;2739,318;2743,330;2748,316;2752,330;2757,314;2761,328;2765,320;2770,334;2774,318;2778,332;2783,316;2787,322;2791,336;2796,322;2800,320;2804,304;2809,318;2813,324;2817,338;2822,324;2826,338;2831,322;2835,314;2839,314;2844,312;2848,326;2852,324;2857,324;2861,330;2865,344;2870,328;2874,328;2878,326;2883,338;2887,318;2891,332;2896,330;2900,330;2905,328;2909,320;2913,334;2918,332;2922,332;2926,318;2931,330;2935,320;2939,322;2944,334;2948,320;2952,332;2957,318;2961,324;2965,322;2970,336;2974,322;2979,334;2983,326;2987,326;2992,338;2996,324;3000,322;3005,308;3009,328;3013,326;3018,326;3022,310;3026,324;3031,310;3035,328;3039,328;3044,314;3048,326;3053,310;3057,332;3061,316;3066,328;3070,314;3074,328;3079,326;3083,318;3087,318;3092,302;3096,316;3100,302;3105,328;3109,320;3114,334;3118,318;3122,332;3127,330;3131,308;3135,320;3140,306;3144,320;3148,318;3153,332;3157,324;3161,338;3166,322;3170,336;3174,320;3179,312;3183,326;3188,326;3192,324;3196,310;3201,322;3205,314;3209,328;3214,314;3218,340;3222,326;3227,340;3231,318;3235,316;3240,316;3244,314;3249,328;3253,328;3257,334;3262,320;3266,334;3270,318;3275,332;3279,326;3283,324;3288,336;3292,322;3296,322;3301,336;3305,328;3309,312;3314,326;3318,324;3323,324;3327,324;3331,314;3336,328;3340,314;3344,326;3349,326;3353,332;3357,316;3362,330;3366,316;3370,328;3375,314;3379,320;3383,334;3388,318;3392,318;3397,304;3401,316;3405,322;3410,336;3414,322;3418,334;3423,318;3427,312;3431,324;3436,310;3440,310;3444,308;3449,322;3453,314;3457,328;3462,326;3466,326;3471,310;3475,302;3479,316;3484,314;3488,328;3492,312;3497,326;3501,318;3505,332;3510,316;3514,330;3518,314;3523,328;3527,320;3531,304;3536,318;3540,302;3545,316;3549,314;3553,334;3558,318;3562,332;3566,318;3571,332;3575,336;3579,322;3584,334;3588,320;3592,332;3597,318;3601,338;3605,322;3610,336;3614,320;3619,334;3623,318;3627,324;3632,324;3636,324;3640,336;3645,322;3649,328;3653,326;3658,340;3662,310;3666,324;3671,322;3675,328;3679,328;3684,326;3688,326;3693,324;3697,330;3701,328;3706,328;3710,314;3714,340;3719,326;3723,318;3727,330;3732,316;3736,328;3740,300;3745,326;3749,318;3754,332;3758,330;3762,330;3767,328;3771,306;3775,320;3780,318;3784,332;3788,316;3793,316;3797,322;3801,334;3806,320;3810,334;3814,318;3819,330;3823,322;3828,308;3832,320;3836,320;3841,332;3845,310;3849,324;3854,308;3858,322;3862,320;3867,320;3871,326;3875,310;3880,324;3884,324;3888,322;3893,320;3897,328;3902,314;3906,326;3910,326;3915,324;3919,316;3923,314;3928,328;3932,312;3936,326;3941,310;3945,330;3949,330;3954,328;3958,314;3962,328;3967,326;3971,318;3976,332;3980,316;3984,344;3989,314;3993,334;3997,318;4002,332;4006,318;4010,330;4015,316;4019,308;4023,320;4028,320;4032,332;4036,318;4041,332;4045,322;4050,336;4054,320;4058,334;4063,318;4067,312;4071,324;4076,324;4080,336;4084,322;4089,322;4093,326;4097,328;4102,326;4106,338;4110,324;4115,338;4119,330;4124,328;4128,328;4132,312;4137,324;4141,318;4145,330;4150,330;4154,342;4158,328;4163,328;4167,318;4171,318;4176,330;4180,316;4185,328;4189,300;4193,332;4198,318;4202,332;4206,330;4211,344;4215,322;4219,306;4224,320;4228,332;4232,332;4237,318;4241,336;4245,320;4250,334;4254,320;4259,334;4263,326;4267,310;4272,324;4276,322;4280,336;4285,322;4289,328;4293,326;4298,326;4302,324;4306,324;4311,322;4315,300;4320,314;4324,314;4328,328;4333,314;4337,334;4341,318;4346,332;4350,318;4354,332;4359,330;4363,308;4367,322;4372,306;4376,320;4380,318;4385,332;4389,324;4394,338;4398,322;4402,336;4407,320;4411,326;4415,326;4420,324;4424,324;4428,308;4433,322;4437,328;4441,342;4446,326;4450,340;4454,324;4459,338;4463,330;4468,328;4472,328;4476,314;4481,326;4485,318;4489,332;4494,330;4498,330;4502,316;4507,328;4511,322;4515,334;4520,332;4524,318;4528,330;4533,316;4537,322;4542,322;4546,334;4550,318;4555,332;4559,324;4563,324;4568,336;4572,308;4576,322;4581,306;4585,326;4589,324;4594,338;4598,324;4602,336;4607,322;4611,314;4616,326;4620,312;4624,324;4629,324;4633,330;4637,314;4642,328;4646,312;4650,326;4655,324;4659,316;4663,330;4668,314;4672,328;4676,328;4681,326;4685,318;4690,332;4694,316;4698,330;4703,328;4707,320;4711,320;4716,304;4720,318;4724,318;4729,330;4733,322;4737,336;4742,320;4746,334;4750,332;4755,312;4759,338;4764,322;4768,336;4772,308;4777,320;4781,324;4785,338;4790,324;4794,338;4798,322;4803,336;4807,342;4811,326;4816,326;4820,310;4825,324;4829,324;4833,342;4838,314;4842,342;4846,326;4851,340;4855,332;4859,316;4864,316;4868,314;4872,328;4877,314;4881,334;4885,332;4890,332;4894,318;4899,330;4903,328;4907,322;4912,334;4916,320;4920,320;4925,332;4929,326;4933,324;4938,324;4942,322;4946,322;4951,320;4955,326;4959,324;4964,310;4968,322;4973,322;4977,328;4981,312;4986,326;4990,312;4994,326;4999,324;5003,316;5007,328;5012,300;5016,314;5020,314;5025,326;5029,332;5033,346;5038,318;5042,332;5047,316;5051,322;5055,322;5060,306;5064,320;5068,320;5073,332;5077,324;5081,324;5086,322;5090,322;5094,322;5099,334;5103,326;5108,312;5112,324;5116,310;5121,322;5125,328;5129,328;5134,326;5138,326;5142,324;5147,324;5151,316;5155,314;5160,328;5164,312;5168,326;5173,310;5177,330;5182,314;5186,328;5190,312;5195,326;5199,332;5203,316;5208,330;5212,300;5216,314;5221,314;5225,346;5229,332;5234,346;5238,328;5242,344;5247,314;5251,320;5256,334;5260,318;5264,332;5269,316;5273,324;5277,322;5282,336;5286,320;5290,332;5295,318;5299,324;5303,338;5308,322;5312,336;5316,320;5321,320;5325,326;5330,324;5334,324;5338,338;5343,322;5347,328;5351,328;5356,314;5360,326;5364,310;5369,324;5373,316;5377,344;5382,316;5386,328;5390,328;5395,306;5399,318;5404,304;5408,330;5412,316;5417,330;5421,322;5425,334;5430,318;5434,332;5438,318;5443,332;5447,322;5451,306;5456,322;5460,322;5465,334;5469,312;5473,326;5478,324;5482,324;5486,324;5491,324;5495,330;5499,314;5504,314;5508,314;5512,326;5517,312;5521,332;5525,330;5530,330;5534,316;5539,330;5543,320;5547,320;5552,334;5556,318;5560,318;5565,304;5569,324;5573,324;5578,338;5582,322;5586,336;5591,322;5595,328;5599,340;5604,312;5608,326;5613,310;5617,324;5621,330;5626,330;5630,314;5634,328;5639,314;5643,334;5647,332;5652,318;5656,330;5660,316;5665,316;5669,322;5673,336;5678,320;5682,334;5687,318;5691,324;5695,324;5700,308;5704,322;5708,322;5713,322;5717,326;5721,328;5726,326;5730,326;5734,324;5739,336;5743,330;5747,314;5752,328;5756,328;5761,340;5765,318;5769,332;5774,316;5778,330;5782,316;5787,344;5791,334;5795,320;5800,320;5804,304;5808,318;5813,318;5817,324;5821,308;5826,322;5830,322;5835,322;5839,312;5843,312;5848,310;5852,296;5856,308;5861,322;5865,314;5869,300;5874,314;5878,312;5882,312;5887,304;5891,302;5896,302;5900,300;5904,312;5909,298;5913,320;5917,318;5922,316;5926,316;5930,316;5935,314;5939,292;5943,306;5948,304;5952,318;5956,290;5961,316;5965,308;5970,322;5974,306;5978,320;5983,306;5987,312;5991,324;5996,310;6000,322;6004,294;6009,306;6013,312;6017,326;6022,310;6026,324;6031,310;6035,300;6039,300;6044,314;6048,312;6052,298;6057,310;6061,316;6065,330;6070,314;6074,328;6078,314;6083,314;6087,318;6091,304;6096,302;6100,302;6105,316;6109,320;6113,320;6118,320;6122,318;6126,304;6131,318;6135,322;6139,308;6144,320;6148,292;6152,304;6157,304;6161,296;6165,282;6170,294;6174,292;6179,292;6183,284;6187,282;6192,294;6196,280;6200,294;6205,292;6209,270;6213,270;6218,268;6222,266;6226,280;6231,286;6235,286;6239,284;6244,284;6248,284;6253,282;6257,274;6261,274;6266,272;6270,286;6274,286;6279,284;6283,248;6287,290;6292,274;6296,288;6300,286;6305,264;6309,278;6313,276;6318,290;6322,290;6327,288;6331,266;6335,278;6340,264;6344,278;6348,262;6353,276;6357,282;6361,282;6366,294;6370,294;6374,292;6379,256;6383,284;6387,282;6392,296;6396,280;6401,280;6405,286;6409,298;6414,284;6418,282;6422,282;6427,296;6431,286;6435,284;6440,272;6444,270;6448,270;6453,290;6457,276;6461,288;6466,288;6470,286;6475,272;6479,278;6483,292;6488,276;6492,290;6496,276;6501,274;6505,294;6509,294;6514,278;6518,278;6522,276;6527,268;6531,268;6536,280;6540,266;6544,278;6549,264;6553,284;6557,284;6562,298;6566,282;6570,282;6575,282;6579,274;6583,286;6588,286;6592,286;6596,284;\r\nBuffer sent in 0.973 secondsreturn;buffer;965\r\n'), 10:59:49
bytearray(b'received from UR: measure -> measure (0,1)\r\nSTEPPER: Moving to mstep: 6600 with speed [msteps/sec]: 1000 in StealthChop.\r\n'), 10:59:50
bytearray(b'STEPPER: Moving to mstep: 2400 with speed [msteps/sec]: 4000 in SpreadCycle.\r\n'), 10:59:54
bytearray(b'STEPPER: Moved 4200.00 msteps (ramp: 35%) in 1324.880 ms -> average speed [msteps/sec]: 3170.10\r\nreturn;measure;964\r\n'), 10:59:55
bytearray(b'received from UR: buffer -> buffer (0,1)\r\nSending buffer of size 964data;2400,308;2404,448;2408,158;2413,272;2417,316;2421,322;2426,336;2430,320;2434,334;2439,320;2443,326;2447,326;2452,312;2456,324;2460,324;2465,338;2469,316;2474,330;2478,328;2482,328;2487,314;2491,320;2495,320;2500,320;2504,332;2508,318;2513,332;2517,324;2521,338;2526,322;2530,336;2534,322;2539,336;2543,328;2548,326;2552,326;2556,312;2561,324;2565,318;2569,330;2574,330;2578,330;2582,314;2587,328;2591,334;2595,320;2600,320;2604,320;2608,320;2613,318;2617,340;2622,324;2626,338;2630,322;2635,338;2639,328;2643,328;2648,328;2652,314;2656,314;2661,314;2665,334;2669,320;2674,334;2678,332;2682,332;2687,318;2691,310;2696,324;2700,324;2704,324;2709,308;2713,330;2717,330;2722,330;2726,328;2730,328;2735,328;2739,320;2743,334;2748,320;2752,334;2756,304;2761,318;2765,324;2770,338;2774,324;2778,338;2783,324;2787,316;2791,330;2796,316;2800,330;2804,314;2809,314;2813,320;2817,334;2822,320;2826,334;2830,320;2835,312;2839,326;2844,326;2848,326;2852,324;2857,326;2861,316;2865,332;2870,330;2874,330;2878,316;2883,330;2887,336;2891,322;2896,320;2900,320;2905,320;2909,332;2913,326;2918,324;2922,336;2926,324;2931,336;2935,330;2939,314;2944,328;2948,312;2952,326;2957,326;2961,332;2965,318;2970,332;2974,330;2979,344;2983,322;2987,308;2992,322;2996,320;3000,334;3005,320;3009,326;3013,326;3018,340;3022,324;3026,338;3031,324;3035,316;3040,330;3044,328;3048,328;3053,314;3057,328;3061,320;3066,334;3070,318;3074,332;3079,316;3083,322;3087,324;3092,308;3096,322;3100,320;3105,320;3109,326;3114,326;3118,314;3122,326;3127,324;3131,318;3135,330;3140,316;3144,330;3148,316;3153,330;3157,322;3161,336;3166,320;3170,334;3174,320;3179,334;3183,324;3188,324;3192,324;3196,322;3201,336;3205,314;3209,342;3214,326;3218,340;3222,326;3227,340;3231,332;3235,318;3240,330;3244,330;3248,330;3253,314;3257,336;3262,320;3266,334;3270,320;3275,334;3279,326;3283,326;3288,324;3292,324;3296,324;3301,310;3305,330;3309,330;3314,330;3318,328;3322,328;3327,328;3331,306;3336,334;3340,320;3344,332;3349,318;3353,324;3357,324;3362,338;3366,322;3370,336;3375,322;3379,314;3383,328;3388,328;3392,342;3396,312;3401,326;3405,320;3410,332;3414,318;3418,332;3423,318;3427,310;3431,324;3436,324;3440,336;3444,322;3449,322;3453,328;3457,328;3462,312;3466,326;3470,326;3475,340;3479,330;3484,316;3488,316;3492,314;3497,328;3501,320;3505,334;3510,318;3514,332;3518,318;3523,332;3527,324;3531,322;3536,336;3540,308;3545,320;3549,320;3553,340;3558,326;3562,340;3566,324;3571,338;3575,332;3579,316;3584,330;3588,316;3592,342;3597,314;3601,334;3605,320;3610,334;3614,318;3619,332;3623,324;3627,322;3632,322;3636,320;3640,334;3645,320;3649,340;3653,326;3658,340;3662,324;3666,338;3671,322;3675,328;3679,326;3684,312;3688,326;3693,324;3697,324;3701,330;3706,330;3710,314;3714,328;3719,326;3723,318;3727,332;3732,318;3736,330;3740,316;3745,328;3749,320;3753,334;3758,332;3762,332;3767,316;3771,322;3775,334;3780,320;3784,332;3788,318;3793,332;3797,324;3801,336;3806,322;3810,334;3814,320;3819,334;3823,326;3827,310;3832,324;3836,322;3841,336;3845,314;3849,328;3854,326;3858,326;3862,312;3867,326;3871,330;3875,316;3880,316;3884,314;3888,328;3893,328;3897,320;3901,320;3906,330;3910,332;3915,332;3919,322;3923,308;3928,322;3932,320;3936,334;3941,306;3945,326;3949,324;3954,326;3958,324;3962,336;3967,322;3971,314;3975,328;3980,326;3984,328;3989,310;3993,324;3997,330;4002,330;4006,328;4010,342;4015,314;4019,320;4023,332;4028,316;4032,330;4036,330;4041,328;4045,320;4049,334;4054,320;4058,332;4063,318;4067,324;4071,336;4076,322;4080,322;4084,320;4089,332;4093,324;4097,324;4102,324;4106,336;4110,322;4115,336;4119,326;4124,326;4128,340;4132,310;4137,324;4141,330;4145,330;4150,328;4154,328;4158,326;4163,326;4167,334;4171,318;4176,332;4180,316;4184,330;4189,314;4193,336;4198,320;4202,334;4206,320;4211,332;4215,326;4219,310;4224,324;4228,322;4232,336;4237,322;4241,328;4245,326;4250,328;4254,312;4259,340;4263,318;4267,318;4272,330;4276,316;4280,330;4285,328;4289,336;4293,320;4298,334;4302,320;4306,334;4311,320;4315,312;4319,326;4324,324;4328,326;4333,310;4337,324;4341,316;4346,330;4350,328;4354,328;4359,314;4363,320;4367,334;4372,318;4376,332;4380,318;4385,332;4389,324;4393,338;4398,322;4402,322;4411,336;4415,328;4420,326;4424,326;4428,326;4433,326;4437,316;4441,332;4446,316;4450,344;4454,314;4459,342;4463,334;4467,320;4472,334;4476,332;4480,332;4485,318;4489,324;4494,322;4498,336;4502,322;4507,336;4511,328;4515,326;4520,326;4524,310;4528,324;4533,312;4537,330;4541,330;4546,330;4550,314;4554,328;4559,328;4563,320;4568,334;4572,304;4576,318;4581,318;4585,330;4589,322;4594,336;4598,322;4602,336;4607,322;4611,326;4615,326;4620,312;4624,324;4628,324;4633,324;4637,314;4642,330;4646,316;4650,330;4655,314;4659,320;4663,334;4668,318;4672,332;4676,316;4681,334;4685,324;4689,324;4694,324;4698,324;4702,322;4707,322;4711,328;4716,314;4720,328;4724,314;4729,328;4733,318;4737,332;4742,318;4746,332;4750,316;4755,330;4759,322;4763,322;4768,336;4772,320;4776,320;4781,320;4785,340;4790,326;4794,340;4798,324;4803,338;4807,330;4811,314;4816,328;4820,314;4824,326;4829,326;4833,334;4837,318;4842,332;4846,332;4850,344;4855,316;4859,308;4864,322;4868,322;4872,322;4877,320;4881,326;4885,324;4890,338;4894,324;4898,338;4903,324;4907,314;4911,314;4916,314;4920,328;4924,326;4929,326;4933,318;4938,332;4942,318;4946,332;4951,330;4955,308;4959,322;4964,322;4968,336;4972,308;4977,320;4981,328;4985,340;4990,326;4994,340;4999,324;5003,316;5007,316;5012,316;5016,330;5020,314;5025,328;5029,320;5033,334;5038,318;5042,332;5046,318;5051,332;5055,322;5059,322;5064,336;5068,320;5073,320;5077,326;5081,326;5086,324;5090,324;5094,324;5099,324;5103,330;5107,316;5112,314;5116,314;5120,328;5125,314;5129,334;5133,318;5138,332;5142,318;5147,332;5151,324;5155,322;5160,336;5164,308;5168,322;5173,320;5177,328;5181,326;5186,340;5190,312;5194,340;5199,326;5203,318;5207,330;5212,318;5216,330;5221,314;5225,328;5229,320;5234,334;5238,320;5242,334;5247,318;5251,326;5255,324;5260,324;5264,324;5268,322;5273,322;5277,330;5281,328;5286,314;5290,328;5295,326;5299,320;5303,332;5308,318;5312,332;5316,330;5321,330;5325,322;5329,336;5334,336;5338,336;5342,320;5347,334;5351,326;5355,326;5360,326;5364,310;5369,324;5373,330;5377,330;5382,316;5386,328;5390,328;5395,328;5399,334;5403,320;5408,334;5412,318;5416,320;5421,318;5425,326;5430,324;5434,338;5438,322;5443,336;5447,328;5451,326;5456,312;5460,312;5464,326;5469,326;5473,332;5477,318;5482,332;5486,330;5490,330;5495,316;5499,322;5504,322;5508,306;5512,320;5517,320;5521,328;5525,326;5530,340;5534,324;5538,326;5543,324;5547,316;5551,330;5556,316;5560,330;5564,314;5569,328;5573,320;5578,334;5582,318;5586,332;5591,318;5595,324;5599,324;5604,322;5608,336;5612,308;5617,322;5621,328;5625,342;5630,326;5634,340;5639,312;5643,318;5647,332;5652,316;5656,330;5660,330;5665,330;5669,322;5673,334;5678,320;5682,334;5686,320;5691,334;5695,324;5699,324;5704,324;5708,324;5713,324;5717,322;5721,342;5726,328;5730,328;5734,326;5739,326;5743,332;5747,318;5752,330;5756,316;5760,330;5765,314;5769,336;5773,322;5778,336;5782,320;5787,334;5791,318;5795,326;5800,324;5804,310;5808,310;5813,310;5817,330;5821,316;5826,302;5830,314;5834,314;5839,312;5843,306;5847,318;5852,318;5856,304;5861,316;5865,310;5869,308;5874,322;5878,308;5882,308;5887,308;5891,300;5895,300;5900,314;5904,312;5908,298;5913,312;5917,306;5921,306;5926,304;5930,318;5935,304;5939,310;5943,310;5948,296;5952,310;5956,308;5961,308;5965,314;5969,330;5974,314;5978,314;5982,314;5987,314;5991,306;5995,304;6000,318;6004,304;6009,304;6013,310;6017,324;6022,310;6026,324;6030,308;6035,322;6039,314;6043,314;6048,314;6052,314;6056,312;6061,298;6065,320;6069,318;6074,318;6078,316;6083,316;6087,310;6091,322;6096,322;6100,308;6104,308;6109,320;6113,326;6117,312;6122,326;6126,312;6130,310;6135,310;6139,316;6144,316;6148,300;6152,314;6157,300;6161,292;6165,290;6170,292;6174,290;6178,262;6183,288;6187,294;6191,280;6196,294;6200,280;6204,292;6209,300;6213,284;6218,298;6222,282;6226,254;6231,282;6235,288;6239,288;6244,288;6248,272;6252,286;6257,250;6261,278;6265,290;6270,290;6274,290;6279,288;6283,280;6287,280;6292,278;6296,278;6300,278;6305,276;6309,284;6313,296;6318,282;6322,280;6326,294;6331,286;6335,284;6339,284;6344,270;6348,282;6353,282;6357,288;6361,288;6366,286;6370,258;6374,286;6379,300;6383,276;6387,276;6392,290;6396,274;6400,274;6405,268;6409,252;6413,280;6418,294;6422,292;6427,292;6431,268;6435,282;6440,268;6444,282;6448,266;6453,280;6457,286;6461,272;6466,242;6470,284;6474,298;6479,276;6483,276;6487,274;6492,288;6496,274;6501,286;6505,292;6509,290;6514,290;6518,290;6522,290;6527,274;6531,280;6535,280;6540,280;6544,292;6548,278;6553,284;6557,282;6561,282;6566,268;6570,282;6575,282;6579,272;6583,272;6588,272;6592,270;6596,270;\r\nBuffer sent in 0.972 secondsreturn;buffer;964\r\n'), 10:59:57
bytearray(b'received from UR: measure -> measure (0,1)\r\nSTEPPER: Moving to mstep: 6600 with speed [msteps/sec]: 1000 in StealthChop.\r\n'), 10:59:58
bytearray(b'STEPPER: Moving to mstep: 2400 with speed [msteps/sec]: 4000 in SpreadCycle.\r\n'), 11:00:03
bytearray(b'STEPPER: Moved 4200.00 msteps (ramp: 35%) in 1324.888 ms -> average speed [msteps/sec]: 3170.08\r\nreturn;measure;965\r\n'), 11:00:04
bytearray(b'received from UR: buffer -> buffer (0,1)\r\nSending buffer of size 965data;2400,302;2404,464;2408,146;2413,276;2417,318;2421,324;2426,338;2430,322;2434,336;2439,322;2443,328;2447,326;2452,312;2456,326;2460,326;2465,338;2469,316;2474,330;2478,316;2482,328;2487,328;2491,320;2495,332;2500,318;2504,332;2508,316;2513,330;2517,322;2521,336;2526,322;2530,336;2535,334;2539,312;2543,326;2548,312;2552,324;2556,310;2561,324;2565,330;2569,330;2574,328;2578,342;2582,328;2587,342;2591,332;2595,318;2600,332;2604,302;2609,330;2613,316;2617,336;2622,320;2626,334;2630,320;2635,334;2639,326;2643,312;2648,324;2652,310;2656,324;2661,310;2665,330;2669,328;2674,330;2678,328;2683,326;2687,320;2691,318;2696,330;2700,316;2704,330;2709,316;2713,336;2717,320;2722,334;2726,334;2730,334;2735,318;2739,310;2743,324;2748,308;2752,336;2757,308;2761,336;2765,328;2770,342;2774,326;2778,340;2783,326;2787,318;2791,332;2796,304;2800,332;2804,318;2809,332;2813,324;2817,338;2822,322;2826,338;2831,322;2835,314;2839,328;2844,314;2848,328;2852,312;2857,326;2861,318;2865,334;2870,318;2874,332;2878,316;2883,332;2887,324;2891,308;2896,322;2900,322;2905,322;2909,306;2913,340;2918,326;2922,340;2926,324;2931,338;2935,330;2939,316;2944,330;2948,314;2952,328;2957,314;2961,334;2965,320;2970,334;2974,320;2979,334;2983,318;2987,310;2992,324;2996,310;3000,322;3005,308;3009,342;3013,328;3018,342;3022,326;3026,340;3031,324;3035,316;3039,330;3044,316;3048,330;3053,314;3057,328;3061,320;3066,334;3070,318;3074,332;3079,318;3083,310;3087,324;3092,308;3096,322;3100,308;3105,320;3109,326;3114,328;3118,324;3122,338;3127,324;3131,302;3135,330;3140,314;3144,328;3148,300;3153,328;3157,334;3161,334;3166,318;3170,334;3174,332;3179,310;3183,324;3188,308;3192,336;3196,306;3201,334;3205,326;3209,340;3214,312;3218,324;3222,324;3227,338;3231,330;3235,328;3240,328;3244,314;3248,328;3253,326;3257,334;3262,318;3266,332;3270,316;3275,332;3279,338;3283,336;3288,322;3292,322;3296,322;3301,322;3305,328;3309,326;3314,340;3318,326;3322,340;3327,324;3331,316;3336,330;3340,302;3344,328;3349,314;3353,334;3357,320;3362,334;3366,320;3370,334;3375,318;3379,310;3383,324;3388,310;3392,322;3396,308;3401,324;3405,328;3410,342;3414,326;3418,342;3423,326;3427,318;3431,318;3436,316;3440,330;3444,316;3449,330;3453,322;3457,336;3462,320;3466,334;3470,320;3475,312;3479,324;3484,310;3488,324;3492,310;3497,322;3501,328;3505,330;3510,326;3514,340;3518,326;3523,340;3527,332;3531,302;3536,330;3540,316;3544,330;3549,330;3553,322;3558,320;3562,334;3566,320;3571,334;3575,326;3579,310;3584,324;3588,308;3592,336;3597,308;3601,342;3605,326;3610,340;3614,324;3618,338;3623,322;3627,314;3632,328;3636,314;3640,326;3645,312;3649,346;3653,318;3658,346;3662,330;3666,344;3671,316;3675,322;3679,322;3684,306;3688,334;3693,318;3697,334;3701,324;3706,338;3710,324;3714,338;3719,322;3723,314;3727,328;3732,312;3736,326;3740,312;3745,326;3749,318;3753,332;3758,330;3762,330;3767,328;3771,308;3775,334;3780,306;3784,332;3788,318;3793,332;3797,324;3801,338;3806,322;3810,336;3814,320;3819,334;3823,326;3827,310;3832,324;3836,310;3841,324;3845,316;3849,344;3854,328;3858,342;3862,326;3867,340;3871,332;3875,318;3880,330;3884,316;3888,330;3893,314;3897,336;3902,320;3906,334;3910,318;3915,332;3919,324;3923,308;3928,322;3932,308;3936,334;3941,306;3945,340;3949,324;3954,338;3958,324;3962,336;3967,322;3971,314;3975,326;3980,312;3984,326;3989,310;3993,324;3997,328;4002,342;4006,326;4010,342;4015,326;4019,318;4023,318;4028,316;4032,330;4036,314;4041,328;4045,320;4050,348;4054,318;4058,346;4063,316;4067,322;4071,322;4076,306;4080,334;4084,318;4089,332;4093,324;4097,338;4102,322;4106,336;4110,320;4115,334;4119,326;4124,310;4128,324;4132,310;4137,324;4141,328;4145,330;4150,328;4154,328;4158,326;4163,340;4167,332;4171,302;4176,330;4180,316;4184,328;4189,314;4193,334;4198,320;4202,334;4206,318;4211,332;4215,324;4219,308;4224,322;4228,322;4232,322;4237,308;4241,340;4245,326;4250,340;4254,326;4258,338;4263,324;4267,316;4272,330;4276,314;4280,328;4285,314;4289,334;4293,320;4298,332;4302,318;4306,332;4311,330;4315,308;4319,322;4324,308;4328,322;4332,306;4337,320;4341,326;4346,340;4350,326;4354,338;4359,324;4363,302;4367,328;4372,314;4376,328;4380,312;4385,326;4389,318;4393,332;4398,316;4402,344;4407,330;4411,306;4415,334;4420,320;4424,334;4428,306;4433,318;4437,324;4441,336;4446,322;4450,336;4454,320;4459,334;4463,326;4467,312;4472,326;4476,324;4481,322;4485,316;4489,328;4494,328;4498,328;4502,326;4507,340;4511,330;4515,316;4520,328;4524,314;4528,328;4533,312;4537,332;4541,332;4546,330;4550,330;4555,330;4559,328;4563,304;4568,332;4572,318;4576,330;4581,302;4585,336;4589,322;4594,336;4598,318;4602,334;4607,320;4611,312;4615,324;4620,310;4624,324;4629,308;4633,322;4637,328;4642,342;4646,326;4650,340;4655,324;4659,316;4663,330;4668,314;4672,328;4676,312;4681,326;4685,332;4689,332;4694,316;4698,330;4703,328;4707,306;4711,320;4716,318;4720,332;4724,304;4729,330;4733,322;4737,336;4742,322;4746,336;4750,334;4755,334;4759,326;4763,310;4768,324;4772,308;4777,336;4781,328;4785,342;4790,326;4794,340;4798,326;4803,338;4807,330;4811,314;4816,328;4820,314;4824,328;4829,314;4833,348;4838,318;4842,346;4846,332;4851,344;4855,322;4859,322;4864,322;4868,306;4872,334;4877,318;4881,338;4885,324;4890,338;4894,322;4898,336;4903,322;4907,314;4912,326;4916,312;4920,326;4925,310;4929,330;4933,328;4938,342;4942,328;4946,326;4951,326;4955,318;4959,330;4964,316;4968,328;4972,314;4977,328;4981,318;4986,332;4990,332;4994,344;4999,328;5003,306;5007,334;5012,304;5016,332;5020,316;5025,330;5029,322;5033,336;5038,320;5042,334;5046,318;5051,310;5055,324;5060,308;5064,322;5068,320;5073,334;5077,326;5081,338;5086,324;5090,338;5094,322;5099,336;5103,326;5107,310;5112,324;5116,310;5120,322;5125,308;5129,342;5134,326;5138,340;5142,324;5147,338;5151,328;5155,300;5160,328;5164,312;5168,324;5173,310;5177,344;5181,328;5186,342;5190,326;5195,340;5199,326;5203,302;5208,330;5212,314;5216,326;5221,312;5225,346;5229,318;5234,346;5238,316;5242,342;5247,328;5251,306;5255,332;5260,318;5264,332;5269,316;5273,330;5277,322;5282,334;5286,320;5290,334;5295,332;5299,310;5303,324;5308,322;5312,322;5316,306;5321,334;5325,326;5329,338;5334,324;5338,338;5343,322;5347,314;5351,326;5356,312;5360,324;5364,310;5369,322;5373,328;5377,342;5382,328;5386,340;5390,326;5395,340;5399,330;5403,316;5408,330;5412,314;5417,328;5421,320;5425,334;5430,316;5434,344;5438,330;5443,342;5447,320;5451,320;5456,334;5460,332;5464,316;5469,316;5473,336;5477,320;5482,334;5486,320;5491,332;5495,324;5499,310;5504,322;5508,308;5512,322;5517,306;5521,340;5525,326;5530,340;5534,326;5538,340;5543,324;5547,302;5552,330;5556,314;5560,328;5565,314;5569,334;5573,318;5578,332;5582,314;5586,344;5591,330;5595,308;5599,336;5604,308;5608,334;5612,306;5617,332;5621,326;5626,340;5630,324;5634,338;5639,322;5643,328;5647,328;5652,314;5656,326;5660,326;5665,326;5669,316;5673,330;5678,316;5682,328;5686,328;5691,326;5695,318;5700,318;5704,330;5708,316;5713,330;5717,322;5721,336;5726,334;5730,332;5734,318;5739,332;5743,324;5747,306;5752,334;5756,320;5760,334;5765,304;5769,340;5774,324;5778,338;5782,322;5787,336;5791,328;5795,314;5800,326;5804,312;5808,324;5813,298;5817,330;5821,316;5826,328;5830,314;5834,328;5839,306;5843,304;5848,318;5852,302;5856,302;5861,300;5865,322;5869,320;5874,320;5878,306;5882,318;5887,318;5891,294;5895,308;5900,294;5904,306;5908,292;5913,306;5917,312;5922,324;5926,310;5930,324;5935,322;5939,300;5943,312;5948,298;5952,312;5956,296;5961,310;5965,314;5969,328;5974,314;5978,326;5982,312;5987,304;5991,316;5996,302;6000,314;6004,300;6009,314;6013,318;6017,332;6022,316;6026,330;6030,316;6035,330;6039,306;6043,306;6048,304;6052,304;6057,318;6061,310;6065,322;6070,308;6074,320;6078,320;6083,318;6087,310;6091,308;6096,308;6100,308;6104,308;6109,306;6113,312;6118,310;6122,324;6126,310;6131,322;6135,314;6139,298;6144,312;6148,298;6152,310;6157,296;6161,302;6165,300;6170,298;6174,298;6178,296;6183,288;6187,288;6192,286;6196,286;6200,300;6205,284;6209,290;6213,290;6218,288;6222,274;6226,258;6231,286;6235,278;6239,292;6244,290;6248,276;6252,288;6257,294;6261,280;6266,278;6270,278;6274,292;6279,290;6283,282;6287,268;6292,266;6296,280;6300,250;6305,292;6309,284;6313,282;6318,282;6322,280;6326,280;6331,258;6335,284;6340,270;6344,282;6348,252;6353,292;6357,286;6361,286;6366,284;6370,284;6374,282;6379,260;6383,288;6387,286;6392,286;6396,286;6400,298;6405,288;6409,302;6414,288;6418,288;6422,286;6427,284;6431,290;6435,276;6440,288;6444,274;6448,288;6453,278;6457,292;6461,278;6466,292;6470,276;6474,262;6479,282;6483,280;6488,280;6492,280;6496,278;6501,262;6505,284;6509,282;6514,268;6518,280;6522,294;6527,280;6531,256;6535,284;6540,270;6544,282;6548,282;6553,274;6557,286;6562,286;6566,286;6570,270;6575,270;6579,262;6583,274;6588,274;6592,274;6596,258;\r\nBuffer sent in 0.973 secondsreturn;buffer;965\r\n'), 11:00:06
bytearray(b'received from UR: measure -> measure (0,1)\r\nSTEPPER: Moving to mstep: 6600 with speed [msteps/sec]: 1000 in StealthChop.\r\n'), 11:00:07
bytearray(b'STEPPER: Moving to mstep: 2400 with speed [msteps/sec]: 4000 in SpreadCycle.\r\n'), 11:00:11
bytearray(b'STEPPER: Moved 4200.00 msteps (ramp: 35%) in 1324.880 ms -> average speed [msteps/sec]: 3170.10\r\nreturn;measure;965\r\n'), 11:00:13
bytearray(b'received from UR: buffer -> buffer (0,1)\r\nSending buffer of size 965data;2400,300;2404,462;2408,144;2413,274;2417,316;2421,322;2426,336;2430,320;2434,348;2439,320;2443,312;2447,324;2452,324;2456,336;2460,322;2465,322;2469,328;2474,328;2478,326;2482,326;2487,326;2491,318;2495,330;2500,330;2504,330;2508,314;2513,328;2517,334;2521,334;2526,320;2530,334;2534,320;2539,332;2543,324;2548,324;2552,338;2556,310;2561,322;2565,328;2569,328;2574,314;2578,328;2582,326;2587,340;2591,332;2595,318;2600,332;2604,316;2608,330;2613,316;2617,336;2622,320;2626,334;2630,320;2635,332;2639,324;2643,310;2648,324;2652,322;2656,322;2661,322;2665,330;2669,312;2674,326;2678,326;2682,340;2687,324;2691,316;2696,330;2700,328;2704,328;2709,314;2713,332;2717,318;2722,332;2726,332;2730,332;2735,316;2739,322;2743,336;2748,308;2752,320;2756,320;2761,334;2765,326;2770,340;2774,324;2778,338;2783,324;2787,316;2791,330;2796,314;2800,328;2804,314;2809,326;2813,332;2817,348;2822,318;2826,332;2830,318;2835,346;2839,324;2844,308;2848,322;2852,322;2857,334;2861,314;2865,340;2870,326;2874,326;2878,324;2883,338;2887,316;2891,330;2896,330;2900,314;2905,328;2909,320;2913,334;2918,318;2922,332;2926,332;2931,330;2935,324;2939,322;2944,336;2948,308;2952,320;2957,320;2961,340;2965,326;2970,326;2974,312;2979,326;2983,324;2987,316;2992,330;2996,314;3000,328;3005,312;3009,332;3013,318;3018,332;3022,316;3026,330;3031,330;3035,322;3040,334;3044,320;3048,320;3053,320;3057,324;3061,310;3066,338;3070,322;3074,322;3079,322;3083,312;3087,326;3092,324;3096,324;3100,310;3105,322;3109,328;3114,328;3118,326;3122,326;3127,324;3131,316;3135,328;3140,314;3144,328;3148,312;3153,326;3157,318;3161,332;3166,330;3170,330;3174,314;3179,328;3183,334;3188,318;3192,332;3196,316;3201,330;3205,322;3209,336;3214,322;3218,336;3222,322;3227,336;3231,326;3235,326;3240,326;3244,310;3248,324;3253,324;3257,330;3262,314;3266,342;3270,326;3275,340;3279,332;3283,318;3288,330;3292,330;3296,330;3301,314;3305,334;3309,320;3314,332;3318,318;3322,332;3327,330;3331,306;3336,320;3340,320;3344,332;3349,318;3353,330;3357,322;3362,336;3366,320;3370,334;3375,318;3379,310;3383,338;3388,322;3392,334;3396,320;3401,334;3405,324;3410,338;3414,322;3418,336;3423,320;3427,326;3431,326;3436,326;3440,324;3444,322;3449,322;3453,326;3457,328;3462,326;3466,338;3470,324;3475,338;3479,314;3484,314;3488,326;3492,326;3497,324;3501,316;3505,330;3510,328;3514,328;3518,314;3523,326;3527,332;3531,316;3536,330;3540,314;3544,314;3549,314;3553,334;3558,332;3562,332;3566,316;3571,330;3575,336;3579,320;3584,334;3588,320;3592,332;3597,318;3601,338;3605,320;3610,336;3614,320;3619,334;3623,318;3627,310;3632,324;3636,322;3640,322;3645,320;3649,340;3653,312;3658,338;3662,324;3666,336;3671,322;3675,328;3679,326;3684,326;3688,324;3693,324;3697,338;3701,316;3706,328;3710,328;3714,328;3719,326;3723,318;3727,332;3732,316;3736,330;3740,316;3745,330;3749,320;3753,334;3758,332;3762,332;3767,318;3771,324;3775,336;3780,322;3784,336;3788,320;3793,334;3797,326;3801,338;3806,324;3810,338;3814,322;3819,336;3823,328;3827,312;3832,326;3836,326;3841,326;3845,316;3849,330;3854,328;3858,328;3862,314;3867,326;3871,332;3875,316;3880,330;3884,316;3888,328;3893,328;3897,334;3901,318;3906,332;3910,330;3915,330;3919,322;3923,320;3928,320;3932,318;3936,332;3941,316;3945,324;3949,322;3954,336;3958,320;3962,334;3967,332;3971,324;3975,338;3980,310;3984,336;3989,320;3993,334;3997,312;4002,338;4006,324;4010,338;4015,322;4019,314;4023,326;4028,326;4032,324;4036,324;4041,336;4045,314;4050,342;4054,326;4058,340;4063,326;4067,318;4071,330;4076,314;4080,328;4084,326;4089,326;4093,318;4097,330;4102,330;4106,328;4110,314;4115,326;4119,332;4124,330;4128,330;4132,314;4137,328;4141,320;4145,332;4150,316;4154,330;4158,328;4163,342;4167,320;4171,318;4176,332;4180,316;4185,330;4189,314;4193,334;4198,320;4202,332;4206,318;4211,330;4215,322;4219,320;4224,334;4228,318;4232,318;4237,318;4241,338;4245,322;4250,336;4254,320;4259,334;4263,320;4267,324;4272,338;4276,322;4280,322;4285,320;4289,326;4293,324;4298,338;4302,322;4306,322;4311,322;4315,314;4319,326;4324,312;4328,324;4333,310;4337,324;4341,330;4346,328;4350,314;4354,326;4359,326;4363,318;4367,330;4372,302;4376,314;4380,314;4385,328;4389,318;4393,332;4398,316;4402,330;4407,330;4411,320;4415,320;4420,318;4424,320;4428,318;4433,330;4437,322;4441,336;4446,320;4450,334;4454,332;4459,332;4463,324;4467,322;4472,322;4476,320;4481,320;4485,320;4489,338;4494,324;4498,336;4502,322;4507,334;4511,326;4515,324;4520,324;4524,322;4528,322;4533,320;4537,326;4541,326;4546,326;4550,324;4555,338;4559,336;4563,314;4568,328;4572,314;4576,326;4581,326;4585,346;4589,328;4594,330;4598,316;4602,344;4607,328;4611,320;4615,332;4620,318;4624,332;4629,316;4633,330;4637,322;4642,334;4646,320;4650,332;4655,318;4659,324;4663,322;4668,322;4672,334;4676,320;4681,318;4685,324;4689,326;4694,324;4698,336;4703,322;4707,314;4711,326;4716,312;4720,326;4724,310;4729,324;4733,330;4737,330;4742,314;4746,328;4750,326;4755,326;4759,332;4764,318;4768,332;4772,316;4777,330;4781,322;4785,336;4790,320;4794,334;4798,318;4803,332;4807,336;4811,322;4816,336;4820,306;4824,320;4829,320;4833,338;4838,324;4842,338;4846,322;4851,336;4855,328;4859,312;4864,326;4868,324;4872,338;4877,322;4881,328;4885,328;4890,328;4894,312;4898,326;4903,326;4907,332;4912,330;4916,316;4920,330;4925,314;4929,334;4933,334;4938,334;4942,318;4946,332;4951,330;4955,308;4959,322;4964,320;4968,334;4972,318;4977,334;4981,322;4986,336;4990,322;4994,336;4999,320;5003,310;5007,324;5012,324;5016,336;5020,322;5025,320;5029,326;5033,340;5038,324;5042,338;5046,322;5051,336;5055,328;5060,312;5064,326;5068,326;5073,326;5077,316;5081,330;5086,328;5090,328;5094,326;5099,326;5103,318;5107,316;5112,330;5116,300;5120,314;5125,312;5129,332;5134,318;5138,330;5142,316;5147,326;5151,334;5155,320;5160,332;5164,318;5168,332;5173,316;5177,336;5181,320;5186,334;5190,320;5194,332;5199,318;5203,322;5208,336;5212,306;5216,320;5221,320;5225,340;5229,324;5234,338;5238,322;5242,336;5247,322;5251,314;5255,326;5260,326;5264,326;5269,324;5273,322;5277,328;5282,328;5286,326;5290,326;5295,324;5299,330;5303,330;5308,314;5312,328;5316,312;5321,326;5325,330;5329,330;5334,316;5338,328;5343,326;5347,304;5351,318;5356,316;5360,328;5364,314;5369,328;5373,320;5377,334;5382,318;5386,332;5390,316;5395,330;5399,336;5404,308;5408,334;5412,320;5417,334;5421,312;5425,338;5430,324;5434,336;5438,322;5443,336;5447,328;5451,312;5456,326;5460,324;5464,324;5469,310;5473,328;5478,328;5482,326;5486,326;5491,326;5495,316;5499,316;5504,330;5508,314;5512,314;5517,314;5521,334;5525,332;5530,332;5534,316;5538,330;5543,330;5547,306;5552,320;5556,318;5560,332;5565,318;5569,338;5573,322;5578,336;5582,322;5586,334;5591,320;5595,312;5599,324;5604,324;5608,324;5612,322;5617,322;5621,314;5626,326;5630,326;5634,340;5639,324;5643,316;5647,330;5652,328;5656,328;5660,314;5665,326;5669,318;5673,330;5678,316;5682,330;5686,328;5691,342;5695,320;5700,318;5704,318;5708,318;5713,330;5717,322;5721,334;5726,320;5730,332;5734,332;5739,332;5743,322;5747,322;5752,322;5756,320;5760,320;5765,320;5769,326;5774,324;5778,338;5782,322;5787,336;5791,330;5795,314;5800,328;5804,314;5808,326;5813,312;5817,318;5821,316;5826,330;5830,316;5835,314;5839,320;5843,306;5848,304;5852,304;5856,304;5861,304;5865,308;5869,308;5874,322;5878,308;5882,308;5887,306;5891,298;5895,310;5900,310;5904,310;5909,296;5913,314;5917,314;5922,312;5926,312;5930,326;5935,310;5939,302;5943,314;5948,286;5952,314;5956,312;5961,312;5965,316;5969,316;5974,316;5978,314;5983,314;5987,306;5991,318;5996,304;6000,316;6004,302;6009,314;6013,306;6017,320;6022,304;6026,318;6030,304;6035,330;6039,308;6044,306;6048,306;6052,306;6057,318;6061,310;6065,324;6070,308;6074,322;6078,320;6083,320;6087,312;6091,310;6096,310;6100,310;6104,308;6109,300;6113,314;6118,312;6122,312;6126,310;6131,320;6135,314;6139,300;6144,314;6148,284;6152,312;6157,310;6161,302;6165,288;6170,286;6174,284;6178,298;6183,276;6187,274;6192,274;6196,272;6200,272;6205,272;6209,292;6213,290;6218,304;6222,288;6226,288;6231,286;6235,292;6239,292;6244,290;6248,290;6252,288;6257,280;6261,266;6266,278;6270,276;6274,290;6279,290;6283,282;6287,280;6292,280;6296,292;6300,278;6305,278;6309,284;6313,282;6318,282;6322,282;6326,294;6331,272;6335,272;6340,270;6344,270;6348,270;6353,268;6357,288;6361,290;6366,274;6370,274;6374,272;6379,278;6383,278;6387,276;6392,276;6396,276;6401,276;6405,282;6409,296;6414,282;6418,294;6422,292;6427,292;6431,270;6435,270;6440,268;6444,268;6448,266;6453,288;6457,286;6461,272;6466,242;6470,284;6475,284;6479,276;6483,290;6488,274;6492,288;6496,274;6501,286;6505,280;6509,278;6514,250;6518,278;6522,292;6527,270;6531,268;6535,282;6540,266;6544,280;6549,280;6553,286;6557,286;6562,284;6566,270;6570,284;6575,282;6579,274;6583,274;6588,274;6592,286;6596,272;\r\nBuffer sent in 0.973 secondsreturn;buffer;965\r\n'), 11:00:15
bytearray(b'received from UR: measure -> measure (0,1)\r\nSTEPPER: Moving to mstep: 6600 with speed [msteps/sec]: 1000 in StealthChop.\r\n'), 11:00:16
bytearray(b'STEPPER: Moving to mstep: 2400 with speed [msteps/sec]: 4000 in SpreadCycle.\r\n'), 11:00:20
bytearray(b'STEPPER: Moved 4200.00 msteps (ramp: 35%) in 1324.888 ms -> average speed [msteps/sec]: 3170.08\r\nreturn;measure;965\r\n'), 11:00:21
bytearray(b'received from UR: buffer -> buffer (0,1)\r\nSending buffer of size 965data;2400,308;2404,452;2408,162;2413,276;2417,318;2421,324;2426,338;2430,322;2434,336;2439,320;2443,312;2447,326;2452,310;2456,324;2460,308;2465,322;2469,326;2474,342;2478,326;2482,340;2487,324;2491,316;2495,330;2500,316;2504,330;2508,314;2513,328;2517,332;2521,332;2526,318;2530,332;2534,330;2539,308;2543,336;2548,320;2552,332;2556,304;2561,332;2565,324;2569,338;2574,322;2578,336;2582,320;2587,334;2591,324;2595,310;2600,324;2604,308;2609,322;2613,306;2617,340;2622,324;2626,338;2630,322;2635,336;2639,328;2643,312;2648,326;2652,310;2656,324;2661,308;2665,328;2669,326;2674,340;2678,324;2683,338;2687,322;2691,314;2696,328;2700,312;2704,326;2709,312;2713,332;2717,330;2722,344;2726,328;2730,342;2735,326;2739,318;2743,332;2748,302;2752,330;2757,314;2761,328;2765,320;2770,334;2774,318;2778,332;2783,316;2787,308;2791,324;2796,308;2800,336;2804,308;2809,334;2813,326;2817,340;2822,324;2826,338;2831,324;2835,314;2839,328;2844,314;2848,326;2852,312;2857,326;2861,316;2865,346;2870,330;2874,330;2878,330;2883,342;2887,322;2891,318;2896,320;2900,318;2905,332;2909,316;2913,338;2918,322;2922,336;2926,320;2931,334;2935,326;2939,312;2944,326;2948,310;2952,324;2957,308;2961,330;2965,328;2970,342;2974,328;2979,342;2983,326;2987,304;2992,332;2996,316;3000,330;3005,302;3009,334;3013,320;3018,334;3022,318;3026,332;3031,330;3035,308;3039,322;3044,322;3048,320;3053,306;3057,320;3061,324;3066,338;3070,324;3074,336;3079,322;3083,312;3087,326;3092,312;3096,324;3100,310;3105,324;3109,330;3114,330;3118,328;3122,342;3127,326;3131,304;3135,332;3140,318;3144,332;3148,302;3153,330;3157,322;3161,336;3166,320;3170,334;3174,320;3179,310;3183,324;3188,310;3192,324;3196,308;3201,336;3205,328;3209,340;3214,326;3218,340;3222,324;3227,338;3231,328;3235,314;3240,326;3244,312;3248,326;3253,312;3257,346;3262,316;3266,344;3270,328;3275,342;3279,320;3283,320;3288,318;3292,316;3296,330;3301,316;3305,336;3309,320;3314,334;3318,320;3322,332;3327,318;3331,310;3336,324;3340,308;3344,336;3349,308;3353,328;3357,326;3362,340;3366,324;3370,338;3375,322;3379,314;3383,328;3388,314;3392,328;3396,312;3401,326;3405,318;3410,332;3414,330;3418,332;3423,316;3427,322;3431,322;3436,306;3440,320;3444,318;3449,332;3453,322;3457,336;3462,322;3466,336;3470,322;3475,314;3479,326;3484,312;3488,326;3492,310;3497,324;3501,316;3505,330;3510,328;3514,328;3518,326;3523,340;3527,332;3531,304;3536,330;3540,316;3545,330;3549,322;3553,336;3558,322;3562,334;3566,318;3571,334;3575,326;3579,310;3584,324;3588,310;3592,324;3597,308;3601,342;3605,326;3610,340;3614,326;3619,340;3623,324;3627,316;3632,328;3636,314;3640,328;3645,312;3649,348;3653,318;3658,346;3662,316;3666,344;3671,330;3675,306;3679,332;3684,318;3688,332;3693,316;3697,330;3701,322;3706,336;3710,320;3714,334;3719,332;3723,310;3727,324;3732,308;3736,336;3740,306;3745,334;3749,326;3754,338;3758,324;3762,336;3767,322;3771,312;3775,326;3780,312;3784,324;3788,310;3793,324;3797,328;3801,342;3806,326;3810,340;3814,326;3819,304;3823,330;3828,316;3832,330;3836,314;3841,328;3845,320;3849,334;3854,318;3858,332;3862,330;3867,330;3871,322;3875,320;3880,320;3884,304;3888,318;3893,318;3897,338;3902,324;3906,338;3910,322;3915,336;3919,328;3923,314;3928,326;3932,300;3936,326;3941,312;3945,332;3949,318;3954,332;3958,330;3962,332;3967,316;3971,308;3976,336;3980,306;3984,334;3989,318;3993,334;3997,324;4002,324;4006,322;4010,336;4015,322;4019,314;4023,326;4028,312;4032,326;4036,312;4041,324;4045,330;4050,344;4054,318;4058,342;4063,328;4067,306;4071,320;4076,318;4080,332;4084,316;4089,330;4093,322;4097,336;4102,320;4106,334;4110,320;4115,334;4119,324;4124,310;4128,324;4132,308;4137,336;4141,328;4145,328;4150,326;4154,340;4158,326;4163,340;4167,330;4171,316;4176,330;4180,314;4185,328;4189,320;4193,332;4198,318;4202,344;4206,328;4211,342;4215,320;4219,320;4224,330;4228,318;4232,330;4237,316;4241,336;4245,320;4250,334;4254,320;4259,334;4263,318;4267,310;4272,322;4276,306;4280,322;4285,320;4289,326;4293,326;4298,338;4302,324;4306,338;4311,322;4315,314;4319,328;4324,300;4328,326;4333,312;4337,326;4341,318;4346,332;4350,330;4354,330;4359,328;4363,306;4367,334;4372,304;4376,332;4380,316;4385,330;4389,320;4393,336;4398,320;4402,334;4407,318;4411,310;4415,324;4420,308;4424,322;4428,322;4433,322;4437,324;4441,340;4446,324;4450,338;4454,322;4459,324;4463,328;4467,314;4472,328;4476,312;4481,326;4485,324;4489,330;4494,330;4498,330;4502,328;4507,328;4511,332;4515,318;4520,332;4524,302;4528,330;4533,316;4537,336;4541,320;4546,334;4550,334;4555,334;4559,326;4563,310;4568,324;4572,308;4576,322;4581,308;4585,342;4589,326;4594,340;4598,326;4602,340;4607,324;4611,316;4615,330;4620,314;4624,328;4629,312;4633,326;4637,318;4642,332;4646,316;4650,330;4655,316;4659,322;4663,334;4668,334;4672,320;4676,318;4681,332;4685,324;4689,324;4694,322;4698,322;4703,320;4707,314;4711,342;4716,326;4720,326;4724,312;4729,326;4733,330;4737,330;4742,330;4746,330;4750,326;4755,306;4759,332;4764,318;4768,332;4772,302;4777,330;4781,322;4785,336;4790,320;4794,348;4798,318;4803,346;4807,324;4811,308;4816,336;4820,306;4824,334;4829,318;4833,338;4838,324;4842,338;4846,322;4851,336;4855,326;4859,312;4864,324;4868,310;4872,324;4877,322;4881,330;4885,328;4890,328;4894,326;4899,340;4903,324;4907,316;4912,330;4916,314;4920,328;4925,314;4929,334;4933,320;4938,332;4942,332;4946,332;4951,330;4955,308;4959,336;4964,306;4968,334;4973,320;4977,332;4981,324;4986,338;4990,322;4994,334;4999,320;5003,312;5007,326;5012,310;5016,324;5020,308;5025,322;5029,328;5033,342;5038,326;5042,340;5047,324;5051,316;5055,330;5060,314;5064,328;5068,314;5073,326;5077,318;5081,332;5086,330;5090,330;5094,328;5099,328;5103,320;5107,304;5112,318;5116,316;5121,330;5125,322;5129,336;5134,320;5138,334;5142,318;5147,332;5151,324;5155,308;5160,334;5164,306;5168,334;5173,304;5177,338;5181,324;5186,338;5190,322;5195,336;5199,320;5203,312;5208,324;5212,310;5216,322;5221,308;5225,342;5229,326;5234,340;5238,324;5242,338;5247,324;5251,314;5255,328;5260,314;5264,326;5269,312;5273,324;5277,330;5282,330;5286,328;5290,342;5295,326;5299,318;5303,332;5308,316;5312,330;5316,314;5321,328;5325,322;5329,334;5334,320;5338,334;5343,332;5347,310;5351,324;5356,308;5360,322;5364,306;5369,334;5373,326;5377,340;5382,324;5386,338;5390,322;5395,300;5399,328;5404,312;5408,326;5412,310;5417,324;5421,330;5425,344;5430,328;5434,342;5438,326;5443,340;5447,332;5451,316;5456,328;5460,314;5464,328;5469,312;5473,332;5478,318;5482,330;5486,330;5491,328;5495,320;5499,318;5504,318;5508,304;5512,330;5517,316;5521,336;5525,320;5530,334;5534,332;5538,332;5543,318;5547,308;5552,322;5556,306;5560,334;5565,306;5569,340;5573,324;5578,338;5582,324;5586,338;5591,322;5595,314;5599,330;5604,314;5608,328;5612,312;5617,326;5621,332;5626,344;5630,316;5634,344;5639,328;5643,306;5647,320;5652,318;5656,332;5660,316;5665,330;5669,322;5673,336;5678,320;5682,334;5686,320;5691,310;5695,324;5700,324;5704,322;5708,308;5713,322;5717,326;5721,340;5726,324;5730,338;5734,324;5739,336;5743,328;5747,312;5752,326;5756,312;5761,324;5765,308;5769,330;5774,316;5778,342;5782,328;5787,340;5791,332;5795,318;5800,330;5804,300;5808,328;5813,314;5817,334;5821,318;5826,332;5830,316;5835,330;5839,308;5843,306;5848,306;5852,304;5856,304;5861,302;5865,322;5869,308;5874,322;5878,306;5882,320;5887,304;5891,296;5895,308;5900,292;5904,306;5909,306;5913,312;5917,310;5922,324;5926,308;5930,322;5935,320;5939,298;5943,312;5948,296;5952,312;5956,296;5961,310;5965,314;5969,328;5974,314;5978,324;5983,312;5987,304;5991,316;5996,302;6000,316;6004,300;6009,314;6013,318;6017,332;6022,318;6026,330;6030,314;6035,306;6039,306;6044,304;6048,316;6052,302;6057,316;6061,308;6065,322;6070,320;6074,318;6078,318;6083,330;6087,308;6091,306;6096,306;6100,304;6104,304;6109,310;6113,322;6118,322;6122,320;6126,320;6131,320;6135,310;6139,294;6144,308;6148,294;6152,306;6157,292;6161,312;6165,298;6170,296;6174,294;6178,294;6183,284;6187,256;6192,298;6196,282;6200,282;6205,294;6209,258;6213,286;6218,298;6222,298;6226,298;6231,274;6235,260;6239,286;6244,286;6248,286;6252,270;6257,290;6261,288;6266,288;6270,286;6274,272;6279,286;6283,248;6287,290;6292,276;6296,288;6300,288;6305,252;6309,280;6313,292;6318,292;6322,292;6326,290;6331,268;6335,280;6340,266;6344,278;6348,278;6353,292;6357,284;6361,298;6366,282;6370,282;6374,282;6379,272;6383,272;6387,256;6392,298;6396,282;6400,282;6405,272;6409,258;6414,270;6418,284;6422,282;6427,282;6431,274;6435,286;6440,284;6444,284;6448,282;6453,276;6457,258;6461,288;6466,286;6470,284;6475,284;6479,276;6483,274;6488,274;6492,258;6496,286;6501,286;6505,264;6509,290;6514,290;6518,288;6522,288;6527,278;6531,264;6535,276;6540,248;6544,290;6549,274;6553,280;6557,278;6562,278;6566,276;6570,290;6575,274;6579,280;6583,278;6588,264;6592,276;6596,276;\r\nBuffer sent in 0.973 secondsreturn;buffer;965\r\n'), 11:00:23
bytearray(b'received from UR: measure -> measure (0,1)\r\nSTEPPER: Moving to mstep: 6600 with speed [msteps/sec]: 1000 in StealthChop.\r\n'), 11:00:24
bytearray(b'STEPPER: Moving to mstep: 2400 with speed [msteps/sec]: 4000 in SpreadCycle.\r\n'), 11:00:29
bytearray(b'STEPPER: Moved 4200.00 msteps (ramp: 35%) in 1324.880 ms -> average speed [msteps/sec]: 3170.10\r\nreturn;measure;965\r\n'), 11:00:30
bytearray(b'received from UR: buffer -> buffer (0,1)\r\nSending buffer of size 965data;2400,300;2404,468;2408,138;2413,278;2417,322;2421,326;2426,328;2430,324;2434,338;2439,324;2443,314;2447,328;2452,326;2456,326;2460,310;2465,324;2469,316;2473,344;2478,328;2482,328;2487,326;2491,318;2495,330;2500,316;2504,328;2508,314;2513,326;2517,318;2521,332;2526,316;2530,330;2534,314;2539,328;2543,334;2548,318;2552,318;2556,316;2561,330;2565,320;2569,334;2574,318;2578,332;2582,316;2587,330;2591,336;2595,322;2600,322;2604,320;2608,332;2613,318;2617,338;2622,310;2626,322;2630,322;2635,334;2639,328;2643,312;2648,326;2652,310;2656,324;2661,322;2665,328;2669,314;2674,326;2678,324;2682,324;2687,324;2691,314;2696,326;2700,312;2704,326;2709,310;2713,330;2717,316;2722,328;2726,328;2730,328;2735,326;2739,318;2743,330;2748,314;2752,328;2756,312;2761,340;2765,332;2770,330;2774,316;2778,342;2783,328;2787,318;2791,332;2796,304;2800,330;2804,316;2809,342;2813,320;2817,334;2822,318;2826,332;2831,316;2835,330;2839,322;2844,320;2848,334;2852,318;2857,332;2861,322;2865,336;2870,320;2874,334;2878,320;2883,332;2887,324;2891,324;2896,322;2900,322;2905,336;2909,314;2913,326;2918,326;2922,326;2926,324;2931,338;2935,328;2939,314;2944,328;2948,312;2952,326;2957,324;2961,330;2965,316;2970,328;2974,328;2979,340;2983,326;2987,304;2992,330;2996,316;3000,344;3005,328;3009,320;3013,320;3018,334;3022,318;3026,332;3031,316;3035,322;3039,322;3044,320;3048,334;3053,332;3057,324;3061,322;3066,336;3070,320;3074,320;3079,318;3083,312;3087,324;3092,310;3096,322;3100,308;3105,320;3109,326;3113,326;3118,324;3122,324;3127,322;3131,314;3135,326;3140,312;3144,326;3148,310;3153,324;3157,316;3161,330;3166,326;3170,328;3174,312;3179,326;3183,330;3187,314;3192,342;3196,326;3201,326;3205,316;3209,332;3214,328;3218,342;3222,326;3227,340;3231,330;3235,316;3240,330;3244,328;3248,326;3253,312;3257,332;3262,316;3266,344;3270,314;3275,328;3279,332;3283,316;3288,330;3292,328;3296,328;3301,326;3305,332;3309,330;3314,344;3318,328;3322,328;3327,326;3331,318;3336,330;3340,316;3344,328;3349,312;3353,334;3357,318;3362,330;3366,314;3370,328;3375,314;3379,318;3383,344;3388,330;3392,328;3396,314;3401,326;3405,318;3410,332;3414,330;3418,330;3423,314;3427,320;3431,332;3436,330;3440,316;3444,314;3449,328;3453,318;3457,332;3462,316;3466,330;3471,314;3475,328;3479,332;3484,332;3488,316;3492,314;3497,328;3501,320;3505,332;3510,316;3514,316;3518,314;3523,328;3527,332;3531,318;3536,330;3540,314;3545,328;3549,312;3553,332;3558,316;3562,330;3566,316;3571,328;3575,334;3579,318;3584,332;3588,316;3592,330;3597,314;3601,334;3605,318;3610,332;3614,316;3619,330;3623,314;3627,320;3632,334;3636,332;3640,318;3645,316;3649,336;3653,320;3658,334;3662,318;3666,332;3671,316;3675,322;3679,336;3684,320;3688,334;3693,332;3697,332;3701,322;3706,336;3710,320;3714,334;3719,318;3723,310;3727,336;3732,308;3736,322;3740,306;3745,332;3749,324;3753,338;3758,322;3762,336;3767,320;3771,312;3775,340;3780,324;3784,324;3788,308;3793,336;3797,326;3801,340;3806,326;3810,338;3814,324;3819,338;3823,330;3827,328;3832,326;3836,312;3841,326;3845,324;3849,330;3854,314;3858,328;3862,314;3867,326;3871,332;3875,332;3880,316;3884,316;3888,330;3893,314;3897,334;3901,320;3906,332;3910,318;3915,330;3919,330;3923,306;3928,320;3932,304;3936,332;3941,316;3945,324;3949,322;3954,320;3958,320;3962,334;3967,318;3971,324;3976,324;3980,308;3984,334;3989,320;3993,334;3997,324;4002,338;4006,322;4010,336;4015,320;4019,326;4023,324;4028,310;4032,322;4036,322;4041,334;4045,312;4050,326;4054,324;4058,336;4063,322;4067,328;4071,326;4076,324;4080,324;4084,322;4089,336;4093,326;4097,326;4102,324;4106,338;4110,322;4115,336;4119,326;4124,312;4128,324;4132,310;4137,324;4141,328;4145,342;4150,326;4154,326;4158,324;4163,326;4167,344;4171,328;4176,328;4180,312;4184,326;4189,310;4193,330;4198,314;4202,328;4206,314;4211,340;4215,332;4219,330;4224,330;4228,314;4232,328;4237,314;4241,332;4245,316;4250,330;4254,316;4258,330;4263,314;4267,320;4272,332;4276,318;4280,318;4285,316;4289,322;4293,320;4298,334;4302,320;4306,332;4311,316;4315,308;4319,322;4324,320;4328,334;4332,306;4337,332;4341,324;4346,324;4350,322;4354,334;4359,320;4363,312;4367,324;4372,310;4376,338;4380,322;4385,336;4389,312;4393,326;4398,324;4402,338;4406,322;4411,336;4415,326;4420,312;4424,324;4428,324;4433,336;4437,314;4441,328;4446,326;4450,340;4454,324;4459,338;4463,330;4467,314;4472,328;4476,314;4481,326;4485,318;4489,332;4494,316;4498,330;4502,316;4507,328;4511,320;4515,318;4520,332;4524,318;4528,330;4533,314;4537,322;4541,320;4546,334;4550,318;4555,332;4559,322;4563,310;4568,336;4572,320;4576,334;4581,320;4585,326;4589,322;4594,336;4598,322;4602,334;4607,318;4611,310;4616,322;4620,320;4624,334;4629,318;4633,332;4637,322;4642,336;4646,320;4650,334;4655,318;4659,308;4663,322;4668,320;4672,332;4676,318;4681,332;4685,322;4690,336;4694,320;4698,332;4703,318;4707,308;4711,322;4716,320;4720,334;4724,318;4729,318;4733,322;4737,336;4742,320;4746,334;4750,318;4755,332;4759,336;4764,306;4768,334;4772,318;4777,346;4781,322;4785,322;4790,320;4794,332;4798,316;4803,330;4807,322;4811,320;4816,332;4820,318;4824,332;4829,330;4833,334;4838,318;4842,332;4846,316;4851,330;4855,320;4859,320;4864,332;4868,316;4872,330;4877,328;4881,320;4885,318;4890,332;4894,330;4898,330;4903,328;4907,318;4912,332;4916,316;4920,330;4925,314;4929,334;4933,318;4938,330;4942,330;4946,330;4951,326;4955,318;4959,332;4964,316;4968,328;4972,312;4977,326;4981,316;4986,330;4990,314;4994,342;4999,326;5003,304;5007,330;5012,314;5016,328;5020,312;5025,324;5029,316;5033,330;5038,314;5042,340;5046,324;5051,324;5055,328;5060,314;5064,324;5068,310;5073,324;5077,314;5081,328;5086,326;5090,326;5094,310;5099,322;5103,328;5107,314;5112,340;5116,324;5121,324;5125,316;5129,328;5134,326;5138,326;5142,324;5147,324;5151,328;5155,314;5160,340;5164,326;5168,324;5173,310;5177,330;5181,314;5186,328;5190,312;5195,324;5199,322;5203,314;5208,342;5212,326;5216,324;5221,310;5225,330;5229,314;5234,342;5238,312;5242,324;5247,324;5251,314;5255,328;5260,312;5264,324;5269,310;5273,322;5277,324;5282,326;5286,324;5290,324;5295,322;5299,314;5303,342;5308,326;5312,324;5316,322;5321,336;5325,326;5329,326;5334,324;5338,324;5343,322;5347,312;5351,326;5356,310;5360,324;5364,308;5369,334;5373,326;5377,326;5382,310;5386,322;5390,320;5395,336;5399,326;5403,310;5408,322;5412,308;5417,334;5421,326;5425,326;5430,310;5434,322;5438,322;5443,336;5447,326;5451,324;5456,324;5460,308;5464,334;5469,320;5473,324;5477,324;5482,322;5486,320;5491,332;5495,326;5499,310;5504,322;5508,308;5512,320;5517,306;5521,324;5525,322;5530,336;5534,320;5538,332;5543,318;5547,308;5551,334;5556,320;5560,332;5565,316;5569,330;5573,320;5578,332;5582,316;5586,330;5591,314;5595,318;5599,332;5604,316;5608,330;5612,314;5617,326;5621,318;5625,332;5630,314;5634,342;5639,326;5643,316;5647,330;5652,328;5656,328;5660,312;5665,324;5669,330;5673,328;5678,312;5682,324;5686,324;5691,322;5695,328;5700,326;5704,324;5708,324;5713,336;5717,314;5721,326;5726,326;5730,324;5734,322;5739,336;5743,340;5747,312;5752,324;5756,324;5760,336;5765,320;5769,326;5774,324;5778,338;5782,322;5787,334;5791,326;5795,310;5800,338;5804,322;5808,320;5813,306;5817,326;5821,310;5826,322;5830,308;5835,318;5839,312;5843,310;5848,324;5852,322;5856,306;5861,306;5865,310;5869,310;5874,310;5878,308;5882,320;5887,306;5891,296;5895,310;5900,294;5904,308;5909,306;5913,312;5917,310;5922,310;5926,308;5930,322;5935,306;5939,298;5943,310;5948,296;5952,322;5956,308;5961,306;5965,312;5969,326;5974,310;5978,322;5983,308;5987,298;5991,310;5996,296;6000,308;6004,294;6009,320;6013,312;6017,326;6022,310;6026,322;6030,306;6035,322;6039,326;6043,312;6048,308;6052,310;6057,308;6061,314;6065,328;6070,312;6074,324;6078,310;6083,324;6087,300;6091,300;6096,312;6100,298;6104,310;6109,308;6113,314;6117,298;6122,312;6126,310;6131,322;6135,314;6139,298;6144,312;6148,310;6152,322;6157,294;6161,300;6165,296;6170,268;6174,280;6178,294;6183,284;6187,298;6191,282;6196,282;6200,280;6205,264;6209,298;6213,294;6218,294;6222,292;6226,278;6231,290;6235,282;6239,280;6244,294;6248,278;6252,290;6257,296;6261,280;6266,278;6270,278;6274,278;6279,274;6283,280;6287,278;6292,276;6296,274;6300,274;6305,278;6309,292;6313,276;6318,276;6322,260;6326,286;6331,264;6335,276;6340,262;6344,274;6348,274;6353,286;6357,278;6361,290;6366,288;6370,288;6374,274;6379,264;6383,276;6387,274;6392,274;6396,272;6400,272;6405,276;6409,304;6414,288;6418,286;6422,272;6427,256;6431,274;6435,274;6440,272;6444,284;6448,270;6453,276;6457,288;6461,286;6466,270;6470,284;6474,282;6479,286;6483,272;6488,284;6492,282;6496,282;6501,280;6505,270;6509,282;6514,282;6518,294;6522,280;6527,284;6531,282;6535,296;6540,280;6544,278;6549,292;6553,268;6557,280;6562,250;6566,276;6570,290;6575,286;6579,278;6583,292;6588,276;6592,274;6596,272;\r\nBuffer sent in 0.973 secondsreturn;buffer;965\r\n'), 11:00:32
bytearray(b'received from UR: measure -> measure (0,1)\r\nSTEPPER: Moving to mstep: 6600 with speed [msteps/sec]: 1000 in StealthChop.\r\n'), 11:00:33
bytearray(b'STEPPER: Moving to mstep: 2400 with speed [msteps/sec]: 4000 in SpreadCycle.\r\n'), 11:00:37
bytearray(b'STEPPER: Moved 4200.00 msteps (ramp: 35%) in 1324.888 ms -> average speed [msteps/sec]: 3170.08\r\nreturn;measure;965\r\n'), 11:00:38
bytearray(b'received from UR: buffer -> buffer (0,1)\r\nSending buffer of size 965data;2400,300;2404,450;2408,162;2413,274;2417,316;2421,322;2426,336;2430,320;2434,334;2439,318;2443,310;2447,322;2452,308;2456,320;2460,320;2465,332;2469,324;2474,338;2478,322;2482,336;2487,320;2491,312;2495,338;2500,324;2504,322;2508,320;2513,334;2517,326;2521,324;2526,324;2530,324;2534,322;2539,312;2543,326;2548,310;2552,324;2556,308;2561,336;2565,328;2569,340;2574,324;2578,338;2582,322;2587,336;2591,326;2595,312;2600,324;2604,310;2609,322;2613,308;2617,342;2622,326;2626,340;2630,324;2635,338;2639,328;2643,312;2648,324;2652,312;2656,324;2661,310;2665,330;2669,328;2674,328;2678,326;2683,340;2687,324;2691,316;2696,328;2700,314;2704,326;2709,310;2713,332;2717,330;2722,342;2726,328;2730,340;2735,326;2739,302;2743,330;2748,314;2752,328;2757,312;2761,326;2765,332;2770,344;2774,316;2778,342;2783,328;2787,304;2791,332;2796,316;2800,330;2804,314;2809,328;2813,318;2817,346;2822,316;2826,344;2831,328;2835,304;2839,320;2844,316;2848,330;2852,314;2857,328;2861,320;2865,332;2870,318;2874,332;2878,328;2883,330;2887,332;2891,318;2896,330;2900,314;2905,328;2909,314;2913,332;2918,318;2922,332;2926,330;2931,330;2935,334;2939,318;2944,332;2948,302;2952,330;2957,314;2961,334;2965,318;2970,332;2974,330;2979,342;2983,326;2987,318;2992,332;2996,302;3000,328;3005,314;3009,334;3013,318;3018,344;3022,330;3026,342;3031,326;3035,318;3039,318;3044,316;3048,328;3053,312;3057,326;3061,316;3066,330;3070,328;3074,328;3079,324;3083,318;3087,316;3092,302;3096,328;3100,314;3105,326;3109,318;3114,332;3118,330;3122,330;3127,328;3131,306;3135,332;3140,302;3144,330;3148,314;3153,328;3157,320;3161,334;3166,330;3170,344;3174,328;3179,342;3183,332;3188,304;3192,330;3196,316;3201,328;3205,320;3209,346;3214,330;3218,344;3222,316;3227,342;3231,320;3235,306;3240,332;3244,316;3248,330;3253,314;3257,334;3262,320;3266,332;3270,316;3275,330;3279,336;3283,320;3288,334;3292,332;3296,318;3301,316;3305,336;3309,320;3314,334;3318,318;3323,332;3327,330;3331,308;3336,336;3340,308;3344,334;3349,304;3353,338;3357,324;3362,336;3366,322;3370,336;3375,320;3379,310;3383,326;3388,310;3392,324;3397,308;3401,322;3405,328;3410,342;3414,326;3418,338;3423,324;3427,314;3431,328;3436,314;3440,326;3444,310;3449,324;3453,330;3457,330;3462,326;3466,340;3471,324;3475,316;3479,330;3484,314;3488,328;3492,312;3497,324;3501,330;3505,330;3510,328;3514,342;3518,326;3523,340;3527,330;3531,316;3536,328;3540,300;3545,326;3549,312;3553,332;3558,330;3562,344;3566,328;3571,342;3575,332;3579,318;3584,330;3588,302;3592,328;3597,314;3601,334;3605,318;3610,344;3614,328;3619,342;3623,326;3627,318;3632,330;3636,316;3640,328;3645,314;3649,334;3653,318;3658,346;3662,330;3666,342;3671,328;3675,320;3679,332;3684,316;3688,330;3693,316;3697,328;3701,320;3706,334;3710,332;3714,330;3719,328;3723,308;3727,334;3732,304;3736,332;3740,318;3745,330;3749,322;3754,320;3758,320;3762,332;3767,318;3771,324;3775,322;3780,308;3784,334;3788,320;3793,332;3797,324;3801,338;3806,322;3810,334;3814,320;3819,310;3823,324;3828,308;3832,322;3836,320;3841,320;3845,326;3849,340;3854,324;3858,336;3862,322;3867,334;3871,326;3875,310;3880,324;3884,310;3888,322;3893,308;3897,328;3902,326;3906,338;3910,324;3915,336;3919,328;3923,312;3928,326;3932,310;3936,324;3941,308;3945,330;3949,328;3954,340;3958,324;3962,338;3967,324;3971,302;3976,328;3980,312;3984,326;3989,310;3993,324;3997,328;4002,342;4006,326;4010,340;4015,324;4019,316;4023,330;4028,314;4032,326;4036,312;4041,324;4045,330;4050,344;4054,328;4058,340;4063,324;4067,316;4071,330;4076,314;4080,326;4084,310;4089,324;4093,328;4097,328;4102,326;4106,340;4110,324;4115,314;4119,328;4124,312;4128,326;4132,310;4137,322;4141,326;4145,340;4150,324;4154,336;4158,322;4163,334;4167,326;4171,310;4176,324;4180,308;4185,334;4189,318;4193,338;4198,322;4202,336;4206,320;4211,334;4215,324;4219,310;4224,322;4228,308;4232,320;4237,320;4241,338;4245,324;4250,336;4254,320;4259,334;4263,324;4267,310;4272,322;4276,306;4280,320;4285,318;4289,338;4293,322;4298,336;4302,320;4306,334;4311,318;4315,308;4319,322;4324,306;4328,320;4333,304;4337,330;4341,322;4346,336;4350,320;4354,332;4359,318;4363,308;4367,336;4372,306;4376,332;4380,316;4385,330;4389,320;4394,334;4398,318;4402,346;4407,316;4411,308;4415,334;4420,304;4424,330;4428,316;4433,330;4437,318;4441,346;4446,330;4450,344;4454,328;4459,340;4463,332;4468,316;4472,330;4476,314;4481,326;4485,318;4489,332;4494,328;4498,328;4502,326;4507,340;4511,330;4515,316;4520,328;4524,312;4528,326;4533,310;4537,330;4542,328;4546,328;4550,324;4555,338;4559,328;4563,314;4568,326;4572,312;4576,324;4581,308;4585,342;4589,326;4594,338;4598,324;4602,336;4607,320;4611,312;4616,324;4620,310;4624,322;4629,306;4633,322;4637,326;4642,338;4646,324;4650,336;4655,320;4659,312;4663,324;4668,310;4672,322;4676,306;4681,320;4685,326;4690,338;4694,322;4698,336;4703,320;4707,310;4711,324;4716,308;4720,322;4724,306;4729,332;4733,324;4737,336;4742,322;4746,334;4750,318;4755,310;4759,324;4764,306;4768,334;4772,304;4777,332;4781,322;4785,336;4790,320;4794,348;4798,318;4803,344;4807,334;4811,320;4816,332;4820,316;4825,330;4829,314;4833,348;4838,318;4842,346;4846,330;4851,342;4855,334;4859,318;4864,330;4868,314;4872,328;4877,312;4881,332;4885,316;4890,330;4894,326;4899,340;4903,324;4907,316;4912,328;4916,314;4920,326;4925,310;4929,330;4933,328;4938,340;4942,326;4946,338;4951,324;4955,314;4959,328;4964,312;4968,324;4973,308;4977,324;4981,326;4986,340;4990,324;4994,338;4999,322;5003,314;5007,326;5012,310;5016,324;5020,308;5025,322;5029,326;5033,338;5038,324;5042,336;5047,322;5051,312;5055,326;5060,310;5064,324;5068,322;5073,322;5077,326;5081,338;5086,324;5090,338;5094,322;5099,336;5103,326;5107,310;5112,324;5116,308;5121,322;5125,326;5129,340;5134,324;5138,338;5142,322;5147,336;5151,326;5155,310;5160,324;5164,308;5168,336;5173,306;5177,340;5181,324;5186,338;5190,322;5195,336;5199,326;5203,310;5208,324;5212,308;5216,322;5221,306;5225,340;5229,324;5234,338;5238,322;5242,336;5247,320;5251,310;5255,324;5260,322;5264,322;5269,306;5273,332;5277,324;5282,338;5286,322;5290,336;5295,320;5299,312;5303,324;5308,322;5312,322;5316,306;5321,334;5325,324;5330,338;5334,322;5338,336;5343,322;5347,312;5351,326;5356,310;5360,324;5364,308;5369,322;5373,326;5377,338;5382,322;5386,336;5390,320;5395,334;5399,324;5404,310;5408,322;5412,306;5417,320;5421,326;5425,338;5430,324;5434,336;5438,322;5443,334;5447,324;5451,310;5456,322;5460,306;5464,320;5469,318;5473,338;5478,322;5482,336;5486,320;5491,332;5495,322;5499,308;5504,320;5508,306;5512,318;5517,318;5521,338;5525,322;5530,336;5534,320;5539,334;5543,318;5547,310;5552,322;5556,306;5560,334;5565,306;5569,338;5573,324;5578,336;5582,322;5586,334;5591,318;5595,310;5599,336;5604,308;5608,334;5613,318;5617,332;5621,322;5626,336;5630,320;5634,348;5639,318;5643,310;5647,336;5652,320;5656,320;5660,318;5665,330;5669,322;5673,334;5678,332;5682,332;5687,330;5691,308;5695,320;5700,318;5704,332;5708,316;5713,330;5717,320;5721,334;5726,318;5730,332;5734,330;5739,330;5743,334;5747,318;5752,332;5756,302;5761,330;5765,320;5769,334;5774,320;5778,332;5782,318;5787,330;5791,322;5795,306;5800,334;5804,304;5808,318;5813,302;5817,334;5821,320;5826,334;5830,318;5835,332;5839,308;5843,306;5848,306;5852,304;5856,304;5861,302;5865,322;5869,308;5874,320;5878,320;5882,318;5887,316;5891,294;5895,308;5900,292;5904,306;5909,306;5913,312;5917,310;5922,324;5926,308;5930,322;5935,320;5939,298;5943,310;5948,294;5952,322;5956,306;5961,320;5965,312;5970,324;5974,308;5978,322;5983,308;5987,300;5991,310;5996,296;6000,310;6004,294;6009,322;6013,312;6017,326;6022,310;6026,324;6030,308;6035,300;6039,312;6044,298;6048,312;6052,310;6057,310;6061,314;6065,328;6070,314;6074,326;6078,312;6083,326;6087,316;6091,302;6096,314;6100,300;6104,312;6109,298;6113,318;6118,316;6122,316;6126,314;6131,328;6135,318;6139,304;6144,316;6148,302;6152,314;6157,286;6161,306;6165,304;6170,290;6174,288;6179,302;6183,278;6187,264;6192,290;6196,274;6200,274;6205,272;6209,292;6213,290;6218,290;6222,288;6226,288;6231,278;6235,264;6239,276;6244,274;6248,272;6253,272;6257,290;6261,288;6266,274;6270,286;6274,286;6279,284;6283,288;6287,288;6292,258;6296,286;6300,270;6305,270;6309,288;6313,272;6318,286;6322,284;6327,284;6331,288;6335,288;6340,272;6344,284;6348,256;6353,282;6357,288;6361,286;6366,286;6370,300;6374,284;6379,274;6383,288;6387,272;6392,272;6396,270;6401,282;6405,288;6409,288;6414,286;6418,286;6422,284;6427,284;6431,276;6435,288;6440,286;6444,284;6448,284;6453,288;6457,288;6461,286;6466,270;6470,282;6475,282;6479,286;6483,272;6488,284;6492,254;6496,282;6501,280;6505,286;6509,284;6514,270;6518,282;6522,266;6527,272;6531,270;6535,284;6540,268;6544,280;6549,280;6553,272;6557,284;6562,282;6566,282;6570,282;6575,272;6579,256;6583,284;6588,282;6592,282;6596,282;\r\nBuffer sent in 0.973 secondsreturn;buffer;965\r\n'), 11:00:40
bytearray(b'received from UR: measure -> measure (0,1)\r\nSTEPPER: Moving to mstep: 6600 with speed [msteps/sec]: 1000 in StealthChop.\r\n'), 11:00:41
bytearray(b'STEPPER: Moving to mstep: 2400 with speed [msteps/sec]: 4000 in SpreadCycle.\r\n'), 11:00:46
bytearray(b'STEPPER: Moved 4200.00 msteps (ramp: 35%) in 1324.888 ms -> average speed [msteps/sec]: 3170.08\r\nreturn;measure;965\r\n'), 11:00:47
bytearray(b'received from UR: buffer -> buffer (0,1)\r\nSending buffer of size 965data;2400,304;2404,470;2408,138;2413,280;2417,322;2421,326;2426,328;2430,324;2434,338;2439,324;2443,314;2447,314;2452,312;2456,326;2460,324;2465,324;2469,330;2474,330;2478,328;2482,326;2487,326;2491,330;2495,328;2500,316;2504,328;2508,312;2513,340;2517,318;2521,330;2526,328;2530,328;2534,314;2539,328;2543,330;2548,316;2552,330;2556,316;2561,328;2565,318;2569,332;2574,318;2578,330;2582,316;2587,328;2591,334;2595,304;2600,330;2604,318;2608,330;2613,316;2617,336;2622,320;2626,334;2630,318;2635,332;2639,324;2643,322;2648,322;2652,320;2656,320;2661,306;2665,338;2669,324;2674,322;2678,322;2682,322;2687,322;2691,312;2696,324;2700,324;2704,324;2709,308;2713,330;2717,328;2722,342;2726,326;2730,326;2735,324;2739,316;2743,330;2748,314;2752,314;2756,312;2761,340;2765,318;2770,330;2774,316;2778,330;2783,314;2787,320;2791,318;2796,318;2800,332;2804,318;2809,330;2813,322;2817,336;2822,320;2826,334;2830,318;2835,310;2839,324;2844,322;2848,322;2852,320;2857,320;2861,324;2865,326;2870,322;2874,336;2878,336;2883,334;2887,312;2891,312;2896,324;2900,324;2905,322;2909,322;2913,328;2918,326;2922,326;2926,324;2931,324;2935,330;2939,330;2944,328;2948,314;2952,314;2957,312;2961,332;2965,318;2970,332;2974,316;2979,330;2983,322;2987,306;2992,320;2996,304;3000,318;3005,318;3009,338;3013,324;3018,336;3022,322;3026,336;3031,320;3035,326;3039,326;3044,324;3048,324;3053,322;3057,328;3061,314;3066,326;3070,312;3074,326;3079,324;3083,316;3087,330;3092,328;3096,328;3100,312;3105,326;3109,318;3114,332;3118,316;3122,330;3127,314;3131,320;3135,334;3140,318;3144,332;3148,316;3153,316;3157,322;3161,336;3166,320;3170,334;3174,318;3179,332;3183,338;3188,322;3192,336;3196,320;3201,334;3205,324;3209,338;3214,324;3218,336;3222,322;3227,336;3231,326;3235,312;3240,324;3244,324;3248,324;3253,322;3257,342;3262,328;3266,340;3270,326;3275,340;3279,330;3283,316;3288,330;3292,328;3296,328;3301,314;3305,332;3309,332;3314,332;3318,316;3322,330;3327,328;3331,306;3336,318;3340,318;3344,332;3349,330;3353,322;3357,322;3362,334;3366,320;3370,330;3375,318;3379,322;3383,322;3388,320;3392,334;3396,318;3401,332;3405,324;3410,336;3414,322;3418,322;3423,320;3427,326;3431,324;3436,324;3440,322;3444,308;3449,320;3453,324;3457,338;3462,324;3466,322;3470,320;3475,334;3479,328;3484,326;3488,324;3492,312;3497,322;3501,328;3505,328;3510,326;3514,326;3518,326;3523,324;3527,330;3531,316;3536,328;3540,312;3545,314;3549,320;3553,332;3558,318;3562,332;3566,316;3571,330;3575,336;3579,320;3584,318;3588,318;3592,332;3597,330;3601,336;3605,322;3610,334;3614,320;3619,334;3623,324;3627,324;3632,324;3636,308;3640,322;3645,308;3649,328;3653,326;3658,340;3662,326;3666,326;3671,324;3675,330;3679,328;3684,314;3688,328;3693,328;3697,326;3701,318;3706,332;3710,330;3714,330;3719,330;3723,306;3727,334;3732,320;3736,332;3740,316;3745,330;3749,336;3753,336;3758,334;3762,334;3767,318;3771,324;3775,324;3780,322;3784,322;3788,320;3793,334;3797,326;3801,340;3806,324;3810,338;3814,322;3819,336;3823,328;3827,328;3832,326;3836,312;3841,324;3845,330;3849,330;3854,328;3858,328;3862,314;3867,326;3871,332;3875,316;3880,316;3884,314;3888,314;3893,312;3897,332;3901,318;3906,330;3910,316;3915,328;3919,328;3923,320;3928,332;3932,318;3936,330;3941,316;3945,336;3949,320;3954,334;3958,318;3962,332;3967,318;3971,322;3975,336;3980,320;3984,334;3989,304;3993,318;3997,324;4002,336;4006,322;4010,334;4015,320;4019,310;4023,324;4028,322;4032,322;4036,322;4041,320;4045,326;4050,340;4054,324;4058,336;4063,322;4067,312;4071,326;4076,324;4080,324;4084,322;4089,322;4093,326;4097,326;4102,324;4106,324;4110,322;4115,336;4119,326;4124,312;4128,324;4132,308;4137,336;4141,328;4145,326;4150,326;4154,324;4158,322;4163,336;4167,328;4171,312;4176,324;4180,310;4184,324;4189,322;4193,342;4198,326;4202,326;4206,326;4211,338;4215,328;4219,314;4224,314;4228,312;4232,312;4237,326;4241,332;4245,330;4250,330;4254,328;4259,328;4263,314;4267,334;4272,332;4276,318;4280,330;4285,330;4289,336;4293,322;4298,334;4302,318;4306,332;4311,316;4315,308;4319,322;4324,322;4328,320;4333,306;4337,318;4341,326;4346,338;4350,324;4354,322;4359,322;4363,328;4367,326;4372,312;4376,326;4380,310;4385,338;4389,316;4393,330;4398,314;4402,342;4407,314;4411,318;4415,332;4420,318;4424,318;4428,316;4433,316;4437,320;4441,334;4446,318;4450,332;4454,316;4459,330;4463,322;4467,320;4472,320;4476,320;4481,332;4485,324;4489,324;4494,322;4498,336;4502,320;4507,334;4511,324;4515,324;4520,324;4524,308;4528,336;4533,322;4537,326;4541,324;4546,324;4550,324;4555,336;4559,314;4563,312;4568,340;4572,324;4576,324;4581,322;4585,328;4589,326;4594,338;4598,324;4602,338;4607,322;4611,328;4615,326;4620,312;4624,324;4629,324;4633,322;4637,314;4642,328;4646,326;4650,326;4655,324;4659,330;4663,328;4668,312;4672,326;4676,310;4681,338;4685,316;4690,328;4694,328;4698,326;4703,324;4707,318;4711,330;4716,316;4720,328;4724,314;4729,328;4733,318;4737,330;4742,330;4746,328;4750,326;4755,304;4759,332;4764,330;4768,330;4772,314;4777,326;4781,318;4785,332;4790,316;4794,330;4798,314;4803,342;4807,334;4811,332;4816,330;4820,316;4824,328;4829,328;4833,334;4838,318;4842,332;4846,316;4851,330;4855,322;4859,320;4864,334;4868,318;4872,332;4877,330;4881,336;4885,320;4890,334;4894,320;4898,332;4903,316;4907,322;4912,322;4916,320;4920,332;4925,304;4929,324;4933,322;4938,336;4942,320;4946,332;4951,318;4955,322;4959,336;4964,320;4968,334;4972,320;4977,332;4981,324;4986,336;4990,322;4994,336;4999,320;5003,312;5007,324;5012,310;5016,336;5020,322;5025,322;5029,326;5033,340;5038,324;5042,324;5046,322;5051,336;5055,328;5060,312;5064,326;5068,310;5073,338;5077,316;5081,330;5086,314;5090,326;5094,326;5099,326;5103,316;5107,316;5112,314;5116,314;5121,328;5125,326;5129,332;5134,316;5138,330;5142,328;5147,328;5151,318;5155,304;5160,318;5164,318;5168,330;5173,316;5177,336;5181,320;5186,334;5190,318;5195,346;5199,316;5203,310;5208,336;5212,320;5216,334;5221,318;5225,338;5229,324;5234,338;5238,322;5242,336;5247,320;5251,326;5255,324;5260,324;5264,322;5269,322;5273,322;5277,326;5282,326;5286,324;5290,324;5295,324;5299,330;5303,328;5308,314;5312,312;5316,312;5321,338;5325,316;5329,330;5334,328;5338,328;5343,314;5347,320;5351,332;5356,318;5360,332;5364,316;5369,330;5373,322;5377,336;5382,334;5386,334;5390,318;5395,332;5399,338;5403,322;5408,322;5412,322;5417,320;5421,326;5425,326;5430,326;5434,338;5438,324;5443,338;5447,314;5451,314;5456,326;5460,326;5464,326;5469,324;5473,332;5478,330;5482,330;5486,330;5491,328;5495,334;5499,320;5504,320;5508,318;5512,318;5517,318;5521,338;5525,324;5530,324;5534,322;5538,336;5543,322;5547,328;5552,328;5556,314;5560,326;5565,312;5569,334;5573,318;5578,332;5582,316;5586,330;5591,316;5595,322;5599,336;5604,320;5608,320;5612,306;5617,334;5621,312;5626,340;5630,324;5634,338;5639,324;5643,316;5647,314;5652,314;5656,328;5660,326;5665,326;5669,318;5673,332;5678,330;5682,330;5686,330;5691,308;5695,320;5700,320;5704,334;5708,318;5713,318;5717,324;5721,338;5726,322;5730,336;5734,320;5739,334;5743,340;5747,326;5752,324;5756,310;5760,324;5765,322;5769,328;5774,328;5778,328;5782,312;5787,340;5791,332;5795,318;5800,330;5804,316;5808,328;5813,314;5817,322;5821,320;5826,320;5830,306;5834,318;5839,318;5843,310;5848,308;5852,308;5856,308;5861,306;5865,314;5869,312;5874,312;5878,312;5882,310;5887,310;5891,302;5895,316;5900,314;5904,314;5908,300;5913,300;5917,306;5922,318;5926,304;5930,316;5935,302;5939,294;5943,308;5948,306;5952,320;5956,306;5961,318;5965,310;5969,324;5974,308;5978,322;5983,308;5987,300;5991,328;5996,312;6000,312;6004,310;6009,310;6013,314;6017,314;6022,312;6026,326;6030,312;6035,326;6039,318;6043,316;6048,316;6052,314;6057,314;6061,306;6065,320;6070,304;6074,318;6078,304;6083,316;6087,308;6091,308;6096,308;6100,306;6104,320;6109,318;6113,310;6117,310;6122,322;6126,308;6131,322;6135,314;6139,312;6144,312;6148,298;6152,324;6157,310;6161,300;6165,300;6170,300;6174,284;6178,284;6183,274;6187,276;6192,288;6196,286;6200,272;6205,272;6209,278;6213,276;6218,276;6222,276;6226,290;6231,288;6235,280;6239,280;6244,278;6248,264;6252,264;6257,298;6261,282;6266,282;6270,282;6274,280;6279,280;6283,286;6287,284;6292,268;6296,282;6300,268;6305,280;6309,286;6313,272;6318,284;6322,298;6326,282;6331,274;6335,288;6340,274;6344,300;6348,284;6353,284;6357,290;6361,274;6366,274;6370,274;6374,272;6379,286;6383,276;6387,276;6392,274;6396,274;6400,272;6405,278;6409,292;6414,290;6418,290;6422,274;6427,244;6431,278;6435,278;6440,276;6444,276;6448,262;6453,276;6457,294;6461,280;6466,266;6470,264;6474,264;6479,282;6483,268;6488,280;6492,280;6496,266;6501,264;6505,284;6509,284;6514,282;6518,282;6522,252;6527,280;6531,272;6535,286;6540,270;6544,270;6548,254;6553,288;6557,286;6562,286;6566,272;6570,270;6575,262;6579,260;6583,274;6588,274;6592,272;6596,272;\r\nBuffer sent in 0.973 secondsreturn;buffer;965\r\n'), 11:00:49
bytearray(b'received from UR: measure -> measure (0,1)\r\nSTEPPER: Moving to mstep: 6600 with speed [msteps/sec]: 1000 in StealthChop.\r\n'), 11:00:50
bytearray(b'STEPPER: Moving to mstep: 2400 with speed [msteps/sec]: 4000 in SpreadCycle.\r\n'), 11:00:54
bytearray(b'STEPPER: Moved 4200.00 msteps (ramp: 35%) in 1324.888 ms -> average speed [msteps/sec]: 3170.08\r\nreturn;measure;964\r\n'), 11:00:56
bytearray(b'received from UR: buffer -> buffer (0,1)\r\nSending buffer of size 964data;2400,294;2404,450;2408,162;2413,276;2417,318;2421,324;2426,338;2430,322;2434,336;2439,322;2443,314;2447,328;2452,314;2456,340;2460,326;2465,324;2469,318;2474,330;2478,316;2482,330;2487,316;2491,320;2495,334;2500,320;2504,334;2508,332;2513,318;2517,324;2521,338;2526,322;2530,336;2534,322;2539,320;2543,328;2548,312;2552,326;2556,310;2561,324;2565,318;2569,330;2574,330;2578,344;2582,328;2587,328;2591,334;2595,320;2600,334;2604,318;2609,332;2613,318;2617,336;2622,322;2626,336;2630,320;2635,320;2639,326;2643,326;2648,338;2652,324;2656,324;2661,310;2665,328;2669,328;2674,328;2678,326;2683,326;2687,318;2691,318;2696,330;2700,316;2704,328;2709,314;2713,334;2717,320;2722,334;2726,318;2730,332;2735,330;2739,308;2743,322;2748,308;2752,322;2757,306;2761,334;2765,326;2770,340;2774,324;2778,338;2783,322;2787,314;2791,342;2796,328;2800,326;2804,312;2809,328;2813,318;2817,332;2822,316;2826,330;2831,316;2835,322;2839,322;2844,320;2848,320;2852,318;2857,332;2861,324;2865,338;2870,322;2874,322;2878,322;2883,336;2887,328;2891,314;2896,326;2900,312;2905,324;2909,316;2913,330;2918,316;2922,328;2926,328;2931,328;2935,334;2939,318;2944,332;2948,318;2952,330;2957,316;2961,336;2965,322;2970,322;2974,320;2979,334;2983,318;2987,326;2992,324;2996,310;3000,324;3005,308;3009,328;3013,314;3018,328;3022,326;3026,340;3031,324;3035,330;3039,316;3044,314;3048,328;3053,312;3057,326;3061,318;3066,316;3070,316;3074,330;3079,328;3083,320;3087,318;3092,318;3096,332;3100,316;3105,330;3109,322;3114,320;3118,320;3122,334;3127,318;3131,324;3135,322;3140,308;3144,336;3148,320;3153,334;3157,324;3161,338;3166,324;3170,336;3174,322;3179,326;3187,312;3192,326;3196,310;3201,338;3205,314;3209,328;3214,314;3218,342;3222,326;3227,340;3231,332;3235,316;3240,330;3244,314;3248,342;3253,328;3257,332;3261,316;3266,330;3270,316;3275,328;3279,320;3283,318;3288,332;3292,318;3296,330;3301,316;3305,334;3309,320;3314,334;3318,318;3322,332;3327,330;3331,308;3336,324;3340,322;3344,334;3349,306;3353,326;3357,324;3362,324;3366,322;3370,322;3375,320;3379,312;3383,340;3388,326;3392,324;3396,310;3401,324;3405,328;3410,328;3414,312;3418,326;3423,324;3427,316;3431,330;3436,314;3440,328;3444,312;3449,326;3453,318;3457,332;3462,316;3466,316;3470,314;3475,328;3479,320;3484,320;3488,318;3492,318;3497,330;3501,322;3505,322;3510,320;3514,320;3518,318;3523,332;3527,324;3531,308;3536,322;3540,306;3544,320;3549,306;3553,326;3558,324;3562,338;3566,322;3571,322;3575,328;3579,312;3584,340;3588,324;3592,324;3597,308;3601,342;3605,326;3610,340;3614,310;3618,324;3623,324;3627,314;3632,326;3636,312;3640,326;3645,310;3649,332;3653,314;3658,328;3662,312;3666,326;3671,324;3675,316;3679,330;3684,314;3688,328;3692,314;3697,326;3701,332;3706,332;3710,330;3714,328;3719,328;3723,318;3727,332;3732,318;3736,330;3740,316;3745,328;3749,320;3753,334;3758,318;3762,332;3767,316;3771,308;3775,334;3780,320;3784,332;3788,316;3793,330;3797,322;3801,334;3806,320;3810,332;3814,318;3819,330;3823,322;3827,322;3832,320;3836,304;3841,318;3845,324;3849,336;3854,320;3858,334;3862,318;3867,332;3871,338;3875,310;3880,322;3884,320;3888,320;3893,318;3897,324;3901,322;3906,322;3910,320;3915,320;3919,326;3923,310;3928,324;3932,308;3936,320;3941,306;3945,326;3949,324;3954,326;3958,322;3962,322;3967,320;3971,312;3976,340;3980,310;3984,324;3989,308;3993,334;3997,326;4002,340;4006,312;4010,324;4015,324;4019,316;4023,328;4028,328;4032,328;4036,312;4041,326;4045,318;4050,346;4054,330;4058,344;4063,330;4067,320;4071,334;4076,318;4080,332;4084,318;4089,330;4093,322;4097,336;4102,320;4106,334;4110,318;4115,318;4119,324;4124,322;4128,336;4132,306;4137,334;4141,324;4145,324;4150,322;4154,322;4158,320;4163,334;4167,340;4171,324;4176,324;4180,310;4184,336;4189,320;4193,342;4198,326;4202,338;4206,324;4211,338;4215,328;4219,314;4224,328;4228,312;4232,324;4237,324;4241,330;4245,314;4250,328;4254,314;4258,328;4263,326;4267,332;4272,316;4276,316;4280,328;4285,314;4289,334;4293,318;4298,332;4302,316;4306,330;4311,316;4315,322;4319,320;4324,306;4328,332;4332,318;4337,330;4341,322;4346,336;4350,320;4354,334;4359,318;4363,326;4367,324;4372,310;4376,336;4380,320;4385,334;4389,326;4393,340;4398,324;4402,338;4406,322;4411,314;4415,328;4420,312;4424,326;4428,310;4433,324;4437,330;4441,344;4446,326;4450,340;4454,326;4459,338;4463,330;4467,314;4472,328;4476,328;4481,326;4485,318;4489,332;4494,330;4498,330;4502,328;4507,326;4511,332;4515,318;4520,330;4524,330;4528,328;4533,312;4537,334;4541,332;4546,332;4550,330;4555,330;4559,320;4563,306;4568,332;4572,316;4576,342;4581,328;4585,320;4589,318;4594,330;4598,330;4602,342;4607,328;4611,304;4615,332;4620,316;4624,328;4629,314;4633,326;4637,316;4642,330;4646,328;4650,342;4655,326;4659,314;4663,330;4668,314;4672,342;4676,326;4681,326;4685,316;4689,330;4694,328;4698,328;4703,312;4707,316;4711,330;4716,314;4720,328;4724,312;4729,324;4733,316;4737,330;4742,328;4746,328;4750,324;4755,324;4759,328;4763,314;4768,340;4772,312;4777,324;4781,316;4785,330;4790,314;4794,342;4798,326;4803,338;4807,330;4811,314;4816,328;4820,312;4824,326;4829,312;4833,344;4837,328;4842,342;4846,328;4851,342;4855,324;4859,318;4864,332;4868,330;4872,328;4877,314;4881,332;4885,318;4890,332;4894,316;4898,330;4903,314;4907,320;4911,332;4916,318;4920,330;4925,316;4929,328;4933,320;4938,334;4942,318;4946,330;4951,316;4955,320;4959,334;4964,318;4968,318;4972,316;4977,330;4981,322;4986,334;4990,320;4994,334;4999,318;5003,310;5007,324;5012,308;5016,320;5020,306;5025,320;5029,324;5033,338;5038,322;5042,322;5046,322;5051,334;5055,340;5060,324;5064,324;5068,310;5073,322;5077,328;5081,328;5086,326;5090,324;5094,324;5099,324;5103,330;5107,328;5112,326;5116,312;5121,324;5125,308;5129,330;5134,328;5138,326;5142,326;5147,326;5151,330;5155,316;5160,328;5164,312;5168,326;5173,310;5177,330;5181,314;5186,342;5190,326;5195,340;5199,310;5203,316;5208,330;5212,314;5216,312;5221,312;5225,332;5229,316;5234,330;5238,314;5242,328;5247,314;5251,318;5255,330;5260,330;5264,328;5269,314;5273,326;5277,318;5282,330;5286,316;5290,328;5295,326;5299,318;5303,332;5308,330;5312,328;5316,314;5321,326;5325,318;5329,332;5334,316;5338,330;5343,314;5347,320;5351,334;5356,332;5360,330;5364,316;5369,328;5373,320;5377,334;5382,318;5386,332;5390,316;5395,330;5399,334;5403,320;5408,318;5412,302;5417,330;5421,322;5425,334;5430,318;5434,332;5438,318;5443,330;5447,322;5451,320;5456,334;5460,332;5464,318;5469,316;5473,336;5477,320;5482,334;5486,318;5491,332;5495,322;5499,322;5504,334;5508,318;5512,332;5517,316;5521,336;5525,320;5530,334;5534,318;5538,332;5543,330;5547,320;5551,334;5556,318;5560,330;5565,316;5569,330;5573,320;5578,332;5582,318;5586,344;5591,328;5595,320;5599,318;5604,318;5608,330;5612,316;5617,342;5621,320;5626,332;5630,316;5634,344;5639,314;5643,328;5647,320;5652,318;5656,330;5660,316;5665,330;5669,320;5673,320;5678,318;5682,332;5686,330;5691,328;5695,320;5700,318;5704,318;5708,316;5713,328;5717,334;5721,334;5726,330;5730,330;5734,314;5739,328;5743,334;5747,318;5752,330;5756,316;5760,328;5765,312;5769,334;5774,318;5778,344;5782,330;5787,342;5791,320;5795,304;5800,332;5804,316;5808,330;5813,314;5817,322;5821,318;5826,332;5830,316;5834,330;5839,306;5843,306;5848,304;5852,304;5856,316;5861,302;5865,306;5869,306;5874,306;5878,304;5882,318;5887,302;5891,308;5895,306;5900,306;5904,306;5908,304;5913,304;5917,310;5922,322;5926,320;5930,320;5935,320;5939,296;5943,310;5948,294;5952,308;5956,306;5961,306;5965,310;5969,324;5974,310;5978,324;5983,320;5987,298;5991,312;5996,296;6000,310;6004,294;6009,320;6013,312;6017,326;6022,310;6026,324;6030,308;6035,322;6039,312;6043,312;6048,310;6052,310;6057,308;6061,314;6065,328;6070,312;6074,310;6078,310;6083,308;6087,314;6091,314;6096,326;6100,326;6104,310;6109,308;6113,314;6117,314;6122,314;6126,312;6131,324;6135,316;6139,302;6144,314;6148,300;6152,314;6157,298;6161,304;6165,288;6170,274;6174,286;6178,300;6183,290;6187,290;6191,290;6196,288;6200,284;6205,286;6209,262;6213,276;6218,290;6222,288;6226,288;6231,288;6235,292;6239,278;6244,290;6248,276;6252,288;6257,294;6261,292;6266,292;6270,290;6274,276;6279,288;6283,266;6287,280;6292,278;6296,278;6300,276;6305,276;6309,280;6313,252;6318,278;6322,292;6326,278;6331,282;6335,282;6340,282;6344,280;6348,278;6353,292;6357,282;6361,296;6366,282;6370,280;6374,278;6379,270;6383,284;6387,268;6392,268;6396,280;6400,294;6405,286;6409,284;6414,282;6418,282;6422,268;6427,280;6431,272;6435,286;6440,284;6444,284;6448,268;6453,282;6457,274;6461,272;6466,272;6470,284;6474,284;6479,274;6483,288;6488,286;6492,272;6496,272;6501,270;6505,276;6509,288;6514,288;6518,286;6522,286;6527,276;6531,262;6535,276;6540,260;6544,272;6548,258;6553,278;6557,290;6562,290;6566,276;6570,288;6575,272;6579,280;6583,278;6588,278;6592,276;6596,276;\r\nBuffer sent in 0.972 secondsreturn;buffer;964\r\n'), 11:00:58
bytearray(b'received from UR: measure -> measure (0,1)\r\nSTEPPER: Moving to mstep: 6600 with speed [msteps/sec]: 1000 in StealthChop.\r\n'), 11:00:59
bytearray(b'STEPPER: Moving to mstep: 2400 with speed [msteps/sec]: 4000 in SpreadCycle.\r\n'), 11:01:03
bytearray(b'STEPPER: Moved 4200.00 msteps (ramp: 35%) in 1324.888 ms -> average speed [msteps/sec]: 3170.08\r\nreturn;measure;964\r\n'), 11:01:04
bytearray(b'received from UR: buffer -> buffer (0,1)\r\nSending buffer of size 964data;2400,304;2404,446;2408,170;2413,272;2417,314;2421,318;2426,334;2430,318;2434,332;2439,330;2443,322;2447,322;2452,306;2456,320;2460,306;2465,334;2469,326;2474,340;2478,324;2482,338;2487,322;2491,330;2495,328;2500,328;2504,326;2508,312;2513,324;2517,330;2521,330;2526,314;2530,328;2534,328;2539,328;2543,332;2548,318;2552,330;2556,316;2561,328;2565,322;2569,334;2574,318;2578,332;2582,318;2587,330;2591,336;2595,322;2600,320;2604,306;2608,318;2613,304;2617,338;2622,324;2626,336;2630,322;2635,334;2639,326;2643,326;2648,326;2652,324;2656,322;2661,308;2665,328;2669,326;2674,326;2678,310;2682,338;2687,324;2691,328;2696,328;2700,326;2704,326;2709,312;2713,332;2717,330;2722,330;2726,328;2730,328;2735,326;2739,320;2743,332;2748,318;2752,330;2756,302;2761,328;2765,322;2770,336;2774,320;2778,334;2783,318;2787,310;2791,338;2796,308;2800,322;2804,322;2809,334;2813,312;2817,340;2822,312;2826,338;2830,322;2835,338;2839,328;2844,312;2848,314;2852,312;2857,326;2861,332;2865,346;2870,318;2874,330;2878,328;2883,330;2887,336;2891,320;2896,320;2900,320;2905,320;2909,318;2913,338;2918,324;2922,338;2926,322;2931,336;2935,328;2939,312;2944,326;2948,324;2952,338;2957,324;2961,328;2965,314;2970,328;2974,326;2979,340;2983,324;2987,316;2992,330;2996,314;3000,328;3005,312;3009,334;3013,318;3018,332;3022,316;3026,330;3031,316;3035,322;3039,334;3044,320;3048,320;3053,318;3057,324;3061,324;3066,324;3070,308;3074,322;3079,322;3083,328;3087,328;3092,326;3096,326;3100,310;3105,324;3109,332;3114,330;3118,316;3122,330;3127,328;3131,320;3135,334;3140,318;3144,332;3148,316;3153,330;3157,322;3161,336;3166,334;3170,348;3174,318;3179,332;3183,324;3188,308;3192,336;3196,322;3201,336;3205,326;3209,340;3214,324;3218,338;3222,324;3227,338;3231,330;3235,314;3240,326;3244,312;3248,326;3253,324;3257,330;3262,316;3266,344;3270,328;3275,328;3279,334;3283,318;3288,318;3292,316;3296,316;3301,330;3305,336;3309,320;3314,334;3318,318;3322,332;3327,332;3331,324;3336,322;3340,308;3344,320;3349,306;3353,334;3357,326;3362,326;3366,324;3370,338;3375,322;3379,328;3383,340;3388,326;3392,326;3396,312;3401,324;3405,316;3410,344;3414,330;3418,328;3423,328;3427,304;3431,318;3436,316;3440,330;3444,316;3449,330;3453,320;3457,334;3462,318;3466,332;3470,318;3475,332;3479,322;3484,308;3488,322;3492,320;3497,334;3501,326;3505,324;3510,324;3514,324;3518,322;3523,322;3527,328;3531,312;3536,326;3540,310;3545,324;3549,316;3553,342;3558,326;3562,326;3566,324;3571,338;3575,330;3579,316;3584,340;3588,312;3592,326;3597,310;3601,330;3605,316;3610,344;3614,328;3619,342;3623,320;3627,306;3632,318;3636,316;3640,330;3645,316;3649,320;3658,334;3662,318;3666,332;3671,332;3675,322;3679,322;3684,322;3688,320;3692,320;3697,334;3701,324;3706,338;3710,322;3714,336;3719,322;3723,312;3727,326;3732,312;3736,326;3740,308;3745,324;3749,328;3753,328;3758,314;3762,328;3767,326;3771,318;3775,332;3780,316;3784,330;3788,300;3793,328;3797,318;3801,334;3806,330;3810,346;3814,318;3819,330;3823,322;3827,322;3832,334;3836,318;3841,332;3845,310;3849,322;3854,322;3858,336;3862,320;3867,334;3871,326;3875,324;3880,324;3884,322;3888,322;3893,308;3897,328;3901,326;3906,340;3910,324;3915,336;3919,322;3923,314;3928,328;3932,298;3936,326;3941,310;3945,332;3949,330;3954,344;3958,328;3962,328;3967,326;3971,318;3975,332;3980,316;3984,330;3989,300;3993,328;3997,318;4002,334;4006,330;4010,344;4015,316;4019,320;4023,334;4028,318;4032,318;4036,330;4041,330;4045,320;4049,334;4054,318;4058,334;4063,316;4067,322;4071,322;4076,322;4080,320;4084,318;4089,318;4093,324;4097,336;4102,322;4106,334;4110,320;4115,332;4119,324;4123,308;4128,322;4132,322;4137,334;4141,320;4145,326;4150,324;4154,324;4158,322;4163,336;4167,328;4171,312;4176,326;4180,310;4184,326;4189,324;4193,330;4197,314;4202,328;4206,326;4211,340;4215,330;4219,316;4224,328;4228,314;4232,314;4237,312;4241,332;4245,330;4250,344;4254,328;4258,328;4263,312;4267,320;4272,332;4276,316;4280,328;4285,314;4289,320;4293,318;4298,332;4302,316;4306,330;4311,314;4315,320;4319,334;4324,318;4328,318;4332,304;4337,330;4341,322;4346,322;4350,320;4354,332;4359,318;4363,324;4367,338;4372,322;4376,322;4380,306;4385,320;4389,326;4393,340;4398,326;4402,338;4406,322;4411,314;4415,328;4420,312;4424,324;4428,324;4433,324;4437,328;4441,342;4446,314;4450,328;4454,326;4459,340;4463,330;4467,316;4472,316;4476,314;4481,328;4485,328;4489,334;4494,318;4498,332;4502,316;4507,330;4511,322;4515,320;4520,320;4524,306;4528,320;4533,318;4537,324;4541,324;4546,324;4550,322;4555,322;4559,320;4563,326;4568,322;4572,310;4576,322;4581,322;4585,328;4589,314;4594,326;4598,312;4602,326;4607,324;4611,316;4615,330;4620,314;4624,314;4629,312;4633,326;4637,318;4642,332;4646,316;4650,330;4655,314;4659,334;4663,332;4668,318;4672,318;4676,316;4681,314;4685,320;4689,334;4694,318;4698,332;4703,316;4707,308;4711,320;4716,320;4720,332;4724,318;4729,330;4733,322;4737,336;4742,334;4746,334;4750,318;4755,330;4759,336;4763,322;4768,334;4772,318;4777,332;4781,324;4785,338;4790,322;4794,334;4798,318;4803,332;4807,324;4811,324;4816,324;4820,322;4824,320;4829,306;4833,326;4837,326;4842,338;4846,322;4851,336;4855,328;4859,312;4864,326;4868,324;4872,322;4877,308;4881,328;4885,326;4890,326;4894,312;4898,324;4903,322;4907,328;4912,328;4916,326;4920,326;4925,310;4929,330;4933,328;4938,328;4942,314;4946,326;4951,326;4955,332;4959,330;4964,316;4968,328;4972,312;4977,326;4981,318;4986,346;4990,330;4994,344;4999,328;5003,306;5007,320;5012,320;5016,332;5020,318;5025,318;5029,322;5033,336;5038,322;5042,334;5046,320;5051,334;5055,326;5060,324;5064,338;5068,324;5073,336;5077,314;5081,328;5086,328;5090,326;5094,312;5099,326;5103,316;5107,316;5112,330;5116,314;5120,328;5125,298;5129,332;5134,318;5138,332;5142,330;5147,330;5151,322;5155,306;5160,320;5164,320;5168,334;5173,318;5177,338;5181,322;5186,336;5190,320;5194,334;5199,318;5203,310;5208,336;5212,308;5216,322;5221,320;5225,334;5229,324;5234,338;5238,324;5242,338;5247,322;5251,328;5255,328;5260,326;5264,326;5268,324;5273,324;5277,316;5282,328;5286,328;5290,328;5295,326;5299,318;5303,316;5308,330;5312,330;5316,328;5321,328;5325,318;5329,332;5334,332;5338,328;5342,330;5347,306;5351,320;5356,320;5360,332;5364,318;5369,330;5373,322;5377,336;5382,320;5386,334;5390,318;5395,332;5399,338;5403,308;5408,336;5412,306;5417,320;5421,318;5425,338;5430,322;5434,336;5438,320;5443,334;5447,324;5451,324;5456,322;5460,320;5464,320;5469,318;5473,324;5477,322;5482,322;5486,320;5491,334;5495,318;5499,310;5504,324;5508,308;5512,320;5517,320;5521,324;5525,324;5530,324;5534,322;5538,320;5543,318;5547,324;5551,322;5556,308;5560,322;5565,306;5569,334;5573,326;5578,338;5582,324;5586,336;5591,320;5595,326;5599,340;5604,324;5608,338;5612,308;5617,334;5621,312;5625,326;5630,324;5634,338;5639,322;5643,314;5647,314;5652,312;5656,326;5660,324;5665,324;5669,328;5673,342;5678,326;5682,326;5686,324;5691,324;5695,328;5699,314;5704,314;5708,312;5713,324;5717,330;5721,342;5726,328;5730,326;5734,324;5739,324;5743,330;5747,316;5752,328;5756,312;5760,324;5765,310;5769,330;5773,328;5778,328;5782,312;5787,326;5791,318;5795,316;5800,330;5804,314;5808,326;5813,312;5817,318;5821,316;5826,316;5830,300;5834,314;5839,312;5843,306;5848,304;5852,302;5856,302;5861,302;5865,322;5869,306;5874,320;5878,318;5882,316;5887,316;5891,308;5895,306;5900,292;5904,304;5908,304;5913,302;5917,308;5922,320;5926,320;5930,318;5935,318;5939,296;5943,308;5948,292;5952,306;5956,304;5961,318;5965,308;5969,322;5974,320;5978,320;5982,306;5987,310;5991,310;5996,294;6000,308;6004,306;6009,320;6013,312;6017,326;6022,310;6026,324;6030,308;6035,322;6039,312;6043,298;6048,312;6052,310;6057,310;6061,316;6065,330;6070,316;6074,328;6078,312;6083,326;6087,318;6091,302;6096,302;6100,314;6104,312;6109,296;6113,318;6117,318;6122,316;6126,316;6131,316;6135,320;6139,306;6144,318;6148,304;6152,316;6157,304;6161,292;6165,292;6170,292;6174,290;6178,290;6183,296;6187,280;6191,294;6196,278;6200,292;6205,290;6209,282;6213,268;6218,266;6222,280;6226,294;6231,270;6235,270;6239,282;6244,282;6248,268;6252,252;6257,300;6261,286;6265,286;6270,284;6274,270;6279,268;6283,288;6287,288;6292,272;6296,286;6300,270;6305,284;6309,276;6313,246;6318,288;6322,298;6326,286;6331,264;6335,276;6340,262;6344,276;6348,274;6353,274;6357,294;6361,294;6366,292;6370,290;6374,290;6379,304;6383,294;6387,294;6392,292;6396,292;6400,290;6405,282;6409,296;6414,280;6418,280;6422,278;6427,292;6431,282;6435,282;6440,294;6444,294;6448,280;6453,278;6457,298;6461,282;6466,282;6470,280;6474,294;6479,286;6483,284;6488,284;6492,254;6496,282;6501,282;6505,286;6509,286;6514,270;6518,270;6522,254;6527,282;6531,260;6535,272;6540,286;6544,286;6548,284;6553,290;6557,290;6562,290;6566,274;6570,274;6575,272;6579,280;6583,292;6588,278;6592,290;6596,276;\r\nBuffer sent in 0.972 secondsreturn;buffer;964\r\n'), 11:01:06
bytearray(b'received from UR: home -> home (0,1)\r\nSTEPPER: Moving to mstep: 0 with speed [msteps/sec]: 4000 in SpreadCycle.\r\n'), 11:01:07
bytearray(b'STEPPER: Moved 2400.00 msteps (ramp: 35%) in 813.424 ms -> average speed [msteps/sec]: 2950.49\r\nreturn;home;1\r\n'), 11:01:08
