bytearray(b'STEPPER: Moving to mstep: 2400 with speed [msteps/sec]: 4000 in SpreadCycle.\r\n'), 11:03:37
bytearray(b'STEPPER: Moved 2400.00 msteps (ramp: 35%) in 812.824 ms -> average speed [msteps/sec]: 2952.67\r\n'), 11:03:38
bytearray(b'received from UR: status -> status (0,1)\r\n*** STATUS ***\r\nid        :         3 -\r\nstep      :      2400 steps\r\nspeed     :      1500 msteps/s\r\nmspeed    :      1000 msteps/s\r\nsg-thrs   :        80 -\r\ndefault   :     12000 \xc2\xb5m\r\ndispense  :     30350 \xc2\xb5m\r\nblowout   :     33000 \xc2\xb5m\r\nd-offset  :        20 \xc2\xb5m\r\nur0       :         0 -\r\nur1       :         1 -\r\nhomed     :         1 -\r\nreturn;status;2400\r\n'), 11:03:40
bytearray(b'received from UR: measure -> measure (0,1)\r\nSTEPPER: Moving to mstep: 6600 with speed [msteps/sec]: 1000 in StealthChop.\r\n'), 11:03:41
bytearray(b'STEPPER: Moving to mstep: 2400 with speed [msteps/sec]: 4000 in SpreadCycle.\r\n'), 11:03:45
bytearray(b'STEPPER: Moved 4200.00 msteps (ramp: 35%) in 1324.892 ms -> average speed [msteps/sec]: 3170.07\r\nreturn;measure;965\r\n'), 11:03:47
bytearray(b'received from UR: buffer -> buffer (0,1)\r\nSending buffer of size 965data;2400,126;2404,486;2408,140;2413,268;2417,324;2421,316;2426,330;2430,328;2434,328;2439,328;2443,320;2447,320;2452,318;2456,330;2460,316;2465,330;2469,322;2474,336;2478,320;2482,334;2487,320;2491,324;2495,324;2500,324;2504,324;2508,322;2513,322;2517,328;2521,342;2526,326;2530,326;2534,324;2539,338;2543,330;2548,314;2552,330;2556,314;2561,328;2565,320;2569,332;2574,318;2578,332;2582,316;2587,330;2591,336;2595,320;2600,334;2604,318;2608,318;2613,316;2617,336;2622,322;2626,336;2630,320;2635,320;2639,326;2643,312;2648,338;2652,324;2656,322;2661,310;2665,328;2669,314;2674,326;2678,312;2682,324;2687,310;2691,316;2696,330;2700,328;2704,314;2709,314;2713,334;2717,318;2722,332;2726,318;2730,330;2735,316;2739,308;2743,334;2748,306;2752,320;2756,318;2761,332;2765,324;2770,324;2774,322;2778,336;2783,322;2787,314;2791,326;2796,312;2800,326;2804,310;2809,338;2813,316;2817,330;2822,314;2826,342;2830,328;2835,340;2839,320;2844,318;2848,332;2852,316;2857,330;2861,322;2865,322;2870,320;2874,334;2878,320;2883,332;2887,324;2891,324;2896,324;2900,324;2905,336;2909,314;2913,328;2918,328;2922,328;2926,326;2931,340;2935,318;2939,316;2944,330;2948,316;2952,330;2957,316;2961,336;2965,322;2970,336;2974,320;2979,334;2983,326;2987,324;2992,324;2996,310;3000,322;3005,308;3009,328;3013,328;3018,328;3022,312;3026,340;3031,324;3035,316;3039,330;3044,316;3048,330;3053,314;3057,314;3061,320;3066,334;3070,318;3074,328;3079,318;3083,310;3087,322;3092,322;3096,322;3100,308;3105,322;3109,328;3113,328;3118,312;3122,328;3127,314;3131,306;3135,320;3140,318;3144,332;3148,318;3153,332;3157,324;3161,324;3166,322;3170,336;3174,322;3179,336;3183,342;3187,312;3192,326;3196,312;3201,326;3205,324;3209,346;3214,316;3218,332;3222,316;3227,344;3231,336;3235,322;3240,322;3244,306;3248,320;3253,320;3257,340;3261,324;3266,340;3270,324;3275,338;3279,328;3283,314;3288,328;3292,314;3296,328;3301,326;3305,332;3309,318;3314,332;3318,330;3322,330;3327,316;3331,320;3336,334;3340,320;3344,334;3349,318;3353,326;3357,324;3362,338;3366,322;3370,336;3375,322;3379,314;3383,312;3388,312;3392,326;3396,310;3401,338;3405,316;3410,330;3414,316;3418,328;3423,314;3427,320;3431,320;3436,304;3440,318;3444,318;3449,318;3453,322;3457,338;3462,322;3466,322;3470,320;3475,314;3479,326;3484,312;3488,326;3492,310;3497,310;3501,316;3505,330;3510,330;3514,330;3518,314;3523,328;3527,322;3531,306;3536,334;3540,320;3545,334;3549,306;3553,326;3558,326;3562,326;3566,324;3571,326;3575,330;3579,316;3584,330;3588,316;3592,344;3597,330;3601,322;3605,320;3610,336;3614,320;3619,334;3623,320;3627,312;3632,324;3636,324;3640,338;3645,324;3649,330;3653,316;3658,344;3662,316;3666,342;3671,328;3675,306;3679,320;3684,320;3688,320;3693,332;3697,332;3701,324;3706,338;3710,322;3714,336;3719,322;3723,314;3727,328;3732,312;3736,326;3740,312;3745,340;3749,318;3753,318;3758,316;3762,330;3767,316;3771,322;3775,322;3780,308;3784,334;3788,320;3793,334;3797,312;3801,328;3806,326;3810,338;3814,324;3819,338;3823,330;3827,316;3832,330;3836,328;3841,328;3845,320;3849,334;3854,320;3858,334;3862,320;3867,332;3871,310;3875,310;3880,324;3884,324;3888,322;3893,308;3897,330;3901,314;3906,328;3910,312;3915,328;3919,320;3923,306;3928,320;3932,306;3936,318;3941,318;3945,324;3949,324;3954,324;3958,324;3962,324;3967,322;3971,316;3976,330;3980,314;3984,328;3989,326;3993,334;3997,318;4002,332;4006,318;4010,332;4015,318;4019,310;4023,324;4028,322;4032,336;4036,320;4041,320;4045,326;4050,338;4054,326;4058,340;4063,324;4067,316;4071,330;4076,330;4080,328;4084,314;4089,328;4093,334;4097,334;4102,318;4106,332;4110,318;4115,332;4119,338;4124,322;4128,322;4132,322;4137,336;4141,328;4145,328;4150,328;4154,326;4158,326;4163,340;4167,332;4171,318;4176,332;4180,316;4185,316;4189,316;4193,336;4198,320;4202,334;4206,320;4211,334;4215,326;4219,312;4224,326;4228,324;4232,324;4237,310;4241,330;4245,316;4250,330;4254,314;4259,328;4263,314;4267,320;4272,334;4276,320;4280,318;4285,318;4289,324;4293,324;4298,322;4302,310;4306,322;4311,322;4315,314;4319,328;4324,312;4328,326;4333,298;4337,324;4341,316;4346,332;4350,330;4354,330;4359,328;4363,306;4367,334;4372,320;4376,334;4380,318;4385,332;4389,324;4393,338;4398,324;4402,338;4407,322;4411,314;4415,314;4420,314;4424,326;4428,312;4433,340;4437,316;4441,330;4446,316;4450,332;4454,316;4459,330;4463,320;4467,320;4472,334;4476,318;4481,332;4485,324;4489,324;4494,322;4498,336;4502,322;4507,336;4511,328;4515,312;4520,326;4524,312;4528,338;4533,310;4537,330;4542,316;4546,330;4550,328;4555,328;4559,320;4563,318;4568,332;4572,318;4576,330;4581,330;4585,322;4589,320;4594,334;4598,320;4602,334;4607,318;4611,310;4616,324;4620,322;4624,336;4629,320;4633,328;4637,326;4642,340;4646,324;4650,338;4655,322;4659,314;4663,328;4668,314;4672,326;4676,312;4681,326;4685,330;4690,330;4694,316;4698,328;4703,328;4707,320;4711,320;4716,318;4720,332;4724,316;4729,330;4733,322;4737,336;4742,322;4746,336;4750,334;4755,312;4759,326;4764,310;4768,324;4772,310;4777,324;4781,330;4785,346;4790,316;4794,330;4798,314;4803,342;4807,334;4811,318;4816,332;4820,318;4824,330;4829,316;4833,336;4838,322;4842,334;4846,320;4851,334;4855,340;4859,324;4864,324;4868,310;4872,322;4877,322;4881,342;4885,328;4890,328;4894,328;4898,328;4903,328;4907,318;4912,330;4916,318;4920,330;4925,316;4929,336;4933,322;4938,322;4942,320;4946,334;4951,334;4955,312;4959,326;4964,312;4968,326;4972,310;4977,326;4981,330;4986,344;4990,330;4994,330;4999,314;5003,322;5007,334;5012,320;5016,320;5020,306;5025,320;5029,324;5033,338;5038,324;5042,338;5046,322;5051,314;5055,328;5060,314;5064,328;5068,312;5073,326;5077,318;5081,332;5086,316;5090,330;5094,314;5099,328;5103,320;5107,318;5112,332;5116,332;5121,318;5125,322;5129,336;5134,322;5138,334;5142,320;5147,332;5151,326;5155,310;5160,324;5164,308;5168,322;5173,308;5177,342;5181,326;5186,340;5190,312;5195,324;5199,332;5203,316;5208,330;5212,314;5216,328;5221,314;5225,334;5229,318;5234,348;5238,318;5242,332;5247,316;5251,310;5256,322;5260,322;5264,322;5269,320;5273,320;5277,326;5282,326;5286,324;5290,338;5295,322;5299,330;5303,328;5308,314;5312,326;5316,326;5321,340;5325,318;5330,318;5334,316;5338,330;5343,328;5347,306;5351,320;5356,306;5360,332;5364,318;5369,332;5373,322;5377,322;5382,320;5386,334;5390,320;5395,332;5399,326;5404,310;5408,324;5412,310;5417,324;5421,330;5425,328;5430,314;5434,328;5438,314;5443,326;5447,318;5451,318;5456,332;5460,316;5464,330;5469,316;5473,336;5478,320;5482,334;5486,320;5491,334;5495,326;5499,312;5504,324;5508,322;5512,324;5517,308;5521,328;5525,314;5530,326;5534,326;5538,326;5543,324;5547,302;5552,330;5556,316;5560,330;5565,316;5569,336;5573,320;5578,334;5582,320;5586,334;5591,318;5595,324;5599,324;5604,310;5608,336;5612,322;5617,336;5621,314;5626,328;5630,326;5634,340;5639,326;5643,332;5647,318;5652,316;5656,330;5660,316;5665,330;5669,308;5673,322;5678,320;5682,320;5687,320;5691,312;5695,312;5700,312;5704,312;5708,310;5713,324;5717,302;5721,316;5726,314;5730,314;5734,314;5739,314;5743,306;5747,290;5752,318;5756,304;5761,316;5765,308;5769,324;5774,308;5778,320;5782,306;5787,320;5791,312;5795,296;5800,310;5804,294;5808,308;5813,294;5817,314;5821,314;5826,314;5830,312;5835,312;5839,306;5843,306;5848,318;5852,304;5856,304;5861,302;5865,310;5869,308;5874,308;5878,308;5882,308;5887,308;5891,300;5896,298;5900,298;5904,312;5909,298;5913,318;5917,304;5922,316;5926,316;5930,316;5935,314;5939,292;5943,320;5948,292;5952,320;5956,304;5961,306;5965,312;5970,326;5974,310;5978,324;5983,310;5987,302;5991,314;5996,300;6000,314;6004,300;6009,314;6013,306;6017,318;6022,304;6026,304;6030,288;6035,282;6039,294;6044,278;6048,278;6052,278;6057,276;6061,296;6065,296;6070,296;6074,280;6078,282;6083,294;6087,286;6091,286;6096,284;6100,284;6104,282;6109,288;6113,274;6118,288;6122,300;6126,286;6131,300;6135,278;6139,276;6144,290;6148,274;6152,274;6157,274;6161,280;6165,278;6170,264;6174,278;6178,292;6183,282;6187,268;6192,282;6196,266;6200,278;6205,266;6209,286;6213,284;6218,298;6222,282;6226,282;6231,274;6235,258;6239,286;6244,286;6248,272;6252,284;6257,276;6261,262;6266,288;6270,288;6274,272;6279,286;6283,264;6287,278;6292,262;6296,276;6300,276;6305,252;6309,266;6313,266;6318,280;6322,280;6327,278;6331,256;6335,284;6340,284;6344,282;6348,282;6353,280;6357,274;6361,258;6366,272;6370,286;6374,284;6379,276;6383,290;6387,276;6392,290;6396,274;6401,274;6405,280;6409,250;6414,278;6418,292;6422,278;6427,290;6431,282;6435,282;6440,280;6444,280;6448,280;6453,286;6457,284;6461,270;6466,284;6470,282;6475,282;6479,274;6483,260;6488,272;6492,258;6496,284;6501,286;6505,278;6509,276;6514,262;6518,262;6522,288;6527,266;6531,252;6535,280;6540,280;6544,278;6549,278;6553,270;6557,268;6562,282;6566,282;6570,282;6575,280;6579,260;6583,272;6588,258;6592,286;6596,284;\r\nBuffer sent in 0.973 secondsreturn;buffer;965\r\n'), 11:03:49
bytearray(b'received from UR: measure -> measure (0,1)\r\nSTEPPER: Moving to mstep: 6600 with speed [msteps/sec]: 1000 in StealthChop.\r\n'), 11:03:50
bytearray(b'STEPPER: Moving to mstep: 2400 with speed [msteps/sec]: 4000 in SpreadCycle.\r\n'), 11:03:54
bytearray(b'STEPPER: Moved 4200.00 msteps (ramp: 35%) in 1324.880 ms -> average speed [msteps/sec]: 3170.10\r\nreturn;measure;965\r\n'), 11:03:55
bytearray(b'received from UR: buffer -> buffer (0,1)\r\nSending buffer of size 965data;2400,296;2404,456;2408,168;2413,282;2417,310;2421,316;2426,344;2430,314;2434,328;2439,328;2443,320;2447,334;2452,318;2456,318;2460,318;2465,330;2469,322;2473,338;2478,322;2482,336;2487,322;2491,328;2495,326;2500,328;2504,326;2508,312;2513,326;2517,318;2521,332;2526,330;2530,330;2534,316;2539,330;2543,336;2548,320;2552,320;2556,320;2561,334;2565,326;2569,326;2574,324;2578,338;2582,310;2587,324;2591,330;2595,314;2600,328;2604,312;2608,326;2613,312;2617,332;2622,318;2626,332;2630,316;2635,330;2639,322;2643,322;2648,336;2652,322;2656,322;2661,308;2665,342;2669,326;2674,326;2678,312;2682,326;2687,324;2691,318;2696,316;2700,316;2704,316;2709,316;2713,330;2717,336;2722,336;2726,320;2730,334;2735,320;2739,326;2743,340;2748,312;2752,326;2756,312;2761,338;2765,318;2770,330;2774,316;2778,332;2783,330;2787,308;2791,322;2796,308;2800,336;2804,320;2809,336;2813,314;2817,326;2822,326;2826,340;2830,324;2835,338;2839,318;2844,316;2848,330;2852,316;2857,330;2861,322;2865,320;2870,320;2874,334;2878,318;2883,334;2887,324;2891,324;2896,324;2900,324;2904,338;2909,326;2913,330;2918,316;2922,330;2926,328;2931,328;2935,322;2939,306;2944,334;2948,320;2952,334;2957,318;2961,326;2965,324;2970,338;2974,324;2979,338;2983,322;2987,314;2992,328;2996,314;3000,328;3005,312;3009,332;3013,318;3018,332;3022,316;3026,330;3031,316;3035,322;3039,322;3044,320;3048,334;3053,318;3057,320;3061,312;3066,326;3070,326;3074,324;3079,310;3083,316;3087,330;3092,316;3096,332;3100,328;3105,328;3109,320;3113,334;3118,334;3122,334;3127,320;3131,310;3135,324;3140,310;3144,324;3148,306;3153,322;3157,328;3161,328;3166,326;3170,340;3174,324;3179,338;3183,330;3187,316;3192,344;3196,328;3201,328;3205,320;3209,334;3214,318;3218,334;3222,318;3227,346;3231,322;3235,308;3240,322;3244,322;3248,336;3253,334;3257,326;3261,326;3266,338;3270,324;3275,326;3279,324;3283,316;3288,328;3292,328;3296,328;3301,326;3305,332;3309,316;3314,330;3318,316;3322,330;3327,328;3331,306;3335,334;3340,320;3344,332;3349,318;3353,324;3357,324;3362,338;3366,322;3370,336;3375,322;3379,314;3383,328;3388,314;3392,328;3396,312;3401,326;3405,318;3409,332;3414,330;3418,330;3423,330;3427,306;3431,322;3436,320;3440,334;3444,334;3449,320;3453,312;3457,326;3462,324;3466,324;3470,310;3475,324;3479,330;3484,316;3488,330;3492,314;3497,326;3501,320;3505,336;3510,320;3514,334;3518,320;3523,332;3527,324;3531,310;3536,324;3540,324;3544,336;3549,308;3553,330;3558,314;3562,328;3566,328;3571,342;3575,334;3579,306;3584,332;3588,318;3592,346;3597,330;3601,324;3605,322;3610,336;3614,322;3619,336;3623,322;3627,312;3632,326;3636,312;3640,326;3645,312;3649,332;3653,316;3658,332;3662,316;3666,330;3671,314;3675,320;3679,334;3684,320;3688,332;3693,332;3697,318;3701,324;3706,338;3710,322;3714,336;3719,322;3723,312;3727,326;3732,312;3736,326;3740,310;3745,324;3749,330;3753,330;3758,330;3762,344;3767,328;3771,306;3775,334;3780,320;3784,334;3788,318;3793,332;3797,324;3801,338;3806,310;3810,322;3814,322;3819,336;3823,326;3827,314;3832,326;3836,326;3841,326;3845,318;3849,332;3854,316;3858,330;3862,316;3867,332;3871,322;3875,322;3880,322;3884,320;3888,334;3893,334;3897,326;3901,324;3906,326;3910,324;3915,324;3919,322;3923,314;3928,328;3932,314;3936,328;3941,314;3945,334;3949,318;3954,334;3958,318;3962,332;3967,318;3971,310;3975,338;3980,324;3984,338;3989,308;3993,336;3997,314;4002,342;4006,328;4010,342;4015,328;4019,306;4023,334;4028,318;4032,332;4036,316;4041,332;4045,324;4049,336;4054,322;4058,336;4063,320;4067,314;4071,326;4076,326;4080,326;4084,326;4089,324;4093,318;4097,332;4102,316;4106,330;4110,316;4115,330;4119,336;4124,320;4128,334;4132,320;4137,320;4141,326;4145,326;4150,326;4154,326;4158,324;4163,324;4167,330;4171,316;4176,330;4180,314;4184,330;4189,300;4193,336;4198,320;4202,334;4206,320;4211,334;4215,326;4219,312;4224,310;4228,310;4232,324;4237,324;4241,344;4245,316;4250,328;4254,316;4258,330;4263,314;4267,320;4272,320;4276,306;4280,320;4285,320;4289,326;4293,326;4298,326;4302,312;4306,326;4311,324;4315,318;4319,316;4324,316;4328,330;4332,314;4337,342;4341,322;4346,320;4350,320;4354,334;4359,320;4363,312;4367,326;4372,310;4376,324;4380,310;4385,336;4389,328;4393,330;4398,314;4402,340;4406,326;4411,340;4415,332;4420,316;4424,332;4428,316;4433,330;4437,322;4441,336;4446,320;4450,336;4454,320;4459,334;4463,326;4467,312;4472,326;4476,326;4480,338;4485,326;4489,330;4494,316;4498,330;4502,316;4507,330;4511,320;4515,320;4520,334;4524,320;4528,334;4533,318;4537,324;4541,324;4546,338;4550,322;4554,322;4559,320;4563,314;4568,326;4572,312;4576,326;4581,310;4585,330;4589,316;4594,330;4598,314;4602,328;4607,314;4611,320;4615,332;4620,318;4624,332;4629,332;4633,324;4637,322;4642,338;4646,322;4650,336;4655,322;4659,314;4663,328;4668,312;4672,326;4676,312;4681,326;4685,316;4689,332;4694,330;4698,330;4703,330;4707,308;4711,322;4716,320;4720,334;4724,306;4729,322;4733,326;4737,326;4742,324;4746,338;4750,324;4755,338;4759,330;4764,316;4768,330;4772,316;4777,330;4781,322;4785,336;4790,320;4794,334;4798,320;4803,334;4807,324;4811,310;4816,324;4820,322;4824,324;4829,322;4833,330;4838,312;4842,342;4846,326;4851,340;4855,318;4859,318;4864,332;4868,316;4872,330;4877,316;4881,336;4885,322;4890,336;4894,320;4898,334;4903,320;4907,326;4912,326;4916,312;4920,324;4925,312;4929,332;4933,316;4938,330;4942,316;4946,330;4951,328;4955,320;4959,320;4964,318;4968,332;4972,316;4977,330;4981,322;4986,336;4990,320;4994,334;4999,320;5003,312;5007,326;5012,310;5016,324;5020,322;5025,324;5029,330;5033,330;5038,316;5042,330;5046,314;5051,328;5055,320;5060,320;5064,334;5068,320;5073,334;5077,312;5081,326;5086,326;5090,326;5094,326;5099,326;5103,318;5107,318;5112,332;5116,316;5120,330;5125,310;5129,324;5134,322;5138,324;5142,322;5147,338;5151,330;5155,316;5160,330;5164,314;5168,330;5173,314;5177,336;5181,320;5186,334;5190,320;5195,334;5199,320;5203,312;5208,324;5212,310;5216,324;5221,310;5225,346;5229,330;5234,330;5238,316;5242,344;5247,314;5251,334;5255,320;5260,306;5264,320;5269,318;5273,318;5277,324;5282,338;5286,322;5290,336;5295,322;5299,314;5303,328;5308,314;5312,326;5316,312;5321,326;5325,316;5329,330;5334,316;5338,330;5343,314;5347,320;5351,334;5356,320;5360,320;5364,306;5369,332;5373,324;5377,326;5382,310;5386,324;5390,322;5395,338;5399,328;5403,312;5408,326;5412,298;5417,326;5421,318;5425,332;5430,332;5434,346;5438,316;5443,330;5447,322;5451,322;5456,320;5460,320;5464,334;5469,320;5473,326;5477,324;5482,324;5486,322;5491,322;5495,328;5499,314;5504,314;5508,312;5512,340;5517,326;5521,318;5525,318;5530,332;5534,318;5538,332;5543,318;5547,310;5551,336;5556,310;5560,336;5565,308;5569,328;5573,314;5578,328;5582,312;5586,342;5591,312;5595,318;5599,332;5604,318;5608,332;5612,318;5617,316;5621,322;5625,336;5630,322;5634,336;5639,320;5643,312;5647,326;5652,326;5656,326;5660,324;5665,324;5669,316;5673,330;5678,316;5682,316;5686,314;5691,314;5695,320;5699,306;5704,320;5708,304;5713,318;5717,310;5721,310;5726,310;5730,310;5734,308;5739,322;5743,328;5747,314;5752,314;5756,300;5760,312;5765,312;5769,318;5774,304;5778,318;5782,316;5787,330;5791,308;5795,294;5800,306;5804,306;5808,304;5813,292;5817,326;5821,310;5826,310;5830,294;5834,308;5839,314;5843,300;5848,314;5852,300;5856,312;5861,312;5865,304;5869,304;5874,316;5878,302;5882,302;5887,302;5891,308;5895,308;5900,306;5904,306;5909,306;5913,312;5917,312;5922,310;5926,310;5930,324;5935,308;5939,300;5943,314;5948,298;5952,312;5956,298;5961,312;5965,318;5969,318;5974,316;5978,330;5983,316;5987,308;5991,308;5996,308;6000,322;6004,308;6009,306;6013,314;6017,328;6022,298;6026,298;6030,284;6035,276;6039,274;6043,274;6048,274;6052,288;6057,288;6061,280;6065,280;6070,280;6074,278;6078,278;6083,278;6087,284;6091,270;6096,282;6100,268;6104,268;6109,288;6113,288;6117,288;6122,288;6126,274;6131,272;6135,278;6139,264;6144,278;6148,264;6152,276;6157,262;6161,284;6165,282;6170,282;6174,282;6178,282;6183,276;6187,288;6191,288;6196,288;6200,286;6205,286;6209,278;6213,278;6218,250;6222,278;6226,292;6231,278;6235,284;6239,284;6244,284;6248,282;6252,282;6257,276;6261,274;6265,260;6270,288;6274,288;6279,286;6283,264;6287,278;6292,278;6296,278;6300,250;6305,278;6309,284;6313,284;6318,270;6322,256;6326,284;6331,276;6335,290;6340,274;6344,274;6348,246;6353,288;6357,280;6361,280;6366,266;6370,280;6374,278;6379,270;6383,284;6387,270;6392,270;6396,270;6400,282;6405,274;6409,290;6414,274;6418,286;6422,272;6427,258;6431,276;6435,278;6440,276;6444,276;6448,274;6453,280;6457,294;6461,280;6466,266;6470,278;6474,292;6479,284;6483,270;6488,268;6492,268;6496,268;6501,282;6505,288;6509,286;6514,272;6518,286;6522,270;6527,276;6531,262;6535,274;6540,260;6544,260;6549,274;6553,292;6557,278;6562,278;6566,276;6570,262;6575,290;6579,268;6583,280;6588,280;6592,264;6596,264;\r\nBuffer sent in 0.973 secondsreturn;buffer;965\r\n'), 11:03:57
bytearray(b'received from UR: measure -> measure (0,1)\r\nSTEPPER: Moving to mstep: 6600 with speed [msteps/sec]: 1000 in StealthChop.\r\n'), 11:03:58
bytearray(b'STEPPER: Moving to mstep: 2400 with speed [msteps/sec]: 4000 in SpreadCycle.\r\n'), 11:04:02
bytearray(b'STEPPER: Moved 4200.00 msteps (ramp: 35%) in 1324.888 ms -> average speed [msteps/sec]: 3170.08\r\nreturn;measure;965\r\n'), 11:04:04
bytearray(b'received from UR: buffer -> buffer (0,1)\r\nSending buffer of size 965data;2400,302;2404,468;2408,136;2413,278;2417,308;2421,328;2426,342;2430,326;2434,340;2439,326;2443,332;2447,318;2452,318;2456,330;2460,316;2465,330;2469,322;2474,322;2478,322;2482,336;2487,322;2491,314;2495,328;2500,312;2504,326;2508,312;2513,324;2517,330;2521,332;2526,330;2530,330;2534,328;2539,306;2543,334;2548,320;2552,334;2556,304;2561,332;2565,324;2569,338;2574,324;2578,338;2582,322;2587,336;2591,328;2595,314;2600,326;2604,312;2608,326;2613,310;2617,332;2622,316;2626,342;2630,328;2635,342;2639,320;2643,320;2648,320;2652,306;2656,318;2661,318;2665,338;2669,324;2674,336;2678,322;2682,336;2687,320;2691,312;2696,326;2700,312;2704,326;2709,310;2713,332;2717,328;2722,344;2726,330;2730,344;2735,328;2739,318;2743,334;2748,306;2752,332;2756,318;2761,332;2765,322;2770,336;2774,322;2778,336;2783,320;2787,312;2791,326;2796,312;2800,324;2804,310;2809,324;2813,316;2817,344;2822,330;2826,344;2830,328;2835,342;2839,334;2844,306;2848,320;2852,318;2857,332;2861,324;2865,338;2870,324;2874,338;2878,322;2883,336;2887,328;2891,314;2896,326;2900,312;2905,326;2909,318;2913,332;2918,332;2922,332;2926,330;2931,330;2935,336;2939,306;2944,334;2948,306;2952,334;2957,306;2961,340;2965,326;2970,340;2974,326;2979,338;2983,324;2987,302;2992,330;2996,314;3000,328;3005,300;3009,334;3013,320;3018,334;3022,318;3026,332;3031,318;3035,310;3040,322;3044,310;3048,322;3053,308;3057,320;3061,326;3066,328;3070,326;3074,328;3079,326;3083,304;3087,318;3092,316;3096,316;3100,302;3105,330;3109,322;3114,336;3118,320;3122,334;3127,334;3131,300;3135,326;3140,312;3144,324;3148,310;3153,324;3157,330;3161,330;3166,316;3170,344;3174,328;3179,306;3183,332;3188,318;3192,332;3196,304;3201,330;3205,322;3209,336;3214,322;3218,336;3222,322;3227,336;3231,328;3235,312;3240,326;3244,312;3248,326;3253,312;3257,346;3262,316;3266,344;3270,330;3275,342;3279,322;3283,320;3288,334;3292,318;3296,332;3301,318;3305,338;3309,324;3314,338;3318,324;3322,336;3327,322;3331,314;3336,328;3340,312;3344,326;3349,310;3353,332;3357,318;3362,330;3366,330;3370,344;3375,328;3379,320;3383,332;3388,304;3392,332;3396,316;3401,332;3405,324;3410,338;3414,322;3418,336;3423,322;3427,314;3431,328;3436,312;3440,326;3444,312;3449,324;3453,316;3457,344;3462,330;3466,330;3471,328;3475,328;3479,320;3484,304;3488,318;3492,316;3497,330;3501,322;3505,336;3510,320;3514,334;3518,318;3523,332;3527,324;3531,310;3536,324;3540,308;3545,336;3549,328;3553,342;3558,328;3562,340;3566,326;3571,340;3575,332;3579,304;3584,330;3588,316;3592,330;3597,302;3601,336;3605,320;3610,334;3614,320;3619,348;3623,326;3627,310;3632,322;3636,310;3640,322;3645,308;3649,342;3653,328;3658,340;3662,326;3666,340;3671,324;3675,316;3679,330;3684,316;3688,330;3693,314;3697,328;3701,318;3706,334;3710,318;3714,318;3719,316;3723,322;3727,336;3732,308;3736,334;3740,320;3745,334;3749,326;3753,338;3758,324;3762,338;3767,322;3771,314;3775,326;3780,312;3784,326;3788,312;3793,324;3797,318;3801,344;3806,330;3810,344;3814,328;3819,342;3823,320;3828,306;3832,318;3836,318;3841,332;3845,324;3849,336;3854,322;3858,336;3862,320;3867,334;3871,326;3875,312;3880,326;3884,310;3888,324;3893,310;3897,330;3902,328;3906,328;3910,328;3915,342;3919,332;3923,304;3928,332;3932,316;3936,330;3941,302;3945,336;3949,322;3954,336;3958,322;3962,334;3967,320;3971,312;3976,326;3980,312;3984,326;3989,310;3993,324;3997,330;4002,344;4006,328;4010,342;4015,328;4019,304;4023,320;4028,318;4032,332;4036,318;4041,330;4045,322;4050,336;4054,320;4058,336;4063,320;4067,312;4071,326;4076,312;4080,326;4084,310;4089,326;4093,330;4097,330;4102,328;4106,342;4110,328;4115,306;4119,332;4124,318;4128,332;4132,302;4137,330;4141,322;4145,334;4150,320;4154,334;4158,332;4163,332;4167,324;4171,310;4176,324;4180,308;4185,322;4189,308;4193,342;4198,328;4202,340;4206,326;4211,340;4215,332;4219,316;4224,330;4228,316;4232,328;4237,314;4241,336;4245,320;4250,334;4254,320;4259,332;4263,318;4267,312;4272,324;4276,310;4280,324;4285,310;4289,330;4293,316;4298,330;4302,330;4306,330;4311,328;4315,306;4319,320;4324,306;4328,320;4333,306;4337,332;4341,324;4346,340;4350,324;4354,338;4359,324;4363,316;4367,330;4372,300;4376,328;4380,314;4385,328;4389,320;4393,336;4398,320;4402,334;4407,318;4411,310;4415,324;4420,310;4424,324;4428,310;4433,322;4437,328;4441,344;4446,328;4450,342;4454,328;4459,342;4463,320;4467,318;4472,330;4476,318;4481,332;4485,324;4489,338;4494,322;4498,336;4502,322;4507,336;4511,328;4515,312;4520,326;4524,310;4528,326;4533,310;4537,330;4541,330;4546,330;4550,328;4555,328;4559,328;4563,306;4568,332;4572,318;4576,332;4581,304;4585,338;4589,324;4594,338;4598,322;4602,336;4607,320;4611,312;4615,326;4620,312;4624,326;4629,310;4633,324;4637,330;4642,344;4646,316;4650,342;4655,328;4659,306;4663,320;4668,318;4672,318;4676,318;4681,332;4685,320;4690,336;4694,322;4698,336;4703,320;4707,312;4711,326;4716,312;4720,326;4724,310;4729,324;4733,330;4737,330;4742,330;4746,330;4750,328;4755,306;4759,334;4764,320;4768,334;4772,304;4777,332;4781,324;4785,338;4790,322;4794,336;4798,322;4803,336;4807,328;4811,312;4816,326;4820,312;4825,324;4829,310;4833,344;4838,316;4842,344;4846,328;4851,342;4855,322;4859,320;4864,334;4868,318;4872,332;4877,316;4881,338;4885,322;4890,336;4894,322;4899,334;4903,318;4907,312;4912,324;4916,310;4920,324;4925,308;4929,330;4933,328;4938,342;4942,326;4946,328;4951,326;4955,318;4959,332;4964,302;4968,330;4973,316;4977,330;4981,320;4986,336;4990,320;4994,334;4999,318;5003,312;5007,326;5012,310;5016,324;5020,310;5025,324;5029,316;5033,344;5038,328;5042,342;5047,328;5051,320;5055,320;5060,306;5064,320;5068,320;5073,320;5077,326;5081,328;5086,326;5090,326;5094,326;5099,340;5103,318;5107,304;5112,318;5116,316;5121,330;5125,322;5129,336;5134,322;5138,336;5142,322;5147,336;5151,328;5155,300;5160,326;5164,312;5168,326;5173,310;5177,346;5181,318;5186,344;5190,316;5195,344;5199,328;5203,306;5208,334;5212,320;5216,332;5221,304;5225,340;5229,324;5234,338;5238,322;5242,336;5247,322;5251,314;5256,328;5260,314;5264,328;5269,312;5273,334;5277,332;5282,332;5286,316;5290,332;5295,330;5299,308;5303,322;5308,320;5312,334;5316,306;5321,332;5325,324;5330,338;5334,322;5338,336;5343,322;5347,314;5351,326;5356,312;5360,326;5364,310;5369,324;5373,330;5377,330;5382,316;5386,342;5390,328;5395,306;5399,332;5404,318;5408,332;5412,302;5417,330;5421,322;5425,334;5430,320;5434,334;5438,318;5443,332;5447,324;5451,310;5456,320;5460,308;5464,320;5469,320;5473,326;5478,324;5482,338;5486,322;5491,336;5495,328;5499,312;5504,326;5508,310;5512,324;5517,310;5521,330;5525,328;5530,328;5534,326;5538,328;5543,326;5547,318;5552,332;5556,304;5560,330;5565,316;5569,336;5573,322;5578,336;5582,320;5586,336;5591,320;5595,312;5599,326;5604,310;5608,324;5612,310;5617,324;5621,328;5626,342;5630,328;5634,342;5639,326;5643,318;5647,332;5652,330;5656,316;5660,314;5665,328;5669,320;5673,334;5678,318;5682,332;5686,318;5691,308;5695,308;5700,308;5704,306;5708,306;5713,320;5717,312;5721,324;5726,310;5730,324;5734,322;5739,322;5743,314;5747,298;5752,312;5756,298;5760,310;5765,316;5769,316;5774,316;5778,330;5782,314;5787,328;5791,306;5795,304;5800,304;5804,290;5808,316;5813,302;5817,322;5821,308;5826,322;5830,308;5835,320;5839,312;5843,298;5848,310;5852,296;5856,308;5861,294;5865,314;5869,314;5874,314;5878,312;5882,312;5887,310;5891,302;5895,302;5900,288;5904,302;5909,300;5913,320;5917,306;5922,320;5926,316;5930,318;5935,316;5939,296;5943,308;5948,294;5952,308;5956,292;5961,320;5965,312;5970,326;5974,310;5978,326;5983,310;5987,300;5991,316;5996,300;6000,314;6004,300;6009,314;6013,306;6017,320;6022,304;6026,304;6030,302;6035,280;6039,280;6044,264;6048,292;6052,278;6057,290;6061,282;6065,268;6070,282;6074,296;6078,294;6083,294;6087,272;6091,258;6096,286;6100,284;6104,284;6109,276;6113,290;6118,288;6122,274;6126,288;6131,288;6135,278;6139,278;6144,276;6148,276;6152,276;6157,260;6161,296;6165,280;6170,294;6174,280;6178,250;6183,286;6187,284;6192,298;6196,284;6200,282;6205,282;6209,288;6213,288;6218,274;6222,272;6226,256;6231,278;6235,276;6239,276;6244,276;6248,262;6252,260;6257,282;6261,280;6266,266;6270,266;6274,264;6279,278;6283,258;6287,270;6292,254;6296,284;6300,270;6305,282;6309,274;6313,244;6318,274;6322,286;6326,286;6331,264;6335,278;6340,248;6344,290;6348,276;6353,290;6357,282;6361,296;6366,282;6370,294;6374,280;6379,258;6383,286;6387,284;6392,284;6396,284;6400,284;6405,274;6409,288;6414,272;6418,244;6422,286;6427,300;6431,264;6435,262;6440,278;6444,276;6448,276;6453,268;6457,252;6461,280;6466,294;6470,280;6475,280;6479,270;6483,272;6488,270;6492,254;6496,282;6501,282;6505,260;6509,286;6514,286;6518,286;6522,286;6527,276;6531,262;6535,276;6540,260;6544,274;6549,260;6553,280;6557,280;6562,278;6566,278;6570,276;6575,270;6579,268;6583,268;6588,254;6592,282;6596,280;\r\nBuffer sent in 0.973 secondsreturn;buffer;965\r\n'), 11:04:06
bytearray(b'received from UR: measure -> measure (0,1)\r\nSTEPPER: Moving to mstep: 6600 with speed [msteps/sec]: 1000 in StealthChop.\r\n'), 11:04:07
bytearray(b'STEPPER: Moving to mstep: 2400 with speed [msteps/sec]: 4000 in SpreadCycle.\r\n'), 11:04:11
bytearray(b'STEPPER: Moved 4200.00 msteps (ramp: 35%) in 1324.888 ms -> average speed [msteps/sec]: 3170.08\r\nreturn;measure;965\r\n'), 11:04:12
bytearray(b'received from UR: buffer -> buffer (0,1)\r\nSending buffer of size 965data;2400,302;2404,448;2408,158;2413,272;2417,314;2421,318;2426,334;2430,320;2434,334;2439,318;2443,326;2447,324;2452,324;2456,324;2460,324;2465,322;2469,316;2474,330;2478,328;2482,328;2487,328;2491,320;2495,332;2500,318;2504,318;2508,332;2513,318;2517,324;2521,336;2526,322;2530,336;2534,320;2539,334;2543,326;2548,312;2552,326;2556,324;2561,324;2565,330;2569,330;2574,330;2578,330;2582,314;2587,342;2591,334;2595,318;2600,332;2604,316;2608,332;2613,318;2617,338;2622,324;2626,336;2630,322;2635,336;2639,328;2643,328;2648,328;2652,314;2656,326;2661,312;2665,334;2669,318;2674,318;2678,318;2682,330;2687,330;2691,322;2696,322;2700,322;2704,320;2709,320;2713,328;2717,326;2722,340;2726,326;2730,326;2735,324;2739,318;2743,330;2748,316;2752,330;2756,316;2761,330;2765,322;2770,336;2774,320;2778,334;2783,320;2787,312;2791,326;2796,310;2800,324;2804,324;2809,324;2813,330;2817,344;2822,330;2826,344;2831,314;2835,320;2839,320;2844,320;2848,320;2852,318;2857,318;2861,324;2865,338;2870,324;2874,338;2878,324;2883,336;2887,314;2891,314;2896,328;2900,328;2905,328;2909,320;2913,334;2918,334;2922,334;2926,318;2931,332;2935,324;2939,324;2944,324;2948,324;2952,324;2957,310;2961,330;2965,314;2970,330;2974,314;2979,328;2983,320;2987,306;2992,334;2996,320;3000,320;3005,304;3009,340;3013,324;3018,324;3022,324;3026,338;3031,324;3035,316;3039,314;3044,302;3048,314;3053,314;3057,328;3061,320;3066,322;3070,318;3074,332;3079,318;3083,312;3087,326;3092,326;3096,324;3100,310;3105,324;3109,318;3113,330;3118,316;3122,330;3127,330;3131,322;3135,336;3140,322;3144,320;3148,306;3153,334;3157,326;3161,326;3166,326;3170,326;3174,324;3179,326;3183,332;3187,316;3192,330;3196,316;3201,316;3205,322;3209,336;3214,322;3218,336;3222,320;3227,334;3231,324;3235,312;3240,326;3244,326;3248,324;3253,324;3257,330;3261,330;3266,330;3270,316;3275,330;3279,322;3283,322;3288,322;3292,320;3296,334;3301,320;3305,326;3309,326;3314,326;3318,324;3322,324;3327,324;3331,316;3336,314;3340,300;3344,328;3349,326;3353,334;3357,332;3362,332;3366,332;3370,330;3375,314;3379,322;3383,336;3388,322;3392,320;3396,306;3401,334;3405,312;3410,326;3414,326;3418,340;3423,324;3427,316;3431,330;3436,316;3440,316;3444,316;3449,314;3453,322;3457,336;3462,320;3466,320;3471,320;3475,334;3479,326;3484,312;3488,326;3492,326;3497,324;3501,318;3505,330;3510,330;3514,332;3518,330;3523,330;3527,336;3531,322;3536,336;3540,322;3545,322;3549,306;3553,342;3558,326;3562,326;3566,324;3571,340;3575,332;3579,316;3584,330;3588,316;3592,330;3597,314;3601,336;3605,320;3610,336;3614,320;3619,334;3623,320;3627,312;3632,324;3636,324;3640,324;3645,324;3649,344;3653,328;3658,342;3662,314;3666,342;3671,314;3675,320;3679,320;3684,332;3688,332;3693,318;3697,316;3701,322;3706,336;3710,322;3714,322;3719,320;3723,326;3727,326;3732,310;3736,324;3740,310;3745,336;3749,328;3753,328;3758,326;3762,326;3767,326;3771,318;3775,332;3780,318;3784,318;3788,316;3793,316;3797,322;3801,336;3806,320;3810,334;3814,318;3819,332;3823,324;3827,310;3832,322;3836,308;3841,336;3845,314;3849,326;3854,326;3858,326;3862,324;3867,324;3871,330;3875,316;3880,328;3884,314;3888,314;3893,312;3897,334;3901,318;3906,318;3910,316;3915,330;3919,322;3923,308;3928,320;3932,306;3936,334;3941,320;3945,326;3949,324;3954,324;3958,324;3962,336;3967,322;3971,314;3976,342;3980,326;3984,326;3989,312;3993,332;3997,316;4002,344;4006,316;4010,330;4015,314;4019,320;4023,334;4028,320;4032,318;4036,318;4041,332;4045,324;4050,338;4054,322;4058,336;4063,322;4067,328;4071,328;4076,328;4080,326;4084,326;4089,326;4093,332;4097,332;4102,318;4106,330;4110,330;4115,330;4119,320;4124,306;4128,334;4132,320;4137,332;4141,326;4145,326;4150,324;4154,338;4158,322;4163,322;4167,328;4171,328;4176,326;4180,312;4184,326;4189,326;4193,332;4198,318;4202,332;4206,330;4211,332;4215,322;4219,308;4224,336;4228,322;4232,320;4237,320;4241,340;4245,324;4250,324;4254,324;4258,338;4263,322;4267,314;4272,328;4276,326;4280,312;4285,312;4289,332;4293,318;4298,318;4302,330;4306,330;4311,316;4315,322;4319,320;4324,306;4328,334;4332,320;4337,334;4341,326;4346,326;4350,324;4354,338;4359,324;4363,314;4367,330;4372,316;4376,328;4380,314;4385,328;4389,320;4393,334;4398,332;4402,334;4406,332;4411,310;4415,324;4420,308;4424,336;4428,322;4433,320;4437,328;4441,342;4446,326;4450,340;4454,324;4459,338;4463,330;4467,316;4472,330;4476,330;4481,328;4485,320;4489,334;4494,320;4498,334;4502,318;4507,332;4511,324;4515,322;4520,324;4524,322;4528,322;4533,308;4537,328;4541,326;4546,328;4550,324;4555,326;4559,324;4563,316;4568,330;4572,316;4576,316;4581,300;4585,336;4589,320;4594,334;4598,320;4602,334;4607,318;4611,310;4615,338;4620,324;4624,322;4629,322;4633,330;4637,328;4642,328;4646,326;4650,328;4655,326;4659,318;4663,332;4668,330;4672,330;4676,316;4681,328;4685,336;4690,334;4694,320;4698,334;4703,320;4707,326;4711,324;4716,310;4720,322;4724,308;4729,336;4733,314;4737,328;4742,326;4746,326;4750,326;4755,340;4759,330;4764,314;4768,330;4772,316;4777,328;4781,320;4785,334;4790,320;4794,334;4798,332;4803,346;4807,324;4811,310;4816,324;4820,310;4824,322;4829,322;4833,344;4838,328;4842,342;4846,326;4851,340;4855,332;4859,318;4864,332;4868,330;4872,330;4877,316;4881,336;4885,322;4890,336;4894,320;4898,334;4903,318;4907,326;4912,324;4916,324;4920,322;4925,322;4929,328;4933,328;4938,328;4942,326;4946,326;4951,326;4955,318;4959,330;4964,316;4968,330;4972,314;4977,328;4981,334;4986,334;4990,320;4994,332;4999,318;5003,310;5007,324;5012,322;5016,322;5020,320;5025,320;5029,326;5033,338;5038,324;5042,324;5046,322;5051,336;5055,328;5060,314;5064,326;5068,312;5073,326;5077,316;5081,316;5086,316;5090,328;5094,312;5099,326;5103,318;5107,316;5112,330;5116,316;5121,328;5125,314;5129,334;5134,318;5138,332;5142,316;5147,330;5151,322;5155,322;5160,334;5164,318;5168,318;5173,318;5177,338;5181,310;5186,336;5190,322;5195,334;5199,320;5203,312;5208,326;5212,310;5216,324;5221,324;5225,330;5229,316;5234,342;5238,328;5242,328;5247,326;5251,318;5255,332;5260,318;5264,330;5269,330;5273,316;5277,322;5282,336;5286,320;5290,334;5295,320;5299,326;5303,326;5308,310;5312,324;5316,324;5321,324;5325,330;5329,330;5334,328;5338,328;5343,314;5347,320;5351,332;5356,318;5360,332;5364,318;5369,330;5373,324;5377,336;5382,322;5386,336;5390,320;5395,336;5399,342;5403,326;5408,326;5412,312;5417,326;5421,324;5425,330;5430,330;5434,330;5438,314;5443,328;5447,320;5451,320;5456,320;5460,318;5464,318;5469,318;5473,324;5477,324;5482,324;5486,322;5491,334;5495,326;5499,312;5504,326;5508,324;5512,324;5517,310;5521,330;5525,330;5530,328;5534,328;5538,328;5543,326;5547,318;5551,332;5556,316;5560,330;5565,314;5569,314;5573,320;5578,334;5582,318;5586,332;5591,318;5595,324;5599,324;5604,308;5608,322;5612,306;5617,320;5621,326;5625,340;5630,326;5634,340;5639,324;5643,304;5647,330;5652,316;5656,328;5660,328;5665,328;5669,320;5673,334;5678,318;5682,318;5686,318;5691,318;5695,308;5700,308;5704,306;5708,306;5713,320;5717,312;5721,310;5726,310;5730,324;5734,310;5739,322;5743,314;5747,300;5752,314;5756,298;5760,326;5765,304;5769,316;5774,302;5778,316;5782,302;5787,316;5791,306;5795,306;5800,320;5804,304;5808,304;5813,302;5817,322;5821,308;5826,308;5830,306;5835,320;5839,312;5843,312;5848,310;5852,310;5856,310;5861,308;5865,314;5869,314;5874,314;5878,298;5882,298;5887,310;5891,302;5895,316;5900,316;5904,314;5909,300;5913,320;5917,306;5922,318;5926,304;5930,304;5935,302;5939,308;5943,308;5948,294;5952,306;5956,292;5961,306;5965,310;5969,324;5974,310;5978,324;5983,308;5987,288;5991,314;5996,300;6000,312;6004,312;6009,312;6013,304;6017,316;6022,302;6026,302;6030,286;6035,292;6039,264;6043,276;6048,276;6052,290;6057,274;6061,282;6065,296;6070,282;6074,280;6078,280;6083,294;6087,270;6091,284;6096,270;6100,284;6104,268;6109,288;6113,288;6117,286;6122,272;6126,286;6131,286;6135,290;6139,290;6144,290;6148,288;6152,288;6157,274;6161,294;6165,278;6170,250;6174,278;6178,290;6183,280;6187,280;6191,266;6196,266;6200,278;6205,278;6209,284;6213,284;6218,256;6222,268;6226,268;6231,280;6235,286;6239,270;6244,284;6248,270;6252,270;6257,276;6261,288;6266,288;6270,288;6274,288;6279,286;6283,266;6287,262;6292,262;6296,276;6300,276;6305,268;6309,282;6313,296;6318,280;6322,266;6326,280;6331,272;6335,284;6340,284;6344,284;6348,254;6353,282;6357,288;6361,288;6366,272;6370,258;6374,272;6379,278;6383,290;6387,290;6392,276;6396,274;6401,288;6405,280;6409,280;6414,280;6418,292;6422,278;6427,292;6431,284;6435,282;6440,282;6444,282;6448,268;6453,284;6457,272;6461,284;6466,284;6470,284;6475,268;6479,274;6483,274;6488,274;6492,274;6496,272;6501,272;6505,278;6509,276;6514,276;6518,276;6522,262;6527,280;6531,280;6535,280;6540,264;6544,278;6549,276;6553,270;6557,268;6562,266;6566,280;6570,280;6575,280;6579,272;6583,270;6588,256;6592,282;6596,268;\r\nBuffer sent in 0.973 secondsreturn;buffer;965\r\n'), 11:04:14
bytearray(b'received from UR: measure -> measure (0,1)\r\nSTEPPER: Moving to mstep: 6600 with speed [msteps/sec]: 1000 in StealthChop.\r\n'), 11:04:15
bytearray(b'STEPPER: Moving to mstep: 2400 with speed [msteps/sec]: 4000 in SpreadCycle.\r\n'), 11:04:20
bytearray(b'STEPPER: Moved 4200.00 msteps (ramp: 35%) in 1324.888 ms -> average speed [msteps/sec]: 3170.08\r\nreturn;measure;965\r\n'), 11:04:21
bytearray(b'received from UR: buffer -> buffer (0,1)\r\nSending buffer of size 965data;2400,306;2404,450;2408,162;2413,276;2417,318;2421,324;2426,338;2430,322;2434,336;2439,322;2443,328;2447,328;2452,328;2456,326;2460,312;2465,312;2469,318;2474,332;2478,318;2482,332;2487,316;2491,322;2495,322;2500,322;2504,334;2508,320;2513,334;2517,326;2521,326;2526,326;2530,326;2534,324;2539,338;2543,330;2547,316;2552,330;2556,316;2561,328;2565,320;2569,334;2574,318;2578,334;2582,318;2587,332;2591,324;2595,310;2600,324;2604,322;2608,336;2613,322;2617,328;2622,314;2626,326;2630,326;2635,326;2639,332;2643,316;2648,316;2652,330;2656,330;2661,328;2665,334;2669,320;2674,332;2678,332;2682,332;2687,318;2691,322;2696,336;2700,322;2704,322;2709,306;2713,328;2717,326;2722,340;2726,324;2730,324;2735,322;2739,330;2743,344;2748,316;2752,328;2756,314;2761,326;2765,320;2770,334;2774,318;2778,332;2783,318;2787,310;2791,336;2796,308;2800,322;2804,320;2809,334;2813,326;2817,338;2822,324;2826,338;2831,324;2835,338;2839,330;2844,330;2848,328;2852,314;2857,314;2861,318;2865,346;2870,318;2874,332;2878,318;2883,330;2887,322;2891,322;2896,336;2900,322;2905,320;2909,320;2913,328;2918,326;2922,326;2926,326;2931,326;2935,318;2939,316;2944,330;2948,316;2952,330;2957,314;2961,334;2965,320;2970,334;2974,318;2979,332;2983,318;2987,322;2992,336;2996,308;3000,322;3005,322;3009,328;3013,312;3018,328;3022,312;3026,326;3031,324;3035,318;3039,316;3044,302;3048,316;3053,314;3057,328;3061,320;3066,334;3070,320;3074,334;3079,320;3083,312;3087,326;3092,310;3096,324;3100,310;3105,322;3109,330;3113,328;3118,314;3122,328;3127,326;3131,320;3135,332;3140,318;3144,332;3148,316;3153,330;3157,322;3161,336;3166,322;3170,336;3174,320;3179,334;3183,340;3187,312;3192,326;3196,312;3201,324;3205,316;3209,344;3214,330;3218,344;3222,328;3227,342;3231,320;3235,320;3240,334;3244,320;3248,318;3253,304;3257,336;3262,324;3266,338;3270,322;3275,336;3279,328;3283,314;3288,314;3292,328;3296,328;3301,326;3305,334;3309,318;3314,332;3318,332;3322,332;3327,318;3331,310;3336,322;3340,322;3344,336;3349,322;3353,328;3357,314;3362,326;3366,326;3370,326;3375,312;3379,318;3383,330;3388,330;3392,330;3396,316;3401,330;3405,320;3410,334;3414,320;3418,332;3423,318;3427,310;3431,324;3436,324;3440,336;3444,322;3449,336;3453,314;3457,326;3462,326;3466,326;3470,312;3475,318;3479,318;3484,330;3488,330;3492,316;3497,330;3501,322;3505,322;3510,320;3514,322;3518,320;3523,334;3527,326;3531,326;3536,326;3540,312;3545,326;3549,310;3553,332;3558,318;3562,332;3566,318;3571,332;3575,338;3579,310;3584,338;3588,310;3592,324;3597,324;3601,332;3605,316;3610,332;3614,316;3619,330;3623,316;3627,322;3632,322;3636,322;3640,322;3645,308;3649,330;3653,330;3658,330;3662,316;3666,330;3671,314;3675,322;3679,336;3684,322;3688,322;3692,320;3697,320;3701,326;3706,328;3710,326;3714,328;3719,326;3723,318;3727,318;3732,318;3736,332;3740,332;3745,332;3749,322;3753,324;3758,322;3762,322;3767,322;3771,316;3775,328;3780,312;3784,314;3788,312;3793,326;3797,332;3801,346;3806,318;3810,332;3814,318;3819,332;3823,324;3827,322;3832,322;3836,308;3841,320;3845,328;3849,342;3854,326;3858,342;3862,326;3867,340;3871,318;3875,318;3880,330;3884,316;3888,316;3893,316;3897,322;3901,320;3906,334;3910,320;3915,334;3919,326;3923,312;3928,326;3932,310;3936,324;3941,322;3945,328;3949,314;3954,328;3958,326;3962,328;3967,326;3971,316;3976,330;3980,316;3984,330;3989,316;3993,336;3997,320;4002,334;4006,320;4010,334;4015,318;4019,324;4023,324;4028,308;4032,322;4036,322;4041,336;4045,314;4050,342;4054,328;4058,342;4063,328;4067,306;4071,320;4076,318;4080,332;4084,318;4089,318;4093,324;4097,338;4102,322;4106,336;4110,322;4115,336;4119,328;4124,326;4128,340;4132,326;4137,326;4141,318;4145,332;4150,316;4154,332;4158,330;4163,330;4167,322;4171,306;4176,320;4180,318;4184,332;4189,304;4193,338;4198,322;4202,336;4206,322;4211,336;4215,312;4219,312;4224,326;4228,324;4232,324;4237,324;4241,328;4245,314;4250,328;4254,328;4258,328;4263,314;4267,320;4272,320;4276,318;4280,332;4285,318;4289,324;4293,322;4298,336;4302,322;4306,322;4311,320;4315,312;4319,326;4324,326;4328,326;4332,312;4337,324;4341,316;4346,330;4350,330;4354,328;4359,314;4363,306;4367,320;4372,320;4376,332;4380,318;4385,330;4389,324;4393,338;4398,322;4402,338;4407,322;4411,314;4415,328;4420,314;4424,314;4428,314;4433,328;4437,320;4441,334;4446,318;4450,332;4454,318;4459,332;4463,324;4467,324;4472,336;4476,324;4481,322;4485,310;4489,330;4494,330;4498,330;4502,314;4507,330;4511,320;4515,320;4520,334;4524,320;4528,320;4533,304;4537,326;4541,326;4546,340;4550,324;4555,324;4559,318;4563,316;4568,316;4572,330;4576,330;4581,316;4585,336;4589,322;4594,334;4598,320;4602,336;4607,320;4611,326;4616,326;4620,310;4624,324;4629,310;4633,324;4637,316;4642,330;4646,314;4650,328;4655,314;4659,320;4663,334;4668,320;4672,320;4676,304;4681,318;4685,324;4690,338;4694,324;4698,324;4703,322;4707,302;4711,314;4716,314;4720,328;4724,314;4729,326;4733,320;4737,332;4742,318;4746,332;4750,318;4755,330;4759,324;4764,322;4768,336;4772,322;4777,336;4781,314;4785,340;4790,326;4794,340;4798,324;4803,340;4807,316;4811,316;4816,330;4820,316;4824,328;4829,314;4833,334;4838,320;4842,334;4846,318;4851,346;4855,324;4859,322;4864,322;4868,308;4872,322;4877,322;4881,326;4885,312;4890,326;4894,324;4898,324;4903,324;4907,330;4912,330;4916,314;4920,328;4925,328;4929,334;4933,320;4938,332;4942,318;4946,332;4951,330;4955,324;4959,322;4964,308;4968,322;4972,322;4977,334;4981,326;4986,326;4990,326;4994,326;4999,324;5003,316;5007,330;5012,312;5016,328;5020,312;5025,326;5029,318;5033,332;5038,318;5042,332;5046,316;5051,308;5055,322;5060,322;5064,334;5068,318;5073,320;5077,324;5081,324;5086,324;5090,338;5094,322;5099,336;5103,314;5107,328;5112,326;5116,312;5121,326;5125,316;5129,330;5134,330;5138,330;5142,314;5147,328;5151,320;5155,320;5160,332;5164,318;5168,332;5173,316;5177,338;5181,322;5186,336;5190,322;5195,334;5199,320;5203,314;5208,340;5212,326;5216,324;5221,310;5225,330;5229,316;5234,344;5238,328;5242,342;5247,314;5251,320;5255,320;5260,320;5264,332;5269,318;5273,316;5277,322;5282,322;5286,322;5290,334;5295,320;5299,312;5303,326;5308,326;5312,326;5316,324;5321,336;5325,316;5329,328;5334,328;5338,328;5343,312;5347,304;5351,318;5356,318;5360,330;5364,316;5369,330;5373,322;5377,336;5382,320;5386,334;5390,318;5395,332;5399,324;5403,310;5408,324;5412,322;5417,322;5421,322;5425,330;5430,314;5434,328;5438,328;5443,328;5447,320;5451,304;5456,318;5460,318;5464,332;5469,318;5473,324;5477,322;5482,336;5486,322;5491,336;5495,328;5499,328;5504,326;5508,312;5512,326;5517,324;5521,332;5525,316;5530,330;5534,316;5538,330;5543,328;5547,320;5552,334;5556,306;5560,320;5565,320;5569,326;5573,326;5578,340;5582,312;5586,324;5591,324;5595,316;5599,328;5604,300;5608,328;5612,314;5617,328;5621,320;5626,334;5630,318;5634,332;5639,318;5643,324;5647,336;5652,322;5656,322;5660,308;5665,320;5669,314;5673,328;5678,312;5682,326;5687,312;5691,304;5695,318;5700,302;5704,302;5708,302;5713,316;5717,308;5721,322;5726,320;5730,320;5734,306;5739,320;5743,312;5747,312;5752,324;5756,310;5761,310;5765,316;5769,316;5774,314;5778,314;5782,312;5787,326;5791,304;5795,290;5800,304;5804,302;5808,316;5813,300;5817,322;5821,320;5826,320;5830,304;5835,320;5839,310;5843,296;5848,310;5852,310;5856,308;5861,294;5865,314;5869,312;5874,312;5878,312;5882,312;5887,310;5891,288;5895,302;5900,302;5904,300;5909,298;5913,320;5917,318;5922,318;5926,318;5930,318;5935,316;5939,308;5943,322;5948,306;5952,306;5956,318;5961,318;5965,310;5969,324;5974,308;5978,322;5983,308;5987,314;5991,312;5996,296;6000,310;6004,296;6009,324;6013,314;6017,300;6022,300;6026,314;6030,298;6035,290;6039,290;6043,274;6048,274;6052,274;6057,288;6061,278;6065,250;6070,292;6074,292;6078,290;6083,290;6087,282;6091,254;6096,280;6100,280;6104,280;6109,286;6113,258;6118,286;6122,286;6126,284;6131,284;6135,290;6139,290;6144,290;6148,274;6152,274;6157,282;6161,280;6165,280;6170,294;6174,278;6178,292;6183,298;6187,284;6192,298;6196,282;6200,280;6205,266;6209,288;6213,272;6218,272;6222,286;6226,300;6231,276;6235,262;6239,290;6244,276;6248,288;6253,288;6257,266;6261,280;6266,280;6270,280;6274,266;6279,264;6283,272;6287,284;6292,256;6296,270;6300,284;6305,276;6309,290;6313,288;6318,288;6322,274;6327,288;6331,266;6335,266;6340,264;6344,278;6348,264;6353,276;6357,284;6361,298;6366,282;6370,282;6374,282;6379,274;6383,274;6387,260;6392,274;6396,272;6401,272;6405,280;6409,294;6414,280;6418,278;6422,290;6427,292;6431,268;6435,254;6440,282;6444,282;6448,282;6453,274;6457,260;6461,260;6466,244;6470,272;6475,286;6479,278;6483,276;6488,276;6492,262;6496,276;6501,290;6505,240;6509,282;6514,282;6518,282;6522,282;6527,274;6531,272;6535,272;6540,258;6544,272;6549,270;6553,278;6557,292;6562,292;6566,278;6570,276;6575,276;6579,270;6583,282;6588,282;6592,282;6596,280;\r\nBuffer sent in 0.973 secondsreturn;buffer;965\r\n'), 11:04:23
bytearray(b'received from UR: measure -> measure (0,1)\r\nSTEPPER: Moving to mstep: 6600 with speed [msteps/sec]: 1000 in StealthChop.\r\n'), 11:04:24
bytearray(b'STEPPER: Moving to mstep: 2400 with speed [msteps/sec]: 4000 in SpreadCycle.\r\n'), 11:04:28
bytearray(b'STEPPER: Moved 4200.00 msteps (ramp: 35%) in 1324.880 ms -> average speed [msteps/sec]: 3170.10\r\nreturn;measure;965\r\n'), 11:04:30
bytearray(b'received from UR: buffer -> buffer (0,1)\r\nSending buffer of size 965data;2400,294;2404,450;2408,162;2413,276;2417,318;2421,324;2426,340;2430,324;2434,338;2439,324;2443,318;2447,316;2452,316;2456,316;2460,330;2465,330;2469,322;2474,336;2478,322;2482,322;2487,322;2491,328;2495,328;2500,314;2504,326;2508,326;2513,326;2517,318;2521,332;2526,316;2530,330;2534,330;2539,330;2543,322;2548,308;2552,322;2556,322;2561,334;2565,328;2569,328;2574,312;2578,326;2582,326;2587,326;2591,318;2595,316;2600,330;2604,318;2608,330;2613,316;2617,336;2622,322;2626,336;2630,322;2635,336;2639,328;2643,314;2648,328;2652,328;2656,326;2661,328;2665,332;2669,318;2674,332;2678,318;2682,332;2687,318;2691,322;2696,322;2700,308;2704,322;2709,322;2713,328;2717,314;2722,328;2726,328;2730,328;2735,328;2739,320;2743,320;2748,306;2752,320;2756,320;2761,334;2765,326;2770,326;2774,324;2778,338;2783,324;2787,318;2791,330;2796,318;2800,332;2804,316;2809,330;2813,322;2817,336;2822,322;2826,336;2830,320;2835,314;2839,312;2844,312;2848,326;2852,326;2857,326;2861,318;2865,332;2870,316;2874,330;2878,330;2883,330;2887,322;2891,322;2896,322;2900,322;2905,334;2909,312;2913,340;2918,324;2922,326;2926,324;2931,338;2935,316;2939,316;2944,330;2948,314;2952,328;2957,314;2961,334;2965,320;2970,334;2974,318;2979,332;2983,318;2987,324;2992,338;2996,324;3000,324;3005,310;3009,330;3013,318;3018,330;3022,316;3026,330;3031,316;3035,322;3039,336;3044,322;3048,322;3053,306;3057,320;3061,314;3066,342;3070,326;3074,328;3079,326;3083,320;3087,320;3092,306;3096,320;3100,318;3105,318;3109,324;3113,326;3118,324;3122,324;3127,324;3131,304;3135,330;3140,330;3144,330;3148,316;3153,330;3157,322;3161,336;3166,322;3170,336;3174,320;3179,334;3183,326;3187,326;3192,340;3196,326;3201,326;3205,318;3209,332;3214,316;3218,346;3222,318;3227,332;3231,322;3235,308;3240,322;3244,308;3248,336;3253,322;3257,330;3261,314;3266,328;3270,314;3275,326;3279,326;3283,320;3288,320;3292,318;3296,318;3301,318;3305,338;3309,324;3314,336;3318,322;3322,336;3327,322;3331,300;3335,326;3340,312;3344,326;3349,326;3353,326;3357,318;3362,332;3366,330;3370,330;3375,330;3379,308;3383,322;3388,308;3392,320;3396,320;3401,334;3405,312;3409,326;3414,326;3418,340;3423,324;3427,316;3431,316;3436,316;3440,328;3444,328;3449,328;3453,320;3457,334;3462,320;3466,334;3470,320;3475,332;3479,324;3484,324;3488,324;3492,324;3497,322;3501,314;3505,328;3510,328;3514,328;3518,314;3523,328;3527,320;3531,308;3536,334;3540,306;3544,320;3549,320;3553,340;3558,326;3562,340;3566,326;3571,340;3575,330;3579,316;3584,330;3588,314;3592,328;3597,300;3601,334;3605,320;3610,348;3614,318;3618,334;3623,318;3627,310;3632,324;3636,308;3640,322;3645,322;3649,342;3653,328;3658,342;3662,326;3666,340;3671,326;3675,318;3679,332;3684,318;3688,318;3692,316;3697,330;3701,322;3706,336;3710,322;3714,334;3719,320;3723,312;3727,340;3732,312;3736,326;3740,324;3745,338;3749,318;3753,330;3758,316;3762,330;3767,328;3771,328;3775,334;3780,306;3784,320;3788,320;3793,332;3797,324;3801,338;3806,324;3810,338;3814,322;3819,336;3823,328;3827,314;3832,314;3836,314;3841,326;3845,326;3849,346;3854,318;3858,332;3862,316;3867,330;3871,336;3875,322;3880,322;3884,308;3888,320;3893,320;3897,326;3901,312;3906,326;3910,324;3915,324;3919,324;3923,316;3928,330;3932,314;3936,328;3941,328;3945,334;3949,320;3954,334;3958,320;3962,334;3967,318;3971,324;3975,324;3980,310;3984,324;3989,324;3993,336;3997,328;4002,330;4006,314;4010,328;4015,326;4019,318;4023,332;4028,318;4032,318;4036,330;4041,332;4045,322;4049,336;4054,322;4058,336;4063,322;4067,328;4071,328;4076,314;4080,328;4084,326;4089,326;4093,318;4097,332;4102,318;4106,332;4110,330;4115,330;4119,324;4123,308;4128,322;4132,322;4137,336;4141,326;4145,328;4150,326;4154,326;4158,326;4163,340;4167,332;4171,318;4176,318;4180,316;4184,330;4189,330;4193,336;4198,320;4202,336;4206,320;4211,334;4215,326;4219,326;4224,326;4228,310;4232,324;4237,310;4241,344;4245,316;4250,328;4254,314;4258,328;4263,314;4267,320;4272,334;4276,320;4280,334;4285,318;4289,324;4293,324;4298,324;4302,310;4306,324;4311,322;4315,328;4319,330;4324,314;4328,328;4332,300;4337,314;4341,320;4346,334;4350,332;4354,334;4359,318;4363,310;4367,324;4372,324;4376,338;4380,322;4385,322;4389,314;4393,328;4398,314;4402,342;4406,326;4411,340;4415,332;4420,318;4424,332;4428,316;4433,318;4437,324;4441,338;4446,322;4450,338;4454,322;4459,336;4463,326;4467,328;4472,328;4476,312;4480,326;4485,326;4489,332;4494,318;4498,332;4502,330;4507,330;4511,322;4515,308;4520,320;4524,320;4528,334;4533,306;4537,326;4541,326;4546,326;4550,324;4554,324;4559,322;4563,314;4568,328;4572,328;4576,328;4581,326;4585,334;4589,318;4594,332;4598,318;4602,332;4607,316;4611,308;4615,322;4620,322;4624,336;4628,322;4633,322;4637,314;4642,328;4646,326;4650,328;4655,326;4659,304;4663,318;4668,318;4672,332;4676,316;4681,330;4685,322;4689,322;4694,322;4698,322;4703,322;4707,322;4711,328;4716,312;4720,326;4724,312;4729,326;4733,318;4737,330;4742,330;4746,330;4750,314;4755,328;4759,320;4763,304;4768,332;4772,318;4777,332;4781,324;4785,338;4790,322;4794,336;4798,320;4803,334;4807,340;4811,326;4816,326;4820,310;4824,324;4829,324;4833,344;4837,316;4842,344;4846,328;4851,344;4855,320;4859,320;4864,334;4868,320;4872,332;4877,318;4881,324;4885,322;4890,322;4894,322;4898,336;4903,320;4907,312;4912,326;4916,326;4920,338;4925,324;4929,330;4933,316;4938,330;4942,328;4946,328;4951,314;4955,306;4959,320;4964,318;4968,332;4972,318;4977,332;4981,324;4986,324;4990,322;4994,336;4999,322;5003,314;5007,328;5012,300;5016,314;5020,312;5025,326;5029,318;5033,332;5038,318;5042,332;5046,316;5051,330;5055,336;5060,322;5064,324;5068,308;5073,320;5077,328;5081,328;5086,312;5090,326;5094,312;5099,328;5103,332;5107,318;5112,332;5116,316;5120,318;5125,316;5129,322;5134,322;5138,336;5142,322;5147,322;5151,328;5155,314;5160,328;5164,314;5168,326;5173,312;5177,334;5181,318;5186,346;5190,318;5194,332;5199,318;5203,310;5208,324;5212,310;5216,324;5221,322;5225,322;5229,316;5234,342;5238,316;5242,330;5247,330;5251,322;5255,336;5260,320;5264,322;5268,322;5273,334;5277,326;5282,328;5286,326;5290,326;5295,326;5299,318;5303,332;5308,318;5312,318;5316,330;5321,330;5325,322;5329,336;5334,322;5338,322;5343,322;5347,314;5351,328;5356,314;5360,328;5364,312;5369,326;5373,320;5377,332;5382,318;5386,332;5390,316;5395,330;5399,338;5403,322;5408,322;5412,308;5417,322;5421,314;5425,342;5430,326;5434,340;5438,326;5443,340;5447,318;5451,318;5456,318;5460,316;5464,330;5469,316;5473,336;5477,320;5482,320;5486,320;5491,334;5495,318;5499,326;5504,326;5508,324;5512,324;5517,310;5521,330;5525,330;5530,330;5534,314;5538,328;5543,326;5547,318;5551,332;5556,304;5560,318;5565,316;5569,330;5573,320;5578,334;5582,320;5586,334;5591,318;5595,324;5599,324;5604,308;5608,322;5612,308;5617,320;5621,326;5625,340;5630,310;5634,338;5639,322;5643,336;5647,328;5652,328;5656,328;5660,312;5665,326;5669,318;5673,330;5678,316;5682,316;5686,314;5691,314;5695,320;5699,320;5704,318;5708,304;5713,304;5717,310;5721,308;5726,308;5730,322;5734,320;5739,320;5743,326;5747,312;5752,310;5756,296;5760,310;5765,296;5769,330;5774,316;5778,300;5782,300;5787,314;5791,308;5795,306;5800,320;5804,306;5808,320;5813,292;5817,326;5821,312;5826,326;5830,310;5834,326;5839,302;5843,302;5848,302;5852,300;5856,300;5861,300;5865,320;5869,320;5874,320;5878,306;5882,320;5887,318;5891,296;5895,298;5900,296;5904,310;5909,296;5913,318;5917,316;5922,316;5926,316;5930,316;5935,316;5939,308;5943,308;5948,294;5952,308;5956,294;5961,322;5965,314;5969,300;5974,312;5978,328;5983,312;5987,304;5991,318;5996,304;6000,318;6004,302;6009,316;6013,310;6017,324;6022,296;6026,294;6030,280;6035,286;6039,286;6043,298;6048,284;6052,284;6057,284;6061,290;6065,290;6070,288;6074,274;6078,288;6083,288;6087,280;6091,280;6096,278;6100,264;6104,278;6109,284;6113,270;6117,284;6122,298;6126,282;6131,282;6135,288;6139,288;6144,288;6148,274;6152,286;6157,272;6161,280;6165,278;6170,250;6174,278;6178,292;6183,284;6187,284;6191,298;6196,284;6200,296;6205,282;6209,290;6213,288;6218,286;6222,288;6226,274;6231,286;6235,278;6239,292;6244,278;6248,278;6252,278;6257,284;6261,270;6265,242;6270,284;6274,284;6279,282;6283,262;6287,274;6292,260;6296,274;6300,274;6305,266;6309,280;6313,282;6318,280;6322,280;6326,280;6331,270;6335,270;6340,256;6344,284;6348,270;6353,296;6357,276;6361,276;6366,262;6370,260;6374,288;6379,268;6383,282;6387,268;6392,280;6396,266;6400,280;6405,286;6409,300;6414,286;6418,286;6422,272;6427,272;6431,264;6435,278;6440,262;6444,262;6448,276;6453,282;6457,282;6461,280;6466,266;6470,266;6475,236;6479,286;6483,272;6488,272;6492,270;6496,270;6501,256;6505,290;6509,288;6514,274;6518,274;6522,272;6527,266;6531,266;6535,278;6540,278;6544,292;6549,278;6553,284;6557,284;6562,268;6566,268;6570,268;6575,282;6579,274;6583,272;6588,274;6592,286;6596,284;\r\nBuffer sent in 0.973 secondsreturn;buffer;965\r\n'), 11:04:32
bytearray(b'received from UR: measure -> measure (0,1)\r\nSTEPPER: Moving to mstep: 6600 with speed [msteps/sec]: 1000 in StealthChop.\r\n'), 11:04:33
bytearray(b'STEPPER: Moving to mstep: 2400 with speed [msteps/sec]: 4000 in SpreadCycle.\r\n'), 11:04:37
bytearray(b'STEPPER: Moved 4200.00 msteps (ramp: 35%) in 1324.888 ms -> average speed [msteps/sec]: 3170.08\r\nreturn;measure;965\r\n'), 11:04:38
bytearray(b'received from UR: buffer -> buffer (0,1)\r\nSending buffer of size 965data;2400,300;2404,446;2408,158;2413,270;2417,312;2421,320;2426,334;2430,318;2434,344;2439,316;2443,322;2447,334;2452,320;2456,334;2460,318;2465,318;2469,324;2474,324;2478,322;2482,336;2487,336;2491,312;2495,326;2500,310;2504,324;2508,324;2513,324;2517,330;2521,330;2526,328;2530,328;2534,326;2539,340;2543,334;2548,318;2552,318;2556,316;2561,330;2565,320;2569,334;2574,320;2578,334;2582,318;2587,332;2591,324;2595,322;2600,322;2604,306;2608,320;2613,306;2617,340;2622,324;2626,338;2630,324;2635,336;2639,314;2643,314;2648,328;2652,326;2656,326;2661,324;2665,330;2669,330;2674,328;2678,328;2683,328;2687,320;2691,318;2696,318;2700,330;2704,316;2709,314;2713,334;2717,320;2722,334;2726,332;2730,332;2735,332;2739,308;2743,322;2748,308;2752,334;2757,320;2761,334;2765,324;2770,338;2774,324;2778,338;2783,322;2787,314;2791,326;2796,312;2800,340;2804,324;2809,324;2813,316;2817,330;2822,328;2826,328;2831,326;2835,320;2839,332;2844,316;2848,316;2852,316;2857,330;2861,320;2865,334;2870,320;2874,332;2878,318;2883,330;2887,322;2891,322;2896,320;2900,320;2905,320;2909,304;2913,326;2918,324;2922,336;2926,336;2931,336;2935,314;2939,312;2944,340;2948,324;2952,324;2957,324;2961,330;2965,328;2970,328;2974,326;2979,328;2983,324;2987,316;2992,330;2996,302;3000,316;3005,314;3009,334;3013,320;3018,334;3022,318;3026,332;3031,316;3035,324;3039,322;3044,320;3048,320;3053,320;3057,326;3061,324;3066,324;3070,324;3074,322;3079,322;3083,328;3087,326;3092,312;3096,312;3100,312;3105,324;3109,316;3113,330;3118,316;3122,328;3127,314;3131,318;3135,332;3140,318;3144,318;3148,316;3153,330;3157,320;3161,334;3166,320;3170,334;3174,318;3179,332;3183,324;3188,322;3192,322;3196,308;3201,334;3205,312;3209,326;3214,324;3218,338;3222,324;3227,338;3231,328;3235,328;3240,328;3244,314;3248,326;3253,326;3257,332;3262,316;3266,330;3270,328;3275,328;3279,320;3283,320;3288,332;3292,332;3296,332;3301,316;3305,336;3309,322;3314,336;3318,320;3322,334;3327,334;3331,310;3336,324;3340,310;3344,338;3349,322;3353,330;3357,328;3362,328;3366,326;3370,340;3375,324;3379,318;3383,330;3388,302;3392,328;3396,314;3401,328;3405,332;3410,332;3414,332;3418,332;3423,316;3427,322;3431,322;3436,320;3440,320;3444,320;3449,332;3453,324;3457,324;3462,322;3466,322;3470,322;3475,322;3479,328;3484,312;3488,326;3492,312;3497,326;3501,316;3505,330;3510,316;3514,330;3518,328;3523,328;3527,320;3531,306;3536,332;3540,318;3544,330;3549,316;3553,336;3558,320;3562,334;3566,334;3571,334;3575,324;3579,310;3584,322;3588,308;3592,334;3597,320;3601,328;3605,326;3610,338;3614,324;3618,338;3623,322;3627,328;3632,328;3636,312;3640,312;3645,310;3649,332;3653,330;3658,344;3662,328;3666,328;3671,326;3675,332;3679,332;3684,318;3688,330;3693,330;3697,330;3701,320;3706,336;3710,320;3714,332;3719,318;3723,310;3727,322;3732,308;3736,336;3740,320;3745,334;3749,324;3753,326;3758,324;3762,324;3767,322;3771,328;3775,328;3780,312;3784,324;3788,310;3793,336;3797,314;3801,328;3806,326;3810,340;3814,324;3819,326;3823,330;3828,316;3832,328;3836,314;3841,314;3845,320;3849,332;3854,318;3858,332;3862,330;3867,330;3871,310;3875,308;3880,336;3884,322;3888,320;3893,320;3897,326;3902,324;3906,324;3910,322;3915,324;3919,328;3923,314;3928,312;3932,312;3936,340;3941,324;3945,330;3949,316;3954,330;3958,314;3962,330;3967,328;3971,306;3976,334;3980,318;3984,332;3989,316;3993,338;3997,322;4002,336;4006,320;4010,334;4015,318;4019,312;4023,324;4028,324;4032,322;4036,308;4041,320;4045,314;4050,326;4054,326;4058,340;4063,324;4067,316;4071,314;4076,314;4080,328;4084,328;4089,326;4093,318;4097,330;4102,330;4106,330;4110,328;4115,328;4119,320;4124,320;4128,318;4132,318;4137,332;4141,324;4145,324;4150,322;4154,336;4158,336;4163,336;4167,312;4171,312;4176,340;4180,324;4184,324;4189,310;4193,330;4198,328;4202,328;4206,314;4211,326;4215,318;4219,318;4224,330;4228,316;4232,316;4237,314;4241,334;4245,320;4250,334;4254,318;4258,332;4263,318;4267,310;4272,322;4276,322;4280,322;4285,320;4289,326;4293,326;4298,328;4302,324;4306,324;4311,324;4315,302;4319,328;4324,314;4328,328;4333,314;4337,326;4341,318;4346,332;4350,318;4354,332;4359,330;4363,322;4367,322;4372,306;4376,320;4380,304;4385,318;4389,324;4393,338;4398,322;4402,336;4407,320;4411,312;4415,340;4420,324;4424,324;4428,324;4433,322;4437,328;4441,328;4446,326;4450,340;4454,326;4459,340;4463,330;4467,328;4472,330;4476,314;4481,314;4485,320;4489,334;4494,318;4498,332;4502,318;4507,332;4511,322;4515,322;4520,322;4524,320;4528,320;4533,320;4537,326;4542,324;4546,324;4550,324;4555,336;4559,328;4563,314;4568,314;4572,312;4576,340;4581,326;4585,332;4589,316;4594,330;4598,328;4602,342;4607,328;4611,306;4616,332;4620,332;4624,332;4629,316;4633,330;4637,322;4642,334;4646,320;4650,334;4655,320;4659,312;4663,324;4668,324;4672,322;4676,308;4681,322;4685,326;4690,326;4694,326;4698,326;4703,324;4707,316;4711,314;4716,314;4720,328;4724,326;4729,326;4733,318;4737,332;4742,330;4746,330;4750,328;4755,306;4759,332;4764,318;4768,330;4772,316;4777,330;4781,322;4785,336;4790,320;4794,334;4798,318;4803,332;4807,324;4811,322;4816,322;4820,308;4824,320;4829,306;4833,340;4838,326;4842,338;4846,324;4851,338;4855,314;4859,314;4864,328;4868,328;4872,326;4877,326;4881,332;4885,330;4890,330;4894,328;4898,328;4903,328;4907,334;4912,332;4916,318;4920,330;4925,318;4929,336;4933,322;4938,336;4942,322;4946,334;4951,320;4955,312;4959,326;4964,310;4968,324;4973,324;4977,324;4981,330;4986,342;4990,328;4994,328;4999,312;5003,318;5007,332;5012,316;5016,330;5020,330;5025,328;5029,320;5033,334;5038,320;5042,332;5047,318;5051,310;5055,338;5060,324;5064,322;5068,322;5073,320;5077,312;5081,326;5086,324;5090,324;5094,324;5099,324;5103,316;5107,314;5112,314;5116,300;5121,326;5125,312;5129,332;5134,332;5138,332;5142,330;5147,330;5151,336;5155,322;5160,336;5164,320;5168,334;5173,320;5177,326;5181,324;5186,326;5190,324;5195,338;5199,322;5203,314;5208,328;5212,328;5216,328;5221,312;5225,332;5229,316;5234,330;5238,326;5242,344;5247,328;5251,320;5255,320;5260,318;5264,316;5269,316;5273,316;5277,320;5282,334;5286,320;5290,332;5295,318;5299,324;5303,322;5308,322;5312,320;5316,306;5321,320;5325,326;5329,338;5334,324;5338,336;5343,322;5347,314;5351,328;5356,326;5360,326;5364,312;5369,324;5373,316;5377,330;5382,314;5386,328;5390,326;5395,340;5399,332;5404,318;5408,316;5412,302;5417,314;5421,322;5425,334;5430,320;5434,334;5438,318;5443,332;5447,338;5451,334;5456,322;5460,320;5464,320;5469,304;5473,326;5478,324;5482,338;5486,322;5491,336;5495,314;5499,312;5504,326;5508,326;5512,324;5517,310;5521,330;5525,330;5530,328;5534,328;5538,328;5543,312;5547,318;5552,332;5556,316;5560,316;5565,314;5569,336;5573,320;5578,332;5582,318;5586,332;5591,316;5595,308;5599,322;5604,306;5608,334;5613,318;5617,332;5621,322;5626,336;5630,320;5634,334;5639,318;5643,310;5647,324;5652,322;5656,336;5660,320;5665,320;5669,312;5673,324;5678,310;5682,322;5687,308;5691,300;5695,312;5700,312;5704,310;5708,310;5713,308;5717,314;5721,314;5726,314;5730,312;5734,312;5739,312;5743,318;5747,302;5752,316;5756,300;5761,316;5765,306;5769,318;5774,304;5778,318;5782,302;5787,316;5791,320;5795,306;5800,318;5804,290;5808,302;5813,302;5817,322;5821,306;5826,320;5830,306;5835,318;5839,310;5843,310;5848,308;5852,308;5856,292;5861,304;5865,310;5869,310;5874,310;5878,308;5882,308;5887,306;5891,300;5895,312;5900,296;5904,296;5909,310;5913,314;5917,314;5922,314;5926,312;5930,312;5935,310;5939,302;5943,314;5948,300;5952,312;5956,298;5961,312;5965,316;5969,330;5974,316;5978,328;5983,314;5987,306;5991,318;5996,304;6000,302;6004,302;6009,300;6013,306;6017,320;6022,306;6026,306;6030,290;6035,282;6039,280;6044,294;6048,278;6052,280;6057,278;6061,284;6065,298;6070,296;6074,296;6078,294;6083,272;6087,272;6091,270;6096,270;6100,284;6104,282;6109,274;6113,288;6118,288;6122,300;6126,286;6131,284;6135,276;6139,260;6144,274;6148,274;6152,288;6157,278;6161,292;6165,292;6170,292;6174,290;6178,276;6183,282;6187,280;6192,280;6196,266;6200,278;6205,278;6209,270;6213,270;6218,282;6222,292;6226,294;6231,270;6235,272;6239,270;6244,268;6248,268;6253,282;6257,272;6261,286;6266,286;6270,284;6274,284;6279,270;6283,288;6287,274;6292,272;6296,272;6300,270;6305,276;6309,274;6313,288;6318,288;6322,272;6327,286;6331,278;6335,292;6340,290;6344,290;6348,274;6353,288;6357,280;6361,278;6366,278;6370,290;6374,276;6379,266;6383,280;6387,266;6392,278;6396,278;6401,278;6405,270;6409,270;6414,282;6418,266;6422,266;6427,266;6431,284;6435,284;6440,268;6444,268;6448,268;6453,288;6457,272;6461,286;6466,284;6470,284;6475,284;6479,288;6483,260;6488,272;6492,272;6496,270;6501,284;6505,262;6509,288;6514,288;6518,286;6522,286;6527,292;6531,276;6535,276;6540,274;6544,274;6549,272;6553,278;6557,278;6562,278;6566,276;6570,276;6575,276;6579,282;6583,280;6588,264;6592,278;6596,264;\r\nBuffer sent in 0.973 secondsreturn;buffer;965\r\n'), 11:04:40
bytearray(b'received from UR: measure -> measure (0,1)\r\nSTEPPER: Moving to mstep: 6600 with speed [msteps/sec]: 1000 in StealthChop.\r\n'), 11:04:41
bytearray(b'STEPPER: Moving to mstep: 2400 with speed [msteps/sec]: 4000 in SpreadCycle.\r\n'), 11:04:45
bytearray(b'STEPPER: Moved 4200.00 msteps (ramp: 35%) in 1324.892 ms -> average speed [msteps/sec]: 3170.07\r\nreturn;measure;964\r\n'), 11:04:47
bytearray(b'received from UR: buffer -> buffer (0,1)\r\nSending buffer of size 964data;2400,292;2404,456;2408,166;2413,280;2417,308;2421,316;2426,344;2430,328;2434,342;2439,314;2443,320;2447,332;2452,318;2456,332;2460,332;2465,316;2469,322;2474,336;2478,322;2482,334;2487,320;2491,312;2495,326;2500,324;2504,338;2508,324;2513,322;2517,316;2521,328;2526,326;2530,328;2534,326;2539,326;2543,332;2548,316;2552,316;2556,314;2561,328;2565,320;2569,334;2574,320;2578,332;2582,318;2587,332;2591,338;2595,322;2600,322;2604,306;2608,334;2613,318;2617,326;2622,310;2626,324;2630,322;2635,336;2639,328;2643,312;2648,326;2652,310;2656,324;2661,324;2665,330;2669,314;2674,316;2678,326;2682,326;2687,326;2691,330;2696,316;2700,316;2704,328;2709,314;2713,334;2717,332;2722,332;2726,316;2730,330;2735,330;2739,322;2743,322;2748,318;2752,334;2756,318;2761,332;2765,324;2770,324;2774,322;2778,336;2783,322;2787,314;2791,326;2796,312;2800,326;2804,310;2809,338;2813,316;2817,330;2822,314;2826,342;2831,326;2835,340;2839,318;2844,316;2848,330;2852,314;2857,330;2861,320;2865,334;2870,318;2874,334;2878,318;2883,330;2887,322;2891,322;2896,334;2900,320;2905,334;2909,332;2913,324;2918,324;2922,336;2926,322;2931,336;2935,328;2939,312;2944,326;2948,312;2952,338;2957,324;2961,330;2965,314;2970,328;2974,326;2979,326;2983,318;2987,316;2992,330;2996,316;3000,342;3005,328;3009,320;3013,318;3018,334;3022,318;3026,332;3031,316;3035,322;3039,322;3044,318;3048,334;3053,318;3057,320;3061,310;3066,324;3070,322;3074,322;3079,322;3083,314;3087,326;3092,312;3096,326;3100,326;3105,324;3109,316;3113,330;3118,328;3122,328;3127,328;3131,306;3135,332;3140,318;3144,332;3148,330;3153,330;3157,322;3161,336;3166,320;3170,334;3174,320;3179,332;3183,324;3187,310;3192,338;3196,322;3201,336;3205,314;3209,340;3214,326;3218,340;3222,310;3227,324;3231,330;3235,314;3240,328;3244,328;3248,326;3253,312;3257,330;3262,318;3266,332;3270,316;3275,330;3279,322;3283,320;3288,334;3292,334;3296,320;3301,318;3305,326;3309,324;3314,338;3318,322;3322,322;3327,322;3331,314;3336,326;3340,312;3344,324;3349,310;3353,332;3357,330;3362,330;3366,328;3370,328;3375,314;3379,318;3383,332;3388,332;3392,328;3396,316;3401,330;3405,320;3410,334;3414,318;3418,332;3423,318;3427,324;3431,338;3436,324;3440,322;3444,322;3449,322;3453,314;3457,328;3462,326;3466,326;3470,312;3475,324;3479,330;3484,330;3488,328;3492,314;3497,328;3501,320;3505,334;3510,318;3514,318;3518,316;3523,330;3527,322;3531,308;3536,320;3540,306;3544,334;3549,318;3553,324;3558,322;3562,322;3566,322;3571,336;3575,340;3579,326;3584,324;3588,310;3592,336;3597,308;3601,342;3605,314;3610,326;3614,326;3618,338;3623,324;3627,330;3632,330;3636,314;3640,328;3645,314;3649,334;3653,318;3658,332;3662,316;3666,330;3671,316;3675,336;3679,322;3684,320;3688,334;3692,318;3697,332;3701,324;3706,322;3710,322;3714,336;3719,322;3723,326;3727,326;3732,312;3736,324;3740,310;3745,324;3749,330;3753,330;3758,328;3762,328;3767,314;3771,328;3775,332;3780,332;3784,330;3788,316;3793,330;3797,322;3801,336;3806,320;3810,322;3814,318;3819,334;3823,340;3827,324;3832,324;3836,322;3841,322;3845,314;3849,328;3854,312;3858,328;3862,312;3867,324;3871,330;3875,316;3880,316;3884,314;3888,328;3893,312;3897,334;3902,318;3906,318;3910,316;3915,330;3919,316;3923,322;3928,322;3932,320;3936,334;3941,318;3945,324;3949,322;3954,322;3958,320;3962,334;3967,320;3971,310;3976,324;3980,310;3984,336;3989,322;3993,336;3997,314;4002,326;4006,326;4010,338;4015,324;4019,330;4023,330;4028,312;4032,328;4036,314;4041,340;4045,318;4050,332;4054,316;4058,330;4063,316;4067,320;4071,320;4076,318;4080,332;4084,316;4089,330;4093,320;4097,320;4102,318;4106,332;4110,318;4115,330;4119,322;4124,320;4128,334;4132,318;4137,332;4141,324;4145,324;4150,322;4154,336;4158,322;4163,334;4167,326;4171,310;4176,324;4180,322;4184,336;4189,320;4193,326;4198,326;4202,338;4206,322;4211,336;4215,328;4219,312;4224,326;4228,312;4232,324;4237,322;4241,326;4245,314;4250,328;4254,326;4258,324;4263,310;4267,314;4272,328;4276,314;4280,340;4285,326;4289,316;4293,316;4298,328;4302,314;4306,328;4311,312;4315,318;4319,330;4324,316;4328,330;4332,314;4337,328;4341,320;4346,332;4350,318;4354,330;4359,330;4363,320;4367,320;4372,320;4376,332;4380,316;4385,330;4389,322;4393,336;4398,320;4402,334;4407,318;4411,310;4415,336;4420,322;4424,334;4428,320;4433,334;4437,324;4441,338;4446,322;4450,336;4454,320;4459,334;4463,326;4467,324;4472,338;4476,324;4481,322;4485,314;4489,328;4494,326;4498,326;4502,324;4507,322;4511,328;4515,314;4520,340;4524,326;4528,324;4533,310;4537,330;4541,328;4546,328;4550,326;4555,326;4559,324;4563,316;4568,330;4572,316;4576,328;4581,300;4585,334;4589,320;4594,334;4598,318;4602,332;4607,318;4611,324;4616,336;4620,310;4624,322;4629,322;4633,328;4637,312;4642,340;4646,326;4650,338;4655,324;4659,316;4663,330;4668,314;4672,328;4676,312;4681,326;4685,318;4690,332;4694,316;4698,330;4703,314;4707,320;4711,334;4716,318;4720,332;4724,318;4729,330;4733,322;4737,336;4742,322;4746,334;4750,320;4755,334;4759,324;4764,310;4768,324;4772,308;4777,320;4781,314;4785,340;4790,324;4794,338;4798,322;4803,324;4807,330;4811,314;4816,328;4820,312;4824,324;4829,310;4833,344;4838,316;4842,342;4846,314;4851,328;4855,332;4859,318;4864,330;4868,330;4872,328;4877,314;4881,334;4885,318;4890,332;4894,316;4898,330;4903,314;4907,320;4912,334;4916,332;4920,318;4925,316;4929,336;4933,322;4938,334;4942,320;4946,332;4951,318;4955,310;4959,336;4964,322;4968,322;4972,320;4977,334;4981,324;4986,338;4990,310;4994,322;4999,322;5003,314;5007,326;5012,308;5016,324;5020,310;5025,322;5029,328;5033,342;5038,326;5042,326;5046,324;5051,338;5055,330;5060,328;5064,328;5068,312;5073,326;5077,318;5081,330;5086,316;5090,328;5094,314;5099,328;5103,332;5107,332;5112,318;5116,316;5121,330;5125,322;5129,336;5134,320;5138,332;5142,318;5147,332;5151,322;5155,322;5160,334;5164,318;5168,332;5173,318;5177,338;5181,322;5186,320;5194,334;5199,318;5203,310;5208,336;5212,322;5216,320;5221,320;5225,340;5229,324;5234,338;5238,322;5242,322;5247,320;5251,314;5255,340;5260,324;5264,322;5268,322;5273,322;5277,328;5282,328;5286,314;5290,326;5295,324;5299,316;5303,330;5308,330;5312,328;5316,314;5321,326;5325,318;5329,332;5334,316;5338,316;5343,314;5347,328;5351,334;5356,318;5360,318;5364,316;5369,316;5373,322;5377,336;5382,320;5386,334;5390,318;5395,332;5399,324;5403,310;5408,322;5412,308;5417,320;5421,306;5425,340;5430,324;5434,338;5438,322;5443,322;5447,326;5451,314;5456,340;5460,326;5464,324;5469,322;5473,328;5477,328;5482,328;5486,326;5491,326;5495,324;5499,316;5504,316;5508,314;5512,328;5517,312;5521,332;5525,318;5530,332;5534,330;5538,330;5543,328;5547,306;5551,334;5556,318;5560,332;5565,318;5569,330;5573,322;5578,336;5582,320;5586,334;5591,318;5595,310;5599,324;5604,310;5608,336;5612,322;5617,320;5621,326;5625,340;5630,324;5634,338;5639,322;5643,314;5647,326;5652,314;5656,340;5660,324;5665,324;5669,314;5673,328;5678,314;5682,312;5686,312;5691,310;5695,316;5699,316;5704,328;5708,314;5713,312;5717,304;5721,318;5726,316;5730,316;5734,316;5739,316;5743,320;5747,306;5752,320;5756,318;5760,318;5765,302;5769,322;5773,308;5778,322;5782,306;5787,320;5791,312;5795,296;5800,310;5804,296;5808,310;5813,294;5817,314;5821,314;5826,314;5830,312;5834,312;5839,304;5843,302;5848,302;5852,302;5856,300;5861,300;5865,320;5869,304;5874,318;5878,316;5882,316;5887,314;5891,292;5895,306;5900,304;5904,304;5908,290;5913,310;5917,308;5922,310;5926,308;5930,320;5935,306;5939,298;5943,310;5948,296;5952,310;5956,294;5961,308;5965,314;5969,312;5974,312;5978,324;5982,310;5987,324;5991,328;5996,300;6000,314;6004,312;6009,312;6013,304;6017,316;6022,302;6026,302;6030,300;6035,278;6039,276;6043,276;6048,274;6052,274;6056,274;6061,292;6065,292;6070,278;6074,278;6078,276;6083,290;6087,282;6091,266;6096,280;6100,280;6104,278;6109,270;6113,284;6117,282;6122,282;6126,282;6130,294;6135,272;6139,284;6144,284;6148,284;6152,282;6157,282;6161,274;6165,272;6170,286;6174,284;6178,272;6183,276;6187,276;6191,274;6196,274;6200,272;6204,286;6209,292;6213,278;6218,290;6222,288;6226,274;6231,274;6235,280;6239,278;6244,278;6248,278;6252,276;6257,254;6261,282;6265,296;6270,294;6274,280;6279,280;6283,258;6287,270;6292,256;6296,284;6300,284;6305,282;6309,274;6313,260;6318,272;6322,272;6326,286;6331,264;6335,276;6339,276;6344,276;6348,260;6353,288;6357,280;6361,280;6366,278;6370,262;6374,288;6379,268;6383,282;6387,280;6392,280;6396,252;6400,292;6405,284;6409,284;6414,268;6418,254;6422,268;6427,294;6431,286;6435,286;6440,272;6444,286;6448,284;6453,276;6457,276;6461,290;6466,276;6470,274;6474,274;6479,280;6483,266;6488,266;6492,264;6496,264;6501,250;6505,284;6509,284;6514,282;6518,268;6522,266;6527,274;6531,286;6535,286;6540,284;6544,284;6548,270;6553,276;6557,260;6562,274;6566,274;6570,258;6575,286;6579,264;6583,278;6588,264;6592,276;6596,262;\r\nBuffer sent in 0.972 secondsreturn;buffer;964\r\n'), 11:04:49
bytearray(b'received from UR: measure -> measure (0,1)\r\nSTEPPER: Moving to mstep: 6600 with speed [msteps/sec]: 1000 in StealthChop.\r\n'), 11:04:50
bytearray(b'STEPPER: Moving to mstep: 2400 with speed [msteps/sec]: 4000 in SpreadCycle.\r\n'), 11:04:54
bytearray(b'STEPPER: Moved 4200.00 msteps (ramp: 35%) in 1324.892 ms -> average speed [msteps/sec]: 3170.07\r\nreturn;measure;963\r\n'), 11:04:55
bytearray(b'received from UR: buffer -> buffer (0,1)\r\nSending buffer of size 963data;2400,294;2404,454;2408,166;2413,280;2417,308;2421,328;2426,342;2430,326;2434,340;2439,324;2443,330;2447,328;2452,328;2456,328;2460,312;2465,326;2469,332;2474,330;2478,316;2482,330;2487,328;2491,326;2495,332;2500,332;2504,316;2508,314;2513,314;2517,332;2521,334;2526,332;2530,332;2534,330;2539,330;2543,320;2548,320;2552,332;2556,318;2561,330;2565,322;2569,334;2574,320;2578,334;2582,318;2587,332;2591,322;2595,322;2600,334;2604,318;2608,332;2613,316;2617,336;2622,322;2626,334;2630,320;2635,332;2639,324;2643,308;2648,322;2652,306;2656,320;2661,318;2665,338;2669,322;2674,324;2678,320;2682,320;2687,320;2691,324;2696,322;2700,308;2704,320;2709,320;2713,326;2717,324;2722,338;2726,322;2730,336;2735,334;2739,312;2743,338;2748,310;2752,336;2757,308;2761,320;2765,326;2770,340;2774,324;2778,338;2783,322;2787,328;2791,340;2796,326;2800,324;2804,310;2809,322;2813,328;2817,340;2822,326;2826,338;2831,324;2835,314;2839,328;2844,328;2848,326;2852,326;2857,324;2861,328;2865,330;2870,328;2874,328;2878,324;2883,326;2887,316;2891,316;2896,328;2900,328;2905,328;2909,318;2913,332;2918,330;2922,330;2926,328;2931,328;2935,332;2939,318;2944,330;2948,316;2952,330;2957,314;2961,334;2965,318;2970,332;2974,318;2979,344;2983,330;2987,320;2992,320;2996,304;3000,318;3005,316;3009,336;3013,320;3018,334;3022,318;3026,332;3031,318;3035,322;3039,322;3044,308;3048,320;3053,320;3057,326;3061,310;3066,340;3070,322;3074,324;3079,322;3083,314;3087,326;3092,312;3096,324;3100,324;3105,324;3109,316;3113,328;3118,314;3122,326;3127,326;3131,318;3135,330;3140,316;3144,330;3148,314;3153,342;3157,320;3161,334;3166,318;3170,332;3174,318;3179,346;3183,336;3187,308;3192,320;3196,306;3201,320;3205,324;3209,338;3214,322;3218,336;3222,320;3227,336;3231,328;3235,324;3240,324;3244,310;3248,324;3253,322;3257,344;3262,328;3266,328;3270,312;3275,340;3279,318;3283,330;3288,328;3292,328;3296,326;3301,312;3305,332;3309,330;3314,344;3318,328;3322,328;3327,328;3331,318;3336,332;3340,316;3344,330;3349,302;3353,322;3357,320;3362,334;3366,332;3370,334;3375,316;3379,308;3383,322;3388,320;3392,334;3397,318;3401,318;3405,324;3410,336;3414,322;3418,334;3423,320;3427,312;3431,324;3436,324;3440,336;3444,322;3449,320;3453,314;3457,326;3462,324;3466,338;3471,324;3475,314;3479,328;3484,312;3488,326;3492,324;3497,324;3501,316;3505,328;3510,328;3514,326;3518,326;3523,326;3527,330;3531,302;3536,316;3540,314;3545,328;3549,312;3553,332;3558,330;3562,330;3566,314;3571,328;3575,334;3579,318;3584,344;3588,316;3592,330;3597,314;3601,334;3605,318;3610,332;3614,316;3619,330;3623,320;3627,320;3632,332;3636,318;3640,330;3645,316;3649,336;3653,320;3658,334;3662,318;3666,332;3671,316;3675,308;3679,336;3684,320;3688,334;3693,318;3697,318;3701,324;3706,336;3710,322;3714,334;3719,320;3723,310;3727,324;3732,310;3736,322;3740,308;3745,320;3749,326;3753,326;3758,324;3762,324;3767,322;3771,324;3775,342;3780,326;3784,326;3788,312;3793,324;3797,330;3801,330;3806,328;3810,328;3814,326;3819,326;3823,330;3828,316;3832,330;3836,330;3841,326;3845,318;3849,332;3854,316;3858,344;3862,328;3867,342;3871,320;3875,304;3880,318;3884,318;3888,330;3893,316;3897,322;3902,320;3906,332;3910,318;3915,330;3919,322;3923,308;3928,320;3932,304;3936,318;3941,318;3945,336;3949,322;3954,334;3958,318;3962,332;3967,330;3971,322;3976,322;3980,306;3984,320;3989,304;3993,338;3997,322;4002,318;4010,334;4015,318;4019,310;4023,324;4028,322;4032,322;4036,320;4041,320;4045,324;4049,338;4054,324;4058,336;4063,320;4067,312;4071,326;4076,326;4080,338;4084,322;4089,322;4093,314;4097,326;4102,324;4106,324;4110,322;4115,336;4119,328;4124,326;4128,340;4132,324;4137,324;4141,316;4145,328;4150,326;4154,326;4158,324;4163,324;4167,328;4171,326;4176,340;4180,326;4184,324;4189,308;4193,328;4198,314;4202,340;4206,324;4211,338;4215,330;4219,312;4224,314;4228,312;4232,326;4237,326;4241,332;4245,316;4250,344;4254,314;4258,328;4263,326;4267,318;4272,318;4276,302;4280,316;4285,314;4289,334;4293,320;4298,332;4302,316;4306,330;4311,316;4315,320;4319,332;4324,318;4328,318;4332,302;4337,316;4341,320;4346,334;4350,318;4354,332;4359,316;4363,322;4367,334;4372,320;4376,320;4380,304;4385,316;4389,322;4393,320;4402,334;4406,318;4411,332;4415,336;4419,308;4424,320;4428,334;4433,332;4437,324;4441,336;4446,322;4450,334;4454,320;4459,346;4463,324;4467,322;4472,322;4476,306;4480,320;4485,332;4489,324;4493,324;4498,336;4502,320;4507,320;4511,320;4515,324;4520,324;4524,308;4528,322;4533,320;4537,326;4541,324;4546,324;4550,322;4554,322;4559,320;4563,326;4567,324;4572,310;4576,322;4581,322;4585,334;4589,326;4594,326;4598,324;4602,326;4607,324;4611,316;4615,328;4620,314;4624,326;4628,310;4633,324;4637,316;4641,330;4646,316;4650,328;4655,314;4659,318;4663,332;4668,316;4672,330;4676,316;4681,316;4685,320;4689,320;4694,320;4698,332;4702,316;4707,330;4711,322;4716,322;4720,334;4724,320;4729,318;4733,324;4737,324;4742,322;4746,336;4750,320;4755,334;4759,326;4763,324;4768,336;4772,322;4776,320;4781,312;4785,326;4790,326;4794,340;4798,324;4803,338;4807,328;4811,314;4816,326;4820,326;4824,340;4829,324;4833,344;4837,316;4842,342;4846,328;4851,342;4855,312;4859,318;4864,318;4868,332;4872,330;4877,328;4881,336;4885,320;4890,334;4894,320;4898,334;4903,318;4907,310;4911,324;4916,322;4920,336;4924,320;4929,334;4933,324;4938,326;4942,324;4946,336;4951,322;4955,312;4959,326;4964,324;4968,338;4972,322;4977,322;4981,314;4985,326;4990,324;4994,338;4998,322;5003,314;5007,328;5012,326;5016,326;5020,324;5025,324;5029,314;5033,328;5038,326;5042,326;5046,324;5051,338;5055,316;5059,328;5064,328;5068,326;5073,324;5077,316;5081,330;5086,314;5090,328;5094,326;5099,326;5103,316;5107,316;5112,316;5116,314;5120,326;5125,312;5129,332;5133,330;5138,328;5142,314;5147,328;5151,318;5155,318;5160,332;5164,316;5168,330;5173,314;5177,334;5181,318;5186,332;5190,318;5194,330;5199,314;5203,320;5207,334;5212,318;5216,318;5221,316;5225,328;5229,320;5234,334;5238,318;5242,332;5247,316;5251,322;5255,334;5260,320;5264,320;5268,318;5273,318;5277,324;5281,324;5286,322;5290,334;5295,320;5299,326;5303,324;5308,324;5312,322;5316,308;5321,320;5325,326;5329,326;5334,322;5338,336;5342,322;5347,322;5351,326;5355,324;5360,324;5364,308;5369,322;5373,314;5377,326;5382,326;5386,326;5390,324;5395,338;5399,328;5403,328;5408,328;5412,326;5416,324;5421,310;5425,330;5430,316;5434,342;5438,328;5443,340;5447,318;5451,318;5456,330;5460,314;5464,314;5469,328;5473,332;5477,318;5482,330;5486,316;5490,330;5495,328;5499,320;5504,320;5508,318;5512,318;5517,318;5521,324;5525,322;5530,322;5534,320;5538,320;5543,318;5547,324;5551,322;5556,308;5560,320;5564,320;5569,334;5573,324;5578,338;5582,322;5586,336;5591,320;5595,312;5599,326;5604,310;5608,324;5612,324;5617,336;5621,328;5625,342;5630,326;5634,340;5638,324;5643,338;5647,330;5652,314;5656,328;5660,312;5665,326;5669,318;5673,318;5678,316;5682,316;5686,314;5691,314;5695,318;5699,318;5704,316;5708,300;5712,314;5717,300;5721,320;5726,318;5730,318;5734,316;5739,316;5743,308;5747,306;5752,306;5756,290;5760,302;5765,302;5769,322;5773,306;5778,320;5782,320;5786,318;5791,310;5795,296;5800,308;5804,292;5808,306;5813,304;5817,324;5821,310;5826,322;5830,308;5834,322;5839,306;5843,298;5847,310;5852,296;5856,308;5860,308;5865,314;5869,312;5874,312;5878,310;5882,310;5887,310;5891,300;5895,300;5900,298;5904,298;5908,312;5913,310;5917,302;5921,302;5926,300;5930,314;5935,314;5939,306;5943,318;5948,302;5952,316;5956,316;5961,316;5965,306;5969,320;5974,304;5978,318;5982,316;5987,330;5991,308;5995,292;6000,306;6004,304;6009,318;6013,308;6017,310;6022,294;6026,292;6030,278;6035,290;6039,282;6043,296;6048,280;6052,280;6056,292;6061,284;6065,298;6070,296;6074,282;6078,282;6083,280;6087,286;6091,286;6096,284;6100,284;6104,282;6109,274;6113,274;6117,288;6122,288;6126,286;6130,286;6135,276;6139,276;6144,274;6148,260;6152,274;6157,272;6161,278;6165,292;6170,292;6174,290;6178,276;6183,290;6187,266;6191,278;6196,264;6200,278;6204,276;6209,282;6213,282;6218,294;6222,280;6226,278;6231,278;6235,284;6239,284;6244,296;6248,282;6252,280;6257,272;6261,284;6265,298;6270,282;6274,282;6278,280;6283,272;6287,270;6292,254;6296,284;6300,282;6305,282;6309,274;6313,272;6318,270;6322,270;6326,284;6331,276;6335,288;6339,274;6344,286;6348,272;6352,284;6357,276;6361,290;6366,276;6370,288;6374,274;6379,272;6383,292;6387,262;6392,276;6396,274;6400,274;6405,280;6409,292;6413,278;6418,276;6422,290;6426,288;6431,266;6435,250;6440,278;6444,278;6448,276;6453,288;6457,266;6461,278;6466,264;6470,290;6474,290;6479,266;6483,252;6487,280;6492,278;6496,290;6501,276;6505,268;6509,268;6514,266;6518,278;6522,292;6527,276;6531,282;6535,280;6540,266;6544,278;6548,248;6553,278;6557,282;6561,282;6566,266;6570,266;6575,264;6579,256;6583,282;6588,268;6592,282;6596,280;\r\nBuffer sent in 0.971 secondsreturn;buffer;963\r\n'), 11:04:57
bytearray(b'received from UR: measure -> measure (0,1)\r\nSTEPPER: Moving to mstep: 6600 with speed [msteps/sec]: 1000 in StealthChop.\r\n'), 11:04:58
bytearray(b'STEPPER: Moving to mstep: 2400 with speed [msteps/sec]: 4000 in SpreadCycle.\r\n'), 11:05:03
bytearray(b'STEPPER: Moved 4200.00 msteps (ramp: 35%) in 1324.880 ms -> average speed [msteps/sec]: 3170.10\r\nreturn;measure;965\r\n'), 11:05:04
bytearray(b'received from UR: buffer -> buffer (0,1)\r\nSending buffer of size 965data;2400,302;2404,456;2408,168;2413,282;2417,308;2421,316;2426,342;2430,314;2434,326;2439,324;2443,318;2447,330;2452,316;2456,328;2460,328;2465,326;2469,318;2474,332;2478,318;2482,330;2487,316;2491,320;2495,334;2500,320;2504,318;2508,318;2513,330;2517,322;2521,336;2526,334;2530,334;2534,318;2539,332;2543,322;2548,322;2552,336;2556,320;2561,334;2565,326;2569,338;2574,324;2578,336;2582,322;2587,336;2591,326;2595,326;2600,326;2604,324;2608,336;2613,308;2617,328;2622,326;2626,326;2630,310;2635,324;2639,328;2643,328;2648,328;2652,326;2656,324;2661,310;2665,330;2669,328;2674,328;2678,312;2682,326;2687,312;2691,330;2696,330;2700,330;2704,326;2709,314;2713,332;2717,332;2722,332;2726,330;2730,330;2735,328;2739,306;2743,334;2748,318;2752,332;2756,316;2761,330;2765,322;2770,334;2774,318;2778,332;2783,316;2787,322;2791,322;2796,306;2800,320;2804,318;2809,332;2813,322;2817,336;2822,320;2826,334;2830,320;2835,332;2839,324;2844,308;2848,320;2852,334;2857,332;2861,310;2865,324;2870,322;2874,336;2878,334;2883,334;2887,324;2891,310;2896,322;2900,308;2905,334;2909,320;2913,340;2918,324;2922,336;2926,322;2931,334;2935,326;2939,310;2944,324;2948,324;2952,336;2957,322;2961,340;2965,326;2970,338;2974,324;2979,336;2983,322;2987,298;2992,326;2996,310;3000,324;3005,322;3009,344;3013,326;3018,328;3022,326;3026,326;3031,324;3035,330;3039,328;3044,314;3048,326;3053,326;3057,330;3061,316;3066,330;3070,314;3074,328;3079,326;3083,318;3087,332;3092,316;3096,316;3100,314;3105,328;3109,318;3113,332;3118,316;3122,330;3127,328;3131,320;3135,318;3140,306;3144,318;3148,304;3153,330;3157,324;3161,336;3166,320;3170,334;3174,318;3179,332;3183,336;3187,322;3192,334;3196,320;3201,332;3205,324;3209,338;3214,322;3218,336;3222,320;3227,334;3231,324;3235,310;3240,322;3244,322;3248,334;3253,320;3257,326;3262,310;3266,324;3270,322;3275,336;3279,326;3283,312;3288,324;3292,324;3296,336;3301,322;3305,342;3309,326;3314,326;3318,324;3322,338;3327,322;3331,328;3336,326;3340,324;3344,324;3349,308;3353,328;3357,326;3362,340;3366,324;3370,338;3375,322;3379,314;3383,328;3388,312;3392,324;3396,324;3401,336;3405,328;3410,328;3414,326;3418,326;3423,324;3427,328;3431,328;3436,326;3440,324;3444,310;3449,324;3453,328;3457,328;3462,312;3466,326;3471,324;3475,324;3479,328;3484,328;3488,326;3492,310;3497,324;3501,330;3505,328;3510,312;3514,326;3518,324;3523,326;3527,330;3531,314;3536,326;3540,312;3545,324;3549,324;3553,328;3558,314;3562,328;3566,326;3571,338;3575,330;3579,316;3584,328;3588,312;3592,326;3597,312;3601,346;3605,330;3610,344;3614,328;3619,342;3623,320;3627,332;3632,332;3636,318;3640,330;3645,314;3649,334;3653,320;3658,332;3662,318;3666,332;3671,316;3675,322;3679,336;3684,320;3688,320;3693,316;3697,318;3701,338;3706,336;3710,322;3714,336;3719,320;3723,326;3727,340;3732,324;3736,326;3740,308;3745,322;3749,328;3753,328;3758,326;3762,326;3767,324;3771,316;3775,330;3780,314;3784,328;3788,314;3793,326;3797,318;3801,330;3806,316;3810,344;3814,328;3819,328;3823,320;3827,318;3832,316;3836,330;3841,330;3845,320;3849,334;3854,318;3858,332;3862,330;3867,330;3871,322;3875,320;3880,320;3884,318;3888,318;3893,330;3897,322;3901,320;3906,332;3910,320;3915,332;3919,324;3923,322;3928,322;3932,306;3936,320;3941,304;3945,338;3949,324;3954,338;3958,322;3962,334;3967,320;3971,326;3975,340;3980,324;3984,324;3989,308;3993,328;3997,314;4002,342;4006,326;4010,340;4015,324;4019,316;4023,330;4028,314;4032,326;4036,326;4041,326;4045,316;4050,330;4054,314;4058,328;4063,326;4067,318;4071,332;4076,316;4080,316;4084,314;4089,328;4093,320;4097,334;4102,318;4106,332;4110,316;4115,330;4119,332;4124,320;4128,334;4132,306;4137,318;4141,324;4145,324;4150,322;4154,336;4158,322;4163,334;4167,340;4171,324;4176,324;4180,308;4185,322;4189,314;4193,340;4198,326;4202,338;4206,324;4211,336;4215,328;4219,328;4224,326;4228,326;4232,324;4237,310;4241,330;4245,328;4250,328;4254,312;4259,340;4263,318;4267,318;4272,330;4276,316;4280,316;4285,314;4289,320;4293,320;4298,318;4302,316;4306,316;4311,316;4315,322;4319,334;4324,320;4328,320;4333,304;4337,318;4341,324;4346,336;4350,320;4354,334;4359,318;4363,310;4367,338;4372,322;4376,336;4380,308;4385,320;4389,312;4393,326;4398,324;4402,338;4407,322;4411,314;4415,328;4420,312;4424,326;4428,324;4433,324;4437,314;4441,342;4446,326;4450,340;4454,324;4459,338;4463,316;4467,314;4472,326;4476,312;4481,324;4485,324;4489,330;4494,314;4498,328;4502,312;4507,326;4511,330;4515,328;4520,328;4524,312;4528,326;4533,326;4537,330;4541,316;4546,330;4550,328;4555,328;4559,326;4563,318;4568,318;4572,316;4576,328;4581,328;4585,334;4589,318;4594,332;4598,318;4602,332;4607,316;4611,322;4615,320;4620,306;4624,318;4629,318;4633,330;4637,322;4642,336;4646,320;4650,334;4655,320;4659,326;4663,324;4668,324;4672,322;4676,306;4681,322;4685,326;4690,326;4694,312;4698,324;4703,322;4707,330;4711,328;4716,314;4720,326;4724,312;4729,324;4733,330;4737,330;4742,314;4746,328;4750,326;4755,326;4759,330;4764,316;4768,328;4772,314;4777,326;4781,318;4785,346;4790,316;4794,344;4798,314;4803,342;4807,320;4811,318;4816,330;4820,316;4824,328;4829,314;4833,332;4838,318;4842,346;4846,318;4851,344;4855,336;4859,320;4864,320;4868,332;4872,332;4877,318;4881,324;4885,322;4890,320;4894,322;4898,334;4903,318;4907,312;4912,324;4916,324;4920,336;4925,322;4929,340;4933,326;4938,326;4942,324;4946,322;4951,322;4955,312;4959,326;4964,326;4968,338;4972,324;4977,322;4981,314;4986,328;4990,326;4994,340;4999,324;5003,316;5007,328;5012,314;5016,328;5020,326;5025,326;5029,318;5033,330;5038,316;5042,328;5046,314;5051,340;5055,332;5060,318;5064,316;5068,316;5073,314;5077,320;5081,334;5086,318;5090,332;5094,316;5099,330;5103,322;5107,320;5112,334;5116,320;5120,318;5125,304;5129,324;5134,322;5138,336;5142,320;5147,334;5151,324;5155,310;5160,324;5164,324;5168,336;5173,322;5177,328;5181,312;5186,326;5190,324;5194,338;5199,324;5203,314;5208,328;5212,328;5216,328;5221,326;5225,332;5229,316;5234,332;5238,316;5242,344;5247,328;5251,306;5255,320;5260,320;5264,332;5269,318;5273,316;5277,322;5282,322;5286,322;5290,334;5295,320;5299,312;5303,324;5308,324;5312,338;5316,322;5321,322;5325,328;5329,328;5334,312;5338,340;5343,324;5347,318;5351,330;5356,316;5360,328;5364,316;5369,328;5373,318;5377,332;5382,318;5386,332;5390,316;5395,330;5399,336;5404,320;5408,318;5412,304;5417,316;5421,322;5425,336;5430,320;5434,334;5438,318;5443,332;5447,322;5451,308;5456,334;5460,320;5464,332;5469,318;5473,324;5478,322;5482,322;5486,320;5491,334;5495,326;5499,324;5504,324;5508,308;5512,322;5517,322;5521,328;5525,326;5530,326;5534,324;5538,324;5543,322;5547,314;5552,328;5556,314;5560,326;5565,312;5569,332;5573,316;5578,344;5582,330;5586,342;5591,328;5595,306;5599,320;5604,318;5608,330;5612,316;5617,330;5621,320;5626,334;5630,320;5634,332;5639,318;5643,310;5647,324;5652,308;5656,322;5660,318;5665,336;5669,312;5673,326;5678,312;5682,324;5686,324;5691,324;5695,316;5700,314;5704,312;5708,314;5713,314;5717,304;5721,318;5726,304;5730,318;5734,316;5739,316;5743,322;5747,306;5752,320;5756,318;5760,318;5765,296;5769,310;5774,308;5778,322;5782,306;5787,306;5791,312;5795,296;5800,310;5804,310;5808,322;5813,308;5817,328;5821,312;5826,326;5830,310;5834,324;5839,300;5843,300;5848,312;5852,298;5856,310;5861,310;5865,302;5869,300;5874,312;5878,312;5882,312;5887,310;5891,302;5895,314;5900,300;5904,312;5909,312;5913,304;5917,302;5922,316;5926,316;5930,316;5935,314;5939,292;5943,306;5948,304;5952,316;5956,302;5961,316;5965,308;5969,320;5974,306;5978,320;5983,304;5987,296;5991,308;5996,294;6000,322;6004,306;6009,320;6013,312;6017,310;6022,310;6026,310;6030,294;6035,286;6039,284;6043,270;6048,284;6052,282;6057,282;6061,288;6065,272;6070,286;6074,272;6078,286;6083,298;6087,276;6091,262;6096,288;6100,288;6104,288;6109,294;6113,264;6117,278;6122,276;6126,290;6131,290;6135,280;6139,266;6144,278;6148,264;6152,276;6157,262;6161,296;6165,280;6170,280;6174,292;6178,292;6183,270;6187,268;6192,268;6196,268;6200,266;6205,266;6209,300;6213,286;6218,284;6222,284;6226,298;6231,282;6235,288;6239,286;6244,272;6248,272;6252,272;6257,292;6261,290;6266,276;6270,288;6274,288;6279,288;6283,266;6287,264;6292,264;6296,264;6300,248;6305,276;6309,282;6313,282;6318,282;6322,266;6326,280;6331,258;6335,270;6340,270;6344,268;6348,254;6353,282;6357,288;6361,288;6366,272;6370,272;6374,270;6379,278;6383,290;6387,276;6392,288;6396,288;6401,288;6405,266;6409,250;6414,278;6418,290;6422,276;6427,290;6431,282;6435,266;6440,280;6444,278;6448,292;6453,270;6457,240;6461,282;6466,296;6470,280;6475,280;6479,272;6483,270;6488,270;6492,268;6496,268;6501,268;6505,272;6509,286;6514,286;6518,284;6522,284;6527,288;6531,274;6535,272;6540,258;6544,272;6549,270;6553,276;6557,290;6562,288;6566,288;6570,272;6575,264;6579,264;6583,264;6588,262;6592,274;6596,274;\r\nBuffer sent in 0.973 secondsreturn;buffer;965\r\n'), 11:05:06
bytearray(b'received from UR: home -> home (0,1)\r\nSTEPPER: Moving to mstep: 0 with speed [msteps/sec]: 4000 in SpreadCycle.\r\n'), 11:05:07
bytearray(b'STEPPER: Moved 2400.00 msteps (ramp: 35%) in 813.416 ms -> average speed [msteps/sec]: 2950.52\r\nreturn;home;1\r\n'), 11:05:08
