bytearray(b'STEPPER: Moving to mstep: 2400 with speed [msteps/sec]: 4000 in SpreadCycle.\r\n'), 11:27:00
bytearray(b'STEPPER: Moved 2400.00 msteps (ramp: 35%) in 812.832 ms -> average speed [msteps/sec]: 2952.64\r\n'), 11:27:01
bytearray(b'received from UR: status -> status (0,1)\r\n*** STATUS ***\r\nid        :         3 -\r\nstep      :      2400 steps\r\nspeed     :      1500 msteps/s\r\nmspeed    :      1000 msteps/s\r\nsg-thrs   :        80 -\r\ndefault   :     12000 \xc2\xb5m\r\ndispense  :     30350 \xc2\xb5m\r\nblowout   :     33000 \xc2\xb5m\r\nd-offset  :        20 \xc2\xb5m\r\nur0       :         0 -\r\nur1       :         1 -\r\nhomed     :         1 -\r\nreturn;status;2400\r\n'), 11:27:03
bytearray(b'received from UR: measure -> measure (0,1)\r\nSTEPPER: Moving to mstep: 6600 with speed [msteps/sec]: 1000 in StealthChop.\r\n'), 11:27:04
bytearray(b'STEPPER: Moving to mstep: 2400 with speed [msteps/sec]: 4000 in SpreadCycle.\r\n'), 11:27:08
bytearray(b'STEPPER: Moved 4200.00 msteps (ramp: 35%) in 1324.888 ms -> average speed [msteps/sec]: 3170.08\r\nreturn;measure;965\r\n'), 11:27:09
bytearray(b'received from UR: buffer -> buffer (0,1)\r\nSending buffer of size 965data;2400,126;2404,454;2408,236;2413,308;2417,328;2421,314;2426,326;2430,326;2434,338;2439,324;2443,316;2447,328;2452,328;2456,328;2460,314;2465,326;2469,318;2474,330;2478,330;2482,330;2487,328;2491,320;2495,320;2500,306;2504,318;2508,318;2513,332;2517,324;2521,336;2526,322;2530,336;2534,320;2539,334;2543,326;2548,312;2552,324;2556,324;2561,324;2565,328;2569,328;2574,314;2578,340;2582,312;2587,326;2591,330;2595,316;2600,330;2604,314;2608,328;2613,328;2617,334;2622,318;2626,332;2630,318;2635,332;2639,322;2643,322;2648,320;2652,320;2656,320;2661,304;2665,326;2669,324;2674,338;2678,324;2682,336;2687,322;2691,312;2696,326;2700,326;2704,324;2709,310;2713,330;2717,316;2722,330;2726,314;2730,328;2735,328;2739,304;2743,318;2748,316;2752,330;2756,314;2761,328;2765,322;2770,334;2774,320;2778,334;2783,318;2787,310;2791,324;2796,308;2800,322;2804,322;2809,334;2813,326;2817,340;2822,324;2826,338;2831,322;2835,338;2839,328;2844,314;2848,326;2852,312;2857,324;2861,332;2865,346;2870,330;2874,330;2878,328;2883,328;2887,320;2891,320;2896,332;2900,318;2905,318;2909,324;2913,336;2918,322;2922,336;2926,320;2931,334;2935,326;2939,312;2944,324;2948,322;2952,324;2957,322;2961,328;2965,326;2970,340;2974,324;2979,338;2983,324;2987,330;2992,328;2996,314;3000,328;3005,312;3009,332;3013,332;3018,332;3022,318;3026,330;3031,316;3035,320;3039,322;3044,320;3048,320;3053,320;3057,326;3061,324;3066,324;3070,322;3074,322;3079,322;3083,312;3087,326;3092,326;3096,324;3100,310;3105,324;3109,328;3113,328;3118,328;3122,326;3127,326;3131,318;3135,330;3140,316;3144,330;3148,314;3153,314;3157,320;3161,334;3166,318;3170,332;3174,316;3179,332;3183,336;3187,322;3192,336;3196,306;3201,320;3205,326;3209,340;3214,324;3218,338;3222,322;3227,336;3231,328;3235,328;3240,326;3244,326;3248,326;3253,312;3257,332;3261,330;3266,344;3270,328;3275,328;3279,320;3283,318;3288,318;3292,318;3296,330;3301,330;3305,336;3309,322;3314,334;3318,318;3322,332;3327,318;3331,310;3335,324;3340,324;3344,322;3349,308;3353,328;3357,328;3362,342;3366,326;3370,326;3375,326;3379,316;3383,332;3388,330;3392,330;3396,314;3401,328;3405,320;3410,334;3414,320;3418,334;3423,318;3427,310;3431,324;3436,324;3440,322;3444,322;3449,322;3453,326;3457,326;3462,326;3466,326;3470,324;3475,324;3479,330;3484,316;3488,316;3492,314;3497,314;3501,320;3505,334;3510,318;3514,320;3518,318;3523,332;3527,322;3531,308;3536,322;3540,308;3544,320;3549,320;3553,328;3558,326;3562,326;3566,326;3571,340;3575,318;3579,316;3584,330;3588,316;3592,330;3597,316;3601,336;3605,322;3610,336;3614,320;3619,334;3623,320;3627,312;3632,328;3636,326;3640,326;3645,324;3649,332;3653,330;3658,344;3662,330;3666,330;3671,314;3675,336;3679,322;3684,320;3688,320;3693,320;3697,334;3701,326;3706,326;3710,324;3714,326;3719,324;3723,330;3727,330;3732,316;3736,330;3740,330;3745,330;3749,336;3753,336;3758,320;3762,334;3767,320;3771,312;3775,326;3780,312;3784,326;3788,326;3793,326;3797,332;3801,334;3806,330;3810,332;3814,316;3819,344;3823,322;3827,322;3832,322;3836,322;3841,322;3845,314;3849,328;3854,314;3858,342;3862,328;3867,328;3871,334;3875,334;3880,332;3884,318;3888,318;3893,304;3897,326;3901,326;3906,326;3910,324;3915,326;3919,324;3923,318;3928,332;3932,304;3936,316;3941,304;3945,338;3949,322;3954,324;3958,322;3962,336;3967,322;3971,326;3975,328;3980,314;3984,328;3989,314;3993,342;3997,320;4002,334;4006,320;4010,334;4015,320;4019,314;4023,326;4028,326;4032,326;4036,312;4041,312;4045,318;4050,346;4054,332;4058,346;4063,332;4067,310;4071,312;4076,310;4080,324;4084,324;4089,324;4093,330;4097,330;4102,330;4106,330;4110,330;4115,330;4119,322;4124,320;4128,322;4132,322;4137,336;4141,328;4145,328;4150,328;4154,328;4158,328;4163,328;4167,334;4171,320;4176,334;4180,320;4184,334;4189,318;4193,340;4198,324;4202,326;4206,324;4211,338;4215,330;4219,316;4224,330;4228,330;4232,328;4237,314;4241,336;4245,320;4250,334;4254,320;4258,334;4263,318;4267,324;4272,324;4276,324;4280,324;4285,310;4289,330;4293,316;4298,330;4302,316;4306,328;4311,314;4315,322;4319,322;4324,308;4328,320;4332,306;4337,334;4341,326;4346,326;4350,324;4354,326;4359,324;4363,316;4367,330;4372,316;4376,330;4380,314;4385,328;4389,320;4393,334;4398,318;4402,332;4406,318;4411,310;4415,324;4420,324;4424,324;4428,308;4433,310;4437,316;4441,330;4446,314;4450,328;4454,314;4459,328;4463,306;4467,306;4472,320;4476,320;4480,320;4485,312;4489,326;4494,310;4498,326;4502,326;4507,324;4511,318;4515,316;4520,316;4524,316;4528,316;4533,316;4537,322;4541,308;4546,322;4550,308;4555,308;4559,314;4563,314;4568,300;4572,300;4576,326;4581,312;4585,320;4589,306;4594,320;4598,306;4602,320;4607,320;4611,312;4615,310;4620,296;4624,296;4629,296;4633,318;4637,316;4642,318;4646,316;4650,316;4655,302;4659,308;4663,308;4668,306;4672,306;4676,292;4681,306;4685,312;4690,312;4694,312;4698,326;4703,312;4707,318;4711,318;4716,304;4720,316;4724,316;4729,316;4733,308;4737,322;4742,308;4746,322;4750,308;4755,300;4759,328;4764,312;4768,326;4772,312;4777,326;4781,318;4785,318;4790,318;4794,332;4798,316;4803,318;4807,322;4811,294;4816,308;4820,308;4824,322;4829,308;4833,328;4838,312;4842,328;4846,312;4851,326;4855,318;4859,304;4864,304;4868,316;4872,316;4877,316;4881,322;4885,322;4890,322;4894,322;4898,322;4903,320;4907,312;4912,312;4916,312;4920,312;4925,310;4929,318;4933,316;4938,316;4942,316;4946,316;4951,316;4955,306;4959,322;4964,308;4968,322;4972,308;4977,320;4981,314;4986,328;4990,312;4994,314;4999,312;5003,304;5007,304;5012,304;5016,318;5020,316;5025,302;5029,308;5033,322;5038,308;5042,308;5046,308;5051,298;5055,298;5060,312;5064,312;5068,312;5073,310;5077,304;5081,318;5086,316;5090,316;5094,316;5099,316;5103,310;5107,308;5112,308;5116,308;5121,308;5125,314;5129,314;5134,314;5138,328;5142,314;5147,328;5151,320;5155,306;5160,318;5164,304;5168,318;5173,306;5177,326;5181,310;5186,324;5190,310;5195,324;5199,328;5203,314;5208,326;5212,312;5216,312;5221,298;5225,332;5229,316;5234,330;5238,314;5242,316;5247,314;5251,320;5256,320;5260,306;5264,320;5269,320;5273,314;5277,312;5282,326;5286,312;5290,326;5295,326;5299,318;5303,318;5308,316;5312,316;5316,316;5321,316;5325,320;5330,322;5334,320;5338,320;5343,306;5347,312;5351,312;5356,310;5360,310;5364,310;5369,310;5373,314;5377,316;5382,302;5386,316;5390,314;5395,308;5399,308;5404,306;5408,320;5412,306;5417,318;5421,310;5425,324;5430,310;5434,324;5438,308;5443,310;5447,314;5451,314;5456,298;5460,298;5464,298;5469,312;5473,318;5478,304;5482,304;5486,302;5491,316;5495,308;5499,308;5504,308;5508,308;5512,306;5517,292;5521,312;5525,312;5530,310;5534,310;5538,324;5543,308;5547,316;5552,316;5556,300;5560,314;5565,298;5569,320;5573,304;5578,318;5582,304;5586,318;5591,316;5595,308;5599,322;5604,306;5608,320;5612,306;5617,318;5621,312;5626,326;5630,310;5634,324;5639,310;5643,302;5647,300;5652,300;5656,300;5660,314;5665,312;5669,318;5673,318;5678,318;5682,318;5687,316;5691,316;5695,308;5700,308;5704,308;5708,306;5713,320;5717,312;5721,312;5726,308;5730,324;5734,324;5739,322;5743,300;5747,300;5752,328;5756,312;5761,312;5765,304;5769,318;5774,302;5778,316;5782,302;5787,316;5791,308;5795,306;5800,306;5804,306;5808,320;5813,304;5817,324;5822,310;5826,324;5830,308;5835,322;5839,314;5843,312;5848,312;5852,312;5856,310;5861,296;5865,316;5869,300;5874,314;5878,312;5882,312;5887,312;5891,318;5896,304;5900,302;5904,316;5909,300;5913,322;5917,320;5922,320;5926,306;5930,320;5935,318;5939,308;5943,310;5948,310;5952,310;5956,294;5961,322;5965,300;5970,314;5974,312;5978,326;5983,312;5987,318;5991,316;5996,302;6000,316;6004,300;6009,314;6013,320;6017,320;6022,304;6026,304;6030,288;6035,294;6039,266;6044,278;6048,278;6052,292;6057,276;6061,282;6065,296;6070,294;6074,294;6078,294;6083,272;6087,284;6091,284;6096,284;6100,284;6104,282;6109,274;6113,274;6118,288;6122,274;6126,286;6131,300;6135,292;6139,278;6144,290;6148,276;6152,276;6157,274;6161,296;6165,296;6170,280;6174,280;6178,280;6183,286;6187,284;6192,298;6196,284;6200,282;6205,282;6209,274;6213,272;6218,300;6222,286;6226,300;6231,276;6235,276;6239,262;6244,274;6248,274;6253,274;6257,280;6261,278;6266,292;6270,278;6274,276;6279,276;6283,282;6287,282;6292,280;6296,280;6300,266;6305,272;6309,284;6313,286;6318,286;6322,284;6327,284;6331,260;6335,290;6340,274;6344,288;6348,288;6353,252;6357,280;6361,292;6366,292;6370,292;6374,292;6379,270;6383,268;6387,282;6392,296;6396,280;6401,280;6405,286;6409,300;6414,286;6418,298;6422,284;6427,296;6431,274;6435,274;6440,274;6444,272;6448,272;6453,280;6457,278;6461,278;6466,290;6470,290;6475,290;6479,282;6483,266;6488,280;6492,280;6496,276;6501,278;6505,270;6509,284;6514,296;6518,296;6522,296;6527,274;6531,258;6536,286;6540,272;6544,286;6549,284;6553,248;6557,276;6562,290;6566,290;6570,288;6575,266;6579,266;6583,266;6588,266;6592,278;6596,278;\r\nBuffer sent in 0.973 secondsreturn;buffer;965\r\n'), 11:27:11
bytearray(b'received from UR: measure -> measure (0,1)\r\nSTEPPER: Moving to mstep: 6600 with speed [msteps/sec]: 1000 in StealthChop.\r\n'), 11:27:13
bytearray(b'STEPPER: Moving to mstep: 2400 with speed [msteps/sec]: 4000 in SpreadCycle.\r\n'), 11:27:17
bytearray(b'STEPPER: Moved 4200.00 msteps (ramp: 35%) in 1324.888 ms -> average speed [msteps/sec]: 3170.08\r\nreturn;measure;965\r\n'), 11:27:18
bytearray(b'received from UR: buffer -> buffer (0,1)\r\nSending buffer of size 965data;2400,304;2404,448;2408,160;2413,274;2417,316;2421,324;2426,338;2430,324;2434,338;2439,322;2443,330;2447,330;2452,316;2456,328;2460,328;2465,328;2469,320;2474,334;2478,334;2482,334;2487,320;2491,326;2495,326;2500,326;2504,326;2508,324;2513,324;2517,318;2521,330;2526,330;2530,330;2534,330;2539,330;2543,336;2548,322;2552,336;2556,320;2561,320;2565,314;2569,342;2574,312;2578,326;2582,326;2587,340;2591,332;2595,318;2600,332;2604,316;2608,330;2613,302;2617,324;2622,322;2626,336;2630,322;2635,336;2639,314;2643,314;2648,314;2652,328;2656,326;2661,328;2665,334;2669,318;2674,334;2678,318;2682,334;2687,332;2691,324;2696,324;2700,324;2704,324;2709,322;2713,328;2717,328;2722,328;2726,328;2730,342;2735,328;2739,320;2743,332;2748,320;2752,334;2757,318;2761,318;2765,324;2770,338;2774,324;2778,338;2783,324;2787,316;2791,330;2796,314;2800,314;2804,314;2809,342;2813,320;2817,334;2822,320;2826,334;2831,318;2835,332;2839,324;2844,324;2848,324;2852,308;2857,310;2861,316;2865,344;2870,316;2874,330;2878,328;2883,328;2887,322;2891,320;2896,320;2900,320;2905,334;2909,334;2913,326;2918,324;2922,326;2926,324;2931,324;2935,330;2939,330;2944,330;2948,316;2952,314;2957,314;2961,336;2965,320;2970,334;2974,320;2979,334;2983,318;2987,326;2992,326;2996,324;3000,324;3005,310;3009,332;3013,316;3018,330;3022,328;3026,342;3031,328;3035,320;3039,320;3044,320;3048,332;3053,318;3057,318;3061,324;3066,322;3070,324;3074,324;3079,324;3083,316;3087,330;3092,328;3096,328;3100,314;3105,328;3109,334;3113,334;3118,334;3122,334;3127,320;3131,334;3135,326;3140,312;3144,324;3148,310;3153,338;3157,330;3161,332;3166,330;3170,330;3174,316;3179,344;3183,336;3187,322;3192,322;3196,306;3201,334;3205,314;3209,328;3214,326;3218,340;3222,324;3227,340;3231,332;3235,318;3240,330;3244,330;3248,330;3253,316;3257,336;3262,322;3266,336;3270,322;3275,336;3279,328;3283,314;3288,328;3292,326;3296,326;3301,326;3305,332;3309,332;3314,332;3318,318;3322,330;3327,330;3331,322;3336,322;3340,322;3344,336;3349,320;3353,328;3357,326;3362,326;3366,326;3370,326;3375,324;3379,316;3383,330;3388,316;3392,330;3396,314;3401,314;3405,320;3410,334;3414,320;3418,332;3423,318;3427,324;3431,324;3436,310;3440,322;3444,308;3449,334;3453,314;3457,328;3462,326;3466,328;3470,326;3475,340;3479,332;3484,316;3488,330;3492,330;3497,328;3501,322;3505,336;3510,322;3514,334;3518,320;3523,334;3527,340;3531,326;3536,324;3540,310;3544,324;3549,324;3553,330;3558,328;3562,328;3566,326;3571,340;3575,332;3579,316;3584,330;3588,318;3592,330;3597,316;3601,336;3605,320;3610,334;3614,320;3619,334;3623,316;3627,324;3632,324;3636,310;3640,310;3645,308;3649,344;3653,314;3658,328;3662,326;3666,328;3671,326;3675,318;3679,318;3684,316;3688,330;3693,330;3697,328;3701,320;3706,334;3710,318;3714,332;3719,318;3723,324;3727,324;3732,324;3736,336;3740,322;3745,322;3749,328;3753,328;3758,326;3762,326;3767,324;3771,338;3775,330;3780,316;3784,330;3788,316;3793,328;3797,320;3801,334;3806,320;3810,334;3814,318;3819,332;3823,324;3827,310;3832,338;3836,334;3841,322;3845,314;3849,330;3854,312;3858,340;3862,312;3867,326;3871,332;3875,330;3880,330;3884,316;3888,314;3893,314;3897,334;3901,320;3906,334;3910,318;3915,332;3919,324;3923,310;3928,324;3932,322;3936,322;3941,308;3945,328;3949,326;3954,340;3958,326;3962,326;3967,324;3971,316;3976,330;3980,314;3984,328;3989,314;3993,334;3997,320;4002,332;4006,318;4010,332;4015,318;4019,324;4023,322;4028,322;4032,322;4036,322;4041,320;4045,326;4050,340;4054,326;4058,340;4063,324;4067,332;4071,316;4076,316;4080,316;4084,316;4089,314;4093,334;4097,334;4102,320;4106,334;4110,318;4115,332;4119,324;4124,310;4128,324;4132,322;4137,322;4141,328;4145,328;4150,328;4154,328;4158,326;4163,326;4167,332;4171,318;4176,330;4180,316;4184,314;4189,312;4193,334;4198,318;4202,332;4206,318;4211,332;4215,324;4219,308;4224,322;4228,308;4232,336;4237,336;4241,328;4245,326;4250,340;4254,324;4258,324;4263,324;4267,316;4272,328;4276,314;4280,314;4285,314;4289,334;4293,320;4298,332;4302,318;4306,332;4311,318;4315,322;4319,324;4324,322;4328,336;4332,320;4337,320;4341,326;4346,340;4350,324;4354,324;4359,324;4363,316;4367,328;4372,314;4376,314;4380,312;4385,340;4389,318;4393,332;4398,316;4402,330;4406,316;4411,306;4415,322;4420,308;4424,320;4428,306;4433,318;4437,312;4441,324;4446,310;4450,324;4454,310;4459,322;4463,316;4467,314;4472,314;4476,314;4481,312;4485,320;4489,320;4494,318;4498,318;4502,316;4507,316;4511,322;4515,308;4520,320;4524,306;4528,320;4533,318;4537,326;4541,312;4546,310;4550,310;4555,322;4559,314;4563,300;4568,314;4572,298;4576,312;4581,312;4585,318;4589,316;4594,330;4598,316;4602,330;4607,312;4611,306;4615,318;4620,304;4624,302;4629,302;4633,322;4637,308;4642,320;4646,320;4650,320;4655,304;4659,310;4663,310;4668,310;4672,308;4676,308;4681,308;4685,312;4689,312;4694,312;4698,324;4703,308;4707,302;4711,316;4716,300;4720,314;4724,298;4729,326;4733,304;4737,318;4742,316;4746,316;4750,316;4755,328;4759,320;4764,306;4768,320;4772,304;4777,332;4781,308;4785,322;4790,306;4794,322;4798,306;4803,320;4807,326;4811,310;4816,310;4820,310;4824,308;4829,294;4833,328;4838,314;4842,328;4846,312;4851,326;4855,302;4859,302;4864,314;4868,314;4872,314;4877,314;4881,318;4885,318;4890,318;4894,316;4898,330;4903,316;4907,308;4912,306;4916,306;4920,320;4925,318;4929,312;4933,310;4938,324;4942,322;4946,322;4951,322;4955,298;4959,326;4964,312;4968,310;4972,310;4977,310;4981,316;4986,330;4990,314;4994,328;4999,312;5003,304;5007,318;5012,304;5016,304;5020,304;5025,316;5029,308;5033,322;5038,306;5042,320;5047,306;5051,312;5055,312;5060,312;5064,310;5068,310;5073,310;5077,316;5081,302;5086,314;5090,314;5094,314;5099,314;5103,306;5107,304;5112,318;5116,302;5121,302;5125,322;5129,322;5134,320;5138,320;5142,306;5147,320;5151,312;5155,310;5160,324;5164,294;5168,308;5173,308;5177,328;5181,312;5186,326;5190,312;5195,324;5199,330;5203,316;5208,316;5212,316;5216,314;5221,314;5225,320;5229,306;5234,332;5238,318;5242,318;5247,316;5251,322;5255,308;5260,306;5264,306;5269,306;5273,326;5277,310;5282,310;5286,310;5290,324;5295,308;5299,314;5303,314;5308,300;5312,326;5316,312;5321,312;5325,316;5330,316;5334,316;5338,316;5343,314;5347,306;5351,318;5356,304;5360,318;5364,302;5369,316;5373,306;5377,320;5382,304;5386,318;5390,304;5395,316;5399,322;5404,306;5408,306;5412,304;5417,318;5421,310;5425,310;5430,310;5434,322;5438,308;5443,320;5447,312;5451,298;5456,310;5460,310;5464,308;5469,308;5473,314;5478,314;5482,312;5486,312;5491,310;5495,316;5499,316;5504,314;5508,300;5512,312;5517,298;5521,318;5525,304;5530,316;5534,314;5538,314;5543,306;5547,306;5552,318;5556,302;5560,316;5565,300;5569,322;5573,320;5578,318;5582,318;5586,330;5591,316;5595,308;5599,306;5604,292;5608,304;5613,304;5617,324;5621,322;5626,322;5630,320;5634,334;5639,318;5643,310;5647,308;5652,308;5656,308;5660,306;5665,318;5669,310;5673,322;5678,308;5682,320;5687,320;5691,310;5695,310;5700,324;5704,308;5708,306;5713,306;5717,312;5721,326;5726,310;5730,310;5734,324;5739,322;5743,328;5747,314;5752,312;5756,312;5761,312;5765,316;5769,330;5774,314;5778,328;5782,312;5787,326;5791,318;5795,302;5800,316;5804,302;5808,314;5813,300;5817,320;5821,306;5826,318;5830,304;5835,318;5839,310;5843,294;5848,308;5852,308;5856,306;5861,306;5865,312;5869,310;5874,310;5878,308;5882,308;5887,308;5891,314;5895,312;5900,312;5904,312;5909,296;5913,316;5917,316;5922,316;5926,314;5930,314;5935,312;5939,306;5943,320;5948,318;5952,318;5956,304;5961,316;5965,308;5969,322;5974,308;5978,322;5983,306;5987,312;5991,312;5996,310;6000,310;6004,296;6009,310;6013,314;6017,316;6022,314;6026,312;6030,298;6035,276;6039,276;6044,288;6048,288;6052,288;6057,272;6061,292;6065,292;6070,292;6074,278;6078,290;6083,268;6087,280;6091,280;6096,280;6100,278;6104,278;6109,298;6113,296;6118,296;6122,280;6126,294;6131,294;6135,286;6139,284;6144,286;6148,284;6152,282;6157,290;6161,304;6165,288;6170,288;6174,274;6179,300;6183,278;6187,278;6192,292;6196,290;6200,274;6205,276;6209,280;6213,266;6218,280;6222,278;6226,278;6231,270;6235,282;6239,268;6244,282;6248,266;6253,266;6257,300;6261,284;6266,270;6270,284;6274,284;6279,296;6283,274;6287,272;6292,258;6296,286;6300,284;6305,290;6309,276;6313,246;6318,288;6322,288;6327,286;6331,264;6335,278;6340,276;6344,276;6348,276;6353,288;6357,280;6361,266;6366,278;6370,292;6374,278;6379,284;6383,296;6387,282;6392,294;6396,280;6401,294;6405,272;6409,256;6414,284;6418,298;6422,282;6427,260;6431,274;6435,286;6440,284;6444,284;6448,284;6453,276;6457,288;6461,288;6466,286;6470,286;6475,270;6479,276;6483,276;6488,288;6492,260;6496,272;6501,272;6505,292;6509,290;6514,274;6518,274;6522,286;6527,292;6531,278;6535,276;6540,276;6544,288;6549,274;6553,264;6557,278;6562,292;6566,290;6570,290;6575,268;6579,268;6583,280;6588,278;6592,278;6596,262;\r\nBuffer sent in 0.973 secondsreturn;buffer;965\r\n'), 11:27:20
bytearray(b'received from UR: measure -> measure (0,1)\r\nSTEPPER: Moving to mstep: 6600 with speed [msteps/sec]: 1000 in StealthChop.\r\n'), 11:27:21
bytearray(b'STEPPER: Moving to mstep: 2400 with speed [msteps/sec]: 4000 in SpreadCycle.\r\n'), 11:27:25
bytearray(b'STEPPER: Moved 4200.00 msteps (ramp: 35%) in 1324.888 ms -> average speed [msteps/sec]: 3170.08\r\nreturn;measure;965\r\n'), 11:27:27
bytearray(b'received from UR: buffer -> buffer (0,1)\r\nSending buffer of size 965data;2400,304;2404,450;2408,160;2413,274;2417,316;2421,324;2426,338;2430,322;2434,336;2439,322;2443,326;2447,326;2452,312;2456,324;2460,324;2465,326;2469,330;2474,330;2478,314;2482,328;2487,326;2491,332;2495,332;2500,316;2504,330;2508,330;2513,330;2517,320;2521,334;2526,320;2530,334;2534,332;2539,332;2543,324;2548,310;2552,324;2556,324;2561,338;2565,328;2569,330;2574,314;2578,328;2582,328;2587,328;2591,334;2595,318;2600,318;2604,318;2609,330;2613,318;2617,338;2622,322;2626,336;2630,322;2635,336;2639,328;2643,328;2648,326;2652,312;2656,326;2661,324;2665,332;2669,316;2674,330;2678,328;2683,328;2687,314;2691,320;2696,320;2700,318;2704,332;2709,316;2713,338;2717,322;2722,336;2726,320;2730,334;2735,320;2739,326;2743,340;2748,324;2752,324;2757,310;2761,322;2765,326;2770,328;2774,314;2778,326;2783,312;2787,332;2791,332;2796,316;2800,330;2804,302;2809,328;2813,320;2817,348;2822,330;2826,346;2831,316;2835,308;2839,322;2844,320;2848,320;2852,306;2857,318;2861,324;2865,338;2870,322;2874,336;2878,334;2883,334;2887,324;2891,310;2896,322;2900,322;2905,334;2909,312;2913,326;2918,324;2922,324;2926,322;2931,336;2935,326;2939,312;2944,326;2948,324;2952,338;2957,322;2961,328;2965,314;2970,326;2974,326;2979,340;2983,324;2987,316;2992,330;2996,328;3000,342;3005,314;3009,334;3013,318;3018,332;3022,330;3026,346;3031,316;3035,322;3040,322;3044,320;3048,318;3053,318;3057,332;3061,324;3066,336;3070,322;3074,334;3079,320;3083,312;3087,324;3092,324;3096,338;3100,322;3105,322;3109,328;3114,328;3118,326;3122,326;3127,324;3131,316;3135,330;3140,316;3144,330;3148,314;3153,326;3157,318;3161,332;3166,316;3170,344;3174,330;3179,342;3183,320;3188,304;3192,318;3196,316;3201,330;3205,320;3209,334;3214,318;3218,332;3222,316;3227,330;3231,334;3235,320;3240,332;3244,318;3248,330;3253,330;3257,336;3262,320;3266,334;3270,318;3275,332;3279,338;3283,322;3288,322;3292,320;3296,318;3301,318;3305,338;3309,322;3314,336;3318,322;3322,334;3327,320;3331,310;3336,324;3340,308;3344,336;3349,322;3353,342;3357,326;3362,326;3366,324;3370,324;3375,324;3379,316;3383,328;3388,300;3392,326;3396,312;3401,326;3405,332;3410,346;3414,316;3418,330;3423,314;3427,322;3431,334;3436,320;3440,318;3444,304;3449,318;3453,322;3457,338;3462,322;3466,336;3470,320;3475,312;3479,326;3484,326;3488,326;3492,324;3497,322;3501,316;3505,328;3510,326;3514,340;3518,326;3523,326;3527,332;3531,316;3536,330;3540,314;3545,328;3549,328;3553,334;3558,320;3562,332;3566,318;3571,332;3575,338;3579,322;3584,336;3588,308;3592,320;3597,306;3601,326;3605,326;3610,338;3614,310;3619,338;3623,322;3627,328;3632,328;3636,328;3640,328;3645,312;3649,332;3653,318;3658,332;3662,316;3666,330;3671,314;3675,322;3679,334;3684,320;3688,320;3693,318;3697,318;3701,324;3706,338;3710,322;3714,336;3719,322;3723,328;3727,340;3732,326;3736,326;3740,310;3745,322;3749,330;3753,330;3758,314;3762,328;3767,326;3771,318;3775,332;3780,316;3784,330;3788,314;3793,328;3797,320;3801,334;3806,318;3810,332;3814,316;3819,308;3823,320;3828,320;3832,320;3836,306;3841,318;3845,324;3849,338;3854,322;3858,336;3862,320;3867,334;3871,326;3875,324;3880,338;3884,324;3888,322;3893,308;3897,326;3902,326;3906,326;3910,324;3915,338;3919,328;3923,328;3928,340;3932,312;3936,340;3941,310;3945,330;3949,316;3954,328;3958,328;3962,326;3967,324;3971,316;3976,330;3980,330;3984,342;3989,314;3993,334;3997,318;4002,332;4006,318;4010,332;4015,316;4019,306;4023,320;4028,318;4032,332;4036,318;4041,330;4045,322;4050,336;4054,320;4058,334;4063,320;4067,326;4071,324;4076,310;4080,322;4084,322;4089,336;4093,314;4097,342;4102,326;4106,326;4110,324;4115,336;4119,330;4124,314;4128,328;4132,312;4137,326;4141,332;4145,332;4150,330;4154,330;4158,316;4163,328;4167,334;4171,320;4176,334;4180,318;4184,332;4189,318;4193,338;4198,322;4202,336;4206,322;4211,336;4215,328;4219,312;4224,326;4228,326;4232,326;4237,324;4241,332;4245,316;4250,330;4254,330;4259,330;4263,314;4267,306;4272,320;4276,320;4280,332;4285,318;4289,326;4293,324;4298,338;4302,322;4306,336;4311,320;4315,326;4319,328;4324,326;4328,324;4333,310;4337,324;4341,330;4346,330;4350,314;4354,328;4359,326;4363,320;4367,332;4372,318;4376,332;4380,316;4385,330;4389,322;4393,336;4398,320;4402,334;4407,318;4411,312;4415,324;4420,310;4424,324;4428,308;4433,308;4437,314;4441,328;4446,312;4450,326;4454,310;4459,324;4463,316;4467,316;4472,314;4476,314;4481,312;4485,318;4489,318;4494,316;4498,316;4502,314;4507,314;4511,320;4515,318;4520,318;4524,304;4528,316;4533,316;4537,322;4541,306;4546,320;4550,320;4555,320;4559,326;4563,310;4568,310;4572,294;4576,304;4581,306;4585,328;4589,312;4594,326;4598,310;4602,324;4607,310;4611,316;4616,314;4620,300;4624,312;4629,298;4633,320;4637,304;4642,316;4646,302;4650,316;4655,300;4659,320;4663,320;4668,306;4672,318;4676,302;4681,302;4685,308;4690,306;4694,306;4698,320;4703,318;4707,310;4711,310;4716,308;4720,322;4724,306;4729,320;4733,312;4737,312;4742,310;4746,310;4750,308;4755,324;4759,328;4764,314;4768,328;4772,300;4777,312;4781,318;4785,318;4790,304;4794,316;4798,302;4803,330;4807,322;4811,308;4816,320;4820,306;4824,318;4829,310;4833,324;4838,310;4842,322;4846,308;4851,322;4855,328;4859,314;4864,326;4868,312;4872,312;4877,324;4881,316;4885,302;4890,316;4894,314;4899,314;4903,314;4907,320;4912,320;4916,304;4920,318;4925,318;4929,324;4933,308;4938,310;4942,308;4946,320;4951,320;4955,312;4959,312;4964,310;4968,310;4973,310;4977,316;4981,300;4986,316;4990,314;4994,328;4999,312;5003,290;5007,304;5012,304;5016,316;5020,302;5025,302;5029,308;5033,320;5038,304;5042,320;5047,304;5051,310;5055,310;5060,310;5064,308;5068,308;5073,308;5077,314;5081,300;5086,298;5090,312;5094,310;5099,310;5103,316;5107,316;5112,314;5116,300;5121,312;5125,320;5129,318;5134,318;5138,318;5142,316;5147,316;5151,308;5155,292;5160,306;5164,306;5168,320;5173,306;5177,310;5181,310;5186,322;5190,322;5195,322;5199,320;5203,312;5208,326;5212,312;5216,312;5221,296;5225,330;5229,316;5234,330;5238,314;5242,328;5247,314;5251,304;5255,318;5260,304;5264,304;5269,304;5273,322;5277,322;5282,322;5286,320;5290,320;5295,320;5299,312;5303,312;5308,298;5312,310;5316,310;5321,322;5325,314;5330,314;5334,314;5338,314;5343,312;5347,306;5351,318;5356,304;5360,316;5364,316;5369,316;5373,308;5377,322;5382,306;5386,320;5390,306;5395,312;5399,310;5404,296;5408,308;5412,308;5417,320;5421,300;5425,314;5430,312;5434,326;5438,310;5443,310;5447,316;5451,300;5456,314;5460,314;5464,312;5469,304;5473,318;5478,316;5482,316;5486,316;5491,314;5495,306;5499,306;5504,304;5508,290;5512,302;5517,302;5521,308;5525,308;5530,320;5534,306;5539,318;5543,318;5547,310;5552,322;5556,308;5560,320;5565,320;5569,326;5573,310;5578,324;5582,308;5586,322;5591,320;5595,298;5599,312;5604,312;5608,310;5613,296;5617,308;5621,314;5626,328;5630,314;5634,328;5639,312;5643,304;5647,304;5652,316;5656,316;5660,314;5665,314;5669,306;5673,318;5678,318;5682,316;5687,302;5691,308;5695,308;5700,320;5704,320;5708,318;5713,318;5717,310;5721,322;5726,322;5730,322;5734,306;5739,320;5743,312;5747,312;5752,324;5756,310;5761,310;5765,314;5769,316;5774,314;5778,328;5782,312;5787,312;5791,318;5795,304;5800,316;5804,316;5808,316;5813,314;5817,320;5821,306;5826,320;5830,306;5835,318;5839,310;5843,310;5848,308;5852,308;5856,308;5861,308;5865,312;5869,312;5874,312;5878,310;5882,310;5887,310;5891,300;5895,300;5900,298;5904,312;5909,298;5913,318;5917,316;5922,316;5926,300;5930,314;5935,314;5939,304;5943,318;5948,288;5952,316;5956,314;5961,328;5965,304;5970,318;5974,318;5978,330;5983,316;5987,308;5991,322;5996,306;6000,320;6004,320;6009,320;6013,296;6017,310;6022,294;6026,308;6030,292;6035,284;6039,284;6044,284;6048,282;6052,282;6057,280;6061,286;6065,286;6070,286;6074,284;6078,284;6083,276;6087,274;6091,274;6096,274;6100,258;6104,286;6109,292;6113,292;6118,276;6122,276;6126,274;6131,258;6135,294;6139,280;6144,292;6148,278;6152,290;6157,282;6161,282;6165,282;6170,296;6174,294;6179,280;6183,272;6187,270;6192,284;6196,268;6200,282;6205,268;6209,288;6213,288;6218,302;6222,286;6226,286;6231,276;6235,276;6239,276;6244,276;6248,274;6253,274;6257,280;6261,280;6266,292;6270,292;6274,278;6279,276;6283,268;6287,282;6292,252;6296,280;6300,278;6305,284;6309,284;6313,270;6318,268;6322,254;6327,282;6331,272;6335,286;6340,272;6344,286;6348,284;6353,284;6357,290;6361,290;6366,288;6370,288;6374,286;6379,278;6383,278;6387,262;6392,276;6396,276;6401,274;6405,280;6409,294;6414,278;6418,292;6422,276;6427,276;6431,282;6435,282;6440,280;6444,278;6448,278;6453,284;6457,268;6461,268;6466,240;6470,280;6475,294;6479,272;6483,272;6488,284;6492,284;6496,268;6501,266;6505,286;6509,286;6514,272;6518,284;6522,298;6527,274;6531,246;6536,286;6540,272;6544,286;6549,284;6553,276;6557,276;6562,276;6566,288;6570,302;6575,286;6579,278;6583,292;6588,278;6592,290;6596,290;\r\nBuffer sent in 0.973 secondsreturn;buffer;965\r\n'), 11:27:29
bytearray(b'received from UR: measure -> measure (0,1)\r\nSTEPPER: Moving to mstep: 6600 with speed [msteps/sec]: 1000 in StealthChop.\r\n'), 11:27:30
bytearray(b'STEPPER: Moving to mstep: 2400 with speed [msteps/sec]: 4000 in SpreadCycle.\r\n'), 11:27:34
bytearray(b'STEPPER: Moved 4200.00 msteps (ramp: 35%) in 1324.884 ms -> average speed [msteps/sec]: 3170.09\r\nreturn;measure;965\r\n'), 11:27:35
bytearray(b'received from UR: buffer -> buffer (0,1)\r\nSending buffer of size 965data;2400,298;2404,458;2408,170;2413,270;2417,312;2421,332;2426,332;2430,318;2434,332;2439,316;2443,322;2447,322;2452,322;2456,334;2460,320;2465,332;2469,324;2473,338;2478,324;2482,336;2487,322;2491,314;2495,326;2500,326;2504,326;2508,324;2513,324;2517,330;2521,330;2526,328;2530,328;2534,328;2539,328;2543,332;2548,320;2552,332;2556,318;2561,332;2565,324;2569,338;2574,322;2578,336;2582,320;2587,334;2591,326;2595,324;2600,338;2604,310;2608,324;2613,322;2617,328;2622,314;2626,340;2630,326;2635,340;2639,330;2643,330;2648,330;2652,314;2656,326;2661,324;2665,332;2669,332;2674,330;2678,316;2683,330;2687,328;2691,320;2696,320;2700,318;2704,334;2709,318;2713,338;2717,322;2722,336;2726,322;2730,334;2735,320;2739,326;2743,338;2748,310;2752,324;2757,322;2761,336;2765,314;2770,328;2774,326;2778,340;2783,310;2787,316;2791,344;2796,314;2800,326;2804,326;2809,340;2813,318;2817,332;2822,316;2826,330;2831,328;2835,320;2839,320;2844,320;2848,332;2852,318;2857,332;2861,322;2865,336;2870,322;2874,334;2878,322;2883,334;2887,326;2891,324;2896,326;2900,326;2905,324;2909,324;2913,344;2918,328;2922,328;2926,328;2931,326;2935,334;2939,318;2944,332;2948,318;2952,330;2957,330;2961,338;2965,322;2970,336;2974,320;2979,334;2983,320;2987,312;2992,326;2996,324;3000,338;3005,310;3009,330;3013,328;3018,328;3022,314;3026,342;3031,326;3035,318;3039,332;3044,316;3048,330;3053,328;3057,328;3061,320;3066,334;3070,318;3074,332;3079,330;3083,322;3087,332;3092,320;3096,320;3100,320;3105,318;3109,324;3114,326;3118,324;3122,336;3127,322;3131,314;3135,328;3140,326;3144,340;3148,312;3153,324;3157,330;3161,330;3166,330;3170,330;3174,314;3179,328;3183,334;3188,318;3192,332;3196,318;3201,332;3205,322;3209,336;3214,322;3218,336;3222,320;3227,334;3231,326;3235,310;3240,324;3244,324;3248,336;3253,314;3257,342;3262,328;3266,328;3270,326;3275,340;3279,332;3283,332;3288,330;3292,316;3296,328;3301,314;3305,334;3309,334;3314,332;3318,316;3323,332;3327,330;3331,308;3336,322;3340,320;3344,334;3349,320;3353,326;3357,324;3362,324;3366,322;3370,336;3375,322;3379,312;3383,326;3388,326;3392,324;3397,324;3401,338;3405,316;3410,328;3414,328;3418,340;3423,326;3427,318;3431,332;3436,316;3440,316;3444,314;3449,328;3453,320;3457,334;3462,318;3466,332;3471,318;3475,332;3479,322;3484,322;3488,334;3492,320;3497,320;3501,324;3505,324;3510,322;3514,336;3518,322;3523,336;3527,326;3531,312;3536,326;3540,310;3545,324;3549,324;3553,330;3558,328;3562,342;3566,326;3571,340;3575,332;3579,318;3584,330;3588,302;3592,314;3597,314;3601,334;3605,318;3610,332;3614,318;3619,332;3623,330;3627,322;3632,322;3636,320;3640,334;3645,318;3649,340;3653,324;3658,338;3662,324;3666,336;3671,322;3675,314;3679,326;3684,328;3688,326;3693,326;3697,326;3701,318;3706,330;3710,330;3714,330;3719,316;3723,320;3727,334;3732,306;3736,332;3740,318;3745,332;3749,324;3753,324;3758,324;3762,336;3767,322;3771,328;3775,342;3780,312;3784,326;3788,312;3793,324;3797,330;3801,330;3806,330;3810,330;3814,328;3819,328;3823,318;3828,318;3832,332;3836,318;3841,330;3845,322;3849,336;3854,320;3858,332;3862,318;3867,332;3871,338;3875,322;3880,322;3884,320;3888,320;3893,320;3897,326;3902,324;3906,338;3910,324;3915,336;3919,328;3923,314;3928,326;3932,312;3936,326;3941,324;3945,344;3949,330;3954,328;3958,328;3962,340;3967,326;3971,318;3976,330;3980,314;3984,328;3989,314;3993,334;3997,320;4002,332;4006,318;4010,332;4015,316;4019,322;4023,336;4028,320;4032,320;4036,320;4041,318;4045,326;4050,340;4054,322;4058,338;4063,322;4067,314;4071,328;4076,328;4080,328;4084,326;4089,326;4093,332;4097,330;4102,316;4106,330;4110,328;4115,328;4119,320;4124,320;4128,318;4132,318;4137,318;4141,322;4145,336;4150,320;4154,334;4158,318;4163,332;4167,338;4171,308;4176,322;4180,320;4184,334;4189,320;4193,340;4198,324;4202,338;4206,324;4211,338;4215,328;4219,314;4224,328;4228,314;4232,326;4237,326;4241,332;4245,316;4250,332;4254,330;4258,330;4263,328;4267,320;4272,334;4276,318;4280,332;4285,318;4289,338;4293,322;4298,336;4302,320;4306,334;4311,320;4315,326;4319,340;4324,310;4328,324;4332,310;4337,324;4341,328;4346,328;4350,328;4354,328;4359,326;4363,304;4367,332;4372,316;4376,330;4380,316;4385,330;4389,322;4393,334;4398,320;4402,332;4407,318;4411,312;4415,324;4420,310;4424,324;4428,322;4433,322;4437,314;4441,328;4446,312;4450,326;4454,312;4459,326;4463,318;4467,318;4472,318;4476,316;4481,316;4485,308;4489,322;4494,320;4498,320;4502,320;4507,320;4511,312;4515,312;4520,324;4524,310;4528,324;4533,310;4537,316;4541,314;4546,316;4550,314;4555,314;4559,306;4563,306;4568,318;4572,318;4576,318;4581,304;4585,324;4589,308;4594,322;4598,308;4602,322;4607,306;4611,312;4616,312;4620,310;4624,324;4629,306;4633,316;4637,314;4642,314;4646,312;4650,326;4655,310;4659,302;4663,316;4668,302;4672,302;4676,300;4681,312;4685,306;4690,304;4694,304;4698,316;4703,316;4707,308;4711,322;4716,306;4720,306;4724,306;4729,304;4733,312;4737,324;4742,308;4746,322;4750,306;4755,320;4759,326;4764,312;4768,324;4772,310;4777,322;4781,314;4785,328;4790,312;4794,326;4798,310;4803,324;4807,330;4811,302;4816,316;4820,314;4824,328;4829,306;4833,322;4838,318;4842,332;4846,318;4851,332;4855,308;4859,308;4864,308;4868,322;4872,320;4877,306;4881,326;4885,312;4890,324;4894,310;4898,324;4903,308;4907,314;4912,314;4916,314;4920,312;4925,310;4929,332;4933,316;4938,316;4942,316;4946,314;4951,314;4955,306;4959,318;4964,318;4968,318;4973,302;4977,322;4981,308;4986,320;4990,306;4994,320;4999,318;5003,310;5007,310;5012,310;5016,322;5020,308;5025,308;5029,314;5033,312;5038,298;5042,312;5047,310;5051,316;5055,316;5060,302;5064,314;5068,314;5073,314;5077,306;5081,318;5086,304;5090,318;5094,316;5099,304;5103,308;5107,306;5112,308;5116,306;5121,320;5125,310;5129,310;5134,308;5138,308;5142,306;5147,320;5151,312;5155,310;5160,322;5164,294;5168,308;5173,306;5177,326;5181,312;5186,326;5190,310;5195,324;5199,316;5203,314;5208,328;5212,312;5216,312;5221,312;5225,318;5229,316;5234,330;5238,314;5242,328;5247,312;5251,304;5255,318;5260,316;5264,316;5269,300;5273,320;5277,306;5282,318;5286,318;5290,318;5295,316;5299,322;5303,306;5308,308;5312,320;5316,318;5321,318;5325,310;5329,322;5334,322;5338,320;5343,306;5347,312;5351,312;5356,310;5360,310;5364,294;5369,308;5373,312;5377,312;5382,310;5386,310;5390,310;5395,302;5399,314;5403,300;5408,312;5412,298;5417,310;5421,316;5425,330;5430,316;5434,316;5438,314;5443,314;5447,304;5451,304;5456,302;5460,302;5464,302;5469,308;5473,306;5478,306;5482,306;5486,304;5491,316;5495,308;5499,294;5504,306;5508,306;5512,306;5517,304;5521,310;5525,308;5530,322;5534,322;5539,320;5543,312;5547,312;5552,324;5556,310;5560,322;5565,308;5569,328;5573,312;5578,326;5582,310;5586,324;5591,310;5595,300;5599,300;5604,298;5608,312;5613,310;5617,316;5621,316;5626,316;5630,314;5634,328;5639,312;5643,304;5647,304;5652,316;5656,316;5660,300;5665,314;5669,306;5673,320;5678,304;5682,318;5687,318;5691,322;5695,322;5700,308;5704,306;5708,320;5713,318;5717,310;5721,310;5726,308;5730,322;5734,322;5739,320;5743,326;5747,312;5752,310;5756,310;5761,310;5765,314;5769,314;5774,314;5778,314;5782,312;5787,312;5791,318;5795,304;5800,304;5804,302;5808,302;5813,300;5817,320;5821,320;5826,320;5830,318;5835,318;5839,310;5843,308;5848,322;5852,306;5856,306;5861,304;5865,324;5869,310;5874,324;5878,308;5882,294;5887,308;5891,300;5895,312;5900,298;5904,312;5909,310;5913,316;5917,316;5922,316;5926,314;5930,314;5935,312;5939,318;5943,318;5948,304;5952,316;5956,302;5961,316;5965,306;5970,320;5974,306;5978,320;5983,304;5987,310;5991,324;5996,308;6000,308;6004,306;6009,320;6013,312;6017,312;6022,296;6026,310;6030,296;6035,288;6039,272;6044,286;6048,284;6052,284;6057,284;6061,290;6065,304;6070,288;6074,288;6078,286;6083,272;6087,278;6091,278;6096,276;6100,290;6105,274;6109,294;6113,294;6118,294;6122,292;6126,292;6131,292;6135,268;6139,268;6144,280;6148,280;6152,278;6157,278;6161,298;6165,284;6170,298;6174,282;6179,266;6183,286;6187,286;6192,284;6196,284;6200,298;6205,282;6209,288;6213,288;6218,302;6222,286;6226,286;6231,278;6235,278;6239,290;6244,276;6248,276;6253,274;6257,280;6261,280;6266,266;6270,278;6274,278;6279,292;6283,268;6287,268;6292,282;6296,280;6300,280;6305,286;6309,286;6313,284;6318,284;6322,282;6327,268;6331,274;6335,288;6340,288;6344,272;6348,270;6353,270;6357,276;6361,276;6366,274;6370,260;6374,274;6379,280;6383,280;6387,278;6392,292;6396,278;6401,290;6405,282;6409,296;6414,282;6418,282;6422,280;6427,294;6431,258;6435,286;6440,270;6444,284;6448,282;6453,288;6457,288;6461,288;6466,286;6470,286;6475,284;6479,262;6483,276;6488,274;6492,274;6496,272;6501,272;6505,248;6509,276;6514,290;6518,290;6522,290;6527,294;6531,280;6536,280;6540,264;6544,278;6549,278;6553,270;6557,268;6562,282;6566,280;6570,280;6575,272;6579,286;6583,284;6588,284;6592,284;6596,282;\r\nBuffer sent in 0.973 secondsreturn;buffer;965\r\n'), 11:27:37
bytearray(b'received from UR: measure -> measure (0,1)\r\nSTEPPER: Moving to mstep: 6600 with speed [msteps/sec]: 1000 in StealthChop.\r\n'), 11:27:38
bytearray(b'STEPPER: Moving to mstep: 2400 with speed [msteps/sec]: 4000 in SpreadCycle.\r\n'), 11:27:43
bytearray(b'STEPPER: Moved 4200.00 msteps (ramp: 35%) in 1324.888 ms -> average speed [msteps/sec]: 3170.08\r\nreturn;measure;965\r\n'), 11:27:44
bytearray(b'received from UR: buffer -> buffer (0,1)\r\nSending buffer of size 965data;2400,306;2404,460;2408,142;2413,272;2417,314;2421,320;2426,334;2430,318;2434,332;2439,318;2443,310;2447,324;2452,324;2456,336;2460,322;2465,322;2469,328;2474,328;2478,314;2482,328;2487,326;2491,340;2495,332;2500,332;2504,330;2508,316;2513,330;2517,322;2521,336;2526,320;2530,334;2534,320;2539,334;2543,326;2548,312;2552,326;2556,324;2561,324;2565,330;2569,330;2574,328;2578,330;2582,314;2587,328;2591,334;2595,318;2600,332;2604,318;2608,332;2613,316;2617,338;2622,322;2626,336;2630,322;2635,336;2639,328;2643,314;2648,326;2652,326;2656,326;2661,312;2665,330;2669,330;2674,344;2678,316;2682,330;2687,328;2691,320;2696,334;2700,320;2704,320;2709,318;2713,326;2717,326;2722,340;2726,324;2730,338;2735,322;2739,316;2743,330;2748,314;2752,328;2757,314;2761,328;2765,320;2770,334;2774,318;2778,334;2783,318;2787,324;2791,338;2796,308;2800,324;2804,322;2809,336;2813,314;2817,342;2822,328;2826,342;2831,326;2835,318;2839,330;2844,316;2848,330;2852,330;2857,330;2861,320;2865,334;2870,320;2874,334;2878,318;2883,332;2887,324;2891,310;2896,322;2900,322;2905,320;2909,320;2913,326;2918,324;2922,324;2926,324;2931,336;2935,314;2939,314;2944,326;2948,314;2952,340;2957,312;2961,332;2965,318;2970,344;2974,330;2979,344;2983,328;2987,306;2992,320;2996,320;3000,332;3005,318;3009,338;3013,324;3018,338;3022,322;3026,336;3031,322;3035,326;3039,326;3044,312;3048,324;3053,324;3057,324;3061,330;3066,344;3070,316;3074,328;3079,326;3083,318;3087,332;3092,318;3096,316;3100,316;3105,330;3109,322;3113,336;3118,320;3122,334;3127,318;3131,332;3135,324;3140,324;3144,338;3148,308;3153,336;3157,328;3161,328;3166,314;3170,340;3174,324;3179,338;3183,330;3187,316;3192,330;3196,314;3201,328;3205,320;3209,334;3214,318;3218,332;3222,318;3227,332;3231,324;3235,324;3240,336;3244,322;3248,322;3253,322;3257,342;3262,314;3266,340;3270,326;3275,340;3279,332;3283,318;3288,318;3292,316;3296,316;3301,316;3305,336;3309,322;3314,336;3318,320;3322,334;3327,334;3331,326;3336,340;3340,312;3344,324;3349,324;3353,332;3357,330;3362,330;3366,330;3370,330;3375,328;3379,320;3383,334;3388,322;3392,334;3396,306;3401,334;3405,326;3410,340;3414,324;3418,338;3423,324;3427,316;3431,330;3436,330;3440,328;3444,314;3449,328;3453,320;3457,334;3462,318;3466,332;3470,318;3475,332;3479,324;3484,322;3488,322;3492,308;3497,320;3501,326;3505,340;3510,326;3514,326;3518,324;3523,326;3527,332;3531,316;3536,330;3540,316;3544,330;3549,314;3553,336;3558,334;3562,334;3566,320;3571,332;3575,324;3579,324;3584,324;3588,322;3592,336;3597,308;3601,342;3605,326;3610,340;3614,324;3618,338;3623,324;3627,316;3632,330;3636,328;3640,328;3645,314;3649,334;3653,320;3658,334;3662,318;3666,332;3671,332;3675,310;3679,322;3684,322;3688,336;3692,320;3697,334;3701,326;3706,326;3710,324;3714,326;3719,324;3723,316;3727,328;3732,314;3736,326;3740,328;3745,340;3749,318;3753,332;3758,332;3762,332;3767,330;3771,322;3775,336;3780,322;3784,334;3788,320;3793,334;3797,324;3801,340;3806,324;3810,338;3814,324;3819,338;3823,328;3827,314;3832,314;3836,314;3841,326;3845,320;3849,332;3854,318;3858,332;3862,330;3867,344;3871,322;3875,322;3880,336;3884,320;3888,334;3893,320;3897,340;3902,326;3906,326;3910,324;3915,338;3919,330;3923,330;3928,328;3932,314;3936,326;3941,312;3945,332;3949,332;3954,332;3958,316;3962,330;3967,328;3971,322;3976,334;3980,320;3984,334;3989,318;3993,330;3997,324;4002,338;4006,324;4010,336;4015,322;4019,314;4023,328;4028,314;4032,326;4036,326;4041,326;4045,318;4050,344;4054,330;4058,344;4063,328;4067,320;4071,322;4076,320;4080,320;4084,318;4089,318;4093,324;4097,324;4102,324;4106,324;4110,322;4115,336;4119,328;4124,328;4128,314;4132,314;4137,326;4141,332;4145,332;4150,332;4154,330;4158,330;4163,330;4167,336;4171,308;4176,320;4180,320;4184,334;4189,320;4193,340;4198,326;4202,338;4206,324;4211,338;4215,316;4219,316;4224,328;4228,314;4232,328;4237,314;4241,334;4245,320;4250,334;4254,320;4258,332;4263,318;4267,310;4272,324;4276,324;4280,324;4285,322;4289,330;4293,314;4298,328;4302,328;4306,328;4311,326;4315,318;4319,332;4324,302;4328,316;4332,316;4337,330;4341,336;4346,336;4350,320;4354,334;4359,320;4363,326;4367,340;4372,312;4376,326;4380,310;4385,338;4389,316;4393,330;4398,314;4402,330;4407,314;4411,328;4415,320;4420,320;4424,318;4428,304;4433,318;4437,324;4441,322;4446,322;4450,322;4454,306;4459,334;4463,312;4467,312;4472,312;4476,312;4481,324;4485,314;4489,316;4494,314;4498,314;4502,314;4507,328;4511,320;4515,318;4520,318;4524,304;4528,318;4533,304;4537,324;4541,322;4546,322;4550,308;4555,322;4559,314;4563,314;4568,312;4572,312;4576,326;4581,312;4585,318;4589,304;4594,318;4598,304;4602,318;4607,316;4611,308;4615,310;4620,308;4624,322;4629,308;4633,328;4637,314;4642,314;4646,312;4650,312;4655,312;4659,304;4663,318;4668,302;4672,302;4676,302;4681,316;4685,308;4689,306;4694,306;4698,320;4703,306;4707,310;4711,312;4716,308;4720,310;4724,308;4729,308;4733,316;4737,300;4742,314;4746,314;4750,314;4755,314;4759,322;4764,320;4768,320;4772,306;4777,318;4781,312;4785,326;4790,310;4794,324;4798,310;4803,324;4807,328;4811,302;4816,316;4820,314;4824,328;4829,314;4833,334;4838,320;4842,334;4846,318;4851,318;4855,310;4859,310;4864,324;4868,310;4872,324;4877,324;4881,316;4885,316;4890,316;4894,314;4898,314;4903,314;4907,320;4912,320;4916,320;4920,306;4925,306;4929,326;4933,312;4938,312;4942,312;4946,326;4951,312;4955,318;4959,318;4964,302;4968,316;4972,316;4977,316;4981,306;4986,320;4990,308;4994,320;4999,320;5003,298;5007,310;5012,310;5016,310;5020,310;5025,322;5029,314;5033,314;5038,314;5042,314;5047,312;5051,306;5055,318;5060,304;5064,304;5068,304;5073,316;5077,308;5081,308;5086,308;5090,322;5094,306;5099,322;5103,298;5107,312;5112,312;5116,310;5121,312;5125,302;5129,316;5134,316;5138,314;5142,316;5147,314;5151,320;5155,306;5160,318;5164,304;5168,318;5173,304;5177,324;5181,308;5186,322;5190,322;5195,320;5199,326;5203,312;5208,324;5212,312;5216,324;5221,310;5225,330;5229,316;5234,316;5238,314;5242,328;5247,314;5251,306;5255,306;5260,318;5264,318;5269,304;5273,324;5277,308;5282,322;5286,322;5290,320;5295,306;5299,312;5303,312;5308,312;5312,324;5316,310;5321,312;5325,316;5329,302;5334,316;5338,314;5343,314;5347,306;5351,318;5356,320;5360,318;5364,304;5369,318;5373,310;5377,324;5382,308;5386,322;5390,308;5395,320;5399,314;5403,298;5408,312;5412,312;5417,312;5421,302;5425,318;5430,316;5434,316;5438,300;5443,328;5447,304;5451,304;5456,304;5460,304;5464,316;5469,302;5473,308;5478,306;5482,320;5486,306;5491,318;5495,310;5499,310;5504,308;5508,308;5512,308;5517,308;5521,312;5525,310;5530,312;5534,310;5538,310;5543,310;5547,316;5552,328;5556,300;5560,314;5565,312;5569,334;5573,318;5578,304;5582,302;5586,316;5591,316;5595,306;5599,322;5604,306;5608,320;5612,304;5617,304;5621,310;5626,324;5630,308;5634,322;5639,308;5643,314;5647,314;5652,312;5656,312;5660,312;5665,310;5669,316;5673,316;5678,316;5682,316;5687,314;5691,308;5695,306;5700,306;5704,318;5708,318;5713,318;5717,310;5721,324;5726,310;5730,322;5734,308;5739,322;5743,328;5747,300;5752,312;5756,312;5761,312;5765,316;5769,316;5774,302;5778,316;5782,314;5787,314;5791,306;5795,306;5800,318;5804,304;5808,318;5813,304;5817,324;5821,308;5826,322;5830,308;5835,308;5839,314;5843,314;5848,312;5852,312;5856,312;5861,312;5865,304;5869,302;5874,316;5878,316;5882,316;5887,314;5891,308;5895,308;5900,306;5904,304;5909,306;5913,312;5917,310;5922,312;5926,310;5930,310;5935,308;5939,314;5943,328;5948,300;5952,312;5956,300;5961,312;5965,306;5969,318;5974,304;5978,318;5983,304;5987,310;5991,322;5996,308;6000,322;6004,308;6009,320;6013,312;6017,326;6022,298;6026,310;6030,296;6035,288;6039,288;6043,286;6048,272;6052,286;6057,270;6061,290;6065,304;6070,290;6074,290;6078,288;6083,258;6087,294;6091,294;6096,280;6100,280;6104,292;6109,272;6113,284;6118,282;6122,254;6126,282;6131,296;6135,288;6139,286;6144,300;6148,286;6152,284;6157,270;6161,292;6165,290;6170,290;6174,276;6178,260;6183,294;6187,280;6192,294;6196,278;6200,292;6205,278;6209,284;6213,282;6218,254;6222,282;6226,294;6231,272;6235,272;6239,270;6244,284;6248,270;6252,268;6257,290;6261,288;6266,288;6270,288;6274,286;6279,286;6283,278;6287,262;6292,262;6296,272;6300,274;6305,280;6309,280;6313,250;6318,278;6322,292;6327,278;6331,270;6335,296;6340,282;6344,280;6348,266;6353,278;6357,286;6361,284;6366,284;6370,254;6374,282;6379,288;6383,288;6387,288;6392,274;6396,286;6401,286;6405,292;6409,292;6414,290;6418,276;6422,288;6427,288;6431,280;6435,280;6440,264;6444,278;6448,264;6453,284;6457,284;6461,282;6466,240;6470,282;6475,296;6479,274;6483,286;6488,272;6492,286;6496,270;6501,270;6505,276;6509,276;6514,290;6518,274;6522,288;6527,280;6531,280;6535,292;6540,278;6544,278;6549,276;6553,284;6557,268;6562,282;6566,282;6570,296;6575,280;6579,272;6583,272;6588,272;6592,272;6596,270;\r\nBuffer sent in 0.973 secondsreturn;buffer;965\r\n'), 11:27:46
bytearray(b'received from UR: measure -> measure (0,1)\r\nSTEPPER: Moving to mstep: 6600 with speed [msteps/sec]: 1000 in StealthChop.\r\n'), 11:27:47
bytearray(b'STEPPER: Moving to mstep: 2400 with speed [msteps/sec]: 4000 in SpreadCycle.\r\n'), 11:27:51
bytearray(b'STEPPER: Moved 4200.00 msteps (ramp: 35%) in 1324.888 ms -> average speed [msteps/sec]: 3170.08\r\nreturn;measure;964\r\n'), 11:27:52
bytearray(b'received from UR: buffer -> buffer (0,1)\r\nSending buffer of size 964data;2400,298;2404,452;2408,164;2413,278;2417,318;2421,326;2426,340;2430,324;2434,338;2439,324;2443,330;2447,330;2452,314;2456,314;2460,314;2465,328;2469,320;2474,334;2478,318;2482,332;2487,318;2491,324;2495,338;2500,322;2504,322;2508,322;2513,322;2517,328;2521,328;2526,326;2530,326;2534,324;2539,324;2543,330;2548,316;2552,328;2556,312;2561,326;2565,318;2569,332;2574,316;2578,330;2582,316;2587,330;2591,336;2595,320;2600,334;2604,306;2608,320;2613,318;2617,340;2622,324;2626,338;2630,322;2635,336;2639,328;2643,328;2648,328;2652,312;2656,326;2661,326;2665,332;2669,318;2674,330;2678,316;2682,330;2687,328;2691,320;2696,334;2700,318;2704,318;2709,318;2713,338;2717,320;2722,336;2726,322;2730,334;2735,320;2739,312;2743,340;2748,324;2752,324;2756,310;2761,324;2765,330;2770,330;2774,328;2778,328;2783,314;2787,306;2791,332;2796,318;2800,332;2804,316;2809,330;2813,322;2817,336;2822,322;2826,334;2830,320;2835,334;2839,326;2844,310;2848,324;2852,324;2857,338;2861,328;2865,328;2870,314;2874,328;2878,326;2883,326;2887,332;2891,316;2896,330;2900,330;2905,330;2909,328;2913,334;2918,320;2922,334;2926,332;2931,332;2935,324;2939,308;2944,322;2948,322;2952,336;2957,320;2961,340;2965,326;2970,340;2974,324;2979,338;2983,322;2987,316;2992,328;2996,328;3000,340;3005,326;3009,334;3013,318;3018,332;3022,316;3026,344;3031,330;3035,322;3040,322;3044,320;3048,320;3053,334;3057,326;3061,312;3066,326;3070,324;3074,326;3079,324;3083,314;3087,316;3092,314;3096,314;3100,328;3105,328;3109,320;3114,334;3118,318;3122,332;3127,332;3131,324;3135,322;3140,308;3144,322;3148,306;3153,334;3157,326;3161,338;3166,324;3170,338;3174,324;3179,338;3183,330;3188,314;3192,328;3196,300;3201,326;3205,318;3209,348;3214,332;3218,346;3222,318;3227,346;3231,322;3235,322;3240,320;3244,306;3248,318;3253,318;3257,338;3262,322;3266,336;3270,322;3275,334;3279,326;3283,312;3288,326;3292,324;3296,324;3301,324;3305,330;3309,328;3314,328;3318,326;3322,326;3327,324;3331,316;3336,330;3340,316;3344,330;3349,314;3353,334;3357,320;3362,332;3366,332;3370,332;3375,316;3379,308;3383,322;3388,320;3392,334;3396,320;3401,334;3405,326;3410,340;3414,324;3418,338;3423,324;3427,330;3431,330;3436,330;3440,328;3444,314;3449,328;3453,320;3457,334;3462,318;3466,332;3470,318;3475,332;3479,336;3484,322;3488,320;3492,306;3497,320;3501,326;3505,340;3510,324;3514,338;3518,322;3523,336;3527,328;3531,314;3536,340;3540,312;3544,338;3549,310;3553,330;3558,316;3562,328;3566,328;3571,328;3575,332;3579,304;3584,318;3588,316;3592,330;3597,316;3601,320;3610,334;3614,320;3618,334;3623,320;3627,324;3632,324;3636,308;3640,322;3645,308;3649,334;3653,326;3658,340;3662,326;3666,338;3671,324;3675,316;3679,330;3684,328;3688,328;3692,328;3697,328;3701,316;3706,332;3710,332;3714,332;3719,316;3723,308;3727,322;3732,322;3736,334;3740,320;3745,334;3749,326;3753,326;3758,324;3762,338;3767,322;3771,314;3775,328;3780,328;3784,340;3788,326;3793,324;3797,316;3801,330;3806,316;3810,344;3814,328;3819,328;3823,334;3827,318;3832,318;3836,318;3841,330;3845,322;3849,336;3854,322;3858,336;3862,320;3867,334;3871,326;3875,326;3880,338;3884,324;3888,324;3893,308;3897,328;3901,328;3906,326;3910,326;3915,326;3919,324;3923,330;3928,330;3932,314;3936,328;3941,314;3945,334;3949,334;3954,332;3958,318;3962,332;3967,316;3971,322;3975,336;3980,320;3984,334;3989,318;3993,332;3997,324;4002,336;4006,322;4010,336;4015,320;4019,326;4023,338;4028,324;4032,322;4036,308;4041,322;4045,326;4049,340;4054,324;4058,338;4063,322;4067,336;4071,328;4076,326;4080,326;4084,312;4089,326;4093,330;4097,344;4102,328;4106,326;4110,326;4115,326;4119,332;4123,316;4128,330;4132,314;4137,328;4141,326;4145,332;4150,318;4154,332;4158,316;4163,330;4167,336;4171,320;4176,334;4180,306;4184,318;4189,316;4193,336;4197,322;4202,336;4206,320;4211,332;4215,324;4219,310;4224,322;4228,308;4232,336;4237,320;4241,340;4245,326;4250,338;4254,324;4258,334;4263,322;4267,328;4272,328;4276,326;4280,326;4285,310;4289,330;4293,330;4298,342;4302,328;4306,328;4311,314;4315,318;4319,318;4324,318;4328,332;4332,316;4337,344;4341,320;4346,334;4350,320;4354,332;4359,332;4363,324;4367,324;4372,308;4376,322;4380,306;4385,334;4389,324;4393,340;4398,324;4402,338;4406,308;4411,314;4415,312;4420,312;4424,324;4428,310;4433,322;4437,314;4441,328;4446,312;4450,326;4454,310;4459,324;4463,316;4467,316;4472,328;4476,314;4480,312;4485,312;4489,332;4494,316;4498,316;4502,314;4507,328;4511,306;4515,306;4520,318;4524,304;4528,318;4533,316;4537,322;4541,308;4546,320;4550,320;4555,320;4559,318;4563,310;4568,310;4572,294;4576,308;4581,306;4585,326;4589,312;4594,324;4598,308;4602,322;4607,308;4611,300;4615,312;4620,298;4624,312;4629,310;4633,316;4637,302;4642,316;4646,314;4650,314;4655,314;4659,306;4663,304;4668,304;4672,304;4676,302;4681,316;4685,308;4689,308;4694,306;4698,320;4703,318;4707,296;4711,308;4716,308;4720,308;4724,292;4729,306;4733,312;4737,326;4742,312;4746,324;4750,310;4755,324;4759,316;4763,300;4768,314;4772,312;4777,314;4781,318;4785,332;4790,316;4794,330;4798,314;4803,328;4807,306;4811,304;4816,318;4820,316;4824,316;4829,302;4833,322;4837,306;4842,320;4846,306;4851,332;4855,312;4859,310;4864,310;4868,308;4872,308;4877,308;4881,328;4885,326;4890,326;4894,312;4898,324;4903,310;4907,316;4912,314;4916,314;4920,314;4925,312;4929,318;4933,318;4938,318;4942,316;4946,316;4951,316;4955,306;4959,320;4964,304;4968,318;4972,316;4977,316;4981,308;4986,320;4990,306;4994,320;4999,304;5003,310;5007,310;5012,308;5016,308;5020,320;5025,320;5029,298;5033,312;5038,310;5042,324;5046,308;5051,306;5055,314;5060,300;5064,312;5068,312;5073,312;5077,304;5081,316;5086,316;5090,316;5094,314;5099,314;5103,306;5107,306;5112,304;5116,290;5120,304;5125,310;5129,322;5134,308;5138,322;5142,320;5147,320;5151,324;5155,296;5160,308;5164,308;5168,322;5173,306;5177,326;5181,312;5186,324;5190,310;5194,322;5199,308;5203,300;5208,314;5212,312;5216,326;5221,312;5225,332;5229,316;5234,330;5238,316;5242,326;5247,314;5251,306;5255,306;5260,306;5264,318;5268,304;5273,304;5277,310;5282,322;5286,308;5290,320;5295,306;5299,326;5303,324;5308,310;5312,310;5316,296;5321,308;5325,316;5329,328;5334,314;5338,328;5343,314;5347,304;5351,304;5356,304;5360,318;5364,316;5369,316;5373,308;5377,322;5382,306;5386,320;5390,306;5395,298;5399,312;5403,298;5408,310;5412,296;5417,308;5421,314;5425,328;5430,312;5434,326;5438,312;5443,326;5447,302;5451,302;5456,302;5460,300;5464,300;5469,300;5473,320;5478,304;5482,318;5486,316;5491,302;5495,322;5499,306;5504,306;5508,320;5512,318;5517,304;5521,310;5525,308;5530,322;5534,322;5538,320;5543,306;5547,298;5552,310;5556,310;5560,322;5565,308;5569,326;5573,312;5578,326;5582,310;5586,324;5591,308;5595,314;5599,326;5604,312;5608,312;5612,296;5617,308;5621,316;5626,330;5630,314;5634,328;5639,312;5643,304;5647,302;5652,302;5656,302;5660,302;5665,314;5669,320;5673,320;5678,318;5682,318;5686,316;5691,310;5695,322;5700,320;5704,320;5708,306;5713,318;5717,310;5721,310;5726,308;5730,322;5734,320;5739,320;5743,312;5747,310;5752,310;5756,294;5760,322;5765,306;5769,312;5774,310;5778,310;5782,296;5787,308;5791,314;5795,312;5800,326;5804,310;5808,310;5813,308;5817,328;5821,314;5826,314;5830,298;5835,312;5839,304;5843,316;5848,316;5852,316;5856,314;5861,300;5865,320;5869,304;5874,304;5878,302;5882,302;5887,302;5891,308;5895,320;5900,306;5904,306;5909,304;5913,312;5917,310;5922,310;5926,308;5930,322;5935,308;5939,314;5943,326;5948,312;5952,312;5956,298;5961,310;5965,318;5969,318;5974,302;5978,316;5983,302;5987,308;5991,322;5996,306;6000,320;6004,304;6009,318;6013,310;6017,310;6022,296;6026,308;6030,294;6035,286;6039,286;6044,284;6048,284;6052,270;6057,282;6061,288;6065,288;6070,288;6074,302;6078,300;6083,286;6087,278;6091,278;6096,276;6100,276;6104,276;6109,296;6113,282;6118,294;6122,294;6126,294;6131,280;6135,272;6139,272;6144,284;6148,270;6152,282;6157,268;6161,288;6165,288;6170,302;6174,286;6178,286;6183,278;6187,278;6192,276;6196,262;6200,276;6205,276;6209,280;6213,294;6218,294;6222,294;6226,280;6231,280;6235,284;6239,284;6244,284;6248,282;6252,268;6257,288;6261,286;6266,272;6270,270;6274,270;6279,284;6283,276;6287,274;6292,248;6296,288;6300,288;6305,288;6309,280;6313,250;6318,280;6322,294;6326,278;6331,284;6335,284;6340,270;6344,282;6348,282;6353,282;6357,288;6361,300;6366,286;6370,300;6374,284;6379,278;6383,276;6387,276;6392,290;6396,288;6400,288;6405,278;6409,278;6414,292;6418,292;6422,290;6427,254;6431,280;6435,280;6440,280;6444,292;6448,292;6453,284;6457,284;6461,268;6466,252;6470,280;6475,294;6479,286;6483,286;6488,284;6492,270;6496,268;6501,268;6505,274;6509,286;6514,300;6518,286;6522,286;6527,292;6531,278;6535,290;6540,276;6544,288;6549,274;6553,296;6557,280;6562,280;6566,280;6570,278;6575,278;6579,270;6583,270;6588,254;6592,282;6596,282;\r\nBuffer sent in 0.972 secondsreturn;buffer;964\r\n'), 11:27:54
bytearray(b'received from UR: measure -> measure (0,1)\r\nSTEPPER: Moving to mstep: 6600 with speed [msteps/sec]: 1000 in StealthChop.\r\n'), 11:27:56
bytearray(b'STEPPER: Moving to mstep: 2400 with speed [msteps/sec]: 4000 in SpreadCycle.\r\n'), 11:28:00
bytearray(b'STEPPER: Moved 4200.00 msteps (ramp: 35%) in 1324.880 ms -> average speed [msteps/sec]: 3170.10\r\nreturn;measure;965\r\n'), 11:28:01
bytearray(b'received from UR: buffer -> buffer (0,1)\r\nSending buffer of size 965data;2400,306;2404,450;2408,160;2413,274;2417,316;2421,324;2426,338;2430,322;2434,336;2439,322;2443,328;2447,328;2452,314;2456,324;2460,312;2465,340;2469,316;2474,330;2478,328;2482,328;2487,328;2491,318;2495,332;2500,332;2504,330;2508,316;2513,328;2517,322;2521,334;2526,318;2530,332;2534,318;2539,330;2543,336;2548,320;2552,334;2556,320;2561,332;2565,324;2569,338;2574,322;2578,336;2582,322;2587,336;2591,326;2595,312;2600,324;2604,324;2608,322;2613,308;2617,342;2622,326;2626,326;2630,326;2635,338;2639,316;2643,316;2648,314;2652,314;2656,328;2661,326;2665,332;2669,314;2674,330;2678,330;2682,328;2687,328;2691,320;2696,332;2700,332;2704,332;2709,316;2713,336;2717,322;2722,334;2726,318;2730,332;2735,318;2739,322;2743,336;2748,322;2752,320;2757,306;2761,332;2765,324;2770,324;2774,322;2778,336;2783,322;2787,312;2791,326;2796,310;2800,338;2804,324;2809,336;2813,314;2817,342;2822,312;2826,340;2831,312;2835,318;2839,330;2844,330;2848,330;2852,314;2857,326;2861,320;2865,332;2870,316;2874,330;2878,328;2883,328;2887,320;2891,332;2896,332;2900,316;2905,330;2909,328;2913,334;2918,334;2922,332;2926,318;2931,332;2935,324;2939,320;2944,320;2948,306;2952,334;2957,320;2961,338;2965,324;2970,336;2974,320;2979,336;2983,320;2987,312;2992,326;2996,310;3000,324;3005,324;3009,344;3013,328;3018,342;3022,326;3026,340;3031,326;3035,318;3039,330;3044,316;3048,328;3053,316;3057,316;3061,320;3066,334;3070,320;3074,334;3079,318;3083,324;3087,324;3092,310;3096,322;3100,308;3105,334;3109,326;3113,326;3118,324;3122,326;3127,324;3131,316;3135,330;3140,314;3144,328;3148,314;3153,326;3157,318;3161,332;3166,318;3170,330;3174,316;3179,330;3183,336;3187,322;3192,320;3196,306;3201,334;3205,312;3209,326;3214,324;3218,338;3222,322;3227,334;3231,328;3235,314;3240,326;3244,326;3248,324;3253,324;3257,330;3262,328;3266,328;3270,326;3275,340;3279,330;3283,316;3288,330;3292,328;3296,328;3301,326;3305,332;3309,332;3314,332;3318,316;3322,330;3327,328;3331,306;3336,320;3340,304;3344,318;3349,318;3353,338;3357,324;3362,336;3366,322;3370,336;3375,320;3379,326;3383,326;3388,310;3392,324;3396,322;3401,324;3405,328;3410,342;3414,314;3418,340;3423,324;3427,318;3431,330;3436,330;3440,328;3444,316;3449,328;3453,320;3457,334;3462,320;3466,332;3470,318;3475,332;3479,338;3484,324;3488,322;3492,322;3497,320;3501,326;3505,326;3510,324;3514,326;3518,324;3523,338;3527,316;3531,300;3536,328;3540,314;3544,326;3549,314;3553,332;3558,332;3562,332;3566,330;3571,344;3575,336;3579,320;3584,334;3588,306;3592,320;3597,318;3601,340;3605,324;3610,338;3614,322;3618,336;3623,322;3627,328;3632,326;3636,312;3640,326;3645,324;3649,332;3653,316;3658,330;3662,328;3666,342;3671,328;3675,306;3679,318;3684,318;3688,330;3692,330;3697,330;3701,322;3706,336;3710,320;3714,334;3719,320;3723,312;3727,324;3732,324;3736,324;3740,308;3745,322;3749,328;3753,328;3758,326;3762,326;3766,326;3771,326;3775,332;3780,316;3784,330;3788,316;3793,330;3797,320;3801,336;3806,320;3810,334;3814,318;3819,334;3823,326;3827,324;3832,324;3836,324;3841,324;3845,316;3849,330;3854,328;3858,328;3862,328;3867,328;3871,334;3875,318;3880,320;3884,318;3888,332;3893,316;3897,324;3901,336;3906,336;3910,322;3915,334;3919,326;3923,314;3928,326;3932,312;3936,324;3941,310;3945,330;3949,316;3954,330;3958,328;3962,328;3967,328;3971,320;3976,334;3980,320;3984,318;3989,318;3993,332;3997,310;4002,338;4006,322;4010,336;4015,322;4019,314;4023,328;4028,326;4032,326;4036,312;4041,324;4045,316;4050,344;4054,316;4058,330;4063,328;4067,320;4071,334;4076,318;4080,332;4084,332;4089,332;4093,322;4097,336;4102,322;4106,336;4110,320;4115,334;4119,314;4124,310;4128,340;4132,324;4137,324;4141,316;4145,330;4150,316;4154,330;4158,328;4163,326;4167,332;4171,318;4176,332;4180,316;4184,330;4189,316;4193,336;4198,320;4202,334;4206,320;4211,330;4215,324;4219,324;4224,324;4228,308;4232,308;4237,308;4241,328;4245,314;4250,340;4254,326;4258,340;4263,324;4267,316;4272,330;4276,328;4280,328;4285,314;4289,334;4293,332;4298,332;4302,318;4306,332;4311,330;4315,308;4319,322;4324,306;4328,334;4332,320;4337,334;4341,326;4346,326;4350,324;4354,324;4359,322;4363,316;4367,328;4372,312;4376,326;4380,312;4385,340;4389,318;4393,332;4398,316;4402,330;4406,316;4411,308;4415,320;4420,306;4424,320;4428,306;4433,318;4437,310;4441,324;4446,324;4450,324;4454,308;4459,322;4463,314;4467,314;4472,314;4476,312;4481,312;4485,318;4489,318;4494,316;4498,318;4502,316;4507,330;4511,308;4515,306;4520,306;4524,320;4528,320;4533,306;4537,312;4541,312;4546,324;4550,310;4555,324;4559,316;4563,300;4568,314;4572,300;4576,298;4581,298;4585,318;4589,316;4594,318;4598,316;4602,316;4607,314;4611,306;4615,320;4620,304;4624,318;4629,316;4633,322;4637,322;4642,322;4646,306;4650,320;4655,318;4659,310;4663,310;4668,308;4672,308;4676,294;4681,320;4685,298;4690,312;4694,310;4698,310;4703,310;4707,300;4711,300;4716,300;4720,312;4724,312;4729,312;4733,318;4737,318;4742,316;4746,316;4750,316;4755,316;4759,320;4764,306;4768,320;4772,304;4777,318;4781,310;4785,324;4790,322;4794,324;4798,322;4803,336;4807,312;4811,298;4816,326;4820,312;4824,310;4829,310;4833,330;4838,314;4842,328;4846,312;4851,326;4855,318;4859,318;4864,316;4868,316;4872,314;4877,316;4881,320;4885,318;4890,318;4894,318;4898,316;4903,316;4907,322;4912,320;4916,306;4920,320;4925,318;4929,324;4933,310;4938,324;4942,308;4946,322;4951,320;4955,312;4959,312;4964,312;4968,310;4972,310;4977,322;4981,302;4986,314;4990,314;4994,314;4999,312;5003,306;5007,318;5012,304;5016,304;5020,304;5025,302;5029,308;5033,322;5038,308;5042,320;5046,306;5051,312;5055,312;5060,296;5064,310;5068,310;5073,308;5077,316;5081,314;5086,314;5090,314;5094,312;5099,312;5103,318;5107,316;5112,316;5116,302;5121,316;5125,308;5129,310;5134,308;5138,320;5142,306;5147,320;5151,326;5155,310;5160,310;5164,296;5168,322;5173,322;5177,314;5181,312;5186,326;5190,310;5195,324;5199,316;5203,302;5208,314;5212,314;5216,314;5221,312;5225,320;5229,318;5234,332;5238,316;5242,330;5247,316;5251,308;5255,306;5260,294;5264,306;5269,320;5273,318;5277,310;5282,312;5286,310;5290,324;5295,310;5299,316;5303,316;5308,314;5312,314;5316,314;5321,314;5325,320;5329,318;5334,318;5338,318;5343,316;5347,294;5351,308;5356,294;5360,322;5364,320;5369,320;5373,312;5377,326;5382,310;5386,324;5390,310;5395,324;5399,302;5403,302;5408,302;5412,300;5417,300;5421,320;5425,320;5430,306;5434,318;5438,304;5443,318;5447,310;5451,310;5456,308;5460,308;5464,308;5469,306;5473,312;5477,312;5482,312;5486,310;5491,310;5495,302;5499,302;5504,300;5508,300;5512,300;5517,300;5521,320;5525,318;5530,318;5534,318;5538,318;5543,316;5547,308;5552,322;5556,308;5560,308;5565,306;5569,326;5573,312;5578,326;5582,312;5586,326;5591,310;5595,318;5599,316;5604,302;5608,316;5612,302;5617,314;5621,320;5626,322;5630,306;5634,334;5639,318;5643,312;5647,312;5652,312;5656,310;5660,310;5665,310;5669,316;5673,316;5678,314;5682,328;5687,314;5691,320;5695,320;5700,306;5704,318;5708,304;5713,304;5717,324;5721,324;5726,308;5730,322;5734,308;5739,320;5743,326;5747,312;5752,312;5756,298;5761,326;5765,304;5769,318;5774,304;5778,316;5782,302;5787,316;5791,306;5795,294;5800,320;5804,306;5808,320;5813,304;5817,324;5821,310;5826,324;5830,308;5835,308;5839,314;5843,314;5848,314;5852,312;5856,312;5861,312;5865,306;5869,304;5874,316;5878,302;5882,316;5887,302;5891,308;5895,306;5900,306;5904,304;5909,304;5913,312;5917,310;5922,310;5926,310;5930,324;5935,322;5939,300;5943,300;5948,300;5952,328;5956,312;5961,314;5965,304;5969,318;5974,304;5978,318;5983,302;5987,308;5991,320;5996,292;6000,318;6004,306;6009,318;6013,312;6017,324;6022,310;6026,310;6030,294;6035,286;6039,272;6044,284;6048,270;6052,270;6057,270;6061,290;6065,288;6070,288;6074,302;6078,302;6083,280;6087,278;6091,278;6096,276;6100,276;6104,290;6109,268;6113,282;6118,280;6122,280;6126,294;6131,294;6135,286;6139,270;6144,270;6148,268;6152,296;6157,274;6161,274;6165,286;6170,286;6174,284;6178,298;6183,276;6187,276;6192,274;6196,274;6200,286;6205,284;6209,290;6213,290;6218,302;6222,288;6226,286;6231,264;6235,264;6239,276;6244,276;6248,274;6253,260;6257,294;6261,280;6266,280;6270,278;6274,264;6279,292;6283,270;6287,268;6292,282;6296,282;6300,282;6305,286;6309,288;6313,274;6318,286;6322,286;6327,286;6331,278;6335,264;6340,262;6344,276;6348,276;6353,274;6357,282;6361,294;6366,280;6370,294;6374,278;6379,272;6383,270;6387,268;6392,282;6396,280;6401,266;6405,286;6409,286;6414,286;6418,284;6422,270;6427,256;6431,274;6435,276;6440,274;6444,288;6448,272;6453,278;6457,278;6461,278;6466,292;6470,290;6475,276;6479,268;6483,282;6488,280;6492,280;6496,264;6501,264;6505,270;6509,270;6514,268;6518,282;6522,282;6527,274;6531,274;6535,286;6540,258;6544,272;6549,270;6553,278;6557,276;6562,290;6566,290;6570,288;6575,288;6579,266;6583,278;6588,278;6592,276;6596,262;\r\nBuffer sent in 0.973 secondsreturn;buffer;965\r\n'), 11:28:03
bytearray(b'received from UR: measure -> measure (0,1)\r\nSTEPPER: Moving to mstep: 6600 with speed [msteps/sec]: 1000 in StealthChop.\r\n'), 11:28:04
bytearray(b'STEPPER: Moving to mstep: 2400 with speed [msteps/sec]: 4000 in SpreadCycle.\r\n'), 11:28:08
bytearray(b'STEPPER: Moved 4200.00 msteps (ramp: 35%) in 1324.888 ms -> average speed [msteps/sec]: 3170.08\r\nreturn;measure;965\r\n'), 11:28:10
bytearray(b'received from UR: buffer -> buffer (0,1)\r\nSending buffer of size 965data;2400,300;2404,446;2408,170;2413,272;2417,312;2421,318;2426,334;2430,318;2434,330;2439,316;2443,322;2447,322;2452,320;2456,320;2460,306;2465,320;2469,324;2474,338;2478,324;2482,322;2487,322;2491,328;2495,328;2500,326;2504,324;2508,312;2513,324;2517,330;2521,330;2526,314;2530,328;2534,326;2539,326;2543,332;2548,318;2552,330;2556,316;2561,328;2565,322;2569,334;2574,320;2578,334;2582,318;2587,332;2591,336;2595,322;2600,322;2604,306;2608,318;2613,304;2617,338;2622,324;2626,338;2630,322;2635,334;2639,328;2643,328;2648,328;2652,326;2656,326;2661,310;2665,330;2669,330;2674,330;2678,314;2682,328;2687,312;2691,334;2696,332;2700,318;2704,330;2709,316;2713,336;2717,336;2722,334;2726,320;2730,334;2735,318;2739,310;2743,324;2748,324;2752,338;2756,308;2761,322;2765,328;2770,340;2774,326;2778,340;2783,324;2787,302;2791,316;2796,314;2800,328;2804,314;2809,340;2813,318;2817,332;2822,316;2826,330;2830,314;2835,328;2839,334;2844,320;2848,316;2852,318;2857,318;2861,324;2865,336;2870,322;2874,336;2878,320;2883,334;2887,326;2891,324;2896,324;2900,322;2905,322;2909,320;2913,326;2918,326;2922,326;2926,324;2931,338;2935,316;2939,314;2944,328;2948,328;2952,326;2957,312;2961,332;2965,316;2970,330;2974,314;2979,328;2983,328;2987,320;2992,332;2996,318;3000,332;3005,316;3009,336;3013,320;3018,334;3022,318;3026,332;3031,318;3035,324;3039,336;3044,322;3048,320;3053,320;3057,318;3061,324;3066,338;3070,322;3074,336;3079,322;3083,326;3087,326;3092,312;3096,324;3100,324;3105,338;3109,314;3113,330;3118,328;3122,328;3127,326;3131,304;3135,330;3140,316;3144,330;3148,314;3153,328;3157,318;3161,332;3166,332;3170,332;3174,316;3179,330;3183,320;3188,320;3192,332;3196,318;3201,330;3205,322;3209,336;3214,320;3218,348;3222,332;3227,318;3231,310;3235,308;3240,320;3244,320;3248,334;3253,320;3257,338;3262,324;3266,338;3270,322;3275,336;3279,328;3283,326;3288,326;3292,326;3296,324;3301,310;3305,330;3309,328;3314,328;3318,326;3322,326;3327,324;3331,330;3336,330;3340,316;3344,326;3349,312;3353,332;3357,318;3362,332;3366,330;3370,330;3375,328;3379,306;3383,318;3388,304;3392,332;3396,316;3401,330;3405,322;3410,336;3414,320;3418,334;3423,318;3427,324;3431,324;3436,322;3440,322;3444,306;3449,320;3453,312;3457,338;3462,324;3466,338;3470,322;3475,334;3479,326;3484,312;3488,324;3492,324;3497,324;3501,328;3505,328;3510,328;3514,328;3518,326;3523,340;3527,330;3531,316;3536,330;3540,314;3544,328;3549,312;3553,332;3558,318;3562,332;3566,330;3571,344;3575,322;3579,308;3584,320;3588,320;3592,334;3597,318;3601,338;3605,322;3610,338;3614,322;3619,332;3623,320;3627,326;3632,324;3636,310;3640,324;3645,322;3649,342;3653,328;3658,340;3662,312;3666,326;3671,324;3675,330;3679,330;3684,314;3688,328;3693,326;3697,326;3701,318;3706,332;3710,316;3714,330;3719,328;3723,320;3727,320;3732,304;3736,316;3740,316;3745,330;3749,322;3753,334;3758,320;3762,332;3767,318;3771,310;3775,336;3780,322;3784,336;3788,308;3793,322;3797,314;3801,326;3806,326;3810,340;3814,324;3819,338;3823,330;3827,314;3832,328;3836,326;3841,326;3845,318;3849,332;3854,316;3858,330;3862,330;3867,330;3871,322;3875,318;3880,318;3884,318;3888,332;3893,316;3897,336;3901,322;3906,334;3910,320;3915,334;3919,318;3923,324;3928,336;3932,320;3936,322;3941,306;3945,326;3949,326;3954,340;3958,324;3962,338;3967,322;3971,314;3975,342;3980,312;3984,326;3989,324;3993,338;3997,316;4002,330;4006,314;4010,328;4015,326;4019,318;4023,318;4028,316;4032,316;4036,314;4041,328;4045,320;4049,334;4054,318;4058,332;4063,316;4067,322;4071,336;4076,320;4080,334;4084,318;4089,318;4093,324;4097,336;4102,322;4106,334;4110,320;4115,334;4119,340;4124,324;4128,338;4132,310;4137,336;4141,314;4145,328;4150,326;4154,326;4158,324;4163,338;4167,328;4171,328;4176,328;4180,326;4184,324;4189,310;4193,330;4198,316;4202,342;4206,328;4211,342;4215,318;4219,318;4224,330;4228,314;4232,316;4237,328;4241,334;4245,320;4250,334;4254,318;4258,332;4263,318;4267,324;4272,322;4276,308;4280,322;4285,308;4289,328;4293,328;4298,326;4302,326;4306,340;4311,324;4315,316;4319,330;4324,316;4328,342;4332,314;4337,328;4341,320;4346,332;4350,332;4354,332;4359,330;4363,322;4367,336;4372,322;4376,334;4380,306;4385,320;4389,326;4393,340;4398,324;4402,338;4406,308;4411,322;4415,328;4420,314;4424,314;4428,312;4433,312;4437,316;4441,330;4446,302;4450,328;4454,312;4459,328;4463,318;4467,304;4472,316;4476,316;4480,330;4485,306;4489,322;4494,320;4498,320;4502,318;4507,332;4511,310;4515,308;4520,320;4524,306;4528,320;4533,306;4537,312;4541,312;4546,324;4550,310;4554,324;4559,308;4563,300;4568,314;4572,300;4576,312;4581,298;4585,318;4589,316;4594,330;4598,316;4602,314;4607,300;4611,292;4615,304;4620,304;4624,304;4628,302;4633,302;4637,310;4642,322;4646,308;4650,322;4655,320;4659,298;4663,310;4668,310;4672,310;4676,294;4681,308;4685,314;4689,314;4694,312;4698,326;4703,310;4707,302;4711,302;4716,300;4720,314;4724,298;4729,312;4733,318;4737,318;4742,318;4746,318;4750,316;4755,316;4759,322;4763,306;4768,320;4772,320;4777,320;4781,312;4785,324;4790,310;4794,324;4798,308;4803,336;4807,316;4811,300;4816,314;4820,300;4824,312;4829,312;4833,332;4838,302;4842,318;4846,302;4851,316;4855,308;4859,320;4864,320;4868,320;4872,318;4877,304;4881,324;4885,324;4890,322;4894,308;4898,322;4903,308;4907,328;4912,326;4916,312;4920,312;4925,310;4929,316;4933,316;4938,316;4942,302;4946,330;4951,314;4955,308;4959,320;4964,306;4968,320;4972,306;4977,320;4981,312;4986,312;4990,312;4994,326;4999,310;5003,302;5007,316;5012,302;5016,316;5020,300;5025,314;5029,306;5033,320;5038,306;5042,306;5046,304;5051,296;5055,310;5060,310;5064,310;5068,310;5073,308;5077,314;5081,314;5086,314;5090,314;5094,312;5099,314;5103,304;5107,302;5112,302;5116,302;5120,316;5125,308;5129,322;5134,320;5138,322;5142,306;5147,320;5151,312;5155,312;5160,326;5164,310;5168,310;5173,296;5177,318;5181,316;5186,330;5190,314;5195,328;5199,314;5203,292;5208,318;5212,304;5216,318;5221,302;5225,324;5229,322;5234,336;5238,320;5242,334;5247,320;5251,298;5255,310;5260,310;5264,322;5269,308;5273,316;5277,314;5282,326;5286,312;5290,326;5295,310;5299,318;5303,316;5308,316;5312,316;5316,316;5321,328;5325,306;5329,322;5334,320;5338,320;5343,318;5347,310;5351,324;5356,310;5360,310;5364,294;5369,308;5373,314;5377,328;5382,314;5386,328;5390,312;5395,326;5399,318;5404,302;5408,302;5412,302;5417,316;5421,308;5425,322;5430,320;5434,322;5438,306;5443,320;5447,312;5451,298;5456,310;5460,310;5464,310;5469,296;5473,316;5478,314;5482,314;5486,314;5491,314;5495,320;5499,304;5504,306;5508,304;5512,304;5517,318;5521,310;5525,308;5530,322;5534,308;5538,322;5543,320;5547,312;5552,314;5556,298;5560,312;5565,312;5569,318;5573,304;5578,330;5582,316;5586,330;5591,314;5595,308;5599,320;5604,292;5608,306;5612,304;5617,318;5621,310;5626,324;5630,310;5634,324;5639,308;5643,302;5647,314;5652,300;5656,312;5660,312;5665,312;5669,318;5673,330;5678,316;5682,316;5686,302;5691,308;5695,306;5700,306;5704,320;5708,304;5713,304;5717,324;5721,322;5726,310;5730,324;5734,322;5739,322;5743,314;5747,298;5752,312;5756,312;5760,326;5765,304;5769,318;5774,304;5778,316;5782,316;5787,330;5791,322;5795,306;5800,320;5804,304;5808,318;5813,318;5817,310;5821,308;5826,308;5830,306;5835,320;5839,314;5843,312;5848,312;5852,298;5856,310;5861,310;5865,316;5869,316;5874,316;5878,314;5882,300;5887,300;5891,292;5895,304;5900,304;5904,304;5909,304;5913,324;5917,310;5922,310;5926,308;5930,310;5935,308;5939,300;5943,314;5948,314;5952,314;5956,298;5961,312;5965,306;5969,318;5974,304;5978,318;5983,302;5987,310;5991,322;5996,308;6000,322;6004,306;6009,306;6013,312;6017,312;6022,298;6026,312;6030,296;6035,288;6039,288;6044,288;6048,286;6052,286;6057,286;6061,292;6065,292;6070,292;6074,278;6078,292;6083,292;6087,296;6091,296;6096,296;6100,282;6104,282;6109,288;6113,302;6118,288;6122,286;6126,288;6131,300;6135,278;6139,264;6144,278;6148,278;6152,278;6157,262;6161,298;6165,284;6170,284;6174,282;6178,296;6183,274;6187,274;6192,274;6196,274;6200,272;6205,272;6209,292;6213,292;6218,278;6222,290;6226,290;6231,268;6235,266;6239,268;6244,280;6248,266;6252,252;6257,300;6261,286;6266,284;6270,268;6274,270;6279,282;6283,290;6287,276;6292,288;6296,286;6300,272;6305,286;6309,278;6313,278;6318,290;6322,276;6327,290;6331,268;6335,282;6340,266;6344,280;6348,266;6353,278;6357,286;6361,298;6366,284;6370,284;6374,282;6379,288;6383,290;6387,288;6392,288;6396,272;6401,286;6405,278;6409,250;6414,278;6418,290;6422,290;6427,290;6431,282;6435,266;6440,280;6444,280;6448,294;6453,272;6457,272;6461,284;6466,284;6470,284;6475,270;6479,290;6483,288;6488,288;6492,288;6496,288;6501,266;6505,264;6509,292;6514,292;6518,292;6522,276;6527,282;6531,282;6536,294;6540,280;6544,280;6549,266;6553,272;6557,286;6562,286;6566,284;6570,284;6575,284;6579,276;6583,288;6588,288;6592,288;6596,288;\r\nBuffer sent in 0.973 secondsreturn;buffer;965\r\n'), 11:28:12
bytearray(b'received from UR: measure -> measure (0,1)\r\nSTEPPER: Moving to mstep: 6600 with speed [msteps/sec]: 1000 in StealthChop.\r\n'), 11:28:13
bytearray(b'STEPPER: Moving to mstep: 2400 with speed [msteps/sec]: 4000 in SpreadCycle.\r\n'), 11:28:17
bytearray(b'STEPPER: Moved 4200.00 msteps (ramp: 35%) in 1324.888 ms -> average speed [msteps/sec]: 3170.08\r\nreturn;measure;965\r\n'), 11:28:18
bytearray(b'received from UR: buffer -> buffer (0,1)\r\nSending buffer of size 965data;2400,306;2404,472;2408,142;2413,284;2417,312;2421,320;2426,334;2430,318;2434,334;2439,318;2443,326;2447,326;2452,310;2456,324;2460,324;2465,326;2469,318;2473,330;2478,316;2482,330;2487,330;2491,324;2495,336;2500,322;2504,322;2508,322;2513,338;2517,328;2521,330;2526,314;2530,328;2534,328;2539,328;2543,334;2548,306;2552,320;2556,320;2561,334;2565,326;2569,326;2574,326;2578,326;2582,326;2587,340;2591,332;2595,318;2600,318;2604,316;2608,330;2613,330;2617,336;2622,320;2626,336;2630,320;2635,336;2639,328;2643,326;2648,326;2652,312;2656,326;2661,312;2665,332;2669,330;2674,344;2678,330;2682,330;2687,328;2691,322;2696,336;2700,320;2704,322;2709,320;2713,326;2717,326;2722,326;2726,324;2730,326;2735,324;2739,328;2743,330;2748,316;2752,330;2756,302;2761,328;2765,320;2770,336;2774,320;2778,334;2783,320;2787,312;2791,340;2796,310;2800,324;2804,324;2809,338;2813,316;2817,330;2822,316;2826,330;2830,314;2835,344;2839,334;2844,320;2848,320;2852,320;2857,320;2861,326;2865,340;2870,326;2874,340;2878,324;2883,326;2887,318;2891,316;2896,316;2900,330;2904,330;2909,330;2913,336;2918,322;2922,336;2926,322;2931,336;2935,326;2939,312;2944,326;2948,312;2952,326;2957,312;2961,332;2965,332;2970,332;2974,318;2979,332;2983,330;2987,322;2992,322;2996,306;3000,320;3005,306;3009,342;3013,326;3018,340;3022,326;3026,340;3031,322;3035,332;3039,330;3044,330;3048,330;3053,316;3057,314;3061,322;3066,336;3070,320;3074,334;3079,320;3083,312;3087,326;3092,312;3096,324;3100,312;3105,326;3109,318;3113,330;3118,330;3122,330;3127,328;3131,308;3135,322;3140,322;3144,334;3148,320;3153,334;3157,326;3161,326;3166,324;3170,338;3174,324;3179,338;3183,316;3187,316;3192,330;3196,316;3201,330;3205,322;3209,336;3214,320;3218,334;3222,320;3227,334;3231,326;3235,310;3240,324;3244,310;3248,324;3253,324;3257,344;3261,330;3266,330;3270,316;3275,328;3279,328;3283,320;3288,322;3292,320;3296,320;3301,320;3305,340;3309,326;3314,340;3318,324;3322,338;3327,324;3331,316;3335,330;3340,316;3344,330;3349,316;3353,330;3357,322;3362,336;3366,320;3370,334;3375,320;3379,326;3383,340;3388,324;3392,338;3396,310;3401,338;3405,316;3410,330;3414,328;3418,330;3423,314;3427,306;3431,320;3436,320;3440,332;3444,318;3449,318;3453,324;3457,324;3462,322;3466,336;3470,322;3475,336;3479,328;3484,312;3488,326;3492,326;3497,326;3501,316;3505,332;3510,316;3514,328;3518,328;3523,328;3527,334;3531,306;3536,320;3540,320;3544,332;3549,318;3553,338;3558,324;3562,338;3566,322;3571,336;3575,328;3579,314;3584,328;3588,312;3592,328;3597,326;3601,346;3605,318;3610,332;3614,316;3619,330;3623,320;3627,322;3632,334;3636,320;3640,318;3645,304;3649,338;3653,324;3658,338;3662,324;3666,336;3671,322;3675,314;3679,326;3684,326;3688,326;3693,324;3697,324;3701,316;3706,330;3710,328;3714,328;3719,314;3723,306;3727,320;3732,318;3736,332;3740,318;3745,318;3749,324;3753,336;3758,322;3762,336;3767,320;3771,312;3775,326;3780,324;3784,338;3788,324;3793,324;3797,316;3801,330;3806,328;3810,342;3814,326;3819,340;3823,318;3827,318;3832,318;3836,330;3841,330;3845,322;3849,336;3854,320;3858,334;3862,318;3867,332;3871,324;3875,310;3880,322;3884,322;3888,322;3893,306;3897,328;3901,326;3906,340;3910,326;3915,340;3919,324;3923,302;3928,330;3932,316;3936,342;3941,314;3945,334;3949,318;3954,332;3958,332;3962,330;3967,330;3971,308;3975,322;3980,320;3984,334;3989,318;3993,332;3997,324;4002,338;4006,322;4010,336;4015,322;4019,328;4023,326;4028,312;4032,324;4036,324;4041,324;4045,316;4050,344;4054,328;4058,342;4063,328;4067,320;4071,334;4076,318;4080,318;4084,318;4089,330;4093,322;4097,336;4102,322;4106,336;4110,320;4115,334;4119,326;4124,326;4128,340;4132,326;4137,326;4141,330;4145,332;4150,332;4154,332;4158,328;4163,330;4167,322;4171,322;4176,336;4180,320;4184,334;4189,306;4193,340;4198,326;4202,340;4206,324;4211,338;4215,332;4219,316;4224,316;4228,316;4232,328;4237,328;4241,334;4245,320;4250,334;4254,318;4258,332;4263,318;4267,324;4272,338;4276,324;4280,322;4285,308;4289,330;4293,316;4298,330;4302,328;4306,328;4311,314;4315,306;4319,320;4324,318;4328,332;4332,304;4337,318;4341,324;4346,338;4350,322;4354,336;4359,320;4363,328;4367,340;4372,326;4376,326;4380,310;4385,324;4389,316;4393,332;4398,316;4402,330;4406,314;4411,306;4415,320;4420,320;4424,318;4428,304;4433,318;4437,310;4441,324;4446,308;4450,322;4454,308;4459,322;4463,314;4467,328;4472,328;4476,312;4481,314;4485,320;4489,334;4494,318;4498,320;4502,318;4507,332;4511,324;4515,310;4520,322;4524,308;4528,322;4533,322;4537,314;4541,314;4546,314;4550,312;4555,326;4559,318;4563,304;4568,304;4572,316;4576,316;4581,300;4585,322;4589,306;4594,320;4598,306;4602,320;4607,304;4611,310;4615,324;4620,310;4624,308;4629,294;4633,306;4637,314;4642,328;4646,312;4650,326;4655,312;4659,302;4663,302;4668,302;4672,300;4676,300;4681,314;4685,306;4690,320;4694,318;4698,318;4703,318;4707,310;4711,308;4716,294;4720,308;4724,306;4729,320;4733,312;4737,326;4742,312;4746,324;4750,310;4755,324;4759,316;4764,300;4768,314;4772,298;4777,312;4781,320;4785,332;4790,318;4794,320;4798,316;4803,332;4807,308;4811,308;4816,322;4820,308;4824,320;4829,312;4833,326;4838,310;4842,324;4846,310;4851,324;4855,316;4859,316;4864,316;4868,314;4872,314;4877,300;4881,320;4885,320;4890,320;4894,318;4898,320;4903,310;4907,310;4912,308;4916,308;4920,322;4925,294;4929,328;4933,328;4938,328;4942,312;4946,326;4951,326;4955,304;4959,304;4964,304;4968,316;4972,316;4977,316;4981,308;4986,322;4990,306;4994,320;4999,306;5003,312;5007,310;5012,296;5016,310;5020,296;5025,308;5029,314;5033,314;5038,300;5042,314;5046,312;5051,304;5055,318;5060,304;5064,316;5068,304;5073,302;5077,308;5081,322;5086,308;5090,320;5094,306;5099,320;5103,312;5107,298;5112,310;5116,296;5121,308;5125,314;5129,316;5134,300;5138,314;5142,314;5147,314;5151,320;5155,306;5160,318;5164,304;5168,316;5173,302;5177,336;5181,308;5186,320;5190,306;5195,320;5199,310;5203,296;5208,324;5212,310;5216,322;5221,294;5225,314;5229,314;5234,328;5238,312;5242,326;5247,312;5251,304;5256,304;5260,318;5264,316;5269,316;5273,322;5277,308;5282,322;5286,308;5290,322;5295,320;5299,298;5303,312;5308,312;5312,324;5316,310;5321,310;5325,316;5330,316;5334,316;5338,316;5343,314;5347,292;5351,306;5356,320;5360,320;5364,306;5369,318;5373,310;5377,324;5382,310;5386,310;5390,296;5395,300;5399,314;5404,314;5408,314;5412,314;5417,312;5421,304;5425,318;5430,304;5434,318;5438,302;5443,318;5447,308;5451,308;5456,308;5460,292;5464,306;5469,312;5473,312;5478,310;5482,310;5486,310;5491,308;5495,314;5499,300;5504,300;5508,300;5512,314;5517,298;5521,320;5525,318;5530,318;5534,316;5538,318;5543,316;5547,308;5552,320;5556,306;5560,306;5565,304;5569,324;5573,324;5578,308;5582,308;5586,322;5591,306;5595,312;5599,326;5604,312;5608,324;5613,310;5617,310;5621,314;5626,330;5630,314;5634,328;5639,314;5643,306;5647,306;5652,306;5656,318;5660,304;5665,304;5669,324;5673,324;5678,310;5682,322;5687,322;5691,314;5695,314;5700,298;5704,312;5708,312;5713,326;5717,318;5721,318;5726,318;5730,318;5734,316;5739,330;5743,322;5748,308;5752,320;5756,306;5761,320;5765,312;5769,312;5774,296;5778,324;5782,310;5787,324;5791,316;5795,314;5800,314;5804,300;5808,314;5813,306;5817,320;5822,306;5826,320;5830,304;5835,318;5839,310;5843,310;5848,310;5852,308;5856,308;5861,294;5865,314;5869,314;5874,312;5878,298;5882,312;5887,304;5891,318;5896,314;5900,304;5904,316;5909,302;5913,322;5917,322;5922,322;5926,308;5930,320;5935,308;5939,312;5943,312;5948,298;5952,312;5956,312;5961,324;5965,304;5970,318;5974,316;5978,316;5983,316;5987,308;5991,308;5996,292;6000,306;6004,306;6009,320;6013,312;6017,298;6022,312;6026,312;6030,296;6035,290;6039,288;6044,274;6048,274;6052,286;6057,288;6061,280;6065,280;6070,292;6074,294;6078,292;6083,270;6087,270;6091,284;6096,284;6100,256;6104,284;6109,288;6113,290;6118,288;6122,274;6126,274;6131,288;6135,280;6139,280;6144,278;6148,264;6152,278;6157,284;6161,256;6165,284;6170,298;6174,282;6179,296;6183,288;6187,288;6192,286;6196,272;6200,272;6205,286;6209,278;6213,292;6218,292;6222,290;6226,276;6231,268;6235,280;6239,266;6244,252;6248,280;6253,278;6257,284;6261,284;6266,268;6270,268;6274,240;6279,282;6283,274;6287,286;6292,272;6296,270;6300,258;6305,290;6309,290;6314,276;6318,288;6322,288;6327,288;6331,264;6335,278;6340,264;6344,278;6348,262;6353,276;6357,282;6361,282;6366,282;6370,294;6374,292;6379,270;6383,270;6388,270;6392,270;6396,268;6401,268;6405,288;6409,288;6414,288;6418,302;6422,286;6427,250;6431,278;6435,278;6440,278;6444,292;6448,290;6453,268;6457,240;6462,268;6466,280;6470,280;6475,280;6479,272;6483,256;6488,284;6492,284;6496,284;6501,282;6505,260;6509,260;6514,244;6518,286;6522,286;6527,278;6531,278;6536,278;6540,278;6544,276;6549,260;6553,296;6557,282;6562,280;6566,280;6570,294;6575,270;6579,256;6583,270;6588,270;6592,268;6596,254;\r\nBuffer sent in 0.973 secondsreturn;buffer;965\r\n'), 11:28:20
bytearray(b'received from UR: measure -> measure (0,1)\r\nSTEPPER: Moving to mstep: 6600 with speed [msteps/sec]: 1000 in StealthChop.\r\n'), 11:28:21
bytearray(b'STEPPER: Moving to mstep: 2400 with speed [msteps/sec]: 4000 in SpreadCycle.\r\n'), 11:28:26
bytearray(b'STEPPER: Moved 4200.00 msteps (ramp: 35%) in 1324.888 ms -> average speed [msteps/sec]: 3170.08\r\nreturn;measure;965\r\n'), 11:28:27
bytearray(b'received from UR: buffer -> buffer (0,1)\r\nSending buffer of size 965data;2400,296;2404,452;2408,164;2413,276;2417,320;2421,326;2426,340;2430,324;2434,338;2439,324;2443,330;2447,330;2452,316;2456,328;2460,328;2465,328;2469,320;2474,334;2478,320;2482,332;2487,318;2491,324;2495,324;2500,324;2504,324;2508,310;2513,322;2517,316;2521,330;2526,328;2530,328;2534,328;2539,308;2543,334;2548,320;2552,334;2556,320;2561,334;2565,326;2569,326;2574,326;2578,340;2582,324;2587,326;2591,332;2595,316;2600,330;2604,316;2609,316;2613,302;2617,336;2622,322;2626,336;2630,322;2635,336;2639,314;2643,312;2648,312;2652,326;2656,326;2661,326;2665,332;2669,332;2674,330;2678,316;2683,330;2687,330;2691,322;2696,322;2700,322;2704,322;2709,322;2713,328;2717,328;2722,330;2726,326;2730,328;2735,326;2739,318;2743,334;2748,318;2752,332;2757,318;2761,318;2765,324;2770,338;2774,322;2778,338;2783,322;2787,314;2791,328;2796,314;2800,328;2804,314;2809,328;2813,320;2817,334;2822,318;2826,334;2831,332;2835,346;2839,324;2844,310;2848,310;2852,310;2857,338;2861,316;2865,330;2870,316;2874,330;2878,314;2883,328;2887,322;2891,320;2896,334;2900,320;2905,320;2909,320;2913,340;2918,326;2922,326;2926,326;2931,326;2935,318;2939,318;2944,332;2948,318;2952,332;2957,316;2961,338;2965,324;2970,338;2974,324;2979,338;2983,322;2987,316;2992,328;2996,314;3000,314;3005,314;3009,334;3013,320;3018,334;3022,320;3026,334;3031,318;3035,326;3039,326;3044,324;3048,324;3053,310;3057,324;3061,316;3066,330;3070,330;3074,330;3079,330;3083,322;3087,322;3092,322;3096,322;3100,322;3105,320;3109,326;3114,328;3118,328;3122,328;3127,326;3131,320;3135,334;3140,320;3144,318;3148,306;3153,332;3157,324;3161,324;3166,324;3170,338;3174,322;3179,338;3183,330;3188,316;3192,330;3196,314;3201,328;3205,322;3209,336;3214,320;3218,334;3222,320;3227,334;3231,312;3235,326;3240,326;3244,326;3248,326;3253,312;3257,332;3262,316;3266,346;3270,316;3275,330;3279,322;3283,322;3288,322;3292,322;3296,320;3301,322;3305,328;3309,326;3314,328;3318,326;3322,328;3327,326;3331,332;3336,330;3340,316;3344,330;3349,328;3353,336;3357,334;3362,334;3366,318;3370,332;3375,318;3379,312;3383,324;3388,310;3392,336;3396,322;3401,336;3405,328;3410,328;3414,326;3418,326;3423,326;3427,318;3431,332;3436,316;3440,330;3444,330;3449,330;3453,322;3457,334;3462,320;3466,334;3470,332;3475,332;3479,326;3484,324;3488,324;3492,324;3497,324;3501,328;3505,328;3510,328;3514,328;3518,326;3523,328;3527,332;3531,318;3536,332;3540,316;3544,330;3549,318;3553,336;3558,322;3562,334;3566,320;3571,334;3575,326;3579,310;3584,324;3588,308;3592,322;3597,322;3601,342;3605,326;3610,340;3614,326;3619,340;3623,318;3627,318;3632,330;3636,316;3640,316;3645,316;3649,336;3653,322;3658,336;3662,320;3666,334;3671,320;3675,312;3679,326;3684,326;3688,326;3693,326;3697,326;3701,318;3706,332;3710,318;3714,332;3719,332;3723,324;3727,324;3732,310;3736,324;3740,308;3745,336;3749,328;3754,328;3758,328;3762,328;3767,328;3771,320;3775,332;3780,318;3784,318;3788,316;3793,332;3797,322;3801,336;3806,322;3810,336;3814,320;3819,334;3823,326;3828,326;3832,326;3836,310;3841,324;3845,332;3849,332;3854,330;3858,332;3862,330;3867,330;3871,336;3875,336;3880,334;3884,320;3888,334;3893,320;3897,326;3902,324;3906,326;3910,326;3915,338;3919,316;3923,316;3928,330;3932,330;3936,330;3941,316;3945,336;3949,334;3954,334;3958,334;3962,334;3967,320;3971,326;3976,326;3980,312;3984,324;3989,310;3993,338;3997,330;4002,344;4006,328;4010,342;4015,314;4019,320;4023,334;4028,320;4032,320;4036,304;4041,318;4045,324;4050,338;4054,324;4058,338;4063,324;4067,314;4071,316;4076,328;4080,328;4084,328;4089,328;4093,320;4097,334;4102,332;4106,332;4110,318;4115,332;4119,324;4124,308;4128,322;4132,308;4137,334;4141,326;4145,326;4150,328;4154,326;4158,326;4163,340;4167,332;4171,318;4176,330;4180,316;4185,316;4189,316;4193,336;4198,322;4202,336;4206,320;4211,334;4215,340;4219,326;4224,326;4228,324;4232,324;4237,324;4241,332;4245,330;4250,330;4254,314;4259,328;4263,328;4267,320;4272,320;4276,318;4280,318;4285,318;4289,324;4293,322;4298,336;4302,322;4306,322;4311,322;4315,314;4319,340;4324,326;4328,328;4333,312;4337,326;4341,332;4346,332;4350,332;4354,332;4359,318;4363,324;4367,338;4372,310;4376,324;4380,310;4385,338;4389,316;4393,330;4398,316;4402,330;4407,314;4411,322;4415,320;4420,306;4424,306;4428,306;4433,306;4437,326;4441,326;4446,310;4450,324;4454,310;4459,324;4463,316;4467,316;4472,316;4476,316;4481,316;4485,322;4489,322;4494,308;4498,320;4502,306;4507,320;4511,314;4515,298;4520,312;4524,312;4528,324;4533,310;4537,316;4541,316;4546,316;4550,316;4555,316;4559,306;4563,292;4568,320;4572,320;4576,318;4581,304;4585,324;4589,310;4594,324;4598,310;4602,324;4607,302;4611,300;4616,300;4620,300;4624,300;4629,314;4633,320;4637,306;4642,320;4646,306;4650,320;4655,304;4659,312;4663,312;4668,312;4672,312;4676,310;4681,310;4685,318;4690,316;4694,316;4698,316;4703,316;4707,308;4711,308;4716,308;4720,306;4724,304;4729,320;4733,312;4737,326;4742,312;4746,326;4750,312;4755,304;4759,318;4764,316;4768,316;4772,302;4777,316;4781,310;4785,324;4790,322;4794,324;4798,322;4803,336;4807,314;4811,300;4816,314;4820,314;4825,314;4829,320;4833,320;4838,306;4842,334;4846,318;4851,320;4855,326;4859,326;4864,312;4868,310;4872,310;4877,312;4881,330;4885,316;4890,330;4894,314;4899,330;4903,320;4907,308;4912,320;4916,306;4920,306;4925,306;4929,326;4933,326;4938,326;4942,324;4946,324;4951,310;4955,302;4959,316;4964,302;4968,302;4973,300;4977,322;4981,306;4986,320;4990,306;4994,320;4999,304;5003,296;5007,310;5012,310;5016,310;5020,308;5025,308;5029,314;5033,328;5038,314;5042,328;5047,312;5051,306;5055,304;5060,304;5064,304;5068,304;5073,304;5077,310;5081,310;5086,308;5090,306;5094,306;5099,308;5103,298;5108,298;5112,312;5116,312;5121,310;5125,316;5129,316;5134,314;5138,314;5142,314;5147,328;5151,320;5155,306;5160,320;5164,304;5168,318;5173,304;5177,324;5182,310;5186,324;5190,322;5195,324;5199,302;5203,300;5208,328;5212,312;5216,312;5221,312;5225,318;5229,318;5234,318;5238,316;5242,330;5247,308;5251,308;5256,308;5260,306;5264,320;5269,306;5273,326;5277,312;5282,310;5286,310;5290,324;5295,308;5299,314;5303,310;5308,298;5312,326;5316,312;5321,312;5325,316;5330,316;5334,316;5338,316;5343,314;5347,308;5351,308;5356,306;5360,306;5364,290;5369,304;5373,312;5377,324;5382,310;5386,310;5391,308;5395,300;5399,314;5404,300;5408,314;5412,312;5417,312;5421,304;5425,318;5430,318;5434,318;5438,316;5443,316;5447,308;5451,308;5456,306;5460,292;5465,304;5469,312;5473,310;5478,310;5482,310;5486,308;5491,308;5495,300;5499,312;5504,312;5508,312;5512,310;5517,310;5521,316;5525,316;5530,314;5534,314;5539,314;5543,320;5547,306;5552,320;5556,304;5560,318;5565,304;5569,324;5573,324;5578,324;5582,308;5586,322;5591,308;5595,312;5599,326;5604,312;5608,312;5613,296;5617,310;5621,316;5626,330;5630,316;5634,316;5639,314;5643,320;5647,320;5652,306;5656,318;5660,318;5665,318;5669,310;5673,322;5678,308;5682,322;5687,308;5691,312;5695,312;5700,312;5704,310;5708,310;5713,324;5717,302;5721,316;5726,314;5730,314;5734,314;5739,328;5743,304;5747,290;5752,304;5756,304;5761,316;5765,322;5769,322;5774,308;5778,322;5782,306;5787,322;5791,312;5795,312;5800,312;5804,296;5808,310;5813,310;5817,318;5822,316;5826,330;5830,316;5835,330;5839,308;5843,308;5848,306;5852,306;5856,306;5861,290;5865,312;5869,312;5874,312;5878,310;5883,324;5887,316;5891,316;5896,316;5900,302;5904,314;5909,300;5913,320;5917,320;5922,320;5926,306;5930,320;5935,306;5939,312;5943,312;5948,310;5952,312;5957,296;5961,316;5965,316;5970,330;5974,316;5978,316;5983,314;5987,308;5991,322;5996,306;6000,322;6004,292;6009,306;6013,312;6017,314;6022,300;6026,300;6031,298;6035,278;6039,276;6044,290;6048,276;6052,276;6057,290;6061,284;6065,298;6070,282;6074,266;6078,282;6083,274;6087,274;6091,288;6096,274;6100,274;6105,288;6109,294;6113,294;6118,280;6122,266;6126,292;6131,294;6135,286;6139,284;6144,284;6148,256;6152,284;6157,290;6161,290;6165,276;6170,262;6174,290;6179,290;6183,282;6187,282;6192,282;6196,268;6200,282;6205,282;6209,288;6213,274;6218,246;6222,288;6226,288;6231,280;6235,280;6239,266;6244,266;6248,280;6253,280;6257,286;6261,272;6266,242;6270,284;6274,286;6279,286;6283,278;6287,278;6292,264;6296,278;6300,278;6305,270;6309,284;6314,298;6318,284;6322,298;6327,284;6331,276;6335,276;6340,276;6344,288;6348,274;6353,274;6357,280;6361,280;6366,294;6370,294;6374,280;6379,258;6383,286;6388,274;6392,286;6396,286;6401,250;6405,278;6409,292;6414,278;6418,278;6422,276;6427,282;6431,282;6435,282;6440,280;6444,266;6449,280;6453,286;6457,286;6462,272;6466,270;6470,270;6475,284;6479,276;6483,276;6488,274;6492,260;6496,274;6501,280;6505,266;6509,280;6514,294;6518,294;6523,292;6527,270;6531,270;6536,270;6540,256;6544,268;6549,268;6553,274;6557,288;6562,288;6566,286;6570,286;6575,272;6579,278;6583,278;6588,276;6592,276;6597,276;\r\nBuffer sent in 0.973 secondsreturn;buffer;965\r\n'), 11:28:29
bytearray(b'received from UR: home -> home (0,1)\r\nSTEPPER: Moving to mstep: 0 with speed [msteps/sec]: 4000 in SpreadCycle.\r\n'), 11:28:30
bytearray(b'STEPPER: Moved 2400.00 msteps (ramp: 35%) in 813.416 ms -> average speed [msteps/sec]: 2950.52\r\nreturn;home;1\r\n'), 11:28:31
