bytearray(b'STEPPER: Moving to mstep: 2400 with speed [msteps/sec]: 4000 in SpreadCycle.\r\n'), 11:35:00
bytearray(b'STEPPER: Moved 2400.00 msteps (ramp: 35%) in 812.836 ms -> average speed [msteps/sec]: 2952.63\r\n'), 11:35:00
bytearray(b'received from UR: status -> status (0,1)\r\n*** STATUS ***\r\nid        :         3 -\r\nstep      :      2400 steps\r\nspeed     :      1500 msteps/s\r\nmspeed    :      1000 msteps/s\r\nsg-thrs   :        80 -\r\ndefault   :     12000 \xc2\xb5m\r\ndispense  :     30350 \xc2\xb5m\r\nblowout   :     33000 \xc2\xb5m\r\nd-offset  :        20 \xc2\xb5m\r\nur0       :         0 -\r\nur1       :         1 -\r\nhomed     :         1 -\r\nreturn;status;2400\r\n'), 11:35:02
bytearray(b'received from UR: measure -> measure (0,1)\r\nSTEPPER: Moving to mstep: 6600 with speed [msteps/sec]: 1000 in StealthChop.\r\n'), 11:35:03
bytearray(b'STEPPER: Moving to mstep: 2400 with speed [msteps/sec]: 4000 in SpreadCycle.\r\n'), 11:35:08
bytearray(b'STEPPER: Moved 4200.00 msteps (ramp: 35%) in 1324.892 ms -> average speed [msteps/sec]: 3170.07\r\nreturn;measure;965\r\n'), 11:35:09
bytearray(b'received from UR: buffer -> buffer (0,1)\r\nSending buffer of size 965data;2400,126;2404,464;2408,204;2413,290;2417,324;2421,324;2426,338;2430,322;2434,338;2439,322;2443,328;2447,328;2452,328;2456,326;2460,312;2465,326;2469,332;2474,332;2478,318;2482,332;2487,316;2491,324;2495,336;2500,322;2504,322;2508,310;2513,322;2517,328;2521,328;2526,314;2530,326;2534,326;2539,326;2543,332;2548,318;2552,330;2556,302;2561,316;2565,322;2569,336;2574,322;2578,336;2582,320;2587,334;2591,340;2595,326;2600,324;2604,310;2608,324;2613,316;2617,330;2622,314;2626,328;2630,314;2635,328;2639,334;2643,318;2648,332;2652,318;2656,316;2661,330;2665,324;2669,308;2674,322;2678,322;2683,334;2687,320;2691,314;2696,326;2700,312;2704,324;2709,324;2713,318;2717,316;2722,330;2726,316;2730,330;2735,328;2739,322;2743,322;2748,306;2752,320;2757,320;2761,334;2765,326;2770,326;2774,324;2778,338;2783,324;2787,316;2791,330;2796,330;2800,344;2804,316;2809,330;2813,322;2817,334;2822,320;2826,336;2831,320;2835,334;2839,326;2844,312;2848,324;2852,324;2857,326;2861,316;2865,332;2870,316;2874,330;2878,328;2883,328;2887,322;2891,320;2896,320;2900,320;2905,334;2909,318;2913,326;2918,326;2922,326;2926,324;2931,326;2935,330;2939,330;2944,330;2948,316;2952,330;2957,302;2961,336;2965,320;2970,336;2974,320;2979,334;2983,320;2987,312;2992,326;2996,310;3000,326;3005,324;3009,344;3013,316;3018,330;3022,314;3026,328;3031,328;3035,318;3039,320;3044,318;3048,318;3053,316;3057,316;3061,322;3066,322;3070,308;3074,322;3079,320;3083,326;3087,326;3092,326;3096,324;3100,310;3105,324;3109,316;3113,328;3118,314;3122,328;3127,326;3131,320;3135,332;3140,318;3144,332;3148,304;3153,316;3157,322;3161,336;3166,322;3170,336;3174,320;3179,334;3183,340;3187,326;3192,326;3196,310;3201,324;3205,316;3209,344;3214,330;3218,344;3222,328;3227,342;3231,320;3235,306;3240,332;3244,318;3248,332;3253,318;3257,338;3262,322;3266,336;3270,322;3275,336;3279,328;3283,312;3288,326;3292,326;3296,326;3301,324;3305,330;3309,316;3314,330;3318,328;3322,328;3327,314;3331,306;3336,320;3340,318;3344,332;3349,302;3353,336;3357,322;3362,336;3366,320;3370,334;3375,320;3379,326;3383,326;3388,312;3392,338;3396,310;3401,336;3405,314;3410,328;3414,328;3418,328;3423,312;3427,318;3431,318;3436,318;3440,332;3444,316;3449,316;3453,322;3457,324;3462,320;3466,336;3470,320;3475,334;3479,312;3484,326;3488,324;3492,324;3497,324;3501,316;3505,330;3510,328;3514,328;3518,314;3523,328;3527,320;3531,318;3536,332;3540,318;3544,318;3549,304;3553,324;3558,324;3562,324;3566,308;3571,336;3575,328;3579,328;3584,342;3588,312;3592,326;3597,312;3601,332;3605,318;3610,332;3614,316;3618,330;3623,314;3627,308;3632,334;3636,320;3640,334;3645,318;3649,338;3653,324;3658,338;3662,322;3666,338;3671,322;3675,328;3679,328;3684,314;3688,326;3692,326;3697,326;3701,318;3706,332;3710,318;3714,332;3719,318;3723,324;3727,336;3732,310;3736,322;3740,308;3745,322;3749,328;3753,328;3758,314;3762,326;3767,312;3771,318;3775,332;3780,318;3784,332;3788,302;3793,316;3797,324;3801,338;3806,322;3810,336;3814,322;3819,336;3823,314;3827,328;3832,326;3836,326;3841,326;3845,318;3849,334;3854,318;3858,332;3862,330;3867,330;3871,322;3875,308;3880,322;3884,322;3888,334;3893,320;3897,326;3901,326;3906,326;3910,324;3915,324;3919,316;3923,302;3928,316;3932,302;3936,328;3941,314;3945,334;3949,320;3954,334;3958,320;3962,334;3967,320;3971,312;3976,324;3980,324;3984,338;3989,324;3993,330;3997,316;4002,330;4006,330;4010,330;4015,316;4019,306;4023,320;4028,320;4032,332;4036,318;4041,332;4045,310;4050,338;4054,322;4058,336;4063,322;4067,328;4071,326;4076,312;4080,326;4084,326;4089,326;4093,316;4097,332;4102,330;4106,330;4110,330;4115,344;4119,322;4124,306;4128,320;4132,320;4137,334;4141,326;4145,326;4150,326;4154,324;4158,324;4163,324;4167,316;4171,316;4176,330;4180,316;4184,328;4189,312;4193,334;4198,320;4202,334;4206,320;4211,334;4215,326;4219,312;4224,324;4228,310;4232,324;4237,324;4241,330;4245,316;4250,330;4254,316;4258,328;4263,314;4267,320;4272,334;4276,320;4280,320;4285,304;4289,326;4293,324;4298,338;4302,324;4306,338;4311,324;4315,302;4319,316;4324,316;4328,330;4332,314;4337,328;4341,320;4346,334;4350,320;4354,334;4359,320;4363,312;4367,340;4372,312;4376,324;4380,324;4385,338;4389,316;4393,330;4398,314;4402,328;4407,314;4411,320;4415,320;4420,304;4424,318;4428,318;4433,316;4437,310;4441,338;4446,322;4450,336;4454,322;4459,336;4463,314;4467,300;4472,312;4476,312;4481,312;4485,318;4489,332;4494,318;4498,332;4502,318;4507,330;4511,324;4515,322;4520,322;4524,308;4528,308;4533,306;4537,328;4541,312;4546,326;4550,324;4555,324;4559,316;4563,302;4568,316;4572,300;4576,312;4581,314;4585,320;4589,304;4594,318;4598,304;4602,318;4607,318;4611,310;4615,322;4620,310;4624,308;4629,322;4633,314;4637,298;4642,326;4646,312;4650,326;4655,310;4659,302;4663,302;4668,302;4672,302;4676,302;4681,302;4685,322;4689,322;4694,308;4698,322;4703,320;4707,298;4711,312;4716,298;4720,312;4724,296;4729,310;4733,318;4737,332;4742,316;4746,330;4750,316;4755,294;4759,308;4763,308;4768,322;4772,306;4777,320;4781,314;4785,328;4790,310;4794,326;4798,326;4803,326;4807,318;4811,304;4816,318;4820,302;4824,316;4829,316;4833,322;4838,308;4842,322;4846,306;4851,320;4855,326;4859,312;4864,326;4868,312;4872,310;4877,324;4881,318;4885,316;4890,330;4894,316;4898,330;4903,316;4907,322;4912,322;4916,306;4920,320;4925,320;4929,312;4933,310;4938,326;4942,310;4946,312;4951,310;4955,304;4959,316;4964,302;4968,316;4972,316;4977,308;4981,308;4986,308;4990,306;4994,320;4999,306;5003,310;5007,326;5012,298;5016,310;5020,310;5025,310;5029,302;5033,316;5038,302;5042,314;5047,314;5051,306;5055,320;5060,306;5064,306;5068,320;5073,318;5077,298;5081,310;5086,310;5090,310;5094,310;5099,310;5103,316;5107,302;5112,302;5116,314;5121,314;5125,306;5129,320;5134,306;5138,320;5142,318;5147,318;5151,312;5155,296;5160,310;5164,308;5168,322;5173,308;5177,328;5181,314;5186,328;5190,314;5195,328;5199,320;5203,304;5208,318;5212,304;5216,318;5221,302;5225,324;5229,324;5234,336;5238,308;5242,336;5247,320;5251,300;5255,312;5260,312;5264,312;5269,312;5273,310;5277,318;5282,332;5286,316;5290,330;5295,316;5299,322;5303,308;5308,308;5312,322;5316,320;5321,320;5325,312;5329,326;5334,312;5338,326;5343,312;5347,302;5351,304;5356,302;5360,316;5364,302;5369,302;5373,308;5377,322;5382,306;5386,320;5390,322;5395,298;5399,312;5403,298;5408,312;5412,296;5417,310;5421,318;5425,318;5430,316;5434,316;5438,316;5443,316;5447,306;5451,306;5456,306;5460,292;5464,306;5469,306;5473,312;5478,310;5482,312;5486,310;5491,310;5495,302;5499,302;5504,302;5508,302;5512,302;5517,302;5521,322;5525,308;5530,322;5534,322;5538,322;5543,306;5547,300;5552,314;5556,314;5560,326;5565,312;5569,320;5573,304;5578,318;5582,318;5586,318;5591,304;5595,310;5599,324;5604,324;5608,324;5612,308;5617,310;5621,316;5626,330;5630,314;5634,330;5639,314;5643,322;5647,320;5652,306;5656,306;5660,320;5665,320;5669,312;5673,312;5678,312;5682,324;5687,310;5691,318;5695,318;5700,316;5704,316;5708,316;5713,330;5717,308;5721,322;5726,306;5730,320;5734,320;5739,320;5743,312;5747,298;5752,310;5756,310;5761,310;5765,316;5769,318;5774,314;5778,316;5782,302;5787,316;5791,308;5795,308;5800,322;5804,308;5808,320;5813,292;5817,328;5821,312;5826,326;5830,312;5835,312;5839,304;5843,304;5848,304;5852,318;5856,318;5861,304;5865,310;5869,308;5874,308;5878,308;5882,306;5887,306;5891,298;5895,298;5900,298;5904,312;5909,296;5913,318;5917,316;5922,316;5926,302;5930,316;5935,314;5939,308;5943,322;5948,306;5952,320;5956,306;5961,320;5965,312;5969,326;5974,312;5978,326;5983,310;5987,304;5991,318;5996,304;6000,318;6004,316;6009,316;6013,308;6017,322;6022,308;6026,306;6030,292;6035,284;6039,284;6044,298;6048,282;6052,282;6057,296;6061,288;6065,302;6070,286;6074,286;6078,300;6083,278;6087,278;6091,262;6096,290;6100,290;6104,290;6109,282;6113,268;6118,296;6122,296;6126,296;6131,296;6135,274;6139,286;6144,300;6148,286;6152,300;6157,278;6161,278;6165,276;6170,276;6174,290;6178,304;6183,282;6187,266;6192,280;6196,280;6200,280;6205,264;6209,300;6213,284;6218,284;6222,284;6226,298;6231,276;6235,260;6239,288;6244,288;6248,288;6252,288;6257,266;6261,280;6266,292;6270,292;6274,266;6279,292;6283,270;6287,270;6292,256;6296,284;6300,284;6305,276;6309,276;6313,262;6318,274;6322,246;6327,288;6331,266;6335,280;6340,280;6344,278;6348,278;6353,292;6357,284;6361,298;6366,284;6370,284;6374,282;6379,276;6383,290;6387,288;6392,288;6396,288;6401,274;6405,280;6409,294;6414,278;6418,294;6422,278;6427,264;6431,284;6435,284;6440,284;6444,284;6448,282;6453,290;6457,274;6461,288;6466,288;6470,288;6475,274;6479,280;6483,266;6488,266;6492,280;6496,266;6501,250;6505,300;6509,286;6514,284;6518,284;6522,270;6527,290;6531,290;6535,290;6540,276;6544,274;6549,274;6553,280;6557,266;6562,252;6566,280;6570,294;6575,294;6579,272;6583,284;6588,270;6592,270;6596,270;\r\nBuffer sent in 0.973 secondsreturn;buffer;965\r\n'), 11:35:11
bytearray(b'received from UR: measure -> measure (0,1)\r\nSTEPPER: Moving to mstep: 6600 with speed [msteps/sec]: 1000 in StealthChop.\r\n'), 11:35:12
bytearray(b'STEPPER: Moving to mstep: 2400 with speed [msteps/sec]: 4000 in SpreadCycle.\r\n'), 11:35:16
bytearray(b'STEPPER: Moved 4200.00 msteps (ramp: 35%) in 1324.888 ms -> average speed [msteps/sec]: 3170.08\r\nreturn;measure;965\r\n'), 11:35:17
bytearray(b'received from UR: buffer -> buffer (0,1)\r\nSending buffer of size 965data;2400,296;2404,456;2408,166;2413,282;2417,310;2421,316;2426,346;2430,316;2434,330;2439,330;2443,322;2447,322;2452,308;2456,322;2460,308;2465,336;2469,330;2474,344;2478,330;2482,330;2487,316;2491,322;2495,334;2500,322;2504,322;2508,308;2513,322;2517,328;2521,328;2526,314;2530,328;2534,328;2539,328;2543,334;2548,320;2552,334;2556,306;2561,320;2565,326;2569,342;2574,326;2578,340;2582,326;2587,340;2591,318;2595,304;2600,332;2604,318;2608,330;2613,318;2617,338;2622,324;2626,338;2630,324;2635,338;2639,330;2643,330;2648,330;2652,314;2656,316;2661,314;2665,336;2669,320;2674,336;2678,322;2682,336;2687,320;2691,328;2696,328;2700,328;2704,328;2709,314;2713,334;2717,334;2722,334;2726,320;2730,334;2735,320;2739,312;2743,324;2748,324;2752,338;2757,310;2761,338;2765,316;2770,330;2774,316;2778,330;2783,316;2787,322;2791,322;2796,308;2800,322;2804,322;2809,336;2813,328;2817,330;2822,314;2826,328;2831,328;2835,342;2839,320;2844,318;2848,318;2852,332;2857,332;2861,310;2865,326;2870,324;2874,324;2878,324;2883,338;2887,330;2891,316;2896,316;2900,314;2905,328;2909,328;2913,336;2918,320;2922,334;2926,320;2931,332;2935,328;2939,326;2944,326;2948,312;2952,326;2957,310;2961,332;2965,332;2970,346;2974,318;2979,330;2983,322;2987,322;2992,336;2996,322;3000,334;3005,306;3009,342;3013,326;3018,340;3022,326;3026,340;3031,326;3035,316;3039,318;3044,330;3048,330;3053,330;3057,330;3061,322;3066,324;3070,322;3074,322;3079,322;3083,314;3087,328;3092,328;3096,328;3100,326;3105,326;3109,320;3114,334;3118,334;3122,334;3127,320;3131,312;3135,326;3140,310;3144,322;3148,324;3153,338;3157,316;3161,330;3166,316;3170,330;3174,328;3179,330;3183,336;3188,306;3192,320;3196,320;3201,334;3205,326;3209,340;3214,326;3218,340;3222,324;3227,340;3231,332;3235,316;3240,316;3244,316;3248,316;3253,330;3257,338;3262,322;3266,336;3270,320;3275,336;3279,328;3283,328;3288,328;3292,312;3296,326;3301,326;3305,332;3309,318;3314,332;3318,318;3322,332;3327,330;3331,324;3336,322;3340,308;3344,322;3349,308;3353,342;3357,328;3362,328;3366,314;3370,342;3375,326;3379,320;3383,332;3388,318;3392,332;3396,318;3401,332;3405,324;3410,324;3414,324;3418,338;3423,322;3427,314;3431,328;3436,328;3440,328;3444,328;3449,328;3453,320;3457,336;3462,322;3466,336;3470,320;3475,312;3479,328;3484,328;3488,328;3492,326;3497,326;3501,316;3505,332;3510,332;3514,332;3518,318;3523,332;3527,324;3531,324;3536,338;3540,324;3544,324;3549,316;3553,330;3558,330;3562,330;3566,328;3571,328;3575,322;3579,320;3584,334;3588,320;3592,334;3597,318;3601,340;3605,324;3610,338;3614,324;3619,338;3623,322;3627,314;3632,316;3636,314;3640,328;3645,328;3649,336;3653,320;3658,334;3662,320;3666,334;3671,320;3675,312;3680,326;3684,326;3688,326;3693,324;3697,330;3701,316;3706,330;3710,330;3714,330;3719,316;3723,308;3727,322;3732,322;3736,334;3740,320;3745,334;3749,326;3754,326;3758,326;3762,326;3767,324;3771,316;3775,330;3780,316;3784,330;3788,330;3793,330;3797,320;3801,336;3806,320;3810,334;3814,320;3819,334;3823,326;3828,310;3832,324;3836,310;3841,324;3845,316;3849,330;3854,316;3858,328;3862,314;3867,328;3871,334;3875,320;3880,332;3884,318;3888,318;3893,316;3897,338;3902,322;3906,336;3910,322;3915,334;3919,326;3923,324;3928,340;3932,326;3936,326;3941,310;3945,332;3949,318;3954,332;3958,330;3962,346;3967,318;3971,308;3976,336;3980,308;3984,322;3989,322;3993,336;3997,314;4002,342;4006,326;4010,342;4015,326;4019,304;4023,318;4028,318;4032,318;4036,318;4041,318;4045,324;4050,338;4054,324;4058,338;4063,322;4067,316;4071,330;4076,330;4080,330;4084,316;4089,328;4093,322;4097,322;4102,320;4106,334;4110,320;4115,334;4119,326;4124,326;4128,340;4132,326;4137,326;4141,318;4145,332;4150,332;4154,332;4158,318;4163,332;4167,324;4171,324;4176,336;4180,322;4185,322;4189,316;4193,328;4198,314;4202,342;4206,328;4211,328;4215,320;4219,306;4224,320;4228,320;4232,334;4237,320;4241,340;4245,326;4250,340;4254,324;4259,324;4263,324;4267,318;4272,318;4276,316;4280,316;4285,330;4289,322;4293,322;4298,336;4302,322;4306,334;4311,322;4315,326;4319,326;4324,312;4328,326;4333,326;4337,340;4341,318;4346,332;4350,316;4354,330;4359,330;4363,322;4367,336;4372,308;4376,322;4380,322;4385,336;4389,314;4393,328;4398,312;4402,326;4407,312;4411,320;4415,318;4420,304;4424,318;4428,304;4433,318;4437,324;4441,310;4446,310;4450,324;4454,308;4459,324;4463,330;4467,316;4472,316;4476,300;4481,314;4485,320;4489,322;4494,320;4498,322;4502,320;4507,334;4511,312;4515,312;4520,324;4524,296;4528,310;4533,310;4537,316;4541,316;4546,328;4550,314;4555,328;4559,320;4563,306;4568,320;4572,306;4576,306;4581,306;4585,326;4589,312;4594,326;4598,312;4602,324;4607,310;4611,302;4615,316;4620,300;4624,302;4629,302;4633,322;4637,308;4642,322;4646,320;4650,320;4655,306;4659,312;4663,312;4668,298;4672,312;4676,310;4681,310;4685,318;4689,318;4694,316;4698,316;4703,302;4707,294;4711,308;4716,308;4720,308;4724,294;4729,308;4733,314;4737,328;4742,312;4746,326;4750,326;4755,304;4759,318;4764,304;4768,316;4772,302;4777,316;4781,310;4785,322;4790,308;4794,322;4798,306;4803,320;4807,328;4811,312;4816,326;4820,312;4825,312;4829,318;4833,332;4838,304;4842,332;4846,316;4851,332;4855,324;4859,324;4864,324;4868,308;4872,308;4877,308;4881,330;4885,316;4890,330;4894,314;4899,314;4903,320;4907,306;4912,320;4916,320;4920,320;4925,318;4929,326;4933,312;4938,326;4942,324;4946,324;4951,310;4955,304;4959,316;4964,304;4968,316;4973,302;4977,322;4981,308;4986,322;4990,308;4994,322;4999,308;5003,300;5007,314;5012,300;5016,312;5020,312;5025,312;5029,320;5033,320;5038,320;5042,320;5047,306;5051,312;5055,310;5060,296;5064,310;5068,310;5073,310;5077,316;5081,316;5086,314;5090,316;5094,316;5099,316;5103,322;5107,308;5112,308;5116,294;5121,308;5125,314;5129,328;5134,314;5138,328;5142,314;5147,328;5151,320;5155,306;5160,320;5164,304;5168,318;5173,304;5177,326;5182,310;5186,324;5190,310;5195,324;5199,316;5203,302;5208,316;5212,300;5216,328;5221,314;5225,308;5229,306;5234,320;5238,306;5242,320;5247,318;5251,312;5256,326;5260,312;5264,310;5269,310;5273,318;5277,316;5282,330;5286,316;5290,316;5295,314;5299,308;5303,308;5308,320;5312,320;5316,320;5321,318;5325,312;5330,326;5334,324;5338,324;5343,310;5347,316;5351,316;5356,316;5360,314;5364,300;5369,314;5373,306;5377,320;5382,306;5386,320;5391,306;5395,298;5399,312;5404,312;5408,312;5412,312;5417,312;5421,318;5425,318;5430,304;5434,318;5438,304;5443,318;5447,310;5451,310;5456,310;5460,310;5465,310;5469,302;5473,316;5478,314;5482,316;5486,314;5491,314;5495,306;5499,306;5504,306;5508,292;5512,306;5517,304;5521,326;5525,312;5530,326;5534,326;5539,326;5543,318;5547,302;5552,316;5556,302;5560,316;5565,316;5569,322;5573,308;5578,322;5582,308;5586,322;5591,308;5595,314;5599,328;5604,314;5608,328;5613,314;5617,320;5621,320;5626,322;5630,306;5634,320;5639,306;5643,314;5647,326;5652,312;5656,312;5660,312;5665,312;5669,320;5673,320;5678,304;5682,320;5687,306;5691,320;5695,326;5700,312;5704,312;5708,312;5713,312;5717,318;5721,318;5726,304;5730,318;5734,318;5739,318;5743,324;5747,310;5752,310;5756,294;5761,308;5765,316;5769,328;5774,314;5778,300;5782,300;5787,314;5791,320;5795,306;5800,320;5804,308;5808,320;5813,306;5817,326;5821,312;5826,326;5830,312;5835,326;5839,304;5843,290;5848,304;5852,304;5856,304;5861,290;5865,324;5869,310;5874,310;5878,310;5882,310;5887,302;5891,302;5896,302;5900,302;5904,314;5909,300;5913,322;5917,320;5922,320;5926,320;5930,320;5935,320;5939,312;5943,312;5948,296;5952,310;5957,296;5961,324;5965,318;5970,318;5974,316;5978,330;5983,316;5987,322;5991,322;5996,308;6000,320;6004,306;6009,306;6013,312;6017,326;6022,312;6026,298;6031,282;6035,288;6039,288;6044,288;6048,274;6052,272;6057,272;6061,292;6065,292;6070,292;6074,306;6078,292;6083,270;6087,282;6091,282;6096,282;6100,268;6105,280;6109,288;6113,288;6118,288;6122,300;6126,300;6131,286;6135,278;6139,278;6144,278;6148,262;6152,290;6157,284;6161,298;6165,294;6170,282;6174,268;6179,268;6183,288;6187,274;6192,274;6196,272;6200,272;6205,258;6209,294;6213,292;6218,292;6222,278;6226,276;6231,276;6235,284;6239,282;6244,282;6248,282;6253,294;6257,244;6261,286;6266,286;6270,286;6274,286;6279,286;6283,276;6287,276;6292,262;6296,276;6300,276;6305,268;6309,282;6313,296;6318,282;6322,280;6327,280;6331,260;6335,272;6340,272;6344,272;6348,258;6353,286;6357,292;6361,292;6366,278;6370,276;6374,276;6379,268;6383,282;6388,280;6392,280;6396,252;6401,294;6405,286;6409,286;6414,286;6418,272;6422,270;6427,278;6431,276;6435,276;6440,262;6444,262;6448,290;6453,296;6457,296;6462,280;6466,252;6470,280;6475,292;6479,286;6483,270;6488,270;6492,256;6496,284;6501,282;6505,276;6509,276;6514,274;6518,274;6522,274;6527,266;6531,264;6536,278;6540,264;6544,278;6549,264;6553,272;6557,284;6562,298;6566,282;6570,284;6575,276;6579,274;6583,274;6588,260;6592,274;6596,274;\r\nBuffer sent in 0.973 secondsreturn;buffer;965\r\n'), 11:35:19
bytearray(b'received from UR: measure -> measure (0,1)\r\nSTEPPER: Moving to mstep: 6600 with speed [msteps/sec]: 1000 in StealthChop.\r\n'), 11:35:20
bytearray(b'STEPPER: Moving to mstep: 2400 with speed [msteps/sec]: 4000 in SpreadCycle.\r\n'), 11:35:25
bytearray(b'STEPPER: Moved 4200.00 msteps (ramp: 35%) in 1324.888 ms -> average speed [msteps/sec]: 3170.08\r\nreturn;measure;965\r\n'), 11:35:26
bytearray(b'received from UR: buffer -> buffer (0,1)\r\nSending buffer of size 965data;2400,310;2404,432;2408,230;2413,300;2417,322;2421,320;2426,334;2430,320;2434,334;2439,320;2443,326;2447,326;2452,326;2456,324;2460,310;2465,310;2469,318;2474,330;2478,330;2482,330;2487,328;2491,322;2495,322;2500,320;2504,334;2508,334;2513,334;2517,326;2521,326;2526,326;2530,326;2534,324;2539,324;2543,330;2548,316;2552,316;2556,316;2561,330;2565,322;2569,336;2574,320;2578,334;2582,320;2587,334;2591,326;2595,312;2600,340;2604,326;2609,326;2613,318;2617,332;2622,318;2626,332;2630,332;2635,344;2639,322;2643,310;2648,308;2652,308;2656,322;2661,322;2665,342;2669,326;2674,326;2678,326;2683,326;2687,318;2691,318;2696,330;2700,316;2704,330;2709,316;2713,336;2717,322;2722,336;2726,322;2730,322;2735,320;2739,312;2743,340;2748,326;2752,326;2757,312;2761,324;2765,330;2770,330;2774,330;2778,330;2783,314;2787,320;2791,334;2796,320;2800,334;2804,306;2809,334;2813,326;2817,326;2822,324;2826,338;2831,324;2835,338;2839,330;2844,316;2848,330;2852,330;2857,330;2861,322;2865,336;2870,320;2874,334;2878,334;2883,334;2887,326;2891,326;2896,324;2900,324;2905,324;2909,316;2913,330;2918,330;2922,330;2926,330;2931,330;2935,336;2939,322;2944,334;2948,320;2952,332;2957,318;2961,326;2965,324;2970,338;2974,324;2979,338;2983,322;2987,316;2992,330;2996,316;3000,328;3005,314;3009,336;3013,320;3018,336;3022,320;3026,336;3031,320;3035,326;3039,326;3044,312;3048,326;3053,312;3057,326;3061,332;3066,332;3070,318;3074,332;3079,318;3083,324;3087,324;3092,310;3096,310;3100,308;3105,336;3109,328;3113,328;3118,328;3122,328;3127,314;3131,320;3135,334;3140,320;3144,320;3148,318;3153,334;3157,326;3161,340;3166,324;3170,338;3174,324;3179,338;3183,330;3188,314;3192,330;3196,314;3201,328;3205,322;3209,336;3214,320;3218,334;3222,320;3227,334;3231,326;3235,312;3240,326;3244,312;3248,326;3253,326;3257,346;3262,330;3266,332;3270,330;3275,330;3279,336;3283,336;3288,322;3292,322;3296,322;3301,320;3305,328;3309,328;3314,328;3318,326;3322,328;3327,328;3331,320;3336,334;3340,320;3344,332;3349,318;3353,326;3357,324;3362,338;3366,324;3370,324;3375,324;3379,302;3383,316;3388,316;3392,330;3396,314;3401,330;3405,322;3410,336;3414,322;3418,336;3423,322;3427,314;3431,328;3436,326;3440,326;3444,312;3449,326;3453,320;3457,332;3462,318;3466,330;3470,330;3475,308;3479,322;3484,308;3488,334;3492,322;3497,334;3501,326;3505,326;3510,324;3514,324;3518,322;3523,336;3527,328;3531,314;3536,328;3540,312;3544,326;3549,312;3553,332;3558,330;3562,330;3566,316;3571,330;3575,322;3579,320;3584,334;3588,320;3592,334;3597,320;3601,342;3605,326;3610,340;3614,326;3619,340;3623,324;3627,318;3632,330;3636,330;3640,330;3645,316;3649,336;3653,322;3658,336;3662,320;3666,334;3671,320;3675,312;3679,326;3684,326;3688,326;3693,324;3697,324;3701,332;3706,332;3710,330;3714,330;3719,316;3723,322;3727,336;3732,322;3736,322;3740,308;3745,336;3749,328;3753,328;3758,328;3762,328;3767,314;3771,320;3775,334;3780,318;3784,332;3788,318;3793,332;3797,324;3801,340;3806,324;3810,326;3814,324;3819,338;3823,318;3828,316;3832,316;3836,302;3841,316;3845,322;3849,336;3854,322;3858,336;3862,320;3867,334;3871,326;3875,314;3880,326;3884,312;3888,326;3893,326;3897,332;3902,332;3906,332;3910,330;3915,332;3919,318;3923,324;3928,336;3932,310;3936,322;3941,308;3945,330;3949,328;3954,328;3958,328;3962,328;3967,328;3971,320;3976,334;3980,318;3984,334;3989,304;3993,320;3997,324;4002,338;4006,324;4010,338;4015,324;4019,302;4023,316;4028,316;4032,330;4036,316;4041,328;4045,322;4050,336;4054,322;4058,336;4063,320;4067,314;4071,312;4076,328;4080,326;4084,326;4089,326;4093,320;4097,334;4102,320;4106,334;4110,320;4115,334;4119,340;4124,326;4128,326;4132,310;4137,324;4141,332;4145,332;4150,330;4154,330;4158,316;4163,330;4167,336;4171,322;4176,322;4180,320;4184,336;4189,320;4193,342;4198,326;4202,340;4206,326;4211,326;4215,332;4219,318;4224,332;4228,318;4232,318;4237,318;4241,338;4245,324;4250,338;4254,324;4259,338;4263,322;4267,316;4272,328;4276,328;4280,328;4285,314;4289,334;4293,320;4298,334;4302,320;4306,334;4311,332;4315,312;4319,324;4324,310;4328,338;4333,324;4337,326;4341,318;4346,330;4350,316;4354,330;4359,330;4363,322;4367,322;4372,308;4376,322;4380,308;4385,336;4389,314;4393,326;4398,314;4402,328;4407,314;4411,320;4415,320;4420,320;4424,320;4428,306;4433,320;4437,312;4441,326;4446,326;4450,326;4454,324;4459,340;4463,302;4467,304;4472,330;4476,318;4481,316;4485,310;4489,322;4494,322;4498,322;4502,322;4507,322;4511,314;4515,314;4520,326;4524,312;4528,326;4533,312;4537,318;4541,318;4546,318;4550,316;4555,318;4559,310;4563,296;4568,308;4572,294;4576,308;4581,308;4585,328;4589,312;4594,314;4598,312;4602,326;4607,312;4611,304;4615,318;4620,304;4624,316;4629,304;4633,324;4637,310;4642,324;4646,308;4650,322;4655,308;4659,316;4663,314;4668,314;4672,314;4676,300;4681,314;4685,308;4690,320;4694,306;4698,320;4703,304;4707,312;4711,310;4716,296;4720,324;4724,310;4729,324;4733,316;4737,318;4742,316;4746,330;4750,316;4755,316;4759,322;4764,322;4768,322;4772,308;4777,322;4781,314;4785,330;4790,314;4794,330;4798,314;4803,330;4807,322;4811,308;4816,320;4820,306;4824,320;4829,320;4833,328;4838,314;4842,328;4846,314;4851,328;4855,320;4859,320;4864,320;4868,320;4872,320;4877,320;4881,328;4885,314;4890,328;4894,312;4898,314;4903,314;4907,320;4912,320;4916,320;4920,318;4925,318;4929,326;4933,312;4938,326;4942,312;4946,326;4951,310;4955,304;4959,318;4964,316;4968,318;4973,304;4977,316;4981,310;4986,324;4990,308;4994,324;4999,308;5003,302;5007,316;5012,314;5016,314;5020,314;5025,314;5029,306;5033,320;5038,320;5042,320;5047,306;5051,312;5055,312;5060,312;5064,298;5068,298;5073,312;5077,304;5081,304;5086,304;5090,318;5094,304;5099,318;5103,310;5107,310;5112,310;5116,296;5121,308;5125,316;5129,330;5134,316;5138,314;5142,314;5147,316;5151,320;5155,306;5160,320;5164,304;5168,334;5173,320;5177,326;5181,312;5186,326;5190,310;5195,326;5199,318;5203,304;5208,332;5212,318;5216,316;5221,316;5225,324;5229,310;5234,322;5238,308;5242,322;5247,308;5251,314;5255,314;5260,314;5264,312;5269,312;5273,320;5277,318;5282,318;5286,318;5290,318;5295,318;5299,310;5303,324;5308,324;5312,324;5316,310;5321,322;5325,316;5329,330;5334,316;5338,328;5343,314;5347,308;5351,320;5356,306;5360,306;5364,306;5369,320;5373,298;5377,310;5382,312;5386,326;5390,312;5395,326;5399,304;5404,304;5408,318;5412,304;5417,318;5421,310;5425,310;5430,310;5434,324;5438,310;5443,324;5447,302;5451,302;5456,316;5460,302;5464,314;5469,308;5473,322;5478,308;5482,306;5486,306;5491,306;5495,314;5499,314;5504,312;5508,312;5512,312;5517,298;5521,318;5525,318;5530,318;5534,318;5538,318;5543,318;5547,296;5552,310;5556,308;5560,322;5565,308;5569,328;5573,314;5578,328;5582,312;5586,328;5591,312;5595,306;5599,320;5604,306;5608,318;5613,318;5617,318;5621,312;5626,324;5630,310;5634,324;5639,324;5643,316;5647,302;5652,302;5656,300;5660,300;5665,314;5669,320;5673,320;5678,320;5682,320;5687,318;5691,312;5695,310;5700,310;5704,310;5708,322;5713,310;5717,316;5721,316;5726,316;5730,316;5734,316;5739,316;5743,308;5747,306;5752,306;5756,292;5761,306;5765,312;5769,326;5774,312;5778,312;5782,310;5787,324;5791,302;5795,302;5800,316;5804,300;5808,302;5813,300;5817,322;5821,306;5826,320;5830,320;5835,320;5839,312;5843,312;5848,310;5852,296;5856,296;5861,310;5865,316;5869,302;5874,302;5878,302;5882,316;5887,294;5891,294;5895,322;5900,308;5904,306;5909,306;5913,314;5917,312;5922,314;5926,312;5930,326;5935,310;5939,304;5943,318;5948,304;5952,304;5956,304;5961,332;5965,310;5970,324;5974,310;5978,324;5983,308;5987,314;5991,314;5996,314;6000,314;6004,314;6009,314;6013,306;6017,320;6022,304;6026,318;6030,290;6035,296;6039,296;6044,296;6048,280;6052,294;6057,280;6061,286;6065,300;6070,300;6074,300;6078,298;6083,276;6087,276;6091,276;6096,276;6100,290;6104,274;6109,282;6113,296;6118,296;6122,296;6126,294;6131,280;6135,272;6139,286;6144,300;6148,284;6152,286;6157,278;6161,292;6165,276;6170,290;6174,290;6179,276;6183,282;6187,282;6192,296;6196,268;6200,282;6205,280;6209,288;6213,274;6218,258;6222,286;6226,300;6231,278;6235,278;6239,278;6244,264;6248,278;6253,278;6257,286;6261,272;6266,242;6270,284;6274,284;6279,284;6283,276;6287,276;6292,262;6296,276;6300,276;6305,282;6309,282;6313,240;6318,282;6322,296;6327,294;6331,272;6335,272;6340,272;6344,286;6348,270;6353,284;6357,292;6361,276;6366,262;6370,276;6374,276;6379,282;6383,282;6387,282;6392,280;6396,280;6401,266;6405,288;6409,300;6414,286;6418,286;6422,286;6427,286;6431,278;6435,292;6440,278;6444,292;6448,292;6453,284;6457,284;6461,270;6466,240;6470,282;6475,296;6479,288;6483,274;6488,274;6492,274;6496,272;6501,272;6505,278;6509,278;6514,292;6518,292;6522,290;6527,270;6531,254;6536,280;6540,280;6544,280;6549,280;6553,242;6557,286;6562,286;6566,284;6570,284;6575,276;6579,262;6583,276;6588,276;6592,290;6596,274;\r\nBuffer sent in 0.973 secondsreturn;buffer;965\r\n'), 11:35:28
bytearray(b'received from UR: measure -> measure (0,1)\r\nSTEPPER: Moving to mstep: 6600 with speed [msteps/sec]: 1000 in StealthChop.\r\n'), 11:35:29
bytearray(b'STEPPER: Moving to mstep: 2400 with speed [msteps/sec]: 4000 in SpreadCycle.\r\n'), 11:35:33
bytearray(b'STEPPER: Moved 4200.00 msteps (ramp: 35%) in 1324.888 ms -> average speed [msteps/sec]: 3170.08\r\nreturn;measure;965\r\n'), 11:35:35
bytearray(b'received from UR: buffer -> buffer (0,1)\r\nSending buffer of size 965data;2400,300;2404,460;2408,172;2413,272;2417,314;2421,322;2426,336;2430,322;2434,336;2439,322;2443,314;2447,328;2452,328;2456,326;2460,312;2465,326;2469,320;2474,332;2478,318;2482,332;2487,318;2491,324;2495,324;2500,324;2504,324;2508,324;2513,338;2517,316;2521,330;2526,316;2530,328;2534,328;2539,328;2543,322;2548,306;2552,334;2556,320;2561,334;2565,312;2569,326;2574,326;2578,340;2582,324;2587,338;2591,332;2595,316;2600,332;2604,316;2608,332;2613,330;2617,324;2622,322;2626,336;2630,322;2635,336;2639,328;2643,314;2648,328;2652,314;2656,342;2661,328;2665,320;2669,320;2674,334;2678,318;2682,332;2687,318;2691,326;2696,324;2700,324;2704,338;2709,324;2713,330;2717,316;2722,330;2726,330;2730,330;2735,330;2739,308;2743,336;2748,310;2752,336;2756,322;2761,324;2765,314;2770,328;2774,328;2778,342;2783,326;2787,306;2791,332;2796,318;2800,332;2804,318;2809,332;2813,324;2817,338;2822,322;2826,338;2831,322;2835,314;2839,328;2844,314;2848,342;2852,326;2857,326;2861,318;2865,332;2870,318;2874,332;2878,316;2883,330;2887,324;2891,322;2896,336;2900,322;2905,322;2909,320;2913,328;2918,326;2922,326;2926,326;2931,340;2935,332;2939,316;2944,330;2948,318;2952,330;2957,314;2961,336;2965,322;2970,334;2974,320;2979,334;2983,320;2987,310;2992,326;2996,310;3000,324;3005,324;3009,332;3013,316;3018,330;3022,330;3026,344;3031,330;3035,308;3039,322;3044,322;3048,334;3053,320;3057,320;3061,326;3066,340;3070,326;3074,338;3079,324;3083,316;3087,330;3092,330;3096,330;3100,316;3105,316;3109,322;3113,336;3118,322;3122,334;3127,320;3131,312;3135,326;3140,312;3144,340;3148,310;3153,324;3157,316;3161,332;3166,316;3170,330;3174,316;3179,330;3183,336;3187,322;3192,336;3196,322;3201,322;3205,314;3209,342;3214,328;3218,342;3222,326;3227,340;3231,334;3235,320;3240,334;3244,334;3248,318;3253,320;3257,340;3261,324;3266,340;3270,324;3275,324;3279,324;3283,316;3288,330;3292,316;3296,316;3301,314;3305,336;3309,322;3314,334;3318,320;3322,334;3327,320;3331,326;3335,326;3340,312;3344,326;3349,312;3353,326;3357,332;3362,332;3366,316;3370,332;3375,332;3379,324;3383,324;3388,310;3392,324;3396,310;3401,336;3405,316;3410,328;3414,314;3418,328;3423,328;3427,320;3431,320;3436,306;3440,320;3444,318;3449,318;3453,326;3457,340;3462,324;3466,324;3470,324;3475,338;3479,316;3484,316;3488,330;3492,316;3497,330;3501,322;3505,336;3510,320;3514,334;3518,320;3523,334;3527,326;3531,312;3536,326;3540,310;3544,324;3549,310;3553,330;3558,330;3562,344;3566,330;3571,342;3575,322;3579,306;3584,334;3588,320;3592,334;3597,318;3601,340;3605,326;3610,340;3614,324;3619,338;3623,324;3627,316;3632,316;3636,314;3640,328;3645,314;3649,336;3653,320;3658,334;3662,320;3666,334;3671,320;3675,326;3679,324;3684,326;3688,324;3692,324;3697,338;3701,316;3706,330;3710,316;3714,328;3719,328;3723,320;3727,320;3732,320;3736,334;3740,318;3745,332;3749,324;3753,324;3758,324;3762,338;3766,324;3771,338;3775,330;3780,316;3784,330;3788,314;3793,342;3797,320;3801,320;3806,320;3810,334;3814,320;3819,334;3823,326;3827,312;3832,324;3836,324;3841,340;3845,316;3849,330;3854,316;3858,330;3862,316;3867,330;3871,322;3875,322;3880,334;3884,320;3888,334;3893,334;3897,326;3901,326;3906,326;3910,324;3915,324;3919,324;3923,316;3928,330;3932,316;3936,344;3941,328;3945,322;3949,322;3954,336;3958,322;3962,334;3967,320;3971,312;3975,326;3980,310;3984,326;3989,310;3993,324;3997,330;4002,332;4006,316;4010,330;4015,316;4019,322;4023,320;4028,320;4032,320;4036,320;4041,334;4045,312;4049,326;4054,324;4058,338;4063,324;4067,330;4071,330;4076,314;4080,328;4084,314;4089,328;4093,320;4097,320;4102,318;4106,332;4110,332;4115,332;4119,324;4124,310;4128,336;4132,322;4137,336;4141,328;4145,326;4150,326;4154,326;4158,326;4163,326;4167,332;4171,318;4176,330;4180,316;4184,344;4189,330;4193,322;4198,320;4202,336;4206,320;4211,334;4215,326;4219,312;4224,326;4228,326;4232,326;4237,324;4241,330;4245,316;4250,328;4254,316;4258,344;4263,328;4267,320;4272,320;4276,320;4280,334;4285,320;4289,326;4293,324;4298,326;4302,324;4306,324;4311,324;4315,330;4319,330;4324,314;4328,328;4332,314;4337,328;4341,320;4346,334;4350,320;4354,334;4359,318;4363,326;4367,338;4372,310;4376,324;4380,308;4385,322;4389,316;4393,328;4398,328;4402,326;4406,312;4411,326;4415,318;4420,316;4424,316;4428,316;4433,330;4437,308;4441,322;4446,308;4450,334;4454,320;4459,320;4463,312;4467,312;4472,324;4476,310;4480,324;4485,324;4489,316;4494,314;4498,328;4502,314;4507,328;4511,320;4515,306;4520,318;4524,318;4528,332;4533,302;4537,324;4541,310;4546,322;4550,322;4554,322;4559,320;4563,300;4568,312;4572,312;4576,326;4581,312;4585,318;4589,304;4594,318;4598,316;4602,316;4607,302;4611,308;4615,322;4620,308;4624,308;4629,308;4633,314;4637,314;4642,328;4646,312;4650,312;4655,312;4659,304;4663,318;4668,318;4672,316;4676,302;4681,316;4685,308;4690,308;4694,306;4698,308;4703,306;4707,314;4711,314;4716,300;4720,312;4724,296;4729,312;4733,318;4737,318;4742,318;4746,318;4750,316;4755,318;4759,324;4764,308;4768,310;4772,308;4777,322;4781,314;4785,330;4790,314;4794,328;4798,312;4803,328;4807,318;4811,304;4816,318;4820,318;4824,316;4829,316;4833,324;4838,310;4842,322;4846,308;4851,336;4855,314;4859,314;4864,314;4868,298;4872,312;4877,312;4881,332;4885,318;4890,332;4894,318;4898,318;4903,318;4907,310;4912,308;4916,308;4920,322;4925,308;4929,328;4933,314;4938,328;4942,312;4946,314;4951,312;4955,304;4959,318;4964,302;4968,316;4972,302;4977,302;4981,308;4986,322;4990,308;4994,322;4999,306;5003,298;5007,312;5012,312;5016,312;5020,310;5025,310;5029,302;5033,316;5038,314;5042,314;5046,300;5051,306;5055,320;5060,306;5064,318;5068,304;5073,316;5077,310;5081,310;5086,310;5090,310;5094,308;5099,310;5103,314;5107,314;5112,314;5116,300;5120,314;5125,300;5129,320;5134,306;5138,318;5142,318;5147,318;5151,310;5155,296;5160,324;5164,308;5168,322;5173,308;5177,328;5181,314;5186,328;5190,312;5195,326;5199,312;5203,318;5208,318;5212,302;5216,316;5221,316;5225,322;5229,322;5234,322;5238,320;5242,322;5247,320;5251,312;5255,312;5260,312;5264,312;5269,310;5273,318;5277,316;5282,316;5286,314;5290,316;5295,314;5299,308;5303,320;5308,308;5312,320;5316,306;5321,320;5325,312;5329,326;5334,310;5338,310;5343,308;5347,302;5351,316;5356,314;5360,314;5364,300;5369,312;5373,320;5377,318;5382,304;5386,318;5390,302;5395,316;5399,310;5403,308;5408,322;5412,306;5417,306;5421,312;5425,326;5430,312;5434,326;5438,310;5443,324;5447,302;5451,302;5456,302;5460,300;5464,300;5469,298;5473,320;5477,304;5482,318;5486,304;5491,316;5495,310;5499,308;5504,308;5508,306;5512,320;5517,306;5521,314;5525,312;5530,326;5534,310;5538,324;5543,310;5547,302;5552,328;5556,316;5560,314;5565,314;5569,320;5573,318;5578,334;5582,318;5586,320;5591,318;5595,310;5599,324;5604,310;5608,310;5612,308;5617,322;5621,314;5626,328;5630,314;5634,314;5639,312;5643,318;5647,320;5652,318;5656,318;5660,316;5665,316;5669,310;5673,322;5678,308;5682,308;5686,308;5691,322;5695,328;5700,328;5704,314;5708,312;5713,326;5717,320;5721,320;5726,304;5730,318;5734,318;5739,318;5743,324;5747,310;5752,310;5756,310;5760,324;5765,310;5769,316;5774,302;5778,316;5782,300;5787,314;5791,320;5795,306;5800,306;5804,292;5808,306;5813,304;5817,326;5821,310;5826,324;5830,308;5835,324;5839,316;5843,302;5848,300;5852,302;5856,314;5861,300;5865,320;5869,306;5874,306;5878,306;5882,304;5887,304;5891,310;5895,310;5900,310;5904,324;5909,310;5913,314;5917,314;5922,314;5926,314;5930,314;5935,312;5939,288;5943,318;5948,302;5952,316;5956,302;5961,316;5965,308;5969,322;5974,306;5978,320;5983,304;5987,312;5991,324;5996,310;6000,324;6004,308;6009,322;6013,314;6017,314;6022,300;6026,312;6030,298;6035,298;6039,288;6043,274;6048,288;6052,274;6057,286;6061,294;6065,278;6070,292;6074,292;6078,292;6083,292;6087,284;6091,284;6096,298;6100,298;6104,284;6109,290;6113,290;6117,288;6122,274;6126,288;6131,302;6135,282;6139,268;6144,280;6148,266;6152,280;6157,264;6161,300;6165,286;6170,284;6174,284;6178,268;6183,290;6187,276;6191,288;6196,288;6200,274;6205,260;6209,296;6213,280;6218,294;6222,280;6226,250;6231,280;6235,284;6239,284;6244,270;6248,284;6252,256;6257,290;6261,276;6266,276;6270,274;6274,260;6279,274;6283,280;6287,280;6292,280;6296,264;6300,264;6305,284;6309,284;6313,282;6318,282;6322,268;6326,282;6331,274;6335,288;6340,274;6344,286;6348,286;6353,286;6357,278;6361,278;6366,276;6370,292;6374,290;6379,268;6383,280;6387,266;6392,280;6396,266;6401,266;6405,286;6409,284;6414,284;6418,270;6422,282;6427,296;6431,274;6435,274;6440,272;6444,272;6448,272;6453,278;6457,292;6461,276;6466,276;6470,276;6475,262;6479,266;6483,268;6488,280;6492,266;6496,280;6501,266;6505,272;6509,286;6514,286;6518,286;6522,284;6527,278;6531,276;6535,276;6540,262;6544,276;6549,260;6553,282;6557,280;6562,280;6566,280;6570,280;6575,278;6579,270;6583,284;6588,270;6592,268;6596,268;\r\nBuffer sent in 0.973 secondsreturn;buffer;965\r\n'), 11:35:37
bytearray(b'received from UR: measure -> measure (0,1)\r\nSTEPPER: Moving to mstep: 6600 with speed [msteps/sec]: 1000 in StealthChop.\r\n'), 11:35:38
bytearray(b'STEPPER: Moving to mstep: 2400 with speed [msteps/sec]: 4000 in SpreadCycle.\r\n'), 11:35:42
bytearray(b'STEPPER: Moved 4200.00 msteps (ramp: 35%) in 1324.888 ms -> average speed [msteps/sec]: 3170.08\r\nreturn;measure;965\r\n'), 11:35:43
bytearray(b'received from UR: buffer -> buffer (0,1)\r\nSending buffer of size 965data;2400,306;2404,466;2408,148;2413,278;2417,320;2421,326;2426,340;2430,326;2434,340;2439,312;2443,318;2447,332;2452,318;2456,332;2460,332;2465,318;2469,324;2473,338;2478,324;2482,338;2487,322;2491,316;2495,330;2500,316;2504,328;2508,312;2513,328;2517,334;2521,334;2526,320;2530,334;2534,332;2539,332;2543,324;2548,310;2552,324;2556,310;2561,324;2565,330;2569,344;2574,328;2578,342;2582,328;2587,342;2591,334;2595,320;2600,334;2604,304;2608,332;2613,318;2617,338;2622,324;2626,338;2630,324;2635,338;2639,330;2643,314;2648,328;2652,314;2656,326;2661,314;2665,334;2669,318;2674,332;2678,332;2682,332;2687,318;2691,310;2696,322;2700,308;2704,322;2709,322;2713,334;2717,326;2722,340;2726,326;2730,340;2735,326;2739,318;2743,332;2748,304;2752,330;2756,316;2761,330;2765,322;2770,336;2774,322;2778,336;2783,320;2787,314;2791,328;2796,312;2800,328;2804,312;2809,326;2813,318;2817,348;2822,320;2826,346;2830,318;2835,310;2839,324;2844,310;2848,324;2852,310;2857,324;2861,316;2865,344;2870,330;2874,344;2878,328;2883,330;2887,334;2891,308;2896,334;2900,320;2905,334;2909,306;2913,342;2918,326;2922,340;2926,326;2931,340;2935,332;2939,304;2944,332;2948,318;2952,332;2957,304;2961,338;2965,324;2970,338;2974,324;2979,338;2983,324;2987,304;2992,330;2996,316;3000,332;3005,302;3009,338;3013,324;3018,338;3022,324;3026,338;3031,324;3035,316;3039,330;3044,316;3048,330;3053,316;3057,330;3061,322;3066,336;3070,322;3074,336;3079,322;3083,314;3087,328;3092,314;3096,328;3100,314;3105,328;3109,334;3113,334;3118,320;3122,334;3127,334;3131,312;3135,326;3140,312;3144,326;3148,312;3153,326;3157,332;3161,332;3166,318;3170,346;3174,332;3179,346;3183,324;3187,310;3192,324;3196,310;3201,324;3205,310;3209,344;3214,316;3218,344;3222,330;3227,344;3231,320;3235,322;3240,322;3244,308;3248,322;3253,320;3257,342;3261,328;3266,342;3270,328;3275,342;3279,324;3283,320;3288,332;3292,318;3296,320;3301,320;3305,340;3309,326;3314,340;3318,326;3322,340;3327,324;3331,316;3335,332;3340,304;3344,330;3349,316;3353,330;3357,322;3362,336;3366,322;3370,336;3375,322;3379,314;3383,328;3388,312;3392,326;3396,312;3401,326;3405,320;3410,334;3414,320;3418,332;3423,318;3427,310;3431,324;3436,310;3440,324;3444,310;3449,324;3453,316;3457,344;3462,330;3466,330;3470,316;3475,330;3479,322;3484,308;3488,322;3492,320;3497,322;3501,328;3505,340;3510,326;3514,342;3518,326;3523,340;3527,332;3531,304;3536,332;3540,318;3544,332;3549,304;3553,340;3558,324;3562,340;3566,324;3571,338;3575,332;3579,304;3584,332;3588,318;3592,332;3597,304;3601,340;3605,326;3610,340;3614,326;3619,340;3623,326;3627,318;3632,318;3636,318;3640,332;3645,316;3649,338;3653,324;3658,338;3662,324;3666,338;3671,324;3675,316;3679,330;3684,316;3688,330;3693,314;3697,328;3701,322;3706,334;3710,320;3714,334;3719,332;3723,312;3727,326;3732,310;3736,324;3740,310;3745,324;3749,330;3753,330;3758,330;3762,342;3767,328;3771,306;3775,334;3780,320;3784,334;3788,306;3793,332;3797,326;3801,340;3806,324;3810,338;3814,324;3819,338;3823,330;3827,316;3832,330;3836,314;3841,328;3845,314;3849,336;3854,320;3858,334;3862,320;3867,334;3871,326;3875,312;3880,326;3884,310;3888,324;3893,310;3897,330;3901,330;3906,330;3910,328;3915,330;3919,328;3923,306;3928,334;3932,306;3936,334;3941,318;3945,340;3949,324;3954,338;3958,324;3962,338;3967,324;3971,316;3975,330;3980,328;3984,328;3989,314;3993,328;3997,320;4002,336;4006,320;4010,334;4015,320;4019,312;4023,340;4028,324;4032,324;4036,310;4041,324;4045,316;4050,330;4054,314;4058,328;4063,314;4067,320;4071,334;4076,334;4080,318;4084,318;4089,332;4093,324;4097,324;4102,322;4106,324;4110,322;4115,336;4119,342;4124,328;4128,328;4132,314;4137,326;4141,334;4145,332;4150,318;4154,332;4158,332;4163,332;4167,324;4171,310;4176,324;4180,308;4184,322;4189,308;4193,342;4198,326;4202,342;4206,326;4211,340;4215,332;4219,318;4224,332;4228,316;4232,330;4237,316;4241,336;4245,322;4250,336;4254,320;4258,334;4263,316;4267,312;4272,326;4276,310;4280,324;4285,310;4289,332;4293,316;4298,330;4302,330;4306,330;4311,328;4315,308;4319,334;4324,306;4328,334;4332,318;4337,332;4341,324;4346,338;4350,324;4354,338;4359,322;4363,314;4367,328;4372,312;4376,328;4380,312;4385,326;4389,318;4393,334;4398,318;4402,332;4406,316;4411,308;4415,320;4420,308;4424,322;4428,306;4433,320;4437,312;4441,340;4446,324;4450,324;4454,310;4459,324;4463,316;4467,316;4472,330;4476,330;4480,314;4485,314;4489,320;4494,318;4498,318;4502,306;4507,318;4511,324;4515,310;4520,324;4524,322;4528,322;4533,308;4537,328;4541,314;4546,328;4550,312;4555,326;4559,318;4563,304;4568,318;4572,302;4576,316;4581,302;4585,336;4589,322;4594,322;4598,320;4602,334;4607,320;4611,298;4615,312;4620,298;4624,312;4629,296;4633,310;4637,318;4642,332;4646,316;4650,332;4655,316;4659,294;4663,308;4668,308;4672,308;4676,294;4681,308;4685,314;4690,314;4694,312;4698,326;4703,312;4707,304;4711,318;4716,304;4720,318;4724,302;4729,316;4733,322;4737,322;4742,322;4746,322;4750,320;4755,300;4759,328;4764,298;4768,326;4772,298;4777,326;4781,318;4785,332;4790,318;4794,332;4798,316;4803,330;4807,322;4811,308;4816,322;4820,306;4824,320;4829,306;4833,326;4838,312;4842,338;4846,324;4851,338;4855,316;4859,314;4864,314;4868,300;4872,314;4877,314;4881,320;4885,318;4890,332;4894,318;4898,332;4903,316;4907,310;4912,310;4916,308;4920,322;4925,308;4929,328;4933,314;4938,328;4942,314;4946,326;4951,312;4955,304;4959,316;4964,302;4968,316;4972,302;4977,314;4981,308;4986,322;4990,320;4994,320;4999,306;5003,298;5007,310;5012,296;5016,310;5020,296;5025,308;5029,314;5033,328;5038,312;5042,326;5046,312;5051,304;5055,304;5060,302;5064,316;5068,302;5073,316;5077,308;5081,322;5086,322;5090,322;5094,308;5099,320;5103,312;5107,298;5112,312;5116,298;5121,312;5125,318;5129,332;5134,318;5138,332;5142,316;5147,330;5151,322;5155,294;5160,322;5164,308;5168,322;5173,306;5177,328;5182,314;5186,328;5190,312;5195,328;5199,320;5203,306;5208,318;5212,304;5216,318;5221,304;5225,338;5229,324;5234,338;5238,310;5242,338;5247,322;5251,300;5256,314;5260,314;5264,314;5269,300;5273,314;5277,320;5282,320;5286,320;5290,322;5295,320;5299,300;5303,314;5308,312;5312,312;5316,298;5321,312;5325,318;5330,320;5334,318;5338,332;5343,318;5347,296;5351,310;5356,310;5360,324;5364,294;5369,308;5373,314;5377,328;5382,314;5386,328;5390,314;5395,292;5399,306;5404,304;5408,304;5412,290;5417,304;5421,310;5425,324;5430,310;5434,324;5438,308;5443,322;5447,314;5451,300;5456,312;5460,298;5464,312;5469,298;5473,318;5478,316;5482,316;5486,316;5491,316;5495,308;5499,306;5504,306;5508,292;5512,306;5517,306;5521,326;5525,312;5530,324;5534,324;5539,324;5543,316;5547,302;5552,316;5556,300;5560,314;5565,300;5569,334;5573,318;5578,332;5582,318;5586,332;5591,316;5595,310;5599,322;5604,294;5608,322;5613,308;5617,320;5621,314;5626,328;5630,312;5634,326;5639,312;5643,304;5647,318;5652,302;5656,316;5660,302;5665,316;5669,322;5673,334;5678,320;5682,320;5687,318;5691,310;5695,310;5700,310;5704,310;5708,308;5713,310;5717,314;5721,328;5726,314;5730,328;5734,312;5739,326;5743,318;5747,304;5752,316;5756,302;5761,316;5765,308;5769,322;5774,320;5778,320;5782,306;5787,334;5791,310;5795,296;5800,310;5804,296;5808,308;5813,294;5817,328;5822,314;5826,326;5830,312;5835,326;5839,302;5843,302;5848,302;5852,300;5856,300;5861,300;5865,320;5869,306;5874,318;5878,304;5882,318;5887,316;5891,294;5895,308;5900,294;5904,308;5909,292;5913,328;5917,312;5922,326;5926,312;5930,326;5935,312;5939,290;5943,316;5948,302;5952,316;5956,300;5961,314;5965,320;5970,322;5974,322;5978,334;5983,320;5987,296;5991,324;5996,310;6000,310;6004,296;6009,324;6013,316;6017,330;6022,302;6026,316;6030,300;6035,278;6039,292;6044,278;6048,278;6052,278;6057,278;6061,298;6065,284;6070,296;6074,296;6078,296;6083,272;6087,286;6091,272;6096,286;6100,258;6104,300;6109,292;6113,290;6118,290;6122,276;6126,290;6131,292;6135,284;6139,284;6144,282;6148,270;6152,282;6157,254;6161,290;6165,290;6170,290;6174,276;6178,276;6183,296;6187,268;6192,282;6196,282;6200,282;6205,266;6209,302;6213,288;6218,274;6222,286;6226,288;6231,280;6235,294;6239,278;6244,278;6248,278;6253,278;6257,270;6261,284;6266,284;6270,284;6274,268;6279,282;6283,260;6287,274;6292,260;6296,274;6300,260;6305,268;6309,282;6313,282;6318,280;6322,280;6327,294;6331,258;6335,272;6340,258;6344,286;6348,258;6353,272;6357,290;6361,292;6366,292;6370,290;6374,290;6379,270;6383,282;6387,268;6392,282;6396,268;6401,268;6405,288;6409,288;6414,288;6418,288;6422,286;6427,266;6431,266;6435,264;6440,292;6444,278;6448,278;6453,284;6457,242;6461,270;6466,284;6470,282;6475,240;6479,288;6483,288;6488,288;6492,260;6496,286;6501,286;6505,280;6509,278;6514,264;6518,278;6522,292;6527,270;6531,270;6535,270;6540,268;6544,268;6549,254;6553,290;6557,288;6562,288;6566,274;6570,244;6575,274;6579,280;6583,294;6588,292;6592,278;6596,278;\r\nBuffer sent in 0.973 secondsreturn;buffer;965\r\n'), 11:35:45
bytearray(b'received from UR: measure -> measure (0,1)\r\nSTEPPER: Moving to mstep: 6600 with speed [msteps/sec]: 1000 in StealthChop.\r\n'), 11:35:46
bytearray(b'STEPPER: Moving to mstep: 2400 with speed [msteps/sec]: 4000 in SpreadCycle.\r\n'), 11:35:51
bytearray(b'STEPPER: Moved 4200.00 msteps (ramp: 35%) in 1324.888 ms -> average speed [msteps/sec]: 3170.08\r\nreturn;measure;965\r\n'), 11:35:52
bytearray(b'received from UR: buffer -> buffer (0,1)\r\nSending buffer of size 965data;2400,302;2404,462;2408,142;2413,272;2417,314;2421,320;2426,334;2430,320;2434,334;2439,318;2443,326;2447,324;2452,324;2456,324;2460,324;2465,324;2469,316;2474,330;2478,330;2482,330;2487,328;2491,322;2495,322;2500,320;2504,320;2508,332;2513,332;2517,324;2521,326;2526,324;2530,324;2534,324;2539,324;2543,330;2548,316;2552,316;2556,302;2561,316;2565,322;2569,336;2574,322;2578,336;2582,320;2587,334;2591,328;2595,312;2600,326;2604,326;2608,326;2613,312;2617,332;2622,318;2626,332;2630,330;2635,344;2639,324;2643,310;2648,310;2652,308;2656,336;2661,322;2665,328;2669,328;2674,328;2678,328;2682,328;2687,328;2691,320;2696,334;2700,320;2704,320;2709,320;2713,340;2717,326;2722,326;2726,326;2730,326;2735,326;2739,318;2743,332;2748,318;2752,332;2756,318;2761,332;2765,324;2770,338;2774,322;2778,338;2783,322;2787,316;2791,330;2796,316;2800,328;2804,314;2809,314;2813,320;2817,336;2822,320;2826,334;2831,320;2835,334;2839,326;2844,312;2848,326;2852,326;2857,326;2861,318;2865,332;2870,332;2874,332;2878,316;2883,330;2887,324;2891,324;2896,324;2900,324;2905,324;2909,316;2913,330;2918,330;2922,330;2926,328;2931,330;2935,322;2939,308;2944,320;2948,308;2952,336;2957,322;2961,328;2965,328;2970,328;2974,314;2979,342;2983,314;2987,322;2992,322;2996,308;3000,332;3005,320;3009,328;3013,328;3018,342;3022,314;3026,342;3031,328;3035,320;3039,320;3044,320;3048,332;3053,318;3057,320;3061,324;3066,326;3070,324;3074,326;3079,324;3083,316;3087,330;3092,318;3096,330;3100,316;3105,330;3109,324;3113,324;3118,322;3122,338;3127,322;3131,316;3135,330;3140,316;3144,328;3148,314;3153,314;3157,320;3161,334;3166,334;3170,334;3174,334;3179,336;3183,326;3187,312;3192,326;3196,326;3201,326;3205,312;3209,346;3214,328;3218,332;3222,318;3227,346;3231,324;3235,324;3240,322;3244,322;3248,322;3253,322;3257,330;3261,328;3266,330;3270,328;3275,330;3279,322;3283,322;3288,322;3292,322;3296,322;3301,322;3305,328;3309,328;3314,328;3318,328;3322,328;3327,326;3331,320;3336,334;3340,320;3344,332;3349,318;3353,328;3357,324;3362,340;3366,324;3370,324;3375,324;3379,318;3383,330;3388,316;3392,316;3396,316;3401,330;3405,322;3410,336;3414,322;3418,336;3423,334;3427,314;3431,312;3436,312;3440,328;3444,326;3449,326;3453,318;3457,334;3462,320;3466,332;3470,318;3475,310;3479,324;3484,324;3488,324;3492,310;3497,310;3501,316;3505,330;3510,316;3514,328;3518,328;3523,328;3527,334;3531,320;3536,334;3540,318;3545,332;3549,318;3553,324;3558,324;3562,326;3566,324;3571,338;3575,316;3579,300;3584,328;3588,314;3592,328;3597,312;3601,348;3605,332;3610,332;3614,318;3619,346;3623,316;3627,322;3632,322;3636,320;3640,322;3645,320;3649,342;3653,326;3658,340;3662,326;3666,338;3671,324;3675,330;3679,330;3684,316;3688,316;3693,314;3697,328;3701,320;3706,334;3710,318;3714,332;3719,318;3723,324;3727,324;3732,324;3736,324;3740,308;3745,322;3749,316;3753,330;3758,328;3762,328;3767,326;3771,320;3775,332;3780,318;3784,318;3788,304;3793,316;3797,322;3801,336;3806,322;3810,336;3814,322;3819,336;3823,328;3827,328;3832,328;3836,314;3841,326;3845,320;3849,332;3854,318;3858,332;3862,318;3867,332;3871,324;3875,324;3880,322;3884,310;3888,322;3893,308;3897,328;3901,328;3906,328;3910,326;3915,326;3919,326;3923,318;3928,318;3932,318;3936,332;3941,318;3945,338;3949,324;3954,336;3958,322;3962,336;3967,322;3971,314;3975,328;3980,328;3984,328;3989,312;3993,334;3997,318;4002,332;4006,332;4010,346;4015,332;4019,310;4023,324;4028,322;4032,322;4036,322;4041,322;4045,328;4050,328;4054,326;4058,340;4063,326;4067,318;4071,318;4076,332;4080,332;4084,318;4089,330;4093,322;4097,324;4102,322;4106,336;4110,322;4115,334;4119,326;4124,326;4128,326;4132,312;4137,324;4141,318;4145,332;4150,316;4154,330;4158,330;4163,330;4167,322;4171,308;4176,320;4180,306;4184,334;4189,320;4193,326;4198,326;4202,340;4206,312;4211,340;4215,332;4219,318;4224,330;4228,330;4232,330;4237,316;4241,336;4245,320;4250,334;4254,320;4258,334;4263,318;4267,324;4272,324;4276,324;4280,324;4285,322;4289,328;4293,328;4298,328;4302,328;4306,328;4311,326;4315,318;4319,332;4324,318;4328,330;4332,316;4337,330;4341,322;4346,324;4350,322;4354,336;4359,322;4363,314;4367,326;4372,312;4376,340;4380,326;4385,326;4389,316;4393,330;4398,330;4402,330;4406,314;4411,306;4415,322;4420,320;4424,320;4428,318;4433,318;4437,310;4441,324;4446,310;4450,324;4454,308;4459,322;4463,314;4467,314;4472,314;4476,314;4480,312;4485,312;4489,332;4494,318;4498,318;4502,316;4507,318;4511,322;4515,308;4520,322;4524,322;4528,320;4533,306;4537,328;4541,312;4546,312;4550,312;4555,326;4559,318;4563,318;4568,318;4572,304;4576,316;4581,316;4585,324;4589,322;4594,322;4598,308;4602,322;4607,308;4611,314;4616,314;4620,314;4624,298;4629,298;4633,320;4637,318;4642,318;4646,316;4650,316;4655,302;4659,310;4663,308;4668,308;4672,308;4676,294;4681,322;4685,302;4690,314;4694,314;4698,314;4703,314;4707,320;4711,320;4716,304;4720,318;4724,304;4729,320;4733,310;4737,310;4742,310;4746,324;4750,310;4755,334;4759,316;4764,314;4768,314;4772,300;4777,312;4781,318;4785,332;4790,318;4794,332;4798,316;4803,330;4807,322;4811,322;4816,322;4820,308;4824,320;4829,306;4833,326;4838,312;4842,326;4846,310;4851,324;4855,316;4859,316;4864,316;4868,314;4872,314;4877,314;4881,320;4885,320;4890,334;4894,318;4898,320;4903,318;4907,312;4912,326;4916,312;4920,324;4925,310;4929,318;4933,316;4938,330;4942,316;4946,316;4951,316;4955,308;4959,322;4964,308;4968,308;4972,308;4977,320;4981,300;4986,314;4990,312;4994,326;4999,312;5003,304;5007,318;5012,304;5016,318;5020,304;5025,316;5029,310;5033,324;5038,308;5042,322;5046,308;5051,314;5055,314;5060,314;5064,298;5068,298;5073,298;5077,318;5081,318;5086,318;5090,318;5094,304;5099,316;5103,308;5107,308;5112,308;5116,308;5121,320;5125,312;5129,326;5134,312;5138,312;5142,310;5147,324;5151,316;5155,302;5160,316;5164,316;5168,316;5173,302;5177,336;5181,320;5186,322;5190,320;5195,334;5199,312;5203,298;5208,312;5212,296;5216,310;5221,310;5225,332;5229,316;5234,332;5238,316;5242,330;5247,316;5251,308;5255,322;5260,308;5264,306;5269,306;5273,326;5277,312;5282,326;5286,326;5290,326;5295,312;5299,316;5303,316;5308,316;5312,316;5316,314;5321,314;5325,320;5329,320;5334,306;5338,318;5343,306;5347,298;5351,310;5356,310;5360,310;5364,310;5369,310;5373,302;5377,316;5382,314;5386,314;5390,302;5395,314;5399,308;5403,306;5408,306;5412,290;5417,304;5421,312;5425,324;5430,310;5434,310;5438,310;5443,324;5447,316;5451,302;5456,314;5460,314;5464,314;5469,300;5473,306;5477,306;5482,306;5486,304;5491,318;5495,310;5499,310;5504,310;5508,308;5512,308;5517,308;5521,328;5525,314;5530,328;5534,312;5538,312;5543,312;5547,304;5552,332;5556,318;5560,318;5565,316;5569,324;5573,308;5578,336;5582,308;5586,320;5591,306;5595,298;5599,326;5604,312;5608,326;5612,312;5617,310;5621,316;5626,332;5630,302;5634,318;5639,316;5643,324;5647,310;5652,308;5656,320;5660,322;5665,322;5669,314;5673,328;5678,314;5682,314;5686,312;5691,326;5695,318;5700,318;5704,316;5708,316;5713,316;5717,308;5721,322;5726,322;5730,322;5734,308;5739,320;5743,314;5747,312;5752,312;5756,298;5760,312;5765,312;5769,318;5774,318;5778,318;5782,316;5787,330;5791,308;5795,308;5800,308;5804,308;5808,308;5813,306;5817,326;5821,312;5826,312;5830,298;5835,310;5839,304;5843,316;5848,302;5852,302;5856,314;5861,314;5865,306;5869,306;5874,320;5878,306;5882,306;5887,304;5891,312;5895,312;5900,298;5904,312;5909,310;5913,304;5917,304;5922,318;5926,316;5930,318;5935,316;5939,294;5943,322;5948,308;5952,322;5956,308;5961,308;5965,314;5969,328;5974,314;5978,314;5983,314;5987,306;5991,306;5996,306;6000,320;6004,306;6009,318;6013,312;6017,326;6022,310;6026,312;6030,296;6035,290;6039,288;6043,288;6048,288;6052,288;6057,274;6061,280;6065,294;6070,280;6074,280;6078,280;6083,280;6087,286;6091,286;6096,286;6100,270;6104,284;6109,292;6113,290;6117,290;6122,290;6126,290;6131,290;6135,296;6139,282;6144,282;6148,282;6152,280;6157,268;6161,288;6165,286;6170,300;6174,286;6178,300;6183,278;6187,278;6192,276;6196,276;6200,290;6205,276;6209,296;6213,296;6218,296;6222,282;6226,282;6231,280;6235,288;6239,286;6244,286;6248,286;6252,272;6257,290;6261,278;6266,278;6270,276;6274,262;6279,276;6283,268;6287,268;6292,280;6296,266;6300,252;6305,280;6309,286;6313,286;6318,272;6322,242;6326,284;6331,276;6335,276;6340,276;6344,276;6348,276;6353,276;6357,282;6361,282;6366,280;6370,282;6374,280;6379,274;6383,274;6387,288;6392,274;6396,274;6401,272;6405,280;6409,294;6414,280;6418,294;6422,278;6427,250;6431,286;6435,286;6440,284;6444,270;6448,270;6453,270;6457,292;6461,290;6466,278;6470,290;6475,290;6479,282;6483,284;6488,282;6492,268;6496,282;6501,268;6505,288;6509,288;6514,274;6518,274;6522,288;6527,280;6531,280;6535,280;6540,252;6544,280;6549,280;6553,286;6557,272;6562,242;6566,286;6570,286;6575,284;6579,264;6583,264;6588,262;6592,278;6596,276;\r\nBuffer sent in 0.973 secondsreturn;buffer;965\r\n'), 11:35:54
bytearray(b'received from UR: measure -> measure (0,1)\r\nSTEPPER: Moving to mstep: 6600 with speed [msteps/sec]: 1000 in StealthChop.\r\n'), 11:35:55
bytearray(b'STEPPER: Moving to mstep: 2400 with speed [msteps/sec]: 4000 in SpreadCycle.\r\n'), 11:35:59
bytearray(b'STEPPER: Moved 4200.00 msteps (ramp: 35%) in 1324.892 ms -> average speed [msteps/sec]: 3170.07\r\nreturn;measure;965\r\n'), 11:36:00
bytearray(b'received from UR: buffer -> buffer (0,1)\r\nSending buffer of size 965data;2400,292;2404,446;2408,172;2413,272;2417,314;2421,320;2426,334;2430,318;2434,334;2439,318;2443,324;2447,324;2452,324;2456,322;2460,310;2465,322;2469,330;2474,330;2478,328;2482,330;2487,328;2491,308;2495,320;2500,320;2504,322;2508,306;2513,320;2517,326;2521,328;2526,326;2530,326;2534,326;2539,326;2543,332;2548,318;2552,330;2556,316;2561,330;2565,322;2569,336;2574,322;2578,336;2582,322;2587,334;2591,328;2595,328;2600,342;2604,314;2608,328;2613,312;2617,334;2622,318;2626,334;2630,318;2635,332;2639,324;2643,310;2648,324;2652,324;2656,338;2661,322;2665,330;2669,314;2674,328;2678,328;2683,328;2687,314;2691,320;2696,320;2700,320;2704,334;2709,318;2713,326;2717,324;2722,324;2726,324;2730,338;2735,324;2739,316;2743,330;2748,316;2752,330;2757,330;2761,344;2765,322;2770,334;2774,320;2778,334;2783,320;2787,314;2791,326;2796,312;2800,340;2804,310;2809,338;2813,316;2817,330;2822,330;2826,330;2831,330;2835,308;2839,322;2844,308;2848,334;2852,320;2857,334;2861,326;2865,340;2870,324;2874,326;2878,324;2883,324;2887,330;2891,316;2896,316;2900,316;2905,330;2909,328;2913,336;2918,320;2922,334;2926,320;2931,334;2935,326;2939,326;2944,326;2948,310;2952,324;2957,310;2961,330;2965,330;2970,330;2974,328;2979,330;2983,322;2987,320;2992,334;2996,318;3000,318;3005,304;3009,326;3013,322;3018,336;3022,322;3026,336;3031,320;3035,312;3039,326;3044,326;3048,326;3053,324;3057,324;3061,316;3066,330;3070,330;3074,328;3079,314;3083,306;3087,320;3092,318;3096,332;3100,318;3105,318;3109,324;3113,336;3118,322;3122,336;3127,334;3131,314;3135,326;3140,312;3144,326;3148,310;3153,338;3157,330;3161,344;3166,318;3170,330;3174,316;3179,330;3183,336;3188,320;3192,322;3196,306;3201,320;3205,326;3209,340;3214,326;3218,340;3222,324;3227,338;3231,330;3235,316;3240,316;3244,314;3248,328;3253,314;3257,336;3262,322;3266,334;3270,320;3275,334;3279,328;3283,326;3288,326;3292,312;3296,326;3301,326;3305,332;3309,318;3314,334;3318,318;3322,332;3327,318;3331,324;3336,338;3340,324;3344,324;3349,308;3353,330;3357,330;3362,328;3366,314;3370,328;3375,328;3379,320;3383,334;3388,318;3392,332;3396,316;3401,332;3405,324;3410,338;3414,322;3418,336;3423,322;3427,312;3431,326;3436,312;3440,326;3444,310;3449,324;3453,330;3457,330;3462,316;3466,330;3470,314;3475,308;3479,334;3484,320;3488,334;3492,320;3497,318;3501,324;3505,324;3510,324;3514,338;3518,324;3523,336;3527,328;3531,312;3536,326;3540,326;3544,340;3549,326;3553,332;3558,318;3562,330;3566,316;3571,344;3575,336;3579,322;3584,322;3588,306;3592,318;3597,306;3601,340;3605,324;3610,340;3614,324;3618,338;3623,322;3627,314;3632,326;3636,328;3640,328;3645,326;3649,334;3653,318;3658,332;3662,318;3666,332;3671,318;3675,310;3679,324;3684,322;3688,336;3693,322;3697,322;3701,328;3706,328;3710,326;3714,326;3719,312;3723,318;3727,330;3732,330;3736,330;3740,316;3745,328;3749,320;3753,334;3758,318;3762,332;3767,332;3771,310;3775,322;3780,322;3784,336;3788,322;3793,322;3797,314;3801,326;3806,326;3810,340;3814,324;3819,338;3823,330;3827,316;3832,330;3836,314;3841,326;3845,320;3849,334;3854,318;3858,334;3862,318;3867,332;3871,324;3875,324;3880,336;3884,322;3888,336;3893,320;3897,326;3902,328;3906,328;3910,314;3915,340;3919,318;3923,318;3928,332;3932,316;3936,330;3941,316;3945,336;3949,322;3954,336;3958,322;3962,334;3967,320;3971,312;3976,326;3980,312;3984,326;3989,324;3993,326;3997,318;4002,332;4006,316;4010,330;4015,316;4019,322;4023,334;4028,320;4032,320;4036,320;4041,320;4045,326;4050,340;4054,324;4058,338;4063,324;4067,330;4071,330;4076,330;4080,330;4084,316;4089,328;4093,322;4097,334;4102,318;4106,334;4110,320;4115,334;4119,340;4124,324;4128,324;4132,310;4137,324;4141,330;4145,330;4150,314;4154,328;4158,326;4163,328;4167,334;4171,318;4176,318;4180,318;4184,332;4189,304;4193,338;4198,324;4202,336;4206,322;4211,336;4215,328;4219,328;4224,328;4228,328;4232,326;4237,314;4241,334;4245,320;4250,332;4254,318;4258,332;4263,332;4267,324;4272,324;4276,308;4280,322;4285,324;4289,330;4293,328;4298,330;4302,314;4306,328;4311,328;4315,320;4319,334;4324,320;4328,320;4333,304;4337,318;4341,324;4346,338;4350,324;4354,338;4359,324;4363,316;4367,330;4372,330;4376,342;4380,314;4385,342;4389,320;4393,334;4398,320;4402,320;4407,318;4411,312;4415,312;4420,298;4424,310;4428,310;4433,324;4437,318;4441,318;4446,304;4450,318;4454,316;4459,318;4463,324;4467,322;4472,322;4476,322;4481,322;4485,314;4489,328;4494,314;4498,328;4502,312;4507,326;4511,318;4515,318;4520,318;4524,304;4528,316;4533,318;4537,324;4541,308;4546,322;4550,308;4555,322;4559,328;4563,314;4568,314;4572,298;4576,312;4581,312;4585,318;4589,304;4594,318;4598,316;4602,318;4607,316;4611,308;4615,322;4620,306;4624,306;4629,306;4633,328;4637,312;4642,326;4646,310;4650,324;4655,310;4659,302;4663,316;4668,302;4672,302;4676,300;4681,314;4685,320;4689,320;4694,320;4698,306;4703,304;4707,312;4711,310;4716,312;4720,324;4724,310;4729,324;4733,316;4737,316;4742,316;4746,316;4750,314;4755,328;4759,320;4764,320;4768,320;4772,318;4777,318;4781,310;4785,324;4790,310;4794,338;4798,322;4803,310;4807,316;4811,314;4816,328;4820,314;4824,328;4829,314;4833,334;4838,306;4842,320;4846,318;4851,332;4855,310;4859,310;4864,310;4868,310;4872,324;4877,324;4881,316;4885,314;4890,328;4894,314;4898,328;4903,326;4907,318;4912,318;4916,304;4920,318;4925,318;4929,324;4933,310;4938,322;4942,310;4946,322;4951,308;4955,314;4959,314;4964,312;4968,312;4972,298;4977,310;4981,316;4986,330;4990,316;4994,328;4999,314;5003,292;5007,304;5012,304;5016,304;5020,302;5025,302;5029,310;5033,322;5038,308;5042,322;5047,322;5051,300;5055,300;5060,312;5064,312;5068,298;5073,310;5077,316;5081,302;5086,302;5090,316;5094,302;5099,316;5103,322;5107,308;5112,320;5116,292;5121,306;5125,312;5129,326;5134,312;5138,326;5142,310;5147,324;5151,316;5155,316;5160,328;5164,314;5168,314;5173,298;5177,332;5181,318;5186,332;5190,318;5195,332;5199,310;5203,306;5208,322;5212,322;5216,322;5221,320;5225,326;5229,312;5234,326;5238,310;5242,324;5247,310;5251,302;5255,316;5260,316;5264,328;5269,314;5273,320;5277,318;5282,320;5286,318;5290,318;5295,302;5299,308;5303,308;5308,322;5312,320;5316,320;5321,320;5325,312;5329,326;5334,310;5338,310;5343,310;5347,302;5351,314;5356,314;5360,314;5364,314;5369,312;5373,304;5377,318;5382,304;5386,330;5390,302;5395,316;5399,322;5403,306;5408,306;5412,306;5417,306;5421,310;5425,324;5430,310;5434,324;5438,308;5443,322;5447,314;5451,296;5456,298;5460,296;5464,310;5469,296;5473,316;5478,314;5482,314;5486,312;5491,314;5495,304;5499,304;5504,302;5508,304;5512,316;5517,316;5521,320;5525,320;5530,320;5534,318;5538,318;5543,310;5547,296;5552,310;5556,310;5560,322;5565,308;5569,328;5573,312;5578,326;5582,312;5586,324;5591,310;5595,302;5599,314;5604,300;5608,328;5613,314;5617,326;5621,306;5626,332;5630,318;5634,332;5639,316;5643,308;5647,308;5652,308;5656,308;5660,306;5665,320;5669,312;5673,326;5678,310;5682,326;5687,310;5691,318;5695,316;5700,302;5704,316;5708,316;5713,314;5717,320;5721,322;5726,320;5730,320;5734,318;5739,318;5743,310;5747,296;5752,324;5756,310;5761,322;5765,302;5769,316;5774,314;5778,316;5782,314;5787,328;5791,306;5795,292;5800,306;5804,304;5808,304;5813,290;5817,326;5821,310;5826,324;5830,310;5835,324;5839,316;5843,316;5848,316;5852,300;5856,314;5861,314;5865,306;5869,306;5874,306;5878,306;5882,320;5887,304;5891,310;5895,310;5900,310;5904,308;5909,294;5913,316;5917,314;5922,314;5926,300;5930,314;5935,312;5939,304;5943,318;5948,304;5952,318;5956,304;5961,318;5965,308;5969,322;5974,308;5978,322;5983,306;5987,312;5991,326;5996,312;6000,312;6004,296;6009,310;6013,316;6017,330;6022,302;6026,300;6030,286;6035,278;6039,278;6044,278;6048,276;6052,264;6057,290;6061,284;6065,296;6070,282;6074,282;6078,280;6083,274;6087,286;6091,286;6096,284;6100,284;6104,284;6109,290;6113,290;6118,290;6122,304;6126,288;6131,288;6135,280;6139,280;6144,278;6148,264;6152,278;6157,278;6161,284;6165,298;6170,298;6174,284;6178,284;6183,274;6187,274;6192,274;6196,274;6200,274;6205,274;6209,280;6213,294;6218,294;6222,290;6226,278;6231,284;6235,284;6239,284;6244,282;6248,282;6252,282;6257,274;6261,286;6266,286;6270,286;6274,272;6279,284;6283,276;6287,276;6292,248;6296,290;6300,274;6305,282;6309,280;6313,252;6318,280;6322,294;6326,294;6331,272;6335,286;6340,272;6344,286;6348,270;6353,284;6357,290;6361,278;6366,276;6370,290;6374,290;6379,270;6383,268;6387,268;6392,280;6396,268;6400,268;6405,288;6409,302;6414,286;6418,286;6422,272;6427,270;6431,292;6435,290;6440,278;6444,276;6448,276;6453,282;6457,270;6461,282;6466,296;6470,280;6474,252;6479,286;6483,286;6488,286;6492,286;6496,284;6501,284;6505,278;6509,276;6514,248;6518,290;6522,288;6527,282;6531,268;6535,280;6540,266;6544,280;6548,278;6553,286;6557,284;6562,284;6566,284;6570,270;6575,282;6579,274;6583,288;6588,274;6592,272;6596,286;\r\nBuffer sent in 0.973 secondsreturn;buffer;965\r\n'), 11:36:02
bytearray(b'received from UR: measure -> measure (0,1)\r\nSTEPPER: Moving to mstep: 6600 with speed [msteps/sec]: 1000 in StealthChop.\r\n'), 11:36:03
bytearray(b'STEPPER: Moving to mstep: 2400 with speed [msteps/sec]: 4000 in SpreadCycle.\r\n'), 11:36:08
bytearray(b'STEPPER: Moved 4200.00 msteps (ramp: 35%) in 1324.888 ms -> average speed [msteps/sec]: 3170.08\r\nreturn;measure;965\r\n'), 11:36:09
bytearray(b'received from UR: buffer -> buffer (0,1)\r\nSending buffer of size 965data;2400,300;2404,458;2408,168;2413,270;2417,314;2421,320;2426,334;2430,318;2434,334;2439,318;2443,326;2447,324;2452,324;2456,324;2460,324;2465,322;2469,316;2474,330;2478,328;2482,328;2487,328;2491,320;2495,334;2500,334;2504,332;2508,318;2513,332;2517,324;2521,324;2526,324;2530,338;2534,324;2539,338;2543,316;2548,316;2552,330;2556,330;2561,330;2565,322;2569,336;2574,334;2578,334;2582,320;2587,334;2591,340;2595,326;2600,326;2604,312;2608,326;2613,324;2617,332;2622,316;2626,332;2630,330;2635,330;2639,324;2643,322;2648,322;2652,322;2656,322;2661,320;2665,342;2669,328;2674,328;2678,328;2682,328;2687,326;2691,332;2696,332;2700,318;2704,332;2709,318;2713,326;2717,324;2722,338;2726,324;2730,338;2735,324;2739,316;2743,330;2748,316;2752,330;2756,316;2761,330;2765,322;2770,336;2774,322;2778,336;2783,322;2787,314;2791,328;2796,316;2800,328;2804,314;2809,314;2813,320;2817,334;2822,320;2826,334;2830,318;2835,310;2839,324;2844,324;2848,324;2852,324;2857,324;2861,330;2865,332;2870,316;2874,344;2878,328;2883,328;2887,322;2891,322;2896,334;2900,320;2905,322;2909,322;2913,326;2918,326;2922,328;2926,326;2931,326;2935,332;2939,318;2944,332;2948,318;2952,318;2957,318;2961,338;2965,324;2970,324;2974,322;2979,338;2983,322;2987,314;2992,314;2996,314;3000,342;3005,328;3009,334;3013,318;3018,334;3022,320;3026,332;3031,318;3035,310;3039,324;3044,324;3048,324;3053,324;3057,324;3061,328;3066,330;3070,316;3074,330;3079,328;3083,322;3087,320;3092,308;3096,334;3100,334;3105,322;3109,326;3113,326;3118,326;3122,326;3127,324;3131,318;3135,332;3140,316;3144,318;3148,302;3153,316;3157,324;3161,338;3166,322;3170,336;3174,322;3179,336;3183,342;3187,328;3192,328;3196,312;3201,326;3205,318;3209,332;3214,332;3218,346;3222,332;3227,346;3231,310;3235,310;3240,338;3244,324;3248,322;3253,322;3257,330;3261,328;3266,328;3270,328;3275,328;3279,328;3283,320;3288,320;3292,320;3296,334;3301,334;3305,326;3309,326;3314,326;3318,324;3322,324;3327,324;3331,316;3335,330;3340,316;3344,316;3349,316;3353,330;3357,322;3362,322;3366,320;3370,334;3375,320;3379,326;3383,326;3388,312;3392,326;3396,310;3401,326;3405,332;3409,332;3414,332;3418,332;3423,330;3427,310;3431,324;3436,324;3440,322;3444,322;3449,324;3453,316;3457,330;3462,328;3466,330;3470,316;3475,330;3479,322;3484,322;3488,322;3492,308;3497,336;3501,316;3505,328;3510,328;3514,328;3518,326;3523,328;3527,334;3531,320;3536,334;3540,320;3544,320;3549,306;3553,342;3558,326;3562,326;3566,326;3571,340;3575,332;3579,318;3584,332;3588,304;3592,318;3597,318;3601,338;3605,324;3610,338;3614,324;3618,336;3623,324;3627,330;3632,330;3636,316;3640,330;3645,330;3649,336;3653,322;3658,336;3662,324;3666,336;3671,322;3675,328;3679,328;3684,314;3688,314;3693,314;3697,328;3701,320;3706,322;3710,320;3714,334;3719,320;3723,326;3727,326;3732,312;3736,326;3740,310;3745,338;3749,318;3753,332;3758,318;3762,332;3767,332;3771,310;3775,324;3780,310;3784,338;3788,324;3793,324;3797,318;3801,332;3806,330;3810,332;3814,330;3819,332;3823,338;3827,324;3832,320;3836,322;3841,322;3845,322;3849,328;3854,314;3858,342;3862,314;3867,326;3871,332;3875,320;3880,332;3884,318;3888,332;3893,318;3897,338;3901,324;3906,338;3910,322;3915,338;3919,322;3923,314;3928,328;3932,314;3936,328;3941,328;3945,334;3949,320;3954,334;3958,320;3962,334;3967,320;3971,312;3975,326;3980,312;3984,326;3989,324;3993,324;3997,330;4002,346;4006,330;4010,332;4015,316;4019,322;4023,322;4028,322;4032,322;4036,308;4041,308;4045,312;4049,344;4054,314;4058,328;4063,328;4067,320;4071,322;4076,320;4080,320;4084,320;4089,334;4093,326;4097,326;4102,326;4106,326;4110,324;4115,326;4119,332;4123,318;4128,330;4132,316;4137,316;4141,324;4145,338;4150,322;4154,324;4158,322;4163,336;4167,328;4171,314;4176,328;4180,314;4184,340;4189,328;4193,334;4198,318;4202,332;4206,318;4211,332;4215,324;4219,322;4224,322;4228,308;4232,322;4237,308;4241,342;4245,312;4250,326;4254,326;4258,340;4263,324;4267,318;4272,330;4276,316;4280,328;4285,314;4289,334;4293,320;4298,334;4302,334;4306,332;4311,332;4315,310;4319,324;4324,310;4328,338;4332,322;4337,336;4341,328;4346,328;4350,328;4354,328;4359,328;4363,320;4367,334;4372,318;4376,318;4380,318;4385,332;4389,324;4393,324;4398,324;4402,324;4406,324;4411,302;4415,316;4420,302;4424,330;4428,328;4433,316;4437,322;4441,336;4446,322;4450,322;4454,320;4459,336;4463,328;4467,328;4472,326;4476,314;4480,326;4485,326;4489,320;4494,320;4498,320;4502,318;4507,320;4511,324;4515,310;4520,310;4524,310;4528,308;4533,294;4537,330;4541,314;4546,314;4550,314;4554,328;4559,312;4563,318;4568,318;4572,304;4576,316;4581,316;4585,324;4589,308;4594,322;4598,322;4602,320;4607,320;4611,298;4615,312;4620,312;4624,312;4628,312;4633,310;4637,316;4642,318;4646,316;4650,316;4655,302;4659,308;4663,308;4668,308;4672,306;4676,306;4681,320;4685,300;4689,314;4694,312;4698,314;4703,312;4707,306;4711,318;4716,304;4720,318;4724,304;4729,318;4733,324;4737,324;4742,324;4746,324;4750,310;4755,324;4759,330;4763,316;4768,316;4772,316;4777,330;4781,308;4785,322;4790,320;4794,322;4798,322;4803,336;4807,328;4811,314;4816,324;4820,314;4824,314;4829,312;4833,334;4838,318;4842,320;4846,318;4851,332;4855,310;4859,310;4864,312;4868,310;4872,324;4877,310;4881,330;4885,316;4890,316;4894,316;4898,330;4903,314;4907,308;4912,320;4916,306;4920,320;4925,320;4929,312;4933,312;4938,326;4942,310;4946,312;4951,312;4955,302;4959,318;4964,318;4968,316;4972,304;4977,316;4981,310;4986,310;4990,310;4994,324;4999,308;5003,314;5007,314;5012,314;5016,314;5020,312;5025,312;5029,306;5033,318;5038,304;5042,318;5046,304;5051,316;5055,308;5060,296;5064,322;5068,308;5073,308;5077,302;5081,314;5086,314;5090,314;5094,314;5099,314;5103,306;5107,306;5112,320;5116,320;5120,320;5125,306;5129,326;5134,312;5138,326;5142,324;5147,324;5151,316;5155,302;5160,302;5164,302;5168,316;5173,316;5177,336;5181,308;5186,322;5190,308;5194,336;5199,306;5203,314;5208,326;5212,312;5216,326;5221,312;5225,320;5229,318;5234,332;5238,318;5242,332;5247,318;5251,310;5255,310;5260,308;5264,308;5269,308;5273,308;5277,328;5282,328;5286,314;5290,328;5295,312;5299,320;5303,320;5308,318;5312,318;5316,318;5321,318;5325,310;5329,324;5334,310;5338,310;5343,308;5347,316;5351,314;5356,300;5360,314;5364,314;5369,300;5373,306;5377,320;5382,318;5386,318;5390,318;5395,296;5399,296;5403,296;5408,324;5412,308;5417,308;5421,314;5425,328;5430,314;5434,314;5438,298;5443,312;5447,304;5451,304;5456,304;5460,302;5464,302;5469,302;5473,308;5478,308;5482,308;5486,308;5491,322;5495,314;5499,314;5504,300;5508,298;5512,300;5517,312;5521,320;5525,318;5530,318;5534,318;5538,318;5543,318;5547,310;5552,324;5556,308;5560,310;5565,308;5569,330;5573,314;5578,328;5582,314;5586,326;5591,312;5595,320;5599,320;5604,306;5608,318;5612,304;5617,318;5621,324;5626,324;5630,324;5634,338;5639,322;5643,302;5647,314;5652,314;5656,314;5660,314;5665,314;5669,320;5673,320;5678,318;5682,318;5686,318;5691,318;5695,310;5700,310;5704,308;5708,308;5713,322;5717,314;5721,314;5726,314;5730,316;5734,314;5739,314;5743,320;5747,306;5752,320;5756,306;5760,318;5765,292;5769,326;5774,312;5778,326;5782,310;5787,312;5791,316;5795,304;5800,302;5804,302;5808,302;5813,288;5817,322;5821,322;5826,322;5830,306;5834,322;5839,298;5843,314;5848,314;5852,312;5856,298;5861,298;5865,320;5869,320;5874,320;5878,304;5882,304;5887,304;5891,296;5895,310;5900,310;5904,310;5909,308;5913,316;5917,314;5922,314;5926,314;5930,328;5935,312;5939,320;5943,318;5948,302;5952,318;5956,302;5961,330;5965,308;5969,322;5974,308;5978,322;5983,308;5987,314;5991,314;5996,314;6000,314;6004,312;6009,312;6013,318;6017,318;6022,304;6026,318;6030,302;6035,282;6039,280;6043,280;6048,280;6052,280;6057,278;6061,286;6065,300;6070,284;6074,298;6078,284;6083,284;6087,276;6091,276;6096,276;6100,290;6104,274;6109,296;6113,294;6117,294;6122,294;6126,280;6131,264;6135,300;6139,284;6144,298;6148,284;6152,284;6157,268;6161,304;6165,288;6170,302;6174,288;6178,288;6183,280;6187,280;6191,280;6196,278;6200,278;6205,278;6209,284;6213,282;6218,296;6222,296;6226,296;6231,274;6235,260;6239,288;6244,286;6248,286;6252,286;6257,262;6261,264;6266,250;6270,278;6274,290;6279,290;6283,270;6287,284;6292,268;6296,268;6300,254;6305,282;6309,288;6313,276;6318,274;6322,244;6326,274;6331,280;6335,294;6340,280;6344,280;6348,278;6353,292;6357,284;6361,298;6366,284;6370,282;6374,282;6379,274;6383,288;6387,272;6392,274;6396,286;6401,272;6405,278;6409,292;6414,276;6418,290;6422,276;6427,248;6431,282;6435,282;6440,282;6444,282;6448,280;6453,286;6457,300;6461,286;6466,272;6470,286;6475,284;6479,276;6483,290;6488,290;6492,290;6496,274;6501,274;6505,280;6509,280;6514,266;6518,278;6522,278;6527,270;6531,270;6535,284;6540,268;6544,268;6549,268;6553,274;6557,274;6562,288;6566,286;6570,300;6575,284;6579,262;6583,276;6588,274;6592,288;6596,288;\r\nBuffer sent in 0.973 secondsreturn;buffer;965\r\n'), 11:36:11
bytearray(b'received from UR: measure -> measure (0,1)\r\nSTEPPER: Moving to mstep: 6600 with speed [msteps/sec]: 1000 in StealthChop.\r\n'), 11:36:12
bytearray(b'STEPPER: Moving to mstep: 2400 with speed [msteps/sec]: 4000 in SpreadCycle.\r\n'), 11:36:16
bytearray(b'STEPPER: Moved 4200.00 msteps (ramp: 35%) in 1324.888 ms -> average speed [msteps/sec]: 3170.08\r\nreturn;measure;965\r\n'), 11:36:18
bytearray(b'received from UR: buffer -> buffer (0,1)\r\nSending buffer of size 965data;2400,290;2404,446;2408,170;2413,272;2417,314;2421,320;2426,334;2430,320;2434,332;2439,318;2443,326;2447,324;2452,324;2456,324;2460,310;2465,322;2469,330;2474,330;2478,314;2482,330;2487,314;2491,334;2495,334;2500,320;2504,320;2508,304;2513,318;2517,324;2521,338;2526,324;2530,338;2534,322;2539,336;2543,330;2548,314;2552,328;2556,328;2561,342;2565,320;2569,334;2574,318;2578,332;2582,318;2587,334;2591,324;2595,310;2600,324;2604,310;2608,322;2613,322;2617,330;2622,314;2626,342;2630,328;2635,342;2639,334;2643,320;2648,320;2652,320;2656,320;2661,318;2665,340;2669,324;2674,338;2678,324;2682,324;2687,322;2691,314;2696,314;2700,314;2704,328;2709,328;2713,334;2717,318;2722,334;2726,320;2730,334;2735,334;2739,326;2743,326;2748,310;2752,324;2756,310;2761,338;2765,330;2770,344;2774,316;2778,330;2783,316;2787,308;2791,336;2796,322;2800,336;2804,308;2809,320;2813,314;2817,328;2822,326;2826,340;2830,326;2835,304;2839,318;2844,318;2848,332;2852,318;2857,330;2861,324;2865,338;2870,324;2874,324;2878,322;2883,324;2887,330;2891,330;2896,328;2900,314;2904,328;2909,314;2913,334;2918,320;2922,334;2926,334;2931,334;2935,326;2939,310;2944,326;2948,312;2952,326;2957,324;2961,346;2965,330;2970,330;2974,316;2979,330;2983,316;2987,322;2992,336;2996,322;3000,322;3005,308;3009,328;3013,314;3018,342;3022,328;3026,342;3031,326;3035,318;3039,332;3044,318;3048,318;3053,304;3057,318;3061,324;3066,338;3070,324;3074,324;3079,322;3083,314;3087,316;3092,326;3096,328;3100,328;3105,326;3109,320;3113,334;3118,332;3122,334;3127,318;3131,324;3135,338;3140,324;3144,324;3148,310;3153,324;3157,330;3161,330;3166,328;3170,328;3174,314;3179,328;3183,334;3187,320;3192,332;3196,318;3201,332;3205,324;3209,338;3214,324;3218,338;3222,322;3227,338;3231,328;3235,314;3240,314;3244,314;3248,328;3253,328;3257,348;3261,318;3266,332;3270,318;3275,332;3279,330;3283,324;3288,322;3292,308;3296,322;3301,322;3305,328;3309,314;3314,328;3318,328;3322,326;3327,326;3331,318;3335,332;3340,318;3344,332;3349,316;3353,330;3357,322;3362,322;3366,322;3370,336;3375,320;3379,312;3383,326;3388,326;3392,340;3396,324;3401,338;3405,316;3409,330;3414,316;3418,330;3423,330;3427,322;3431,322;3436,308;3440,320;3444,322;3449,334;3453,326;3457,326;3462,324;3466,326;3470,324;3475,338;3479,330;3483,316;3488,328;3492,314;3497,314;3501,314;3505,334;3510,320;3514,332;3518,332;3523,332;3527,324;3531,326;3536,338;3540,324;3544,324;3549,308;3553,330;3558,328;3562,328;3566,314;3571,342;3575,320;3579,320;3584,332;3588,318;3592,332;3597,318;3601,338;3605,322;3610,336;3614,322;3618,336;3623,320;3627,312;3632,326;3636,326;3640,326;3645,310;3649,332;3653,318;3658,332;3662,316;3666,330;3671,316;3675,322;3679,334;3684,320;3688,320;3692,320;3697,318;3701,322;3706,338;3710,324;3714,338;3719,324;3723,314;3727,328;3732,314;3736,328;3740,312;3745,326;3749,334;3753,334;3758,318;3762,332;3767,330;3771,330;3775,322;3780,308;3784,322;3788,308;3793,336;3797,328;3801,342;3806,326;3810,340;3814,326;3819,326;3823,332;3827,330;3832,330;3836,316;3841,328;3845,320;3849,334;3854,320;3858,334;3862,318;3867,332;3871,324;3875,310;3880,338;3884,324;3888,336;3893,322;3897,330;3901,328;3906,328;3910,326;3915,326;3919,318;3923,304;3928,316;3932,316;3936,330;3941,316;3945,336;3949,322;3954,334;3958,320;3962,332;3967,318;3971,324;3975,322;3980,308;3984,322;3989,322;3993,334;3997,312;4002,342;4006,326;4010,340;4015,326;4019,304;4023,318;4028,318;4032,330;4036,316;4041,330;4045,322;4049,336;4054,320;4058,334;4063,320;4067,334;4071,326;4076,312;4080,326;4084,324;4089,326;4093,318;4097,330;4102,316;4106,330;4110,328;4115,330;4119,322;4123,308;4128,322;4132,320;4137,334;4141,326;4145,326;4150,326;4154,326;4158,324;4163,338;4167,330;4171,316;4176,330;4180,314;4184,330;4189,314;4193,334;4198,320;4202,334;4206,320;4211,332;4215,324;4219,310;4224,324;4228,322;4232,322;4237,322;4241,328;4245,312;4250,326;4254,326;4258,338;4263,310;4267,316;4272,330;4276,330;4280,328;4285,328;4289,334;4293,320;4298,334;4302,334;4306,332;4311,318;4315,310;4319,322;4324,308;4328,336;4332,320;4337,336;4341,326;4346,326;4350,324;4354,324;4359,324;4363,316;4367,330;4372,314;4376,328;4380,312;4385,326;4389,318;4393,332;4398,316;4402,332;4406,316;4411,330;4415,322;4420,322;4424,320;4428,306;4433,306;4437,312;4441,338;4446,324;4450,338;4454,310;4459,324;4463,316;4467,328;4472,326;4476,314;4480,328;4485,312;4489,334;4494,318;4498,332;4502,318;4507,332;4511,324;4515,322;4520,322;4524,308;4528,308;4533,306;4537,326;4541,312;4546,312;4550,310;4555,324;4559,316;4563,302;4568,314;4572,300;4576,312;4581,300;4585,334;4589,318;4594,332;4598,318;4602,330;4607,316;4611,308;4615,308;4620,306;4624,306;4629,306;4633,306;4637,310;4642,324;4646,310;4650,324;4655,310;4659,302;4663,314;4668,300;4672,300;4676,312;4681,312;4685,304;4689,318;4694,316;4698,316;4703,316;4707,308;4711,322;4716,294;4720,306;4724,306;4729,320;4733,312;4737,326;4742,326;4746,326;4750,310;4755,326;4759,332;4763,316;4768,316;4772,302;4777,316;4781,308;4785,336;4790,320;4794,320;4798,306;4803,320;4807,326;4811,312;4816,326;4820,324;4824,324;4829,324;4833,330;4838,316;4842,330;4846,314;4851,330;4855,322;4859,320;4864,320;4868,306;4872,306;4877,306;4881,326;4885,312;4890,324;4894,310;4898,324;4903,308;4907,316;4912,328;4916,314;4920,328;4925,312;4929,318;4933,318;4938,318;4942,302;4946,330;4951,316;4955,308;4959,322;4964,306;4968,320;4972,304;4977,304;4981,310;4986,324;4990,310;4994,308;4999,308;5003,300;5007,314;5012,312;5016,326;5020,312;5025,312;5029,302;5033,316;5038,302;5042,316;5046,314;5051,308;5055,308;5060,306;5064,306;5068,318;5073,320;5077,298;5081,310;5086,310;5090,310;5094,310;5099,308;5103,314;5107,300;5112,314;5116,314;5120,326;5125,306;5129,320;5134,318;5138,318;5142,318;5147,332;5151,310;5155,308;5160,322;5164,294;5168,308;5173,308;5177,328;5181,314;5186,328;5190,312;5194,326;5199,312;5203,318;5208,320;5212,318;5216,316;5221,302;5225,324;5229,308;5234,322;5238,308;5242,332;5247,320;5251,300;5255,326;5260,312;5264,312;5269,296;5273,318;5277,316;5282,330;5286,316;5290,330;5295,314;5299,306;5303,320;5308,304;5312,318;5316,304;5321,316;5325,310;5329,322;5334,322;5338,322;5343,308;5347,300;5351,314;5356,312;5360,326;5364,312;5369,312;5373,304;5377,318;5382,304;5386,316;5390,302;5395,294;5399,308;5403,308;5408,320;5412,306;5417,320;5421,312;5425,312;5430,310;5434,310;5438,296;5443,310;5447,316;5451,316;5456,312;5460,314;5464,314;5469,306;5473,320;5478,318;5482,318;5486,304;5491,318;5495,310;5499,296;5504,310;5508,308;5512,308;5517,294;5521,328;5525,314;5530,328;5534,314;5538,326;5543,326;5547,304;5552,318;5556,302;5560,316;5565,302;5569,324;5573,322;5578,336;5582,320;5586,334;5591,320;5595,298;5599,310;5604,310;5608,324;5612,296;5617,308;5621,314;5626,328;5630,314;5634,328;5639,314;5643,304;5647,304;5652,304;5656,318;5660,302;5665,316;5669,322;5673,322;5678,306;5682,320;5686,306;5691,320;5695,324;5700,312;5704,324;5708,308;5713,308;5717,314;5721,314;5726,312;5730,314;5734,312;5739,326;5743,318;5747,304;5752,318;5756,302;5760,316;5765,308;5769,322;5774,308;5778,322;5782,306;5787,320;5791,312;5795,298;5800,310;5804,296;5808,308;5813,296;5817,328;5821,314;5826,328;5830,314;5834,328;5839,304;5843,304;5848,304;5852,290;5856,304;5861,302;5865,310;5869,308;5874,322;5878,308;5882,308;5887,308;5891,298;5895,312;5900,298;5904,312;5909,298;5913,318;5917,316;5922,318;5926,316;5930,318;5935,316;5939,308;5943,320;5948,306;5952,320;5956,304;5961,318;5965,310;5969,324;5974,310;5978,324;5983,308;5987,314;5991,328;5996,314;6000,328;6004,312;6009,312;6013,318;6017,318;6022,302;6026,316;6030,302;6035,280;6039,292;6043,278;6048,278;6052,278;6057,290;6061,284;6065,268;6070,282;6074,296;6078,296;6083,294;6087,286;6091,272;6096,286;6100,284;6104,284;6109,284;6113,290;6117,290;6122,260;6126,288;6131,302;6135,294;6139,280;6144,294;6148,264;6152,292;6157,278;6161,298;6165,298;6170,298;6174,282;6178,282;6183,276;6187,274;6191,274;6196,274;6200,274;6205,272;6209,280;6213,292;6218,294;6222,292;6226,278;6231,270;6235,270;6239,270;6244,254;6248,284;6252,282;6257,290;6261,276;6266,260;6270,274;6274,244;6279,274;6283,280;6287,278;6292,280;6296,278;6300,264;6305,278;6309,284;6313,270;6318,270;6322,270;6326,282;6331,274;6335,274;6340,260;6344,274;6348,272;6353,272;6357,292;6361,292;6366,292;6370,290;6374,290;6379,304;6383,296;6387,282;6392,294;6396,280;6400,294;6405,286;6409,300;6414,284;6418,284;6422,284;6427,298;6431,290;6435,290;6440,288;6444,288;6448,288;6453,280;6457,292;6461,292;6466,292;6470,292;6474,276;6479,270;6483,254;6488,282;6492,282;6496,282;6501,282;6505,272;6509,272;6514,272;6518,286;6522,300;6527,292;6531,278;6535,290;6540,278;6544,290;6549,262;6553,284;6557,282;6562,280;6566,280;6570,294;6575,280;6579,286;6583,286;6588,286;6592,284;6596,270;\r\nBuffer sent in 0.973 secondsreturn;buffer;965\r\n'), 11:36:20
bytearray(b'received from UR: measure -> measure (0,1)\r\nSTEPPER: Moving to mstep: 6600 with speed [msteps/sec]: 1000 in StealthChop.\r\n'), 11:36:21
bytearray(b'STEPPER: Moving to mstep: 2400 with speed [msteps/sec]: 4000 in SpreadCycle.\r\n'), 11:36:25
bytearray(b'STEPPER: Moved 4200.00 msteps (ramp: 35%) in 1324.888 ms -> average speed [msteps/sec]: 3170.08\r\nreturn;measure;965\r\n'), 11:36:26
bytearray(b'received from UR: buffer -> buffer (0,1)\r\nSending buffer of size 965data;2400,302;2404,442;2408,196;2413,280;2417,308;2421,328;2426,342;2430,328;2434,342;2439,314;2443,320;2447,334;2452,334;2456,318;2460,318;2465,318;2469,324;2473,338;2478,324;2482,338;2487,324;2491,316;2495,330;2500,316;2504,342;2508,330;2513,328;2517,320;2521,336;2526,320;2530,334;2534,320;2539,334;2543,326;2548,312;2552,328;2556,312;2561,326;2565,318;2569,332;2574,318;2578,346;2582,330;2587,332;2591,322;2595,308;2600,322;2604,308;2608,322;2613,306;2617,342;2622,326;2626,342;2630,326;2635,340;2639,320;2643,318;2648,332;2652,318;2656,332;2661,318;2665,338;2669,324;2674,338;2678,324;2682,338;2687,322;2691,316;2696,328;2700,314;2704,328;2709,314;2713,334;2717,334;2722,334;2726,320;2730,334;2735,320;2739,326;2743,326;2748,312;2752,326;2756,310;2761,324;2765,330;2770,332;2774,316;2778,330;2783,316;2787,322;2791,322;2796,308;2800,336;2804,322;2809,334;2813,328;2817,340;2822,312;2826,340;2831,326;2835,318;2839,332;2844,318;2848,332;2852,318;2857,332;2861,324;2865,324;2870,324;2874,338;2878,322;2883,336;2887,330;2891,316;2896,330;2900,316;2905,344;2909,322;2913,320;2918,320;2922,334;2926,334;2931,334;2935,326;2939,310;2944,326;2948,310;2952,324;2957,310;2961,332;2965,330;2970,330;2974,316;2979,330;2983,316;2987,322;2992,322;2996,308;3000,336;3005,320;3009,342;3013,326;3018,342;3022,326;3026,340;3031,326;3035,332;3039,318;3044,318;3048,332;3053,318;3057,332;3061,310;3066,324;3070,322;3074,336;3079,322;3083,314;3087,328;3092,314;3096,328;3100,314;3105,342;3109,320;3113,320;3118,318;3122,332;3127,318;3131,312;3135,324;3140,310;3144,326;3148,310;3153,324;3157,332;3161,332;3166,330;3170,332;3174,318;3179,346;3183,338;3187,310;3192,322;3196,308;3201,322;3205,316;3209,342;3214,328;3218,344;3222,328;3227,342;3231,322;3235,318;3240,334;3244,334;3248,320;3253,318;3257,340;3261,326;3266,340;3270,310;3275,324;3279,330;3283,316;3288,330;3292,316;3296,328;3301,316;3305,336;3309,322;3314,336;3318,322;3322,322;3327,320;3331,314;3336,328;3340,312;3344,326;3349,312;3353,332;3357,318;3362,332;3366,318;3370,332;3375,318;3379,310;3383,324;3388,310;3392,322;3396,308;3401,336;3405,316;3410,342;3414,328;3418,328;3423,326;3427,320;3431,320;3436,320;3440,332;3444,318;3449,318;3453,324;3457,338;3462,322;3466,324;3470,324;3475,316;3479,330;3484,316;3488,330;3492,314;3497,328;3501,320;3505,334;3510,320;3514,334;3518,320;3523,334;3527,326;3531,312;3536,326;3540,310;3545,326;3549,318;3553,332;3558,316;3562,330;3566,316;3571,330;3575,336;3579,320;3584,334;3588,308;3592,334;3597,320;3601,342;3605,312;3610,326;3614,326;3619,340;3623,326;3627,332;3632,318;3636,316;3640,330;3645,316;3649,338;3653,322;3658,322;3662,322;3666,336;3671,320;3675,328;3679,328;3684,312;3688,326;3693,326;3697,340;3701,318;3706,318;3710,318;3714,332;3719,330;3723,324;3727,324;3732,308;3736,336;3740,322;3745,336;3749,328;3753,328;3758,326;3762,328;3767,326;3771,326;3775,320;3780,318;3784,332;3788,318;3793,344;3797,310;3801,324;3806,322;3810,338;3814,322;3819,338;3823,328;3827,316;3832,328;3836,316;3841,330;3845,322;3849,322;3854,320;3858,336;3862,320;3867,334;3871,326;3875,312;3880,326;3884,326;3888,338;3893,326;3897,318;3901,316;3906,332;3910,330;3915,332;3919,322;3923,308;3928,322;3932,308;3936,322;3941,308;3945,328;3949,326;3954,328;3958,326;3962,328;3967,326;3971,318;3976,334;3980,320;3984,332;3989,318;3993,332;3997,324;4002,338;4006,320;4010,324;4015,322;4019,316;4023,330;4028,330;4032,328;4036,314;4041,328;4045,322;4050,336;4054,322;4058,322;4063,320;4067,314;4071,342;4076,328;4080,328;4084,314;4089,328;4093,320;4097,334;4102,320;4106,320;4110,318;4115,334;4119,326;4124,312;4128,326;4132,312;4137,326;4141,318;4145,332;4150,332;4154,332;4158,318;4163,332;4167,324;4171,324;4176,324;4180,310;4184,322;4189,308;4193,330;4198,330;4202,344;4206,328;4211,328;4215,334;4219,318;4224,334;4228,334;4232,320;4237,320;4241,340;4245,326;4250,326;4254,310;4258,324;4263,324;4267,316;4272,330;4276,330;4280,318;4285,314;4289,336;4293,322;4298,322;4302,322;4306,322;4311,320;4315,314;4319,328;4324,312;4328,326;4332,312;4337,326;4341,318;4346,332;4350,332;4354,332;4359,316;4363,322;4367,336;4372,308;4376,336;4380,322;4385,336;4389,314;4393,342;4398,314;4402,328;4406,314;4411,304;4415,318;4420,318;4424,332;4428,318;4433,316;4437,310;4441,324;4446,308;4450,322;4454,308;4459,322;4463,328;4467,314;4472,328;4476,312;4481,312;4485,320;4489,334;4494,320;4498,320;4502,320;4507,334;4511,326;4515,312;4520,324;4524,310;4528,310;4533,296;4537,318;4541,316;4546,316;4550,302;4555,316;4559,322;4563,308;4568,322;4572,308;4576,308;4581,292;4585,326;4589,312;4594,326;4598,312;4602,326;4607,304;4611,304;4616,318;4620,304;4624,316;4629,302;4633,324;4637,308;4642,322;4646,308;4650,308;4655,308;4659,314;4663,314;4668,312;4672,312;4676,312;4681,312;4685,304;4690,318;4694,304;4698,318;4703,318;4707,296;4711,310;4716,310;4720,310;4724,310;4729,310;4733,316;4737,316;4742,314;4746,314;4750,314;4755,328;4759,320;4764,306;4768,320;4772,306;4777,318;4781,312;4785,324;4790,310;4794,324;4798,324;4803,324;4807,330;4811,316;4816,314;4820,300;4824,314;4829,314;4833,334;4838,320;4842,334;4846,318;4851,334;4855,326;4859,310;4864,326;4868,324;4872,310;4877,310;4881,330;4885,316;4890,316;4894,314;4898,314;4903,314;4907,320;4912,334;4916,318;4920,318;4925,304;4929,324;4933,322;4938,322;4942,322;4946,322;4951,320;4955,300;4959,312;4964,312;4968,324;4972,310;4977,310;4981,304;4986,316;4990,302;4994,328;4999,314;5003,306;5007,320;5012,306;5016,320;5020,304;5025,304;5029,310;5033,324;5038,308;5042,308;5047,308;5051,300;5055,314;5060,314;5064,314;5068,300;5073,312;5077,306;5081,320;5086,304;5090,318;5094,318;5099,318;5103,310;5107,310;5112,310;5116,308;5121,322;5125,314;5129,328;5134,314;5138,328;5142,312;5147,314;5151,318;5155,304;5160,318;5164,304;5168,332;5173,318;5177,324;5181,308;5186,324;5190,308;5195,322;5199,314;5203,314;5208,326;5212,312;5216,326;5221,310;5225,332;5229,316;5234,330;5238,316;5242,330;5247,314;5251,306;5255,320;5260,308;5264,320;5269,306;5273,326;5277,312;5282,312;5286,312;5290,326;5295,310;5299,318;5303,316;5308,316;5312,316;5316,316;5321,330;5325,308;5330,308;5334,308;5338,322;5343,308;5347,300;5351,312;5356,298;5360,312;5364,298;5369,312;5373,318;5377,318;5382,318;5386,318;5390,318;5395,296;5399,310;5404,310;5408,310;5412,308;5417,308;5421,314;5425,314;5430,314;5434,314;5438,300;5443,314;5447,320;5451,306;5456,306;5460,304;5464,304;5469,304;5473,296;5478,298;5482,310;5486,310;5491,310;5495,316;5499,316;5504,302;5508,300;5512,314;5517,300;5521,322;5525,320;5530,320;5534,306;5538,320;5543,320;5547,298;5552,312;5556,312;5560,326;5565,312;5569,332;5573,316;5578,332;5582,316;5586,318;5591,316;5595,308;5599,308;5604,308;5608,322;5612,308;5617,308;5621,314;5626,328;5630,314;5634,328;5639,300;5643,306;5647,320;5652,318;5656,318;5660,304;5665,318;5669,310;5673,324;5678,310;5682,322;5687,308;5691,316;5695,314;5700,314;5704,328;5708,314;5713,312;5717,320;5721,318;5726,318;5730,318;5734,316;5739,302;5743,308;5747,308;5752,308;5756,308;5761,318;5765,312;5769,312;5774,298;5778,312;5782,310;5787,324;5791,318;5795,316;5800,316;5804,302;5808,316;5813,302;5817,308;5821,306;5826,306;5830,306;5835,320;5839,312;5843,312;5848,312;5852,310;5856,310;5861,310;5865,304;5869,302;5874,302;5878,302;5882,316;5887,302;5891,308;5895,308;5900,306;5904,320;5909,306;5913,314;5917,312;5922,312;5926,312;5930,312;5935,312;5939,304;5943,318;5948,304;5952,318;5956,302;5961,302;5965,310;5969,324;5974,308;5978,322;5983,308;5987,302;5991,328;5996,314;6000,328;6004,314;6009,312;6013,318;6017,320;6022,304;6026,318;6030,302;6035,280;6039,280;6043,280;6048,292;6052,292;6057,292;6061,284;6065,298;6070,284;6074,282;6078,282;6083,282;6087,288;6091,276;6096,288;6100,288;6104,288;6109,294;6113,294;6118,294;6122,280;6126,292;6131,292;6135,286;6139,286;6144,298;6148,284;6152,284;6157,284;6161,278;6165,276;6170,290;6174,290;6178,290;6183,282;6187,282;6192,296;6196,280;6200,280;6205,266;6209,288;6213,286;6218,300;6222,286;6226,286;6231,278;6235,290;6239,276;6244,262;6248,276;6253,276;6257,282;6261,282;6266,268;6270,282;6274,294;6279,280;6283,286;6287,272;6292,286;6296,272;6300,270;6305,262;6309,278;6313,276;6318,276;6322,276;6327,290;6331,268;6335,282;6340,268;6344,282;6348,268;6353,280;6357,286;6361,286;6366,286;6370,286;6374,284;6379,276;6383,276;6387,276;6392,276;6396,274;6401,288;6405,280;6409,294;6414,280;6418,280;6422,280;6427,292;6431,284;6435,282;6440,284;6444,270;6448,282;6453,288;6457,288;6461,288;6466,286;6470,286;6475,272;6479,278;6483,278;6488,278;6492,292;6496,276;6501,290;6505,282;6509,284;6514,282;6518,282;6522,282;6527,272;6531,258;6535,272;6540,272;6544,286;6549,270;6553,278;6557,276;6562,276;6566,276;6570,276;6575,290;6579,268;6583,268;6588,266;6592,266;6596,252;\r\nBuffer sent in 0.973 secondsreturn;buffer;965\r\n'), 11:36:28
bytearray(b'received from UR: home -> home (0,1)\r\nSTEPPER: Moving to mstep: 0 with speed [msteps/sec]: 4000 in SpreadCycle.\r\n'), 11:36:29
bytearray(b'STEPPER: Moved 2400.00 msteps (ramp: 35%) in 813.424 ms -> average speed [msteps/sec]: 2950.49\r\nreturn;home;1\r\n'), 11:36:30
