bytearray(b'STEPPER: Moving to mstep: 2400 with speed [msteps/sec]: 4000 in SpreadCycle.\r\n'), 11:32:58
bytearray(b'STEPPER: Moved 2400.00 msteps (ramp: 35%) in 812.836 ms -> average speed [msteps/sec]: 2952.63\r\n'), 11:32:59
bytearray(b'received from UR: status -> status (0,1)\r\n*** STATUS ***\r\nid        :         3 -\r\nstep      :      2400 steps\r\nspeed     :      1500 msteps/s\r\nmspeed    :      1000 msteps/s\r\nsg-thrs   :        80 -\r\ndefault   :     12000 \xc2\xb5m\r\ndispense  :     30350 \xc2\xb5m\r\nblowout   :     33000 \xc2\xb5m\r\nd-offset  :        20 \xc2\xb5m\r\nur0       :         0 -\r\nur1       :         1 -\r\nhomed     :         1 -\r\nreturn;status;2400\r\n'), 11:33:01
bytearray(b'received from UR: measure -> measure (0,1)\r\nSTEPPER: Moving to mstep: 6600 with speed [msteps/sec]: 1000 in StealthChop.\r\n'), 11:33:02
bytearray(b'STEPPER: Moving to mstep: 2400 with speed [msteps/sec]: 4000 in SpreadCycle.\r\n'), 11:33:06
bytearray(b'STEPPER: Moved 4200.00 msteps (ramp: 35%) in 1324.888 ms -> average speed [msteps/sec]: 3170.08\r\nreturn;measure;965\r\n'), 11:33:08
bytearray(b'received from UR: buffer -> buffer (0,1)\r\nSending buffer of size 965data;2400,126;2404,468;2408,164;2413,266;2417,320;2421,326;2426,340;2430,324;2434,338;2439,324;2443,314;2447,328;2452,328;2456,328;2460,312;2465,326;2469,332;2474,332;2478,316;2482,330;2487,328;2491,320;2495,320;2500,320;2504,332;2508,318;2513,318;2517,324;2521,338;2526,324;2530,338;2534,324;2539,338;2543,330;2548,330;2552,330;2556,314;2561,314;2565,320;2569,332;2574,318;2578,332;2582,318;2587,332;2591,324;2595,322;2600,336;2604,308;2608,320;2613,306;2617,340;2622,324;2626,338;2630,324;2635,338;2639,328;2643,314;2648,326;2652,312;2656,326;2661,312;2665,330;2669,316;2674,330;2678,314;2682,328;2687,312;2691,318;2696,318;2700,318;2704,318;2709,316;2713,336;2717,320;2722,334;2726,320;2730,332;2735,318;2739,310;2743,336;2748,308;2752,336;2756,320;2761,332;2765,324;2770,338;2774,324;2778,336;2783,322;2787,314;2791,328;2796,312;2800,340;2804,310;2809,324;2813,316;2817,344;2822,328;2826,342;2830,314;2835,326;2839,332;2844,318;2848,332;2852,330;2857,328;2861,320;2865,334;2870,318;2874,332;2878,316;2883,330;2887,322;2891,322;2896,334;2900,320;2905,334;2909,332;2913,326;2918,324;2922,338;2926,336;2931,336;2935,314;2939,312;2944,326;2948,312;2952,338;2957,324;2961,328;2965,314;2970,326;2974,326;2979,340;2983,310;2987,316;2992,330;2996,314;3000,326;3005,312;3009,332;3013,318;3018,332;3022,330;3026,330;3031,328;3035,320;3039,320;3044,320;3048,330;3053,318;3057,316;3061,322;3066,324;3070,322;3074,322;3079,320;3083,312;3087,326;3092,310;3096,324;3100,324;3105,322;3109,312;3113,328;3118,326;3122,326;3127,310;3131,316;3135,330;3140,316;3144,328;3148,314;3153,328;3157,320;3161,334;3166,320;3170,334;3174,332;3179,346;3183,322;3187,308;3192,336;3196,320;3201,334;3205,326;3209,326;3214,324;3218,338;3222,324;3227,338;3231,328;3235,314;3240,328;3244,326;3248,326;3253,312;3257,332;3261,330;3266,330;3270,316;3275,330;3279,328;3283,320;3288,334;3292,332;3296,332;3301,318;3305,338;3309,324;3314,336;3318,322;3322,334;3327,320;3331,312;3336,326;3340,308;3344,324;3349,308;3353,330;3357,328;3362,328;3366,314;3370,328;3375,326;3379,318;3383,332;3388,304;3392,330;3396,316;3401,332;3405,322;3410,322;3414,320;3418,334;3423,320;3427,326;3431,326;3436,312;3440,324;3444,322;3449,338;3453,314;3457,328;3462,314;3466,328;3470,326;3475,326;3479,318;3484,316;3488,330;3492,314;3497,328;3501,320;3505,334;3510,318;3514,332;3518,330;3523,330;3527,322;3531,306;3536,320;3540,304;3545,332;3549,324;3553,334;3558,322;3562,334;3566,320;3571,334;3575,338;3579,324;3584,338;3588,308;3592,336;3597,320;3601,340;3605,326;3610,340;3614,324;3619,338;3623,322;3627,314;3632,314;3636,312;3640,326;3645,326;3649,332;3653,316;3658,330;3662,316;3666,330;3671,328;3675,320;3679,320;3684,320;3688,332;3693,318;3697,324;3701,324;3706,322;3710,322;3714,336;3719,322;3723,312;3727,326;3732,312;3736,326;3740,310;3745,324;3749,330;3753,342;3758,328;3762,328;3767,326;3771,318;3775,332;3780,330;3784,330;3788,314;3793,328;3797,320;3801,334;3806,318;3810,332;3814,316;3819,330;3823,334;3827,320;3832,320;3836,318;3841,332;3845,322;3849,336;3854,322;3858,336;3862,320;3867,334;3871,324;3875,324;3880,322;3884,322;3888,322;3893,320;3897,326;3901,324;3906,324;3910,322;3915,336;3919,322;3923,314;3928,326;3932,312;3936,326;3941,312;3945,344;3949,330;3954,330;3958,328;3962,328;3967,326;3971,318;3976,346;3980,332;3984,330;3989,314;3993,336;3997,320;4002,334;4006,316;4010,332;4015,316;4019,322;4023,336;4028,336;4032,320;4036,320;4041,332;4045,324;4050,338;4054,322;4058,322;4063,320;4067,326;4071,340;4076,326;4080,324;4084,310;4089,322;4093,328;4097,328;4102,326;4106,326;4110,322;4115,338;4119,330;4124,316;4128,328;4132,300;4137,326;4141,318;4145,332;4150,332;4154,332;4158,330;4163,330;4167,336;4171,320;4176,334;4180,318;4185,332;4189,318;4193,338;4198,322;4202,336;4206,322;4211,322;4215,326;4219,312;4224,326;4228,326;4232,324;4237,310;4241,330;4245,316;4250,328;4254,314;4259,326;4263,326;4267,318;4272,332;4276,330;4280,330;4285,316;4289,336;4293,320;4298,322;4302,320;4306,320;4311,318;4315,310;4319,324;4324,306;4328,322;4333,306;4337,320;4341,326;4346,338;4350,324;4354,336;4359,322;4363,314;4367,328;4372,312;4376,340;4380,310;4385,324;4389,316;4393,330;4398,314;4402,342;4407,326;4411,318;4415,332;4420,316;4424,330;4428,328;4433,328;4437,320;4441,334;4446,318;4450,332;4454,316;4459,330;4463,334;4467,320;4472,332;4476,318;4481,330;4485,316;4489,336;4494,320;4498,334;4502,320;4507,318;4511,324;4515,324;4520,336;4524,322;4528,322;4533,320;4537,326;4541,324;4546,324;4550,322;4555,322;4559,320;4563,312;4568,326;4572,310;4576,310;4581,294;4585,328;4589,312;4594,326;4598,312;4602,324;4607,310;4611,302;4615,314;4620,300;4624,314;4629,298;4633,318;4637,304;4642,318;4646,302;4650,316;4655,314;4659,306;4663,306;4668,304;4672,304;4676,304;4681,294;4685,308;4690,308;4694,306;4698,320;4703,318;4707,310;4711,310;4716,310;4720,308;4724,306;4729,320;4733,312;4737,312;4742,310;4746,326;4750,310;4755,302;4759,316;4764,314;4768,328;4772,300;4777,314;4781,306;4785,334;4790,318;4794,316;4798,304;4803,330;4807,322;4811,322;4816,320;4820,306;4824,320;4829,312;4833,326;4838,310;4842,324;4846,308;4851,322;4855,328;4859,314;4864,312;4868,312;4872,312;4877,310;4881,318;4885,302;4890,316;4894,314;4898,316;4903,314;4907,306;4912,306;4916,304;4920,318;4925,304;4929,310;4933,308;4938,322;4942,322;4946,306;4951,306;4955,310;4959,310;4964,310;4968,322;4972,308;4977,314;4981,312;4986,326;4990,312;4994,312;4999,310;5003,302;5007,316;5012,300;5016,314;5020,312;5025,312;5029,304;5033,316;5038,302;5042,316;5046,314;5051,306;5055,306;5060,304;5064,318;5068,304;5073,316;5077,308;5081,320;5086,306;5090,306;5094,302;5099,318;5103,322;5107,308;5112,306;5116,306;5121,320;5125,310;5129,310;5134,296;5138,308;5142,306;5147,320;5151,326;5155,298;5160,310;5164,296;5168,310;5173,310;5177,328;5181,314;5186,328;5190,312;5195,326;5199,318;5203,302;5208,314;5212,314;5216,314;5221,312;5225,318;5229,304;5234,318;5238,302;5242,330;5247,314;5251,320;5256,306;5260,304;5264,318;5269,304;5273,324;5277,322;5282,322;5286,306;5290,320;5295,306;5299,312;5303,324;5308,310;5312,324;5316,322;5321,308;5325,314;5330,314;5334,312;5338,326;5343,310;5347,302;5351,316;5356,302;5360,314;5364,300;5369,312;5373,304;5377,318;5382,304;5386,318;5390,316;5395,308;5399,308;5404,306;5408,306;5412,292;5417,304;5421,310;5425,324;5430,310;5434,322;5438,308;5443,320;5447,312;5451,312;5456,312;5460,296;5464,296;5469,302;5473,314;5478,314;5482,314;5486,300;5491,312;5495,304;5499,304;5504,316;5508,302;5512,300;5517,300;5521,320;5525,320;5530,318;5534,318;5538,318;5543,310;5547,308;5552,322;5556,306;5560,320;5565,306;5569,312;5573,310;5578,324;5582,308;5586,322;5591,308;5595,314;5599,328;5604,298;5608,312;5612,298;5617,312;5621,316;5626,300;5630,302;5634,316;5639,314;5643,306;5647,320;5652,320;5656,306;5660,318;5665,318;5669,310;5673,322;5678,308;5682,322;5687,306;5691,312;5695,312;5700,310;5704,310;5708,308;5713,310;5717,314;5721,314;5726,312;5730,326;5734,312;5739,326;5743,316;5747,302;5752,314;5756,300;5761,314;5765,320;5769,320;5774,304;5778,318;5782,316;5787,330;5791,308;5795,294;5800,306;5804,290;5808,304;5813,304;5817,324;5822,310;5826,322;5830,308;5835,320;5839,312;5843,310;5848,324;5852,310;5856,308;5861,306;5865,312;5869,310;5874,296;5878,294;5882,308;5887,308;5891,298;5896,312;5900,310;5904,310;5909,308;5913,314;5917,314;5922,312;5926,312;5930,326;5935,310;5939,302;5943,316;5948,300;5952,314;5956,298;5961,312;5965,318;5970,332;5974,316;5978,330;5983,314;5987,306;5991,306;5996,306;6000,318;6004,304;6009,304;6013,310;6017,324;6022,308;6026,322;6030,320;6035,300;6039,312;6044,298;6048,310;6052,308;6057,322;6061,300;6065,314;6070,312;6074,312;6078,310;6083,310;6087,302;6091,302;6096,314;6100,314;6104,326;6109,304;6113,316;6118,316;6122,316;6126,314;6131,314;6135,320;6139,304;6144,318;6148,302;6152,316;6157,302;6161,322;6165,306;6170,320;6174,304;6178,318;6183,308;6187,294;6192,294;6196,292;6200,306;6205,290;6209,282;6213,268;6218,282;6222,280;6226,280;6231,286;6235,270;6239,270;6244,270;6248,282;6253,268;6257,288;6261,286;6266,272;6270,286;6274,286;6279,284;6283,290;6287,274;6292,276;6296,274;6300,274;6305,280;6309,294;6313,278;6318,278;6322,276;6327,278;6331,268;6335,280;6340,266;6344,278;6348,264;6353,272;6357,284;6361,298;6366,282;6370,296;6374,280;6379,272;6383,286;6387,270;6392,284;6396,270;6401,282;6405,288;6409,288;6414,286;6418,286;6422,284;6427,262;6431,262;6435,260;6440,274;6444,288;6448,272;6453,278;6457,250;6462,278;6466,292;6470,290;6475,290;6479,266;6483,252;6488,280;6492,280;6496,292;6501,264;6505,284;6509,282;6514,268;6518,266;6522,266;6527,272;6531,270;6536,284;6540,270;6544,282;6549,266;6553,288;6557,286;6562,272;6566,272;6570,270;6575,276;6579,276;6583,274;6588,274;6592,286;6596,272;\r\nBuffer sent in 0.973 secondsreturn;buffer;965\r\n'), 11:33:10
bytearray(b'received from UR: measure -> measure (0,1)\r\nSTEPPER: Moving to mstep: 6600 with speed [msteps/sec]: 1000 in StealthChop.\r\n'), 11:33:11
bytearray(b'STEPPER: Moving to mstep: 2400 with speed [msteps/sec]: 4000 in SpreadCycle.\r\n'), 11:33:15
bytearray(b'STEPPER: Moved 4200.00 msteps (ramp: 35%) in 1324.888 ms -> average speed [msteps/sec]: 3170.08\r\nreturn;measure;965\r\n'), 11:33:16
bytearray(b'received from UR: buffer -> buffer (0,1)\r\nSending buffer of size 965data;2400,308;2404,448;2408,158;2413,272;2417,314;2421,320;2426,334;2430,320;2434,348;2439,318;2443,324;2447,322;2452,308;2456,320;2460,320;2465,334;2469,326;2474,338;2478,324;2482,336;2487,322;2491,328;2495,326;2500,326;2504,324;2508,310;2513,338;2517,326;2521,328;2526,326;2530,326;2534,324;2539,338;2543,330;2548,314;2552,328;2556,312;2561,326;2565,332;2569,330;2574,330;2578,344;2582,328;2587,342;2591,334;2595,318;2600,316;2604,316;2608,330;2613,316;2617,334;2622,320;2626,332;2630,318;2635,332;2639,322;2643,322;2648,322;2652,320;2656,320;2661,318;2665,340;2669,324;2674,324;2678,322;2682,336;2687,336;2691,314;2696,312;2700,312;2704,324;2709,324;2713,330;2717,330;2722,330;2726,328;2730,328;2735,328;2739,320;2743,332;2748,318;2752,332;2756,318;2761,330;2765,322;2770,336;2774,322;2778,336;2783,320;2787,312;2791,326;2796,310;2800,338;2804,322;2809,336;2813,328;2817,342;2822,326;2826,340;2830,324;2835,338;2839,330;2844,316;2848,330;2852,330;2857,328;2861,320;2865,334;2870,318;2874,332;2878,332;2883,332;2887,322;2891,322;2896,322;2900,322;2905,322;2909,320;2913,326;2918,324;2922,324;2926,324;2931,336;2935,328;2939,314;2944,314;2948,312;2952,340;2957,326;2961,332;2965,316;2970,330;2974,316;2979,328;2983,326;2987,320;2992,332;2996,318;3000,316;3005,316;3009,336;3013,322;3018,336;3022,320;3026,334;3031,318;3035,324;3039,324;3044,324;3048,322;3053,310;3057,322;3061,314;3066,326;3070,326;3074,338;3079,324;3083,316;3087,328;3092,314;3096,328;3100,328;3105,326;3109,318;3113,332;3118,318;3122,332;3127,316;3131,322;3135,336;3140,308;3144,320;3148,320;3153,334;3157,326;3161,340;3166,324;3170,338;3174,324;3179,338;3183,328;3187,314;3192,328;3196,312;3201,340;3205,318;3209,332;3214,316;3218,330;3222,328;3227,328;3231,320;3235,318;3240,332;3244,332;3248,330;3253,316;3257,336;3261,320;3266,334;3270,320;3275,332;3279,324;3283,322;3288,320;3292,322;3296,334;3301,320;3305,326;3309,324;3314,324;3318,324;3322,336;3327,336;3331,314;3336,314;3340,312;3344,326;3349,326;3353,332;3357,330;3362,330;3366,330;3370,330;3375,314;3379,320;3383,334;3388,318;3392,332;3396,316;3401,330;3405,320;3410,334;3414,320;3418,334;3423,318;3427,324;3431,322;3436,322;3440,320;3444,320;3449,332;3453,324;3457,336;3462,322;3466,336;3470,322;3475,312;3479,340;3484,326;3488,324;3492,324;3497,324;3501,328;3505,328;3510,326;3514,326;3518,326;3523,324;3527,330;3531,316;3536,330;3540,328;3545,328;3549,318;3553,332;3558,318;3562,332;3566,316;3571,330;3575,336;3579,306;3584,334;3588,320;3592,332;3597,318;3601,338;3605,324;3610,336;3614,322;3619,336;3623,320;3627,312;3632,326;3636,324;3640,324;3645,324;3649,344;3653,328;3658,342;3662,326;3666,326;3671,326;3675,318;3679,330;3684,316;3688,314;3693,314;3697,328;3701,320;3706,334;3710,318;3714,332;3719,332;3723,310;3727,322;3732,308;3736,336;3740,322;3745,334;3749,326;3753,326;3758,324;3762,326;3767,324;3771,316;3775,330;3780,314;3784,314;3788,312;3793,340;3797,318;3801,332;3806,318;3810,332;3814,330;3819,344;3823,322;3827,306;3832,320;3836,320;3841,334;3845,316;3849,324;3854,324;3858,336;3862,322;3867,336;3871,326;3875,312;3880,340;3884,324;3888,324;3893,322;3897,330;3901,328;3906,328;3910,326;3915,326;3919,326;3923,318;3928,330;3932,316;3936,330;3941,316;3945,336;3949,336;3954,334;3958,320;3962,334;3967,318;3971,312;3975,324;3980,324;3984,324;3989,308;3993,322;3997,314;4002,342;4006,314;4010,326;4015,326;4019,304;4023,316;4028,316;4032,330;4036,316;4041,328;4045,320;4050,334;4054,320;4058,344;4063,318;4067,324;4071,324;4076,322;4080,322;4084,322;4089,320;4093,314;4097,328;4102,326;4106,326;4110,324;4115,336;4119,330;4124,314;4128,314;4132,312;4137,340;4141,318;4145,332;4150,318;4154,330;4158,328;4163,328;4167,320;4171,318;4176,332;4180,330;4184,330;4189,316;4193,336;4198,322;4202,336;4206,320;4211,334;4215,338;4219,324;4224,324;4228,322;4232,322;4237,322;4241,328;4245,326;4250,340;4254,326;4258,326;4263,324;4267,330;4272,328;4276,314;4280,314;4285,312;4289,332;4293,318;4298,330;4302,316;4306,328;4311,328;4315,320;4319,318;4324,304;4328,332;4332,318;4337,330;4341,322;4346,336;4350,336;4354,336;4359,320;4363,312;4367,338;4372,324;4376,338;4380,322;4385,336;4389,326;4393,328;4398,324;4402,338;4406,324;4411,314;4415,314;4420,312;4424,326;4428,324;4433,324;4437,330;4441,344;4446,328;4450,342;4454,314;4459,326;4463,332;4467,318;4472,316;4476,314;4480,314;4485,314;4489,334;4494,318;4498,332;4502,318;4507,332;4511,322;4515,308;4520,322;4524,306;4528,320;4533,320;4537,340;4541,326;4546,338;4550,324;4555,338;4559,322;4563,330;4568,328;4572,314;4576,314;4581,298;4585,332;4589,304;4594,318;4598,302;4602,316;4607,314;4611,308;4615,306;4620,292;4624,304;4629,306;4633,326;4637,310;4642,310;4646,310;4650,310;4655,308;4659,300;4663,300;4668,300;4672,298;4676,298;4681,298;4685,304;4690,316;4694,302;4698,316;4703,302;4707,308;4711,308;4716,306;4720,306;4724,304;4729,318;4733,310;4737,310;4742,308;4746,322;4750,308;4755,322;4759,314;4764,312;4768,312;4772,312;4777,312;4781,316;4785,330;4790,314;4794,314;4798,300;4803,314;4807,318;4811,302;4816,302;4820,302;4824,314;4829,308;4833,320;4838,304;4842,318;4846,318;4851,332;4855,308;4859,308;4864,308;4868,306;4872,304;4877,304;4881,324;4885,310;4890,308;4894,308;4898,320;4903,306;4907,312;4912,312;4916,310;4920,310;4925,308;4929,314;4933,314;4938,328;4942,312;4946,312;4951,310;4955,302;4959,316;4964,314;4968,314;4972,300;4977,314;4981,306;4986,320;4990,318;4994,318;4999,302;5003,308;5007,308;5012,308;5016,306;5020,306;5025,306;5029,312;5033,326;5038,310;5042,324;5046,308;5051,302;5055,314;5060,300;5064,300;5068,312;5073,312;5077,304;5081,304;5086,302;5090,316;5094,314;5099,314;5103,306;5107,306;5112,304;5116,290;5121,304;5125,310;5129,324;5134,308;5138,308;5142,308;5147,322;5151,314;5155,312;5160,312;5164,312;5168,310;5173,296;5177,330;5181,316;5186,330;5190,300;5195,314;5199,318;5203,304;5208,304;5212,304;5216,316;5221,316;5225,322;5229,322;5234,334;5238,320;5242,320;5247,318;5251,310;5256,308;5260,308;5264,306;5269,292;5273,312;5277,312;5282,324;5286,310;5290,310;5295,308;5299,314;5303,314;5308,312;5312,312;5316,298;5321,310;5325,316;5330,316;5334,316;5338,314;5343,314;5347,306;5351,306;5356,304;5360,318;5364,318;5369,316;5373,308;5377,322;5382,306;5386,320;5390,304;5395,298;5399,312;5404,310;5408,310;5412,310;5417,308;5421,316;5425,330;5430,314;5434,314;5438,312;5443,314;5447,304;5451,304;5456,302;5460,316;5464,302;5469,308;5473,308;5478,306;5482,306;5486,306;5491,304;5495,296;5499,296;5504,310;5508,308;5512,308;5517,308;5521,314;5525,312;5530,312;5534,310;5538,312;5543,310;5547,316;5552,316;5556,302;5560,314;5565,314;5569,320;5573,304;5578,318;5582,304;5586,318;5591,316;5595,306;5599,320;5604,306;5608,306;5613,304;5617,304;5621,310;5626,324;5630,308;5634,322;5639,308;5643,300;5647,300;5652,312;5656,310;5660,310;5665,310;5669,316;5673,328;5678,314;5682,314;5687,314;5691,306;5695,306;5700,304;5704,316;5708,316;5713,316;5717,308;5721,322;5726,320;5730,320;5734,318;5739,318;5743,310;5748,308;5752,308;5756,308;5761,320;5765,312;5769,312;5774,310;5778,324;5782,308;5787,322;5791,314;5795,300;5800,298;5804,286;5808,312;5813,310;5817,316;5822,316;5826,316;5830,314;5835,314;5839,306;5843,304;5848,304;5852,302;5856,302;5861,302;5865,322;5869,306;5874,320;5878,306;5882,306;5887,304;5891,308;5896,308;5900,308;5904,308;5909,306;5913,314;5917,312;5922,312;5926,298;5930,312;5935,310;5939,302;5943,316;5948,300;5952,314;5956,298;5961,326;5965,304;5970,318;5974,304;5978,316;5983,302;5987,308;5991,322;5996,306;6000,320;6004,306;6009,320;6013,310;6017,324;6022,310;6026,322;6030,308;6035,322;6039,312;6044,312;6048,310;6052,310;6057,310;6061,316;6065,314;6070,314;6074,314;6078,312;6083,312;6087,304;6091,304;6096,316;6100,314;6104,314;6109,314;6113,318;6118,304;6122,318;6126,302;6131,316;6135,308;6139,308;6144,320;6148,306;6152,306;6157,292;6161,312;6165,298;6170,310;6174,308;6179,322;6183,300;6187,300;6192,298;6196,298;6200,298;6205,284;6209,290;6213,288;6218,302;6222,288;6226,286;6231,278;6235,278;6239,278;6244,290;6248,276;6253,276;6257,296;6261,294;6266,294;6270,280;6274,266;6279,278;6283,284;6287,282;6292,282;6296,282;6300,266;6305,286;6309,286;6313,286;6318,284;6322,270;6327,284;6331,260;6335,274;6340,274;6344,274;6348,274;6353,274;6357,280;6361,280;6366,292;6370,292;6374,278;6379,256;6383,284;6387,284;6392,284;6396,284;6401,284;6405,276;6409,290;6414,288;6418,288;6422,286;6427,264;6431,278;6435,278;6440,276;6444,290;6448,288;6453,268;6457,294;6461,280;6466,238;6470,280;6475,292;6479,270;6483,270;6488,270;6492,270;6496,268;6501,268;6505,288;6509,286;6514,272;6518,286;6522,286;6527,290;6531,262;6536,290;6540,276;6544,288;6549,288;6553,250;6557,278;6562,292;6566,292;6570,278;6575,268;6579,254;6583,282;6588,280;6592,280;6596,280;\r\nBuffer sent in 0.973 secondsreturn;buffer;965\r\n'), 11:33:18
bytearray(b'received from UR: measure -> measure (0,1)\r\nSTEPPER: Moving to mstep: 6600 with speed [msteps/sec]: 1000 in StealthChop.\r\n'), 11:33:19
bytearray(b'STEPPER: Moving to mstep: 2400 with speed [msteps/sec]: 4000 in SpreadCycle.\r\n'), 11:33:24
bytearray(b'STEPPER: Moved 4200.00 msteps (ramp: 35%) in 1324.888 ms -> average speed [msteps/sec]: 3170.08\r\nreturn;measure;965\r\n'), 11:33:25
bytearray(b'received from UR: buffer -> buffer (0,1)\r\nSending buffer of size 965data;2400,312;2404,440;2408,194;2413,294;2417,330;2421,316;2426,328;2430,328;2434,342;2439,326;2443,320;2447,318;2452,318;2456,318;2460,316;2465,330;2469,324;2474,336;2478,322;2482,336;2487,322;2491,314;2495,328;2500,328;2504,326;2508,312;2513,326;2517,332;2521,332;2526,318;2530,332;2534,318;2539,332;2543,338;2548,324;2552,322;2556,308;2561,322;2565,328;2569,328;2574,314;2578,328;2582,312;2587,326;2591,334;2595,318;2600,332;2604,318;2608,332;2613,318;2617,336;2622,322;2626,336;2630,322;2635,336;2639,326;2643,314;2648,326;2652,312;2656,326;2661,324;2665,332;2669,316;2674,332;2678,330;2683,330;2687,316;2691,322;2696,336;2700,322;2704,322;2709,320;2713,328;2717,326;2722,326;2726,326;2730,326;2735,326;2739,318;2743,332;2748,316;2752,330;2757,316;2761,328;2765,320;2770,334;2774,320;2778,334;2783,320;2787,326;2791,340;2796,324;2800,324;2804,310;2809,324;2813,330;2817,330;2822,316;2826,330;2831,328;2835,320;2839,320;2844,320;2848,320;2852,320;2857,332;2861,324;2865,338;2870,324;2874,338;2878,322;2883,336;2887,314;2891,328;2896,328;2900,326;2905,324;2909,318;2913,330;2918,330;2922,328;2926,328;2931,328;2935,320;2939,318;2944,332;2948,318;2952,332;2957,316;2961,322;2965,322;2970,336;2974,320;2979,334;2983,320;2987,312;2992,326;2996,310;3000,324;3005,310;3009,330;3013,316;3018,330;3022,328;3026,328;3031,326;3035,320;3039,318;3044,318;3048,332;3053,316;3057,330;3061,322;3066,336;3070,322;3074,334;3079,320;3083,326;3087,326;3092,324;3096,324;3100,322;3105,322;3109,328;3114,328;3118,326;3122,328;3127,324;3131,318;3135,330;3140,316;3144,330;3148,328;3153,344;3157,320;3161,334;3166,318;3170,332;3174,316;3179,332;3183,324;3188,310;3192,338;3196,322;3201,322;3205,328;3209,340;3214,326;3218,340;3222,324;3227,338;3231,328;3235,328;3240,328;3244,326;3248,326;3253,312;3257,332;3262,330;3266,344;3270,330;3275,328;3279,322;3283,320;3288,320;3292,318;3296,318;3301,318;3305,338;3309,322;3314,322;3318,320;3322,334;3327,334;3331,312;3336,326;3340,312;3344,324;3349,324;3353,330;3357,316;3362,330;3366,314;3370,328;3375,328;3379,320;3383,332;3388,318;3392,318;3396,316;3401,344;3405,322;3410,336;3414,320;3418,334;3423,320;3427,326;3431,324;3436,324;3440,322;3444,322;3449,322;3453,314;3457,328;3462,324;3466,326;3470,324;3475,324;3479,330;3484,314;3488,328;3492,312;3497,326;3501,318;3505,332;3510,316;3514,332;3518,330;3523,330;3527,334;3531,320;3536,320;3540,306;3544,320;3549,318;3553,338;3558,324;3562,338;3566,322;3571,336;3575,328;3579,328;3584,342;3588,314;3592,326;3597,312;3601,332;3605,318;3610,346;3614,316;3618,330;3623,316;3627,322;3632,336;3636,320;3640,320;3645,318;3649,326;3653,324;3658,338;3662,324;3666,338;3671,322;3675,314;3679,328;3684,328;3688,326;3692,312;3697,326;3701,330;3706,330;3710,316;3714,330;3719,330;3723,322;3727,336;3732,322;3736,334;3740,320;3745,334;3749,326;3753,326;3758,326;3762,326;3767,324;3771,318;3775,330;3780,316;3784,330;3788,316;3793,328;3797,322;3801,336;3806,320;3810,334;3814,320;3819,334;3823,326;3827,326;3832,324;3836,324;3841,324;3845,324;3849,330;3854,316;3858,328;3862,328;3867,328;3871,334;3875,320;3880,320;3884,304;3888,318;3893,318;3897,338;3901,322;3906,324;3910,322;3915,336;3919,328;3923,314;3928,328;3932,326;3936,326;3941,312;3945,332;3949,332;3954,332;3958,332;3962,332;3967,316;3971,310;3976,336;3980,322;3984,334;3989,320;3993,328;3997,326;4002,340;4006,326;4010,340;4015,326;4019,316;4023,330;4028,328;4032,328;4036,314;4041,326;4045,320;4050,334;4054,318;4058,332;4063,318;4067,324;4071,322;4076,322;4080,322;4084,320;4089,322;4093,326;4097,326;4102,312;4106,326;4110,324;4115,338;4119,330;4124,314;4128,328;4132,314;4137,328;4141,334;4145,332;4150,318;4154,332;4158,328;4163,332;4167,322;4171,308;4176,320;4180,306;4184,320;4189,320;4193,340;4198,324;4202,338;4206,322;4211,338;4215,330;4219,328;4224,328;4228,314;4232,314;4237,314;4241,334;4245,318;4250,332;4254,316;4258,330;4263,330;4267,322;4272,322;4276,320;4280,334;4285,320;4289,320;4293,324;4298,338;4302,322;4306,336;4311,322;4315,314;4319,326;4324,312;4328,340;4332,310;4337,324;4341,330;4346,332;4350,330;4354,330;4359,328;4363,320;4367,320;4372,320;4376,332;4380,318;4385,332;4389,324;4393,336;4398,320;4402,336;4406,320;4411,334;4415,326;4420,310;4424,324;4428,310;4433,324;4437,328;4441,342;4446,328;4450,342;4454,328;4459,340;4463,320;4467,318;4472,318;4476,316;4481,316;4485,322;4489,336;4494,322;4498,336;4502,320;4507,334;4511,340;4515,326;4520,324;4524,310;4528,324;4533,324;4537,330;4541,328;4546,328;4550,328;4555,328;4559,326;4563,318;4568,332;4572,318;4576,330;4581,316;4585,322;4589,308;4594,322;4598,306;4602,320;4607,304;4611,312;4615,312;4620,310;4624,310;4629,308;4633,316;4637,314;4642,314;4646,298;4650,312;4655,298;4659,318;4663,318;4668,304;4672,316;4676,302;4681,302;4685,308;4689,308;4694,306;4698,306;4703,304;4707,298;4711,310;4716,310;4720,322;4724,308;4729,322;4733,314;4737,312;4742,312;4746,312;4750,312;4755,310;4759,316;4763,316;4768,330;4772,314;4777,314;4781,308;4785,334;4790,306;4794,318;4798,304;4803,332;4807,322;4811,308;4816,308;4820,292;4824,306;4829,306;4833,326;4837,310;4842,324;4846,308;4851,322;4855,314;4859,314;4864,312;4868,312;4872,312;4877,310;4881,316;4885,302;4890,314;4894,314;4898,326;4903,312;4907,304;4912,316;4916,316;4920,314;4925,314;4929,320;4933,318;4938,318;4942,316;4946,316;4951,314;4955,306;4959,318;4964,304;4968,318;4972,316;4977,308;4981,306;4986,320;4990,304;4994,320;4999,304;5003,296;5007,308;5012,294;5016,308;5020,320;5025,320;5029,298;5033,310;5038,310;5042,324;5047,308;5051,300;5055,314;5060,314;5064,298;5068,298;5073,298;5077,316;5081,316;5086,300;5090,314;5094,314;5099,314;5103,304;5107,304;5112,304;5116,302;5121,316;5125,308;5129,308;5134,308;5138,322;5142,320;5147,320;5151,326;5155,312;5160,310;5164,296;5168,310;5173,308;5177,330;5181,314;5186,314;5190,312;5195,326;5199,318;5203,304;5208,318;5212,316;5216,316;5221,316;5225,322;5229,306;5234,320;5238,306;5242,318;5247,304;5251,310;5255,310;5260,322;5264,322;5269,308;5273,320;5277,312;5282,326;5286,310;5290,324;5295,308;5299,314;5303,314;5308,314;5312,312;5316,312;5321,326;5325,318;5329,316;5334,316;5338,316;5343,314;5347,304;5351,306;5356,290;5360,304;5364,302;5369,316;5373,308;5377,322;5382,306;5386,320;5390,306;5395,296;5399,310;5403,310;5408,308;5412,294;5417,306;5421,312;5425,326;5430,312;5434,310;5438,310;5443,310;5447,316;5451,314;5456,314;5460,300;5464,312;5469,312;5473,304;5478,304;5482,304;5486,304;5491,316;5495,306;5499,306;5504,306;5508,292;5512,306;5517,304;5521,310;5525,310;5530,322;5534,308;5538,308;5543,308;5547,300;5552,328;5556,298;5560,312;5565,312;5569,316;5573,302;5578,316;5582,314;5586,328;5591,314;5595,306;5599,304;5604,304;5608,304;5612,302;5617,302;5621,308;5626,322;5630,306;5634,320;5639,318;5643,312;5647,296;5652,296;5656,310;5660,308;5665,308;5669,314;5673,314;5678,312;5682,312;5687,310;5691,312;5695,318;5700,302;5704,316;5708,314;5713,314;5717,320;5721,320;5726,318;5730,318;5734,318;5739,316;5743,308;5747,294;5752,306;5756,304;5761,318;5765,310;5769,324;5774,308;5778,320;5782,306;5787,320;5791,310;5795,310;5800,308;5804,294;5808,306;5813,306;5817,326;5821,310;5826,324;5830,308;5835,322;5839,302;5843,314;5848,312;5852,312;5856,312;5861,296;5865,318;5869,318;5874,316;5878,300;5882,300;5887,300;5891,306;5895,306;5900,304;5904,304;5909,304;5913,304;5917,310;5922,322;5926,308;5930,322;5935,320;5939,298;5943,326;5948,312;5952,310;5956,310;5961,310;5965,316;5969,328;5974,314;5978,328;5983,312;5987,304;5991,318;5996,304;6000,316;6004,302;6009,316;6013,308;6017,320;6022,306;6026,320;6030,306;6035,320;6039,310;6043,296;6048,310;6052,296;6057,308;6061,314;6065,314;6070,300;6074,314;6078,312;6083,326;6087,318;6091,304;6096,304;6100,302;6104,316;6109,316;6113,308;6118,306;6122,320;6126,306;6131,318;6135,324;6139,310;6144,310;6148,294;6152,308;6157,294;6161,314;6165,312;6170,312;6174,298;6178,312;6183,304;6187,304;6192,304;6196,288;6200,302;6205,288;6209,294;6213,278;6218,278;6222,278;6226,292;6231,270;6235,270;6239,268;6244,282;6248,280;6252,280;6257,286;6261,286;6266,286;6270,284;6274,270;6279,284;6283,274;6287,288;6292,260;6296,272;6300,272;6305,272;6309,292;6313,278;6318,290;6322,290;6326,288;6331,266;6335,280;6340,266;6344,278;6348,264;6353,276;6357,284;6361,282;6366,282;6370,282;6374,282;6379,274;6383,286;6387,272;6392,272;6396,272;6400,272;6405,292;6409,278;6414,276;6418,290;6422,290;6427,290;6431,268;6435,266;6440,280;6444,280;6448,280;6453,272;6457,242;6461,270;6466,284;6470,284;6474,270;6479,276;6483,290;6488,276;6492,274;6496,274;6501,274;6505,266;6509,278;6514,292;6518,278;6522,278;6527,284;6531,270;6535,268;6540,268;6544,268;6549,268;6553,274;6557,288;6562,288;6566,288;6570,286;6575,286;6579,264;6583,264;6588,264;6592,276;6596,278;\r\nBuffer sent in 0.973 secondsreturn;buffer;965\r\n'), 11:33:27
bytearray(b'received from UR: measure -> measure (0,1)\r\nSTEPPER: Moving to mstep: 6600 with speed [msteps/sec]: 1000 in StealthChop.\r\n'), 11:33:28
bytearray(b'STEPPER: Moving to mstep: 2400 with speed [msteps/sec]: 4000 in SpreadCycle.\r\n'), 11:33:32
bytearray(b'STEPPER: Moved 4200.00 msteps (ramp: 35%) in 1324.888 ms -> average speed [msteps/sec]: 3170.08\r\nreturn;measure;965\r\n'), 11:33:33
bytearray(b'received from UR: buffer -> buffer (0,1)\r\nSending buffer of size 965data;2400,302;2404,456;2408,168;2413,268;2417,312;2421,318;2426,334;2430,318;2434,332;2439,318;2443,324;2447,324;2452,310;2456,310;2460,308;2465,322;2469,330;2474,344;2478,328;2482,330;2487,328;2491,320;2495,334;2500,334;2504,334;2508,320;2513,320;2517,324;2521,326;2526,324;2530,326;2534,324;2539,338;2543,330;2548,302;2552,316;2556,314;2561,328;2565,320;2569,334;2574,320;2578,334;2582,320;2587,334;2591,326;2595,312;2600,326;2604,310;2608,324;2613,324;2617,332;2622,330;2626,344;2630,330;2635,330;2639,316;2643,336;2648,336;2652,320;2656,320;2661,320;2665,326;2669,326;2674,326;2678,326;2682,324;2687,324;2691,332;2696,330;2700,316;2704,316;2709,316;2713,336;2717,322;2722,322;2726,322;2730,336;2735,320;2739,328;2743,328;2748,312;2752,326;2756,312;2761,340;2765,332;2770,332;2774,330;2778,332;2783,316;2787,322;2791,336;2796,320;2800,322;2804,306;2809,320;2813,314;2817,340;2822,326;2826,340;2831,326;2835,304;2839,318;2844,318;2848,330;2852,316;2857,316;2861,322;2865,336;2870,322;2874,336;2878,320;2883,334;2887,326;2891,326;2896,326;2900,326;2905,324;2909,318;2913,332;2918,330;2922,330;2926,330;2931,330;2935,322;2939,306;2944,334;2948,320;2952,334;2957,320;2961,326;2965,324;2970,326;2974,324;2979,338;2983,324;2987,316;2992,316;2996,316;3000,330;3005,328;3009,336;3013,320;3018,334;3022,320;3026,334;3031,332;3035,324;3039,324;3044,310;3048,310;3053,308;3057,322;3061,328;3066,328;3070,328;3074,328;3079,326;3083,332;3087,332;3092,318;3096,330;3100,330;3105,330;3109,322;3113,336;3118,320;3122,334;3127,320;3131,312;3135,324;3140,312;3144,338;3148,324;3153,338;3157,316;3161,330;3166,328;3170,342;3174,328;3179,342;3183,334;3187,318;3192,332;3196,318;3201,332;3205,324;3209,338;3214,324;3218,338;3222,322;3227,336;3231,328;3235,314;3240,314;3244,312;3248,312;3253,326;3257,346;3262,332;3266,332;3270,330;3275,330;3279,336;3283,336;3288,334;3292,320;3296,334;3301,320;3305,340;3309,324;3314,340;3318,324;3322,324;3327,324;3331,316;3336,330;3340,314;3344,314;3349,314;3353,336;3357,320;3362,332;3366,318;3370,332;3375,318;3379,324;3383,324;3388,310;3392,322;3396,308;3401,338;3405,316;3410,330;3414,316;3418,328;3423,328;3427,320;3431,320;3436,306;3440,318;3444,318;3449,332;3453,324;3457,338;3462,324;3466,338;3471,322;3475,336;3479,328;3484,314;3488,328;3492,314;3497,328;3501,320;3505,334;3510,318;3514,332;3518,318;3523,332;3527,336;3531,322;3536,336;3540,320;3545,334;3549,320;3553,326;3558,324;3562,326;3566,324;3571,338;3575,330;3579,316;3584,316;3588,314;3592,342;3597,328;3601,334;3605,320;3610,334;3614,320;3619,334;3623,334;3627,326;3632,326;3636,312;3640,326;3645,310;3649,332;3653,332;3658,346;3662,318;3666,330;3671,316;3675,322;3679,322;3684,322;3688,320;3693,320;3697,334;3701,326;3706,326;3710,324;3714,324;3719,324;3723,316;3727,316;3732,314;3736,330;3740,330;3745,328;3749,320;3753,334;3758,320;3762,334;3767,318;3771,310;3775,324;3780,324;3784,324;3788,322;3793,322;3797,328;3801,330;3806,314;3810,342;3814,314;3819,328;3823,332;3827,318;3832,332;3836,318;3841,330;3845,322;3849,336;3854,322;3858,334;3862,320;3867,334;3871,326;3875,324;3880,324;3884,324;3888,322;3893,322;3897,328;3901,326;3906,326;3910,326;3915,326;3919,324;3923,330;3928,330;3932,316;3936,330;3941,316;3945,336;3949,334;3954,334;3958,320;3962,334;3967,320;3971,312;3976,326;3980,310;3984,338;3989,324;3993,330;3997,316;4002,330;4006,314;4010,328;4015,328;4019,320;4023,320;4028,318;4032,318;4036,304;4041,318;4045,324;4050,338;4054,324;4058,336;4063,322;4067,314;4071,328;4076,328;4080,326;4084,326;4089,326;4093,318;4097,332;4102,332;4106,330;4110,330;4115,330;4119,322;4124,322;4128,322;4132,308;4137,320;4141,326;4145,340;4150,326;4154,326;4158,324;4163,326;4167,330;4171,316;4176,314;4180,300;4184,328;4189,314;4193,334;4198,332;4202,332;4206,332;4211,332;4215,324;4219,324;4224,322;4228,322;4232,320;4237,306;4241,328;4245,326;4250,340;4254,324;4258,326;4263,324;4267,330;4272,328;4276,314;4280,314;4285,312;4289,334;4293,316;4298,332;4302,316;4306,330;4311,330;4315,308;4319,320;4324,306;4328,334;4332,318;4337,332;4341,324;4346,324;4350,324;4354,338;4359,324;4363,314;4367,344;4372,328;4376,328;4380,314;4385,328;4389,320;4393,334;4398,320;4402,346;4406,330;4411,308;4415,322;4420,308;4424,336;4428,322;4433,320;4437,326;4441,340;4446,326;4450,340;4454,324;4459,338;4463,330;4467,316;4472,314;4476,314;4480,314;4485,328;4489,334;4494,334;4498,334;4502,332;4507,332;4511,338;4515,324;4520,322;4524,322;4528,322;4533,320;4537,328;4541,326;4546,326;4550,326;4555,340;4559,324;4563,316;4568,330;4572,316;4576,316;4581,302;4585,322;4589,308;4594,322;4598,306;4602,320;4607,306;4611,312;4615,312;4620,310;4624,310;4629,310;4633,314;4637,302;4642,314;4646,312;4650,312;4655,312;4659,304;4663,304;4668,304;4672,316;4676,316;4681,316;4685,308;4690,308;4694,306;4698,320;4703,320;4707,300;4711,298;4716,298;4720,312;4724,310;4729,310;4733,302;4737,316;4742,314;4746,314;4750,314;4755,326;4759,318;4764,304;4768,318;4772,302;4777,316;4781,308;4785,322;4790,320;4794,334;4798,318;4803,320;4807,310;4811,310;4816,308;4820,308;4824,306;4829,292;4833,326;4838,312;4842,326;4846,310;4851,324;4855,316;4859,302;4864,302;4868,314;4872,312;4877,312;4881,318;4885,318;4890,318;4894,316;4898,316;4903,314;4907,322;4912,320;4916,306;4920,318;4925,318;4929,310;4933,310;4938,322;4942,308;4946,322;4951,306;4955,312;4959,312;4964,296;4968,324;4972,310;4977,308;4981,300;4986,314;4990,312;4994,312;4999,312;5003,304;5007,302;5012,302;5016,316;5020,314;5025,314;5029,306;5033,320;5038,304;5042,318;5046,304;5051,310;5055,310;5060,310;5064,306;5068,294;5073,308;5077,314;5081,314;5086,312;5090,312;5094,312;5099,310;5103,302;5107,302;5112,316;5116,300;5121,300;5125,320;5129,320;5134,306;5138,320;5142,304;5147,318;5151,310;5155,310;5160,310;5164,308;5168,308;5173,294;5177,328;5181,314;5186,326;5190,312;5195,326;5199,304;5203,304;5208,302;5212,302;5216,316;5221,316;5225,322;5229,308;5234,320;5238,306;5242,320;5247,318;5251,312;5255,310;5260,310;5264,310;5269,296;5273,316;5277,312;5282,328;5286,314;5290,328;5295,312;5299,320;5303,318;5308,304;5312,318;5316,316;5321,302;5325,322;5330,322;5334,308;5338,322;5343,308;5347,300;5351,312;5356,298;5360,326;5364,312;5369,312;5373,304;5377,318;5382,302;5386,316;5390,302;5395,316;5399,308;5404,292;5408,306;5412,306;5417,306;5421,312;5425,326;5430,312;5434,324;5438,310;5443,324;5447,302;5451,302;5456,314;5460,300;5464,300;5469,300;5473,320;5478,304;5482,318;5486,304;5491,304;5495,310;5499,308;5504,308;5508,308;5512,308;5517,306;5521,314;5525,312;5530,312;5534,312;5538,312;5543,310;5547,304;5552,316;5556,302;5560,316;5565,314;5569,320;5573,306;5578,320;5582,304;5586,318;5591,304;5595,310;5599,310;5604,294;5608,308;5613,308;5617,308;5621,314;5626,314;5630,312;5634,326;5639,312;5643,304;5647,304;5652,304;5656,302;5660,302;5665,302;5669,308;5673,322;5678,320;5682,320;5687,306;5691,298;5695,310;5700,310;5704,310;5708,310;5713,308;5717,314;5721,314;5726,314;5730,314;5734,314;5739,326;5743,318;5747,304;5752,318;5756,304;5761,316;5765,308;5769,322;5774,308;5778,322;5782,306;5787,320;5791,314;5795,312;5800,312;5804,310;5808,310;5813,310;5817,316;5821,316;5826,330;5830,314;5835,326;5839,306;5843,306;5848,304;5852,304;5856,304;5861,302;5865,324;5869,310;5874,308;5878,308;5882,322;5887,306;5891,314;5895,312;5900,300;5904,312;5909,298;5913,318;5917,318;5922,318;5926,316;5930,316;5935,316;5939,292;5943,320;5948,306;5952,320;5956,304;5961,318;5965,310;5970,324;5974,308;5978,322;5983,308;5987,300;5991,312;5996,312;6000,310;6004,310;6009,310;6013,302;6017,316;6022,314;6026,314;6030,314;6035,326;6039,306;6044,304;6048,304;6052,302;6057,302;6061,308;6065,322;6070,308;6074,308;6078,306;6083,320;6087,312;6091,310;6096,310;6100,310;6104,310;6109,308;6113,314;6118,314;6122,314;6126,312;6131,312;6135,318;6139,304;6144,318;6148,316;6152,316;6157,302;6161,322;6165,306;6170,320;6174,306;6179,320;6183,298;6187,296;6192,294;6196,280;6200,294;6205,292;6209,300;6213,284;6218,298;6222,296;6226,296;6231,288;6235,272;6239,272;6244,272;6248,270;6253,284;6257,276;6261,290;6266,290;6270,288;6274,288;6279,272;6283,280;6287,278;6292,278;6296,276;6300,262;6305,268;6309,282;6313,296;6318,294;6322,294;6327,280;6331,256;6335,284;6340,270;6344,284;6348,282;6353,282;6357,274;6361,288;6366,286;6370,300;6374,286;6379,264;6383,278;6388,276;6392,276;6396,290;6401,288;6405,280;6409,294;6414,280;6418,294;6422,278;6427,256;6431,284;6435,284;6440,284;6444,282;6448,282;6453,274;6457,288;6462,288;6466,288;6470,286;6475,272;6479,262;6483,262;6488,276;6492,276;6496,262;6501,260;6505,282;6509,280;6514,280;6518,280;6522,238;6527,286;6531,272;6536,284;6540,270;6544,268;6549,254;6553,288;6557,288;6562,286;6566,272;6570,242;6575,286;6579,278;6583,276;6588,276;6592,262;6596,260;\r\nBuffer sent in 0.973 secondsreturn;buffer;965\r\n'), 11:33:35
bytearray(b'received from UR: measure -> measure (0,1)\r\nSTEPPER: Moving to mstep: 6600 with speed [msteps/sec]: 1000 in StealthChop.\r\n'), 11:33:36
bytearray(b'STEPPER: Moving to mstep: 2400 with speed [msteps/sec]: 4000 in SpreadCycle.\r\n'), 11:33:41
bytearray(b'STEPPER: Moved 4200.00 msteps (ramp: 35%) in 1324.880 ms -> average speed [msteps/sec]: 3170.10\r\nreturn;measure;965\r\n'), 11:33:42
bytearray(b'received from UR: buffer -> buffer (0,1)\r\nSending buffer of size 965data;2400,304;2404,438;2408,194;2413,278;2417,322;2421,328;2426,342;2430,328;2434,340;2439,314;2443,320;2447,332;2452,318;2456,320;2460,320;2465,332;2469,324;2474,338;2478,322;2482,338;2487,324;2491,314;2495,314;2500,314;2504,314;2508,328;2513,328;2517,320;2521,334;2526,320;2530,334;2534,318;2539,332;2543,324;2548,324;2552,338;2556,310;2561,324;2565,330;2569,330;2574,316;2578,330;2582,328;2587,330;2591,336;2595,320;2600,334;2604,318;2608,320;2613,320;2617,338;2622,324;2626,340;2630,324;2635,338;2639,330;2643,316;2648,330;2652,328;2656,328;2661,314;2665,334;2669,320;2674,334;2678,320;2682,334;2687,320;2691,312;2696,324;2700,324;2704,324;2709,310;2713,330;2717,330;2722,330;2726,316;2730,330;2735,328;2739,306;2743,320;2748,320;2752,334;2756,320;2761,334;2765,326;2770,340;2774,324;2778,338;2783,322;2787,316;2791,330;2796,314;2800,314;2804,314;2809,328;2813,320;2817,334;2822,320;2826,334;2831,320;2835,334;2839,326;2844,326;2848,326;2852,312;2857,324;2861,330;2865,346;2870,316;2874,330;2878,330;2883,328;2887,322;2891,322;2896,322;2900,322;2905,334;2909,320;2913,328;2918,326;2922,340;2926,326;2931,340;2935,318;2939,318;2944,330;2948,316;2952,330;2957,316;2961,336;2965,322;2970,336;2974,322;2979,336;2983,328;2987,328;2992,342;2996,312;3000,328;3005,326;3009,334;3013,318;3018,332;3022,318;3026,332;3031,318;3035,324;3039,324;3044,324;3048,324;3053,322;3057,336;3061,314;3066,328;3070,328;3074,328;3079,328;3083,320;3087,334;3092,318;3096,316;3100,318;3105,332;3109,324;3113,326;3118,324;3122,326;3127,324;3131,316;3135,330;3140,328;3144,342;3148,314;3153,328;3157,334;3161,334;3166,318;3170,332;3174,318;3179,346;3183,338;3187,308;3192,322;3196,306;3201,322;3205,328;3209,340;3214,328;3218,342;3222,312;3227,340;3231,332;3235,318;3240,332;3244,330;3248,330;3253,316;3257,336;3261,322;3266,336;3270,320;3275,334;3279,328;3283,314;3288,326;3292,326;3296,326;3301,324;3305,330;3309,330;3314,330;3318,316;3322,328;3327,328;3331,306;3336,320;3340,318;3344,332;3349,318;3353,332;3357,324;3362,338;3366,324;3370,338;3375,322;3379,316;3383,330;3388,316;3392,342;3396,314;3401,328;3405,320;3410,334;3414,332;3418,346;3423,318;3427,310;3431,324;3436,324;3440,324;3444,324;3449,336;3453,314;3457,330;3462,328;3466,330;3471,314;3475,328;3479,336;3484,320;3488,320;3492,320;3497,320;3501,326;3505,326;3510,326;3514,326;3518,324;3523,340;3527,332;3531,318;3536,332;3540,316;3545,330;3549,316;3553,338;3558,322;3562,336;3566,322;3571,336;3575,328;3579,328;3584,342;3588,312;3592,326;3597,312;3601,332;3605,332;3610,332;3614,332;3619,332;3623,314;3627,322;3632,336;3636,322;3640,322;3645,322;3649,330;3653,314;3658,342;3662,326;3666,340;3671,326;3675,318;3679,318;3684,318;3688,318;3693,332;3697,330;3701,322;3706,336;3710,322;3714,336;3719,322;3723,314;3727,328;3732,326;3736,328;3740,312;3745,326;3749,332;3753,332;3758,318;3762,332;3767,330;3771,308;3775,322;3780,322;3784,322;3788,320;3793,334;3797,314;3801,340;3806,326;3810,340;3814,324;3819,338;3823,332;3827,316;3832,316;3836,316;3841,330;3845,328;3849,334;3854,320;3858,334;3862,320;3867,330;3871,326;3875,324;3880,338;3884,310;3888,324;3893,322;3897,330;3901,314;3906,328;3910,328;3915,328;3919,326;3923,318;3928,332;3932,318;3936,332;3941,318;3945,338;3949,322;3954,336;3958,322;3962,336;3967,320;3971,312;3975,326;3980,326;3984,326;3989,310;3993,324;3997,330;4002,332;4006,330;4010,330;4015,316;4019,322;4023,336;4028,320;4032,320;4036,320;4041,320;4045,326;4050,340;4054,326;4058,340;4063,326;4067,318;4071,332;4076,318;4080,330;4084,330;4089,330;4093,322;4097,336;4102,322;4106,336;4110,322;4115,336;4119,328;4124,328;4128,342;4132,314;4137,328;4141,334;4145,334;4150,320;4154,334;4158,318;4163,332;4167,324;4171,310;4176,324;4180,310;4184,324;4189,322;4193,330;4198,330;4202,330;4206,316;4211,330;4215,336;4219,322;4224,322;4228,322;4232,320;4237,320;4241,330;4245,328;4250,328;4254,314;4258,328;4263,326;4267,320;4272,332;4276,320;4280,334;4285,318;4289,326;4293,324;4298,324;4302,324;4306,324;4311,324;4315,316;4319,330;4324,316;4328,330;4332,314;4337,328;4341,322;4346,334;4350,320;4354,334;4359,334;4363,312;4367,326;4372,324;4376,324;4380,324;4385,338;4389,316;4393,330;4398,316;4402,332;4406,316;4411,330;4415,336;4420,308;4424,322;4428,322;4433,322;4437,328;4441,340;4446,312;4450,340;4454,326;4459,340;4463,332;4467,332;4472,330;4476,316;4480,330;4485,328;4489,334;4494,320;4498,334;4502,320;4507,332;4511,324;4515,310;4520,322;4524,322;4528,322;4533,322;4537,328;4541,328;4546,328;4550,328;4555,326;4559,318;4563,318;4568,332;4572,318;4576,332;4581,302;4585,324;4589,308;4594,322;4598,306;4602,322;4607,308;4611,314;4615,312;4620,312;4624,312;4629,310;4633,316;4637,304;4642,316;4646,302;4650,316;4655,302;4659,308;4663,292;4668,292;4672,306;4676,306;4681,304;4685,310;4690,298;4694,308;4698,310;4703,310;4707,302;4711,316;4716,302;4720,316;4724,302;4729,316;4733,308;4737,322;4742,306;4746,320;4750,306;4755,320;4759,326;4764,310;4768,312;4772,296;4777,310;4781,316;4785,318;4790,316;4794,316;4798,302;4803,330;4807,322;4811,306;4816,320;4820,320;4824,320;4829,306;4833,326;4838,312;4842,324;4846,310;4851,324;4855,316;4859,302;4864,314;4868,314;4872,314;4877,314;4881,320;4885,318;4890,318;4894,318;4898,318;4903,318;4907,310;4912,310;4916,310;4920,322;4925,308;4929,314;4933,314;4938,312;4942,312;4946,312;4951,312;4955,304;4959,318;4964,304;4968,318;4972,304;4977,316;4981,308;4986,322;4990,308;4994,322;4999,308;5003,300;5007,314;5012,314;5016,298;5020,298;5025,312;5029,318;5033,318;5038,316;5042,316;5046,316;5051,308;5055,308;5060,308;5064,308;5068,308;5073,292;5077,312;5081,312;5086,312;5090,298;5094,298;5099,312;5103,304;5107,304;5112,316;5116,302;5120,302;5125,308;5129,322;5134,308;5138,308;5142,306;5147,320;5151,314;5155,298;5160,312;5164,312;5168,312;5173,296;5177,332;5181,316;5186,316;5190,316;5195,316;5199,322;5203,308;5208,322;5212,308;5216,322;5221,308;5225,314;5229,314;5234,326;5238,312;5242,326;5247,312;5251,318;5255,318;5260,304;5264,304;5269,304;5273,324;5277,310;5282,324;5286,322;5290,322;5295,322;5299,314;5303,312;5308,312;5312,312;5316,312;5321,324;5325,316;5329,316;5334,316;5338,316;5343,314;5347,308;5351,320;5356,306;5360,306;5364,306;5369,318;5373,312;5377,312;5382,298;5386,324;5390,310;5395,324;5399,316;5404,302;5408,316;5412,300;5417,314;5421,306;5425,320;5430,306;5434,320;5438,306;5443,320;5447,298;5451,312;5456,312;5460,298;5464,298;5469,298;5473,318;5478,318;5482,318;5486,318;5491,318;5495,310;5499,310;5504,310;5508,296;5512,308;5517,308;5521,316;5525,302;5530,314;5534,314;5538,314;5543,314;5547,306;5552,320;5556,304;5560,318;5565,304;5569,324;5573,310;5578,324;5582,308;5586,322;5591,308;5595,314;5599,328;5604,298;5608,314;5612,312;5617,314;5621,304;5626,320;5630,304;5634,318;5639,304;5643,310;5647,310;5652,310;5656,308;5660,308;5665,308;5669,314;5673,314;5678,314;5682,314;5686,314;5691,306;5695,306;5700,304;5704,304;5708,318;5713,318;5717,310;5721,324;5726,308;5730,322;5734,322;5739,306;5743,312;5747,298;5752,312;5756,298;5760,312;5765,310;5769,316;5774,302;5778,316;5782,302;5787,314;5791,322;5795,306;5800,306;5804,292;5808,304;5813,304;5817,324;5821,310;5826,310;5830,308;5835,322;5839,302;5843,300;5848,300;5852,286;5856,314;5861,312;5865,306;5869,304;5874,304;5878,304;5882,304;5887,302;5891,296;5895,308;5900,308;5904,308;5909,308;5913,314;5917,314;5922,314;5926,298;5930,312;5935,312;5939,304;5943,318;5948,302;5952,316;5956,314;5961,316;5965,306;5969,320;5974,306;5978,320;5983,304;5987,296;5991,310;5996,296;6000,310;6004,296;6009,308;6013,314;6017,314;6022,312;6026,326;6030,312;6035,326;6039,318;6043,302;6048,316;6052,316;6057,316;6061,308;6065,322;6070,306;6074,320;6078,306;6083,320;6087,312;6091,310;6096,296;6100,310;6104,310;6109,310;6113,316;6117,316;6122,316;6126,314;6131,314;6135,320;6139,306;6144,320;6148,304;6152,304;6157,304;6161,324;6165,310;6170,296;6174,308;6178,310;6183,308;6187,300;6191,314;6196,300;6200,300;6205,284;6209,306;6213,292;6218,292;6222,276;6226,248;6231,290;6235,282;6239,282;6244,268;6248,282;6252,268;6257,288;6261,286;6266,286;6270,286;6274,284;6279,284;6283,278;6287,290;6292,290;6296,288;6300,274;6305,268;6309,266;6313,266;6318,280;6322,266;6327,278;6331,272;6335,286;6340,272;6344,270;6348,284;6353,284;6357,290;6361,290;6366,290;6370,288;6374,288;6379,266;6383,266;6387,266;6392,266;6396,266;6401,264;6405,284;6409,298;6414,282;6418,282;6422,282;6427,296;6431,260;6435,274;6440,272;6444,286;6448,286;6453,292;6457,292;6461,290;6466,276;6470,274;6475,246;6479,282;6483,280;6488,280;6492,282;6496,266;6501,280;6505,286;6509,286;6514,286;6518,272;6522,256;6527,278;6531,276;6535,276;6540,276;6544,276;6549,276;6553,282;6557,282;6562,296;6566,280;6570,280;6575,278;6579,272;6583,284;6588,270;6592,270;6596,270;\r\nBuffer sent in 0.973 secondsreturn;buffer;965\r\n'), 11:33:44
bytearray(b'received from UR: measure -> measure (0,1)\r\nSTEPPER: Moving to mstep: 6600 with speed [msteps/sec]: 1000 in StealthChop.\r\n'), 11:33:45
bytearray(b'STEPPER: Moving to mstep: 2400 with speed [msteps/sec]: 4000 in SpreadCycle.\r\n'), 11:33:49
bytearray(b'STEPPER: Moved 4200.00 msteps (ramp: 35%) in 1324.888 ms -> average speed [msteps/sec]: 3170.08\r\nreturn;measure;965\r\n'), 11:33:51
bytearray(b'received from UR: buffer -> buffer (0,1)\r\nSending buffer of size 965data;2400,302;2404,464;2408,146;2413,276;2417,318;2421,324;2426,338;2430,324;2434,338;2439,310;2443,316;2447,330;2452,316;2456,330;2460,330;2465,328;2469,320;2474,334;2478,320;2482,334;2487,318;2491,324;2495,324;2500,324;2504,338;2508,324;2513,324;2517,316;2521,330;2526,316;2530,330;2534,316;2539,328;2543,336;2548,322;2552,334;2556,306;2561,334;2565,326;2569,340;2574,326;2578,340;2582,324;2587,340;2591,332;2595,316;2600,330;2604,302;2608,330;2613,316;2617,336;2622,322;2626,336;2630,322;2635,336;2639,328;2643,314;2648,328;2652,312;2656,326;2661,312;2665,334;2669,318;2674,332;2678,332;2682,332;2687,316;2691,310;2696,322;2700,308;2704,322;2709,322;2713,330;2717,328;2722,342;2726,328;2730,342;2735,328;2739,320;2743,332;2748,304;2752,332;2756,318;2761,332;2765,324;2770,338;2774,324;2778,338;2783,322;2787,316;2791,330;2796,302;2800,330;2804,314;2809,330;2813,322;2817,336;2822,320;2826,336;2830,320;2835,312;2839,326;2844,312;2848,326;2852,312;2857,324;2861,318;2865,346;2870,330;2874,344;2878,330;2883,344;2887,322;2891,306;2896,334;2900,320;2905,332;2909,318;2913,340;2918,326;2922,338;2926,324;2931,338;2935,330;2939,302;2944,328;2948,314;2952,328;2957,314;2961,334;2965,320;2970,334;2974,318;2979,334;2983,324;2987,310;2992,324;2996,308;3000,322;3005,308;3009,342;3013,328;3018,342;3022,326;3026,340;3031,326;3035,318;3039,332;3044,316;3048,330;3053,316;3057,330;3061,322;3066,336;3070,320;3074,334;3079,320;3083,312;3087,326;3092,312;3096,324;3100,310;3105,324;3109,330;3113,330;3118,328;3122,342;3127,328;3131,306;3135,334;3140,318;3144,332;3148,304;3153,332;3157,324;3161,338;3166,322;3170,338;3174,322;3179,336;3183,328;3187,314;3192,326;3196,312;3201,326;3205,318;3209,346;3214,316;3218,344;3222,330;3227,344;3231,320;3235,320;3240,334;3244,306;3248,332;3253,318;3257,338;3261,322;3266,338;3270,322;3275,336;3279,322;3283,314;3288,328;3292,312;3296,326;3301,312;3305,332;3309,318;3314,332;3318,330;3322,330;3327,330;3331,308;3335,334;3340,308;3344,334;3349,306;3353,334;3357,326;3362,340;3366,324;3370,338;3375,324;3379,316;3383,328;3388,314;3392,328;3396,312;3401,326;3405,320;3410,334;3414,318;3418,346;3423,330;3427,310;3431,324;3436,322;3440,322;3444,308;3449,322;3453,326;3457,342;3462,328;3466,342;3470,326;3475,306;3479,334;3484,318;3488,332;3492,306;3497,332;3501,324;3505,338;3510,324;3514,338;3518,324;3523,338;3527,330;3531,314;3536,328;3540,314;3544,328;3549,314;3553,334;3558,318;3562,332;3566,332;3571,332;3575,324;3579,308;3584,336;3588,308;3592,336;3597,306;3601,342;3605,326;3610,340;3614,326;3618,340;3623,324;3627,316;3632,330;3636,314;3640,328;3645,314;3649,336;3653,320;3658,348;3662,318;3666,334;3671,318;3675,324;3679,324;3684,324;3688,324;3693,310;3697,324;3701,330;3706,330;3710,328;3714,342;3719,328;3723,306;3727,334;3732,320;3736,332;3740,304;3745,332;3749,324;3753,340;3758,324;3762,338;3767,324;3771,316;3775,330;3780,316;3784,330;3788,302;3793,330;3797,322;3801,336;3806,320;3810,336;3814,320;3819,334;3823,326;3827,312;3832,324;3836,310;3841,324;3845,322;3849,342;3854,328;3858,342;3862,326;3867,340;3871,332;3875,316;3880,332;3884,316;3888,330;3893,316;3897,336;3901,322;3906,336;3910,322;3915,336;3919,320;3923,312;3928,326;3932,312;3936,326;3941,310;3945,332;3949,318;3954,332;3958,330;3962,330;3967,316;3971,308;3975,336;3980,308;3984,336;3989,306;3993,334;3997,326;4002,340;4006,326;4010,340;4015,326;4019,318;4023,332;4028,316;4032,330;4036,316;4041,330;4045,322;4049,336;4054,322;4058,336;4063,320;4067,312;4071,326;4076,312;4080,324;4084,324;4089,324;4093,316;4097,330;4102,328;4106,328;4110,328;4115,328;4119,334;4124,320;4128,334;4132,304;4137,332;4141,324;4145,338;4150,322;4154,336;4158,322;4163,336;4167,328;4171,312;4176,326;4180,312;4184,326;4189,310;4193,332;4198,316;4202,344;4206,328;4211,344;4215,322;4219,320;4224,334;4228,306;4232,320;4237,320;4241,340;4245,324;4250,340;4254,324;4258,338;4263,324;4267,316;4272,330;4276,316;4280,330;4285,314;4289,336;4293,322;4298,334;4302,320;4306,334;4311,318;4315,312;4319,326;4324,310;4328,324;4332,310;4337,324;4341,330;4346,330;4350,330;4354,330;4359,328;4363,308;4367,334;4372,306;4376,334;4380,318;4385,332;4389,324;4393,338;4398,324;4402,338;4406,322;4411,336;4415,328;4420,314;4424,328;4428,312;4433,326;4437,318;4441,346;4446,318;4450,346;4454,318;4459,346;4463,324;4467,308;4472,322;4476,322;4480,322;4485,306;4489,342;4494,326;4498,340;4502,324;4507,340;4511,332;4515,316;4520,330;4524,316;4528,330;4533,302;4537,336;4541,322;4546,336;4550,320;4555,336;4559,322;4563,314;4568,328;4572,312;4576,326;4581,298;4585,334;4589,318;4594,320;4598,318;4602,332;4607,316;4611,296;4615,308;4620,294;4624,308;4629,294;4633,308;4637,314;4642,314;4646,312;4650,328;4655,312;4659,290;4663,304;4668,304;4672,302;4676,288;4681,302;4685,308;4689,310;4694,308;4698,320;4703,320;4707,298;4711,312;4716,298;4720,312;4724,296;4729,310;4733,316;4737,318;4742,316;4746,330;4750,316;4755,294;4759,322;4764,294;4768,320;4772,292;4777,320;4781,312;4785,326;4790,312;4794,326;4798,312;4803,326;4807,316;4811,302;4816,316;4820,300;4824,314;4829,300;4833,322;4838,306;4842,334;4846,320;4851,334;4855,312;4859,308;4864,310;4868,296;4872,310;4877,310;4881,330;4885,316;4890,330;4894,314;4898,316;4903,314;4907,306;4912,320;4916,304;4920,318;4925,304;4929,324;4933,310;4938,324;4942,310;4946,324;4951,310;4955,300;4959,314;4964,300;4968,312;4972,298;4977,312;4981,304;4986,320;4990,318;4994,318;4999,316;5003,296;5007,308;5012,294;5016,308;5020,294;5025,308;5029,312;5033,328;5038,312;5042,326;5046,312;5051,304;5055,304;5060,290;5064,302;5068,302;5073,302;5077,306;5081,320;5086,320;5090,320;5094,304;5099,318;5103,310;5107,296;5112,308;5116,294;5120,308;5125,314;5129,328;5134,312;5138,326;5142,312;5147,326;5151,318;5155,290;5160,316;5164,302;5168,316;5173,302;5177,324;5181,320;5186,322;5190,320;5195,334;5199,310;5203,296;5208,310;5212,296;5216,308;5221,294;5225,328;5229,314;5234,328;5238,312;5242,326;5247,312;5251,304;5255,316;5260,302;5264,316;5269,300;5273,322;5277,320;5282,320;5286,318;5290,318;5295,316;5299,296;5303,308;5308,308;5312,308;5316,292;5321,320;5325,312;5329,326;5334,310;5338,324;5343,310;5347,300;5351,314;5356,300;5360,314;5364,298;5369,312;5373,318;5377,318;5382,304;5386,330;5390,316;5395,294;5399,308;5404,294;5408,306;5412,292;5417,304;5421,310;5425,324;5430,310;5434,324;5438,308;5443,322;5447,314;5451,300;5456,300;5460,298;5464,312;5469,298;5473,318;5478,304;5482,316;5486,316;5491,316;5495,308;5499,292;5504,306;5508,292;5512,306;5517,304;5521,312;5525,310;5530,324;5534,310;5538,324;5543,308;5547,300;5552,314;5556,300;5560,314;5565,298;5569,320;5573,306;5578,332;5582,318;5586,332;5591,316;5595,294;5599,308;5604,294;5608,322;5612,306;5617,306;5621,312;5626,326;5630,308;5634,326;5639,310;5643,302;5647,302;5652,302;5656,314;5660,300;5665,314;5669,308;5673,320;5678,320;5682,320;5686,318;5691,310;5695,310;5700,296;5704,310;5708,308;5713,308;5717,314;5721,328;5726,314;5730,328;5734,312;5739,326;5743,318;5747,290;5752,316;5756,302;5761,316;5765,308;5769,322;5774,320;5778,320;5782,306;5787,320;5791,310;5795,296;5800,310;5804,294;5808,308;5813,294;5817,328;5821,314;5826,328;5830,312;5835,326;5839,304;5843,300;5848,304;5852,302;5856,302;5861,290;5865,324;5869,308;5874,310;5878,308;5882,322;5887,300;5891,300;5895,314;5900,298;5904,298;5909,298;5913,318;5917,318;5922,318;5926,318;5930,318;5935,316;5939,294;5943,308;5948,294;5952,308;5956,294;5961,308;5965,314;5969,328;5974,314;5978,328;5983,314;5987,292;5991,320;5996,306;6000,320;6004,290;6009,318;6013,312;6017,326;6022,310;6026,324;6030,310;6035,302;6039,316;6044,302;6048,314;6052,300;6057,314;6061,320;6065,320;6070,306;6074,320;6078,318;6083,318;6087,310;6091,308;6096,308;6100,294;6104,308;6109,308;6113,314;6118,314;6122,328;6126,312;6131,326;6135,318;6139,304;6144,318;6148,290;6152,318;6157,302;6161,324;6165,310;6170,322;6174,308;6178,322;6183,308;6187,300;6192,300;6196,284;6200,298;6205,284;6209,290;6213,290;6218,290;6222,288;6226,288;6231,288;6235,280;6239,280;6244,294;6248,280;6252,264;6257,286;6261,286;6266,286;6270,284;6274,270;6279,284;6283,262;6287,276;6292,276;6296,276;6300,262;6305,270;6309,282;6313,296;6318,282;6322,282;6327,282;6331,260;6335,274;6340,260;6344,274;6348,258;6353,272;6357,280;6361,294;6366,280;6370,294;6374,278;6379,270;6383,286;6387,270;6392,284;6396,270;6401,282;6405,290;6409,290;6414,276;6418,276;6422,276;6427,252;6431,282;6435,280;6440,280;6444,280;6448,280;6453,272;6457,286;6461,284;6466,284;6470,270;6475,270;6479,276;6483,276;6488,276;6492,276;6496,274;6501,260;6505,296;6509,280;6514,266;6518,280;6522,266;6527,272;6531,256;6535,270;6540,242;6544,284;6549,270;6553,290;6557,274;6562,246;6566,274;6570,288;6575,286;6579,264;6583,264;6588,250;6592,292;6596,276;\r\nBuffer sent in 0.973 secondsreturn;buffer;965\r\n'), 11:33:53
bytearray(b'received from UR: measure -> measure (0,1)\r\nSTEPPER: Moving to mstep: 6600 with speed [msteps/sec]: 1000 in StealthChop.\r\n'), 11:33:54
bytearray(b'STEPPER: Moving to mstep: 2400 with speed [msteps/sec]: 4000 in SpreadCycle.\r\n'), 11:33:58
bytearray(b'STEPPER: Moved 4200.00 msteps (ramp: 35%) in 1324.888 ms -> average speed [msteps/sec]: 3170.08\r\nreturn;measure;965\r\n'), 11:33:59
bytearray(b'received from UR: buffer -> buffer (0,1)\r\nSending buffer of size 965data;2400,302;2404,456;2408,168;2413,268;2417,310;2421,318;2426,346;2430,316;2434,344;2439,316;2443,322;2447,322;2452,320;2456,320;2460,306;2465,320;2469,326;2474,340;2478,324;2482,338;2487,324;2491,316;2495,330;2500,330;2504,328;2508,314;2513,328;2517,320;2521,334;2526,318;2530,332;2534,318;2539,332;2543,338;2548,322;2552,336;2556,322;2561,322;2565,328;2569,342;2574,314;2578,326;2582,326;2587,328;2591,318;2595,318;2600,332;2604,316;2608,330;2613,314;2617,336;2622,322;2626,336;2630,320;2635,334;2639,326;2643,326;2648,326;2652,326;2656,324;2661,310;2665,344;2669,330;2674,330;2678,330;2682,330;2687,314;2691,336;2696,334;2700,320;2704,320;2709,318;2713,332;2717,324;2722,324;2726,322;2730,336;2735,336;2739,314;2743,326;2748,312;2752,340;2756,324;2761,338;2765,330;2770,330;2774,316;2778,342;2783,328;2787,306;2791,334;2796,320;2800,332;2804,318;2809,330;2813,322;2817,336;2822,320;2826,334;2830,320;2835,334;2839,324;2844,324;2848,322;2852,308;2857,320;2861,326;2865,326;2870,326;2874,338;2878,324;2883,338;2887,314;2891,314;2896,340;2900,326;2905,326;2909,318;2913,330;2918,330;2922,328;2926,328;2931,328;2935,334;2939,318;2944,318;2948,318;2952,332;2957,330;2961,322;2965,322;2970,334;2974,320;2979,334;2983,318;2987,324;2992,324;2996,310;3000,322;3005,308;3009,342;3013,312;3018,326;3022,326;3026,340;3031,324;3035,316;3039,330;3044,330;3048,328;3053,314;3057,326;3061,320;3066,334;3070,318;3074,330;3079,332;3083,310;3087,322;3092,308;3096,336;3100,322;3105,322;3109,326;3113,326;3118,326;3122,326;3127,324;3131,316;3135,330;3140,316;3144,316;3148,314;3153,342;3157,320;3161,334;3166,318;3170,332;3174,318;3179,332;3183,324;3187,322;3192,322;3196,308;3201,322;3205,314;3209,340;3214,326;3218,340;3222,326;3227,340;3231,318;3235,318;3240,330;3244,316;3248,330;3253,328;3257,334;3261,320;3266,334;3270,318;3275,332;3279,324;3283,310;3288,338;3292,324;3296,324;3301,324;3305,330;3309,330;3314,328;3318,328;3322,328;3327,314;3331,320;3335,334;3340,318;3344,332;3349,318;3353,324;3357,322;3362,336;3366,336;3370,336;3375,322;3379,314;3383,340;3388,328;3392,328;3396,312;3401,326;3405,318;3410,332;3414,332;3418,332;3423,330;3427,308;3431,320;3436,308;3440,334;3444,334;3449,334;3453,326;3457,326;3462,324;3466,324;3470,324;3475,336;3479,328;3484,314;3488,314;3492,312;3497,314;3501,334;3505,332;3510,332;3514,332;3518,330;3523,330;3527,336;3531,322;3536,336;3540,322;3544,320;3549,306;3553,342;3558,326;3562,326;3566,326;3571,340;3575,332;3579,332;3584,330;3588,316;3592,330;3597,316;3601,336;3605,322;3610,336;3614,320;3618,336;3623,320;3627,312;3632,326;3636,312;3640,324;3645,324;3649,346;3653,316;3658,330;3662,316;3666,330;3671,328;3675,320;3679,320;3684,320;3688,334;3693,334;3697,334;3701,326;3706,326;3710,324;3714,340;3719,324;3723,318;3727,330;3732,330;3736,330;3740,316;3745,316;3749,322;3753,336;3758,320;3762,334;3766,320;3771,334;3775,326;3780,312;3784,326;3788,310;3793,324;3797,330;3801,344;3806,330;3810,344;3814,330;3819,330;3823,320;3827,322;3832,320;3836,320;3841,320;3845,316;3849,340;3854,312;3858,340;3862,324;3867,324;3871,330;3875,330;3880,328;3884,314;3888,314;3893,314;3897,334;3901,320;3906,334;3910,318;3915,332;3919,318;3923,324;3928,326;3932,324;3936,324;3941,310;3945,330;3949,316;3954,330;3958,316;3962,330;3967,316;3971,322;3975,336;3980,308;3984,320;3989,306;3993,334;3997,326;4002,328;4006,326;4010,340;4015,324;4019,318;4023,332;4028,316;4032,316;4036,316;4041,316;4045,322;4049,336;4054,322;4058,336;4063,320;4067,314;4071,326;4076,326;4080,324;4084,324;4089,324;4093,330;4097,330;4102,328;4106,328;4110,314;4115,326;4119,332;4124,318;4128,330;4132,316;4137,316;4141,322;4145,336;4150,320;4154,322;4158,318;4163,332;4167,324;4171,310;4176,324;4180,310;4184,336;4189,322;4193,328;4198,328;4202,328;4206,326;4211,326;4215,332;4219,318;4224,318;4228,318;4232,318;4237,318;4241,338;4245,322;4250,338;4254,322;4258,336;4263,322;4267,314;4272,314;4276,312;4280,328;4285,326;4289,332;4293,318;4298,330;4302,330;4306,330;4311,330;4315,308;4319,336;4324,322;4328,334;4332,320;4337,334;4341,326;4346,326;4350,326;4354,338;4359,324;4363,316;4367,316;4372,314;4376,342;4380,328;4385,328;4389,318;4393,334;4398,332;4402,332;4406,332;4411,310;4415,336;4420,322;4424,322;4428,322;4433,322;4437,328;4441,328;4446,328;4450,342;4454,314;4459,328;4463,334;4467,320;4472,320;4476,318;4480,318;4485,304;4489,324;4494,324;4498,338;4502,324;4507,324;4511,330;4515,330;4520,330;4524,316;4528,316;4533,314;4537,336;4541,320;4546,322;4550,320;4554,334;4559,320;4563,326;4568,326;4572,312;4576,324;4581,310;4585,316;4589,316;4594,316;4598,316;4602,316;4607,314;4611,306;4615,308;4620,306;4624,306;4629,292;4633,306;4637,312;4642,326;4646,310;4650,310;4655,310;4659,304;4663,302;4668,302;4672,300;4676,286;4681,300;4685,320;4689,320;4694,306;4698,320;4703,306;4707,312;4711,310;4716,310;4720,310;4724,310;4729,310;4733,316;4737,316;4742,314;4746,316;4750,300;4755,314;4759,320;4764,292;4768,306;4772,304;4777,318;4781,312;4785,326;4790,310;4794,324;4798,310;4803,324;4807,316;4811,302;4816,316;4820,314;4824,314;4829,312;4833,320;4838,306;4842,320;4846,320;4851,332;4855,312;4859,298;4864,296;4868,298;4872,324;4877,324;4881,316;4885,316;4890,316;4894,316;4898,316;4903,316;4907,322;4912,322;4916,308;4920,308;4925,308;4929,316;4933,314;4938,314;4942,314;4946,314;4951,314;4955,306;4959,306;4964,292;4968,306;4972,306;4977,306;4981,312;4986,326;4990,312;4994,324;4999,312;5003,304;5007,304;5012,304;5016,304;5020,290;5025,302;5029,310;5033,324;5038,310;5042,324;5046,308;5051,288;5055,300;5060,302;5064,302;5068,300;5073,300;5077,306;5081,308;5086,306;5090,306;5094,306;5099,320;5103,312;5107,298;5112,298;5116,296;5120,310;5125,296;5129,316;5134,316;5138,316;5142,316;5147,328;5151,322;5155,306;5160,320;5164,306;5168,320;5173,292;5177,326;5181,310;5186,324;5190,310;5195,324;5199,302;5203,302;5208,314;5212,314;5216,314;5221,314;5225,322;5229,306;5234,320;5238,306;5242,320;5247,306;5251,312;5255,312;5260,312;5264,312;5269,312;5273,318;5277,316;5282,316;5286,316;5290,316;5295,316;5299,322;5303,308;5308,308;5312,306;5316,306;5321,322;5325,312;5329,312;5334,312;5338,312;5343,312;5347,304;5351,304;5356,304;5360,318;5364,318;5369,318;5373,310;5377,324;5382,310;5386,310;5390,308;5395,324;5399,316;5403,302;5408,316;5412,302;5417,314;5421,308;5425,322;5430,306;5434,320;5438,306;5443,306;5447,312;5451,312;5456,312;5460,312;5464,310;5469,296;5473,318;5477,316;5482,316;5486,302;5491,316;5495,308;5499,308;5504,308;5508,306;5512,306;5517,292;5521,312;5525,298;5530,310;5534,310;5538,310;5543,308;5547,302;5552,314;5556,314;5560,314;5565,300;5569,320;5573,304;5578,318;5582,302;5586,316;5591,302;5595,308;5599,322;5604,306;5608,306;5612,306;5617,320;5621,298;5626,312;5630,310;5634,324;5639,308;5643,302;5647,314;5652,314;5656,314;5660,314;5665,314;5669,306;5673,320;5678,320;5682,318;5686,318;5691,318;5695,310;5700,310;5704,310;5708,296;5713,308;5717,316;5721,316;5726,314;5730,314;5734,314;5739,314;5743,320;5747,304;5752,304;5756,304;5760,318;5765,296;5769,310;5774,308;5778,322;5782,308;5787,322;5791,314;5795,300;5800,302;5804,300;5808,300;5813,286;5817,320;5821,320;5826,320;5830,306;5835,320;5839,298;5843,310;5848,310;5852,310;5856,296;5861,296;5865,316;5869,316;5874,316;5878,314;5882,314;5887,314;5891,306;5895,306;5900,292;5904,320;5909,306;5913,312;5917,312;5922,312;5926,312;5930,326;5935,312;5939,302;5943,304;5948,302;5952,302;5956,288;5961,302;5965,310;5969,324;5974,308;5978,322;5983,308;5987,302;5991,316;5996,314;6000,314;6004,300;6009,314;6013,308;6017,322;6022,320;6026,322;6030,306;6035,320;6039,298;6043,312;6048,312;6052,312;6057,296;6061,318;6065,330;6070,316;6074,316;6078,302;6083,316;6087,308;6091,308;6096,308;6100,306;6104,306;6109,306;6113,312;6117,310;6122,310;6126,310;6131,310;6135,316;6139,302;6144,302;6148,288;6152,314;6157,300;6161,320;6165,306;6170,320;6174,304;6178,318;6183,304;6187,296;6191,308;6196,294;6200,294;6205,294;6209,286;6213,284;6218,286;6222,284;6226,270;6231,270;6235,290;6239,288;6244,290;6248,276;6252,288;6257,266;6261,280;6266,280;6270,278;6274,264;6279,264;6283,272;6287,284;6292,284;6296,268;6300,256;6305,268;6309,288;6313,274;6318,288;6322,286;6326,286;6331,278;6335,292;6340,278;6344,278;6348,276;6353,276;6357,282;6361,282;6366,280;6370,266;6374,280;6379,286;6383,286;6387,286;6392,284;6396,284;6401,284;6405,290;6409,290;6414,276;6418,274;6422,274;6427,288;6431,266;6435,280;6440,264;6444,264;6448,278;6453,284;6457,284;6461,270;6466,240;6470,268;6475,282;6479,288;6483,288;6488,272;6492,272;6496,256;6501,258;6505,292;6509,278;6514,264;6518,276;6522,290;6527,268;6531,268;6535,268;6540,268;6544,266;6549,266;6553,272;6557,258;6562,272;6566,272;6570,272;6575,264;6579,276;6583,292;6588,276;6592,262;6596,262;\r\nBuffer sent in 0.973 secondsreturn;buffer;965\r\n'), 11:34:01
bytearray(b'received from UR: measure -> measure (0,1)\r\nSTEPPER: Moving to mstep: 6600 with speed [msteps/sec]: 1000 in StealthChop.\r\n'), 11:34:02
bytearray(b'STEPPER: Moving to mstep: 2400 with speed [msteps/sec]: 4000 in SpreadCycle.\r\n'), 11:34:07
bytearray(b'STEPPER: Moved 4200.00 msteps (ramp: 35%) in 1324.888 ms -> average speed [msteps/sec]: 3170.08\r\nreturn;measure;965\r\n'), 11:34:08
bytearray(b'received from UR: buffer -> buffer (0,1)\r\nSending buffer of size 965data;2400,302;2404,450;2408,160;2413,274;2417,316;2421,324;2426,338;2430,322;2434,336;2439,322;2443,328;2447,328;2452,314;2456,326;2460,326;2465,326;2469,316;2474,332;2478,318;2482,332;2487,316;2491,324;2495,324;2500,322;2504,322;2508,322;2513,322;2517,328;2521,328;2526,328;2530,328;2534,326;2539,326;2543,332;2548,318;2552,332;2556,318;2561,318;2565,324;2569,338;2574,324;2578,324;2582,322;2587,336;2591,330;2595,328;2600,328;2604,314;2609,328;2613,320;2617,334;2622,318;2626,332;2630,318;2635,332;2639,324;2643,324;2648,324;2652,322;2656,322;2661,322;2665,328;2669,328;2674,328;2678,326;2683,326;2687,326;2691,318;2696,332;2700,332;2704,330;2709,316;2713,336;2717,322;2722,336;2726,322;2730,322;2735,320;2739,312;2743,340;2748,312;2752,326;2757,310;2761,324;2765,316;2770,344;2774,316;2778,328;2783,314;2787,320;2791,334;2796,320;2800,320;2804,306;2809,334;2813,312;2817,340;2822,326;2826,340;2831,324;2835,318;2839,330;2844,316;2848,316;2852,316;2857,314;2861,322;2865,336;2870,334;2874,334;2878,320;2883,334;2887,326;2891,312;2896,340;2900,326;2905,324;2909,318;2913,332;2918,330;2922,330;2926,318;2931,330;2935,322;2939,308;2944,322;2948,308;2952,336;2957,322;2961,328;2965,326;2970,326;2974,324;2979,340;2983,324;2987,316;2992,330;2996,316;3000,330;3005,314;3009,336;3013,322;3018,334;3022,320;3026,332;3031,320;3035,326;3040,326;3044,324;3048,324;3053,324;3057,332;3061,330;3066,330;3070,316;3074,330;3079,328;3083,320;3087,320;3092,320;3096,332;3100,318;3105,332;3109,324;3114,324;3118,322;3122,336;3127,336;3131,314;3135,314;3140,300;3144,326;3148,312;3153,326;3157,332;3161,332;3166,332;3170,332;3174,316;3179,344;3183,336;3188,322;3192,336;3196,322;3201,334;3205,326;3209,340;3214,326;3218,340;3222,324;3227,338;3231,316;3235,316;3240,326;3244,314;3248,314;3253,328;3257,334;3262,334;3266,334;3270,332;3275,332;3279,338;3283,324;3288,324;3292,324;3296,324;3301,322;3305,330;3309,328;3314,328;3318,328;3322,328;3327,328;3331,318;3336,332;3340,318;3344,332;3349,316;3353,338;3357,336;3362,336;3366,322;3370,336;3375,320;3379,328;3383,326;3388,312;3392,326;3396,312;3401,340;3405,318;3410,332;3414,316;3418,330;3423,316;3427,322;3431,322;3436,322;3440,322;3444,320;3449,334;3453,314;3457,328;3462,326;3466,328;3470,326;3475,328;3479,320;3484,320;3488,332;3492,318;3497,332;3501,324;3505,338;3510,322;3514,336;3518,322;3523,336;3527,328;3531,312;3536,326;3540,312;3544,326;3549,312;3553,332;3558,318;3562,332;3566,332;3571,332;3575,324;3579,324;3584,324;3588,322;3592,322;3597,308;3601,342;3605,314;3610,342;3614,314;3619,328;3623,322;3627,320;3632,332;3636,318;3640,320;3645,318;3649,338;3653,324;3658,338;3662,322;3666,336;3671,322;3675,328;3679,328;3684,314;3688,326;3693,312;3697,340;3701,318;3706,332;3710,318;3714,332;3719,332;3723,308;3727,322;3732,308;3736,336;3740,322;3745,336;3749,328;3754,328;3758,328;3762,342;3767,326;3771,318;3775,318;3780,318;3784,332;3788,330;3793,330;3797,322;3801,336;3806,322;3810,334;3814,320;3819,334;3823,326;3828,310;3832,310;3836,308;3841,322;3845,328;3849,342;3854,328;3858,340;3862,326;3867,326;3871,318;3875,318;3880,330;3884,316;3888,330;3893,316;3897,336;3902,322;3906,336;3910,334;3915,334;3919,326;3923,312;3928,324;3932,310;3936,324;3941,324;3945,330;3949,330;3954,330;3958,328;3962,328;3967,326;3971,320;3976,332;3980,318;3984,332;3989,318;3993,332;3997,324;4002,338;4006,322;4010,334;4015,322;4019,314;4023,328;4028,326;4032,326;4036,312;4041,326;4045,318;4050,332;4054,330;4058,344;4063,328;4067,322;4071,322;4076,308;4080,334;4084,334;4089,322;4093,326;4097,326;4102,326;4106,326;4110,324;4115,326;4119,330;4124,316;4128,316;4132,316;4137,330;4141,322;4145,322;4150,320;4154,334;4158,320;4163,336;4167,326;4171,312;4176,326;4180,310;4184,324;4189,324;4193,332;4198,330;4202,344;4206,330;4211,330;4215,336;4219,322;4224,322;4228,322;4232,322;4237,320;4241,328;4245,314;4250,342;4254,312;4258,328;4263,326;4267,306;4272,318;4276,318;4280,332;4285,318;4289,338;4293,322;4298,336;4302,322;4306,336;4311,322;4315,314;4319,328;4324,328;4328,328;4333,314;4337,326;4341,320;4346,334;4350,332;4354,332;4359,318;4363,324;4367,322;4372,308;4376,322;4380,308;4385,336;4389,314;4393,328;4398,326;4402,340;4407,326;4411,318;4415,332;4420,318;4424,318;4428,316;4433,316;4437,322;4441,336;4446,322;4450,336;4454,320;4459,334;4463,328;4467,326;4472,326;4476,326;4481,326;4485,318;4489,330;4494,330;4498,330;4502,328;4507,328;4511,322;4515,322;4520,334;4524,320;4528,320;4533,306;4537,328;4541,326;4546,326;4550,326;4555,326;4559,326;4563,320;4568,332;4572,318;4576,316;4581,302;4585,324;4589,308;4594,322;4598,308;4602,322;4607,308;4611,314;4615,312;4620,312;4624,298;4629,298;4633,320;4637,318;4642,318;4646,304;4650,318;4655,302;4659,310;4663,310;4668,308;4672,308;4676,294;4681,322;4685,300;4689,300;4694,300;4698,312;4703,312;4707,306;4711,304;4716,304;4720,304;4724,302;4729,318;4733,308;4737,310;4742,308;4746,308;4750,308;4755,302;4759,302;4764,300;4768,328;4772,314;4777,314;4781,306;4785,320;4790,306;4794,320;4798,318;4803,334;4807,312;4811,298;4816,310;4820,296;4824,310;4829,310;4833,332;4838,316;4842,316;4846,316;4851,330;4855,308;4859,308;4864,308;4868,320;4872,320;4877,306;4881,312;4885,312;4890,312;4894,310;4899,324;4903,302;4907,302;4912,300;4916,300;4920,314;4925,314;4929,320;4933,320;4938,320;4942,306;4946,318;4951,304;4955,310;4959,310;4964,308;4968,308;4973,294;4977,316;4981,300;4986,314;4990,314;4994,328;4999,312;5003,306;5007,318;5012,304;5016,318;5020,304;5025,304;5029,310;5033,324;5038,308;5042,308;5047,308;5051,314;5055,314;5060,300;5064,298;5068,298;5073,298;5077,318;5081,318;5086,304;5090,318;5094,304;5099,304;5103,310;5107,308;5112,308;5116,294;5121,322;5125,300;5129,314;5134,314;5138,314;5142,312;5147,314;5151,318;5155,304;5160,318;5164,304;5168,318;5173,304;5177,324;5181,310;5186,324;5190,322;5195,322;5199,314;5203,312;5208,312;5212,312;5216,312;5221,312;5225,332;5229,304;5234,330;5238,302;5242,316;5247,314;5251,308;5255,308;5260,306;5264,306;5269,304;5273,326;5277,310;5282,310;5286,310;5290,324;5295,308;5299,314;5303,314;5308,314;5312,314;5316,312;5321,312;5325,306;5330,318;5334,304;5338,318;5343,318;5347,310;5351,308;5356,294;5360,294;5364,294;5369,322;5373,300;5377,314;5382,300;5386,312;5390,312;5395,304;5399,304;5404,304;5408,302;5412,302;5417,302;5421,308;5425,322;5430,320;5434,320;5438,306;5443,320;5447,298;5451,312;5456,310;5460,310;5464,308;5469,302;5473,316;5478,302;5482,300;5486,300;5491,314;5495,304;5499,292;5504,304;5508,304;5512,304;5517,304;5521,310;5525,310;5530,310;5534,308;5539,308;5543,314;5547,314;5552,314;5556,300;5560,312;5565,298;5569,318;5573,304;5578,318;5582,302;5586,318;5591,316;5595,308;5599,308;5604,308;5608,322;5613,306;5617,320;5621,314;5626,314;5630,312;5634,326;5639,312;5643,304;5647,304;5652,304;5656,304;5660,304;5665,316;5669,310;5673,310;5678,308;5682,322;5687,308;5691,314;5695,314;5700,300;5704,314;5708,312;5713,312;5717,306;5721,320;5726,318;5730,318;5734,316;5739,316;5743,308;5747,308;5752,306;5756,294;5761,320;5765,298;5769,310;5774,310;5778,324;5782,310;5787,310;5791,302;5795,302;5800,314;5804,314;5808,314;5813,300;5817,320;5821,306;5826,320;5830,320;5835,320;5839,312;5843,312;5848,298;5852,296;5856,296;5861,310;5865,316;5869,302;5874,302;5878,300;5882,314;5887,314;5891,304;5895,304;5900,304;5904,304;5909,304;5913,308;5917,308;5922,322;5926,308;5930,322;5935,320;5939,298;5943,312;5948,298;5952,310;5956,296;5961,308;5965,316;5970,328;5974,314;5978,314;5983,312;5987,290;5991,304;5996,304;6000,316;6004,302;6009,302;6013,308;6017,322;6022,306;6026,320;6030,318;6035,310;6039,310;6044,310;6048,308;6052,308;6057,308;6061,314;6065,314;6070,312;6074,312;6078,312;6083,312;6087,304;6091,304;6096,314;6100,316;6104,316;6109,308;6113,322;6118,308;6122,306;6126,306;6131,320;6135,326;6139,312;6144,312;6148,312;6152,312;6157,312;6161,318;6165,304;6170,318;6174,302;6178,316;6183,308;6187,308;6192,308;6196,294;6200,294;6205,292;6209,300;6213,300;6218,298;6222,284;6226,284;6231,262;6235,262;6239,276;6244,276;6248,276;6252,262;6257,284;6261,282;6266,282;6270,282;6274,238;6279,282;6283,272;6287,274;6292,272;6296,272;6300,272;6305,258;6309,292;6313,292;6318,292;6322,278;6327,276;6331,256;6335,270;6340,270;6344,268;6348,268;6353,282;6357,274;6361,288;6366,288;6370,274;6374,286;6379,266;6383,278;6387,278;6392,278;6396,278;6401,264;6405,284;6409,270;6414,268;6418,284;6422,282;6427,296;6431,260;6435,260;6440,274;6444,274;6448,272;6453,278;6457,264;6461,278;6466,292;6470,292;6475,292;6479,270;6483,256;6488,282;6492,284;6496,282;6501,282;6505,246;6509,288;6514,288;6518,288;6522,288;6527,266;6531,252;6536,280;6540,280;6544,280;6549,280;6553,272;6557,272;6562,286;6566,286;6570,298;6575,276;6579,276;6583,276;6588,276;6592,276;6596,276;\r\nBuffer sent in 0.973 secondsreturn;buffer;965\r\n'), 11:34:10
bytearray(b'received from UR: measure -> measure (0,1)\r\nSTEPPER: Moving to mstep: 6600 with speed [msteps/sec]: 1000 in StealthChop.\r\n'), 11:34:11
bytearray(b'STEPPER: Moving to mstep: 2400 with speed [msteps/sec]: 4000 in SpreadCycle.\r\n'), 11:34:15
bytearray(b'STEPPER: Moved 4200.00 msteps (ramp: 35%) in 1324.892 ms -> average speed [msteps/sec]: 3170.07\r\nreturn;measure;965\r\n'), 11:34:16
bytearray(b'received from UR: buffer -> buffer (0,1)\r\nSending buffer of size 965data;2400,294;2404,438;2408,194;2413,294;2417,308;2421,328;2426,328;2430,328;2434,342;2439,314;2443,320;2447,320;2452,320;2456,320;2460,320;2465,320;2469,326;2474,326;2478,326;2482,340;2487,326;2491,318;2495,318;2500,318;2504,332;2508,332;2513,332;2517,324;2521,324;2526,326;2530,338;2534,324;2539,316;2543,330;2548,328;2552,330;2556,314;2561,328;2565,320;2569,336;2574,320;2578,334;2582,320;2587,334;2591,326;2595,312;2600,314;2604,298;2608,326;2613,326;2617,334;2622,332;2626,334;2630,332;2635,332;2639,338;2643,324;2648,324;2652,322;2656,324;2661,324;2665,328;2669,328;2674,328;2678,328;2682,328;2687,328;2691,320;2696,332;2700,318;2704,318;2709,318;2713,340;2717,324;2722,324;2726,324;2730,324;2735,322;2739,316;2743,330;2748,316;2752,330;2756,316;2761,328;2765,322;2770,336;2774,320;2778,334;2783,320;2787,312;2791,326;2796,324;2800,326;2804,312;2809,324;2813,330;2817,344;2822,316;2826,344;2831,316;2835,330;2839,320;2844,306;2848,320;2852,320;2857,320;2861,326;2865,340;2870,326;2874,340;2878,324;2883,338;2887,332;2891,318;2896,330;2900,330;2905,330;2909,320;2913,336;2918,336;2922,336;2926,334;2931,336;2935,342;2939,328;2944,328;2948,314;2952,328;2957,328;2961,336;2965,322;2970,336;2974,320;2979,336;2983,328;2987,314;2992,328;2996,326;3000,326;3005,312;3009,334;3013,318;3018,332;3022,318;3026,332;3031,316;3035,324;3040,322;3044,322;3048,322;3053,322;3057,328;3061,328;3066,328;3070,328;3074,328;3079,314;3083,334;3087,332;3092,318;3096,332;3100,318;3105,332;3109,324;3114,338;3118,322;3122,336;3127,322;3131,314;3135,328;3140,312;3144,340;3148,326;3153,326;3157,318;3161,334;3166,318;3170,332;3174,332;3179,334;3183,324;3188,310;3192,324;3196,310;3201,324;3205,330;3209,344;3214,330;3218,344;3222,328;3227,344;3231,320;3235,322;3240,320;3244,320;3248,320;3253,318;3257,340;3262,326;3266,326;3270,324;3275,326;3279,332;3283,316;3288,330;3292,330;3296,332;3301,316;3305,336;3309,322;3314,336;3318,322;3322,336;3327,320;3331,314;3336,326;3340,312;3344,326;3349,326;3353,332;3357,332;3362,332;3366,332;3370,332;3375,318;3379,324;3383,324;3388,310;3392,322;3396,322;3401,336;3405,328;3410,328;3414,326;3418,342;3423,326;3427,332;3431,332;3436,318;3440,332;3444,318;3449,318;3453,322;3457,336;3462,322;3466,334;3470,320;3475,314;3479,326;3484,326;3488,326;3492,312;3497,324;3501,318;3505,332;3510,330;3514,330;3518,330;3523,330;3527,336;3531,320;3536,334;3540,320;3545,334;3549,320;3553,340;3558,324;3562,338;3566,324;3571,338;3575,330;3579,314;3584,328;3588,328;3592,328;3597,312;3601,332;3605,318;3610,332;3614,330;3619,344;3623,322;3627,308;3632,322;3636,306;3640,320;3645,320;3649,340;3653,326;3658,340;3662,324;3666,338;3671,324;3675,318;3679,328;3684,330;3688,330;3693,314;3697,314;3701,322;3706,336;3710,320;3714,334;3719,318;3723,310;3727,324;3732,324;3736,336;3740,322;3745,322;3749,328;3754,328;3758,326;3762,340;3767,326;3771,318;3775,332;3780,318;3784,330;3788,316;3793,330;3797,322;3801,336;3806,322;3810,336;3814,320;3819,334;3823,326;3828,326;3832,324;3836,310;3841,310;3845,316;3849,330;3854,330;3858,342;3862,328;3867,328;3871,334;3875,320;3880,332;3884,318;3888,330;3893,332;3897,338;3902,324;3906,338;3910,322;3915,336;3919,328;3923,312;3928,328;3932,328;3936,326;3941,312;3945,332;3949,318;3954,332;3958,318;3962,330;3967,316;3971,322;3976,334;3980,320;3984,334;3989,320;3993,328;3997,326;4002,326;4006,324;4010,340;4015,324;4019,316;4023,330;4028,330;4032,330;4036,314;4041,328;4045,320;4050,334;4054,334;4058,336;4063,320;4067,326;4071,324;4076,324;4080,324;4084,310;4089,310;4093,316;4097,330;4102,316;4106,328;4110,328;4115,328;4119,320;4124,318;4128,318;4132,318;4137,332;4141,324;4145,324;4150,322;4154,336;4158,336;4163,336;4167,314;4171,312;4176,340;4180,326;4185,326;4189,318;4193,332;4198,330;4202,332;4206,330;4211,330;4215,336;4219,322;4224,322;4228,322;4232,322;4237,304;4241,328;4245,328;4250,342;4254,326;4259,340;4263,318;4267,318;4272,332;4276,332;4280,332;4285,318;4289,324;4293,324;4298,336;4302,322;4306,336;4311,322;4315,328;4319,328;4324,314;4328,326;4333,310;4337,324;4341,330;4346,330;4350,330;4354,330;4359,328;4363,306;4367,334;4372,320;4376,334;4380,318;4385,334;4389,324;4393,338;4398,324;4402,338;4407,324;4411,316;4415,314;4420,314;4424,330;4428,328;4433,328;4437,320;4441,334;4446,320;4450,332;4454,320;4459,334;4463,326;4467,324;4472,324;4476,324;4481,324;4485,316;4489,330;4494,328;4498,328;4502,328;4507,328;4511,334;4515,320;4520,332;4524,304;4528,318;4533,318;4537,338;4541,324;4546,338;4550,322;4555,336;4559,328;4563,328;4568,328;4572,312;4576,326;4581,312;4585,316;4589,316;4594,316;4598,316;4602,316;4607,314;4611,294;4616,306;4620,306;4624,306;4629,306;4633,312;4637,312;4642,312;4646,310;4650,310;4655,310;4659,302;4663,300;4668,300;4672,314;4676,314;4681,306;4685,304;4690,304;4694,304;4698,318;4703,302;4707,308;4711,308;4716,308;4720,308;4724,308;4729,308;4733,314;4737,314;4742,312;4746,314;4750,312;4755,304;4759,320;4764,304;4768,304;4772,304;4777,332;4781,310;4785,324;4790,308;4794,322;4798,308;4803,322;4807,314;4811,314;4816,312;4820,312;4825,312;4829,306;4833,318;4838,302;4842,318;4846,316;4851,330;4855,308;4859,308;4864,306;4868,306;4872,304;4877,318;4881,326;4885,310;4890,324;4894,310;4899,322;4903,314;4907,300;4912,300;4916,298;4920,326;4925,312;4929,316;4933,316;4938,316;4942,316;4946,316;4951,314;4955,292;4959,306;4964,306;4968,306;4973,304;4977,310;4981,308;4986,322;4990,308;4994,322;4999,320;5003,298;5007,312;5012,298;5016,312;5020,312;5025,310;5029,302;5033,316;5038,302;5042,316;5047,314;5051,306;5055,292;5060,292;5064,320;5068,306;5073,304;5077,310;5081,310;5086,310;5090,310;5094,294;5099,308;5103,314;5107,298;5112,298;5116,312;5121,312;5125,304;5129,318;5134,304;5138,316;5142,316;5147,316;5151,322;5155,308;5160,320;5164,308;5168,320;5173,306;5177,326;5181,312;5186,326;5190,310;5195,324;5199,318;5203,316;5208,314;5212,300;5216,314;5221,312;5225,320;5229,304;5234,320;5238,304;5242,318;5247,316;5251,310;5256,308;5260,308;5264,308;5269,292;5273,328;5277,314;5282,326;5286,310;5290,310;5295,310;5299,316;5303,316;5308,314;5312,314;5316,300;5321,328;5325,306;5330,318;5334,306;5338,318;5343,318;5347,310;5351,310;5356,308;5360,308;5364,306;5369,306;5373,312;5377,314;5382,310;5386,326;5390,312;5395,302;5399,302;5404,302;5408,316;5412,316;5417,314;5421,308;5425,322;5430,306;5434,320;5438,320;5443,320;5447,312;5451,310;5456,310;5460,296;5465,296;5469,316;5473,316;5478,302;5482,302;5486,300;5491,314;5495,292;5499,292;5504,304;5508,304;5512,304;5517,304;5521,310;5525,310;5530,310;5534,308;5539,308;5543,316;5547,314;5552,314;5556,300;5560,314;5565,298;5569,320;5573,304;5578,318;5582,304;5586,318;5591,318;5595,310;5599,310;5604,308;5608,308;5613,294;5617,308;5621,314;5626,328;5630,314;5634,328;5639,314;5643,306;5647,306;5652,304;5656,318;5660,318;5665,318;5669,310;5673,324;5678,310;5682,310;5687,308;5691,316;5695,314;5700,314;5704,314;5708,300;5713,314;5717,306;5721,318;5726,304;5730,318;5734,318;5739,318;5743,310;5747,310;5752,310;5756,294;5761,308;5765,314;5769,314;5774,314;5778,328;5782,312;5787,326;5791,318;5795,318;5800,316;5804,302;5808,316;5813,314;5817,308;5822,306;5826,318;5830,304;5835,318;5839,308;5843,308;5848,308;5852,306;5856,306;5861,290;5865,312;5869,310;5874,310;5878,308;5882,310;5887,308;5891,314;5896,314;5900,300;5904,312;5909,312;5913,304;5917,304;5922,316;5926,316;5930,316;5935,314;5939,292;5943,306;5948,306;5952,318;5956,304;5961,304;5965,310;5970,324;5974,310;5978,324;5983,308;5987,300;5991,314;5996,300;6000,328;6004,312;6009,312;6013,304;6017,318;6022,304;6026,318;6031,304;6035,310;6039,308;6044,308;6048,306;6052,306;6057,308;6061,314;6065,314;6070,312;6074,326;6078,310;6083,312;6087,316;6091,316;6096,316;6100,316;6105,314;6109,306;6113,320;6118,306;6122,320;6126,306;6131,320;6135,312;6139,310;6144,310;6148,296;6152,324;6157,308;6161,316;6165,300;6170,314;6174,314;6179,312;6183,304;6187,304;6192,304;6196,290;6200,288;6205,288;6209,294;6213,294;6218,294;6222,278;6226,264;6231,272;6235,270;6239,270;6244,282;6248,268;6253,268;6257,288;6261,288;6266,288;6270,274;6274,272;6279,264;6283,264;6287,278;6292,278;6296,276;6300,276;6305,268;6309,282;6314,282;6318,282;6322,296;6327,280;6331,272;6335,272;6340,272;6344,286;6348,270;6353,272;6357,290;6361,276;6366,276;6370,290;6374,276;6379,282;6383,266;6388,268;6392,280;6396,280;6401,266;6405,286;6409,286;6414,286;6418,286;6422,270;6427,242;6431,290;6435,290;6440,276;6444,290;6448,274;6453,268;6457,294;6462,280;6466,238;6470,280;6475,294;6479,272;6483,272;6488,270;6492,270;6496,270;6501,270;6505,290;6509,290;6514,276;6518,288;6522,288;6527,280;6531,280;6536,294;6540,280;6544,292;6549,278;6553,284;6557,270;6562,240;6566,270;6570,296;6575,268;6579,288;6583,274;6588,274;6592,272;6596,272;\r\nBuffer sent in 0.973 secondsreturn;buffer;965\r\n'), 11:34:18
bytearray(b'received from UR: measure -> measure (0,1)\r\nSTEPPER: Moving to mstep: 6600 with speed [msteps/sec]: 1000 in StealthChop.\r\n'), 11:34:19
bytearray(b'STEPPER: Moving to mstep: 2400 with speed [msteps/sec]: 4000 in SpreadCycle.\r\n'), 11:34:24
bytearray(b'STEPPER: Moved 4200.00 msteps (ramp: 35%) in 1324.880 ms -> average speed [msteps/sec]: 3170.10\r\nreturn;measure;965\r\n'), 11:34:25
bytearray(b'received from UR: buffer -> buffer (0,1)\r\nSending buffer of size 965data;2400,294;2404,444;2408,198;2413,284;2417,312;2421,320;2426,334;2430,320;2434,334;2439,320;2443,312;2447,326;2452,326;2456,326;2460,326;2465,326;2469,332;2474,332;2478,318;2482,332;2487,318;2491,326;2495,324;2500,324;2504,324;2508,324;2513,324;2517,318;2521,332;2526,332;2530,332;2534,328;2539,310;2543,338;2548,324;2552,324;2556,322;2561,324;2565,330;2569,330;2574,330;2578,330;2582,316;2587,344;2591,336;2595,322;2600,336;2604,322;2609,336;2613,322;2617,342;2622,328;2626,342;2630,328;2635,328;2639,320;2643,320;2648,332;2652,334;2656,332;2661,318;2665,326;2669,324;2674,326;2678,324;2683,324;2687,324;2691,316;2696,316;2700,316;2704,316;2709,330;2713,336;2717,322;2722,336;2726,320;2730,334;2735,334;2739,312;2743,328;2748,310;2752,326;2757,314;2761,328;2765,334;2770,334;2774,320;2778,334;2783,318;2787,312;2791,324;2796,312;2800,324;2804,310;2809,324;2813,316;2817,346;2822,316;2826,330;2831,316;2835,332;2839,324;2844,324;2848,324;2852,324;2857,322;2861,316;2865,330;2870,328;2874,328;2878,328;2883,330;2887,336;2891,336;2896,336;2900,320;2905,322;2909,322;2913,328;2918,328;2922,328;2926,328;2931,342;2935,334;2939,320;2944,334;2948,320;2952,334;2957,318;2961,326;2965,326;2970,340;2974,326;2979,340;2983,324;2987,332;2992,330;2996,318;3000,332;3005,318;3009,338;3013,324;3018,338;3022,324;3026,338;3031,324;3035,316;3039,330;3044,316;3048,330;3053,330;3057,324;3061,322;3066,336;3070,324;3074,336;3079,322;3083,314;3087,330;3092,330;3096,328;3100,314;3105,314;3109,322;3113,336;3118,322;3122,334;3127,320;3131,314;3135,340;3140,326;3144,328;3148,312;3153,328;3157,334;3161,334;3166,332;3170,332;3174,318;3179,332;3183,326;3188,312;3192,324;3196,310;3201,324;3205,316;3209,344;3214,316;3218,330;3222,316;3227,330;3231,322;3235,322;3240,322;3244,322;3248,322;3253,322;3257,330;3262,330;3266,330;3270,316;3275,330;3279,322;3283,322;3288,322;3292,322;3296,334;3301,336;3305,328;3309,328;3314,328;3318,328;3322,328;3327,328;3331,322;3336,336;3340,320;3344,320;3349,306;3353,328;3357,326;3362,326;3366,326;3370,328;3375,326;3379,318;3383,332;3388,318;3392,332;3396,318;3401,332;3405,324;3410,338;3414,324;3418,338;3423,324;3427,330;3431,330;3436,316;3440,330;3444,330;3449,330;3453,322;3457,336;3462,322;3466,336;3470,322;3475,334;3479,328;3484,314;3488,326;3492,326;3497,326;3501,318;3505,332;3510,332;3514,332;3518,316;3523,330;3527,324;3531,308;3536,322;3540,308;3544,322;3549,322;3553,328;3558,328;3562,328;3566,328;3571,328;3575,334;3579,320;3584,334;3588,320;3592,334;3597,306;3601,340;3605,326;3610,340;3614,326;3618,340;3623,324;3627,318;3632,332;3636,332;3640,330;3645,316;3649,338;3653,322;3658,338;3662,322;3666,336;3671,322;3675,330;3679,330;3684,316;3688,314;3693,314;3697,328;3701,320;3706,334;3710,320;3714,334;3719,318;3723,326;3727,326;3732,312;3736,326;3740,312;3745,340;3749,318;3753,332;3758,318;3762,332;3767,318;3771,324;3775,326;3780,310;3784,324;3788,324;3793,324;3797,330;3801,332;3806,316;3810,344;3814,316;3819,330;3823,322;3827,322;3832,322;3836,322;3841,322;3845,328;3849,328;3854,316;3858,328;3862,314;3867,330;3871,334;3875,320;3880,320;3884,320;3888,334;3893,334;3897,328;3901,328;3906,328;3910,314;3915,328;3919,328;3923,320;3928,334;3932,320;3936,334;3941,320;3945,328;3949,328;3954,328;3958,326;3962,328;3967,326;3971,320;3975,334;3980,320;3984,320;3989,318;3993,334;3997,312;4002,340;4006,324;4010,340;4015,326;4019,318;4023,332;4028,318;4032,318;4036,318;4041,318;4045,324;4049,338;4054,324;4058,338;4063,322;4067,316;4071,316;4076,314;4080,314;4084,328;4089,328;4093,322;4097,336;4102,320;4106,336;4110,322;4115,334;4119,328;4124,312;4128,328;4132,314;4137,328;4141,320;4145,334;4150,320;4154,334;4158,320;4163,334;4167,328;4171,312;4176,326;4180,326;4184,326;4189,312;4193,334;4198,320;4202,334;4206,318;4211,334;4215,326;4219,326;4224,326;4228,312;4232,326;4237,326;4241,332;4245,320;4250,334;4254,320;4258,334;4263,320;4267,326;4272,326;4276,314;4280,326;4285,326;4289,334;4293,320;4298,334;4302,320;4306,334;4311,320;4315,326;4319,326;4324,312;4328,326;4332,312;4337,340;4341,320;4346,334;4350,320;4354,334;4359,320;4363,326;4367,326;4372,312;4376,326;4380,326;4385,326;4389,318;4393,334;4398,318;4402,332;4407,332;4411,312;4415,324;4420,310;4424,310;4428,310;4433,324;4437,332;4441,346;4446,316;4450,332;4454,316;4459,332;4463,324;4467,324;4472,324;4476,324;4481,324;4485,316;4489,330;4494,330;4498,330;4502,330;4507,330;4511,336;4515,324;4520,324;4524,322;4528,322;4533,322;4537,330;4541,328;4546,330;4550,316;4555,330;4559,316;4563,322;4568,320;4572,308;4576,336;4581,322;4585,314;4589,314;4594,328;4598,314;4602,328;4607,300;4611,306;4615,306;4620,306;4624,322;4629,322;4633,314;4637,300;4642,314;4646,314;4650,314;4655,300;4659,294;4663,306;4668,308;4672,308;4676,308;4681,306;4685,300;4689,314;4694,314;4698,314;4703,300;4707,308;4711,308;4716,308;4720,308;4724,308;4729,308;4733,314;4737,316;4742,302;4746,314;4750,314;4755,316;4759,322;4763,308;4768,322;4772,308;4777,308;4781,314;4785,328;4790,314;4794,328;4798,314;4803,316;4807,322;4811,308;4816,322;4820,308;4824,306;4829,294;4833,328;4838,314;4842,328;4846,314;4851,314;4855,306;4859,294;4864,306;4868,308;4872,308;4877,306;4881,328;4885,312;4890,326;4894,312;4898,312;4903,306;4907,304;4912,318;4916,318;4920,318;4925,304;4929,326;4933,312;4938,310;4942,310;4946,310;4951,310;4955,302;4959,302;4964,302;4968,316;4972,316;4977,308;4981,308;4986,322;4990,308;4994,322;4999,306;5003,300;5007,314;5012,300;5016,302;5020,302;5025,314;5029,308;5033,308;5038,306;5042,320;5047,306;5051,314;5055,312;5060,300;5064,298;5068,286;5073,298;5077,320;5081,306;5086,306;5090,320;5094,306;5099,320;5103,312;5107,298;5112,298;5116,286;5121,300;5125,300;5129,320;5134,306;5138,320;5142,306;5147,320;5151,328;5155,314;5160,314;5164,314;5168,312;5173,300;5177,320;5181,306;5186,320;5190,306;5195,320;5199,306;5203,312;5208,312;5212,300;5216,328;5221,314;5225,320;5229,306;5234,320;5238,306;5242,320;5247,306;5251,298;5255,298;5260,312;5264,312;5269,312;5273,320;5277,306;5282,320;5286,320;5290,320;5295,306;5299,312;5303,312;5308,312;5312,312;5316,312;5321,312;5325,306;5329,318;5334,304;5338,318;5343,304;5347,298;5351,326;5356,312;5360,312;5364,312;5369,312;5373,304;5377,318;5382,304;5386,318;5390,304;5395,296;5399,324;5404,310;5408,310;5412,310;5417,308;5421,302;5425,316;5430,302;5434,316;5438,302;5443,316;5447,308;5451,308;5456,308;5460,308;5464,292;5469,312;5473,312;5478,298;5482,298;5486,312;5491,312;5495,304;5499,304;5504,304;5508,304;5512,304;5517,304;5521,312;5525,310;5530,326;5534,310;5539,324;5543,318;5547,304;5552,318;5556,290;5560,304;5565,304;5569,326;5573,310;5578,326;5582,310;5586,324;5591,310;5595,304;5599,316;5604,304;5608,304;5613,302;5617,302;5621,310;5626,324;5630,310;5634,324;5639,310;5643,302;5647,316;5652,316;5656,314;5660,316;5665,314;5669,308;5673,322;5678,306;5682,322;5687,306;5691,314;5695,314;5700,312;5704,298;5708,298;5713,326;5717,304;5721,320;5726,306;5730,318;5734,318;5739,318;5743,310;5747,310;5752,310;5756,310;5761,310;5765,316;5769,330;5774,316;5778,316;5782,314;5787,330;5791,306;5795,306;5800,320;5804,292;5808,306;5813,306;5817,326;5821,312;5826,312;5830,312;5835,312;5839,304;5843,304;5848,304;5852,304;5856,302;5861,302;5865,310;5869,308;5874,310;5878,308;5882,322;5887,300;5891,300;5896,300;5900,300;5904,300;5909,300;5913,308;5917,306;5922,306;5926,306;5930,320;5935,306;5939,312;5943,310;5948,296;5952,310;5956,296;5961,310;5965,316;5970,318;5974,302;5978,316;5983,302;5987,308;5991,308;5996,308;6000,308;6004,294;6009,322;6013,300;6017,314;6022,314;6026,328;6031,314;6035,306;6039,306;6044,306;6048,320;6052,320;6057,306;6061,312;6065,312;6070,312;6074,326;6078,312;6083,312;6087,304;6091,304;6096,316;6100,318;6105,304;6109,310;6113,322;6118,310;6122,324;6126,310;6131,322;6135,302;6139,302;6144,316;6148,302;6152,302;6157,300;6161,322;6165,308;6170,320;6174,308;6179,308;6183,314;6187,300;6192,302;6196,300;6200,288;6205,272;6209,308;6213,294;6218,280;6222,280;6226,294;6231,272;6235,286;6239,272;6244,258;6248,286;6253,286;6257,280;6261,280;6266,238;6270,280;6274,280;6279,280;6283,272;6287,274;6292,286;6296,286;6300,286;6305,280;6309,280;6313,252;6318,280;6322,294;6327,280;6331,286;6335,286;6340,286;6344,288;6348,286;6353,286;6357,280;6361,252;6366,280;6370,294;6374,280;6379,286;6383,284;6387,272;6392,286;6396,286;6401,272;6405,278;6409,294;6414,278;6418,292;6422,278;6427,250;6431,284;6435,284;6440,284;6444,286;6448,270;6453,278;6457,292;6461,278;6466,278;6470,276;6475,248;6479,284;6483,282;6488,284;6492,284;6496,284;6501,284;6505,290;6509,290;6514,290;6518,290;6522,276;6527,284;6531,270;6536,282;6540,284;6544,284;6549,268;6553,290;6557,290;6562,290;6566,276;6570,276;6575,282;6579,282;6583,282;6588,282;6592,282;6596,282;\r\nBuffer sent in 0.973 secondsreturn;buffer;965\r\n'), 11:34:27
bytearray(b'received from UR: home -> home (0,1)\r\nSTEPPER: Moving to mstep: 0 with speed [msteps/sec]: 4000 in SpreadCycle.\r\n'), 11:34:28
bytearray(b'STEPPER: Moved 2400.00 msteps (ramp: 35%) in 813.424 ms -> average speed [msteps/sec]: 2950.49\r\nreturn;home;1\r\n'), 11:34:29
