bytearray(b'STEPPER: Moving to mstep: 2400 with speed [msteps/sec]: 4000 in SpreadCycle.\r\n'), 11:30:58
bytearray(b'STEPPER: Moved 2400.00 msteps (ramp: 35%) in 812.828 ms -> average speed [msteps/sec]: 2952.65\r\n'), 11:30:59
bytearray(b'received from UR: status -> status (0,1)\r\n*** STATUS ***\r\nid        :         3 -\r\nstep      :      2400 steps\r\nspeed     :      1500 msteps/s\r\nmspeed    :      1000 msteps/s\r\nsg-thrs   :        80 -\r\ndefault   :     12000 \xc2\xb5m\r\ndispense  :     30350 \xc2\xb5m\r\nblowout   :     33000 \xc2\xb5m\r\nd-offset  :        20 \xc2\xb5m\r\nur0       :         0 -\r\nur1       :         1 -\r\nhomed     :         1 -\r\nreturn;status;2400\r\n'), 11:31:01
bytearray(b'received from UR: measure -> measure (0,1)\r\nSTEPPER: Moving to mstep: 6600 with speed [msteps/sec]: 1000 in StealthChop.\r\n'), 11:31:02
bytearray(b'STEPPER: Moving to mstep: 2400 with speed [msteps/sec]: 4000 in SpreadCycle.\r\n'), 11:31:06
bytearray(b'STEPPER: Moved 4200.00 msteps (ramp: 35%) in 1324.880 ms -> average speed [msteps/sec]: 3170.10\r\nreturn;measure;965\r\n'), 11:31:07
bytearray(b'received from UR: buffer -> buffer (0,1)\r\nSending buffer of size 965data;2400,126;2404,460;2408,200;2413,286;2417,312;2421,318;2426,334;2430,318;2434,332;2439,316;2443,322;2447,322;2452,322;2456,320;2460,306;2465,320;2469,326;2474,326;2478,312;2482,338;2487,324;2491,330;2495,330;2500,330;2504,328;2508,314;2513,328;2517,334;2521,334;2526,318;2530,332;2534,318;2539,310;2543,336;2548,322;2552,336;2556,320;2561,322;2565,314;2569,326;2574,326;2578,340;2582,324;2587,326;2591,330;2595,330;2600,330;2604,316;2608,328;2613,314;2617,334;2622,320;2626,332;2630,318;2635,332;2639,324;2643,324;2648,338;2652,322;2656,322;2661,308;2665,330;2669,326;2674,328;2678,312;2682,326;2687,310;2691,332;2696,330;2700,316;2704,330;2709,314;2713,334;2717,334;2722,334;2726,320;2730,332;2735,332;2739,310;2743,324;2748,324;2752,338;2756,322;2761,322;2765,328;2770,328;2774,326;2778,340;2783,326;2787,318;2791,332;2796,316;2800,330;2804,316;2809,330;2813,322;2817,336;2822,320;2826,334;2830,318;2835,332;2839,324;2844,324;2848,338;2852,324;2857,322;2861,314;2865,328;2870,326;2874,340;2878,326;2883,340;2887,316;2891,316;2896,316;2900,314;2904,328;2909,314;2913,334;2918,334;2922,334;2926,318;2931,332;2935,336;2939,322;2944,322;2948,306;2952,320;2957,306;2961,340;2965,324;2970,338;2974,322;2979,336;2983,320;2987,326;2992,328;2996,312;3000,324;3005,310;3009,330;3013,316;3018,344;3022,330;3026,330;3031,314;3035,320;3039,320;3044,332;3048,332;3053,318;3057,318;3061,322;3066,336;3070,322;3074,334;3079,320;3083,312;3087,326;3092,324;3096,324;3100,324;3105,322;3109,314;3113,328;3118,328;3122,328;3127,312;3131,304;3135,318;3140,318;3144,330;3148,316;3153,330;3157,320;3161,334;3166,320;3170,334;3174,318;3179,332;3183,324;3187,322;3192,336;3196,320;3201,322;3205,326;3209,326;3214,326;3218,340;3222,324;3227,338;3231,328;3235,314;3240,328;3244,314;3248,326;3253,326;3257,334;3262,318;3266,332;3270,318;3275,330;3279,324;3283,324;3288,336;3292,322;3296,320;3301,320;3305,328;3309,326;3314,340;3318,324;3322,338;3327,338;3331,316;3336,328;3340,314;3344,326;3349,326;3353,332;3357,318;3362,332;3366,316;3370,330;3375,330;3379,322;3383,320;3388,306;3392,318;3396,306;3401,332;3405,326;3410,338;3414,324;3418,338;3423,322;3427,328;3431,328;3436,328;3440,326;3444,312;3449,326;3453,318;3457,330;3462,316;3466,330;3470,328;3475,328;3479,320;3484,320;3488,318;3492,318;3497,332;3501,322;3505,324;3510,322;3514,322;3518,320;3523,334;3527,340;3531,312;3536,324;3540,310;3544,324;3549,322;3553,330;3558,314;3562,328;3566,326;3571,340;3575,332;3579,318;3584,330;3588,302;3592,316;3597,314;3601,336;3605,318;3610,334;3614,320;3618,334;3623,318;3627,310;3632,324;3636,324;3640,324;3645,322;3649,330;3653,314;3658,328;3662,326;3666,328;3671,326;3675,306;3679,318;3684,318;3688,330;3693,330;3697,330;3701,322;3706,336;3710,322;3714,334;3719,334;3723,326;3727,326;3732,310;3736,324;3740,310;3745,336;3749,330;3753,344;3758,328;3762,328;3767,314;3771,320;3775,332;3780,318;3784,332;3788,316;3793,330;3797,322;3801,336;3806,322;3810,336;3814,320;3819,334;3823,328;3827,326;3832,326;3836,312;3841,326;3845,318;3849,330;3854,316;3858,330;3862,314;3867,328;3871,334;3875,320;3880,334;3884,318;3888,318;3893,318;3897,326;3901,324;3906,324;3910,324;3915,336;3919,322;3923,314;3928,328;3932,314;3936,328;3941,326;3945,334;3949,320;3954,334;3958,318;3962,332;3967,332;3971,324;3975,324;3980,308;3984,322;3989,308;3993,336;3997,326;4002,340;4006,326;4010,340;4015,324;4019,316;4023,330;4028,316;4032,330;4036,314;4041,328;4045,320;4049,334;4054,318;4058,332;4063,318;4067,310;4071,322;4076,322;4080,336;4084,322;4089,320;4093,326;4097,328;4102,326;4106,338;4110,324;4115,338;4119,330;4123,314;4128,328;4132,326;4137,326;4141,318;4145,330;4150,330;4154,330;4158,330;4163,342;4167,320;4171,306;4176,320;4180,318;4184,332;4189,316;4193,338;4198,322;4202,336;4206,322;4211,336;4215,328;4219,326;4224,326;4228,312;4232,324;4237,324;4241,330;4245,316;4250,328;4254,314;4258,326;4263,326;4267,318;4272,332;4276,318;4280,330;4285,314;4289,322;4293,320;4298,334;4302,318;4306,332;4311,318;4315,308;4319,322;4324,322;4328,336;4332,320;4337,334;4341,326;4346,340;4350,324;4354,338;4359,322;4363,314;4367,328;4372,314;4376,326;4380,312;4385,326;4389,316;4393,344;4398,316;4402,330;4406,314;4411,328;4415,334;4420,320;4424,334;4428,318;4433,318;4437,324;4441,338;4446,310;4450,336;4454,322;4459,336;4463,326;4467,312;4472,326;4476,326;4480,324;4485,310;4489,330;4494,330;4498,330;4502,316;4507,328;4511,320;4515,320;4520,334;4524,318;4528,332;4533,304;4537,324;4541,322;4546,322;4550,308;4554,320;4559,312;4563,298;4568,312;4572,310;4576,310;4581,280;4585,314;4589,310;4594,314;4598,312;4602,312;4607,298;4611,304;4615,316;4620,316;4624,316;4628,314;4633,314;4637,306;4642,318;4646,318;4650,316;4655,316;4659,308;4663,306;4668,292;4672,304;4676,304;4681,304;4685,308;4689,322;4694,308;4698,320;4703,306;4707,298;4711,310;4716,296;4720,308;4724,294;4729,308;4733,312;4737,312;4742,312;4746,310;4750,310;4755,324;4759,314;4763,300;4768,328;4772,312;4777,326;4781,304;4785,318;4790,316;4794,330;4798,314;4803,316;4807,320;4811,306;4816,304;4820,304;4824,316;4829,316;4833,308;4838,308;4842,320;4846,306;4851,320;4855,312;4859,312;4864,324;4868,310;4872,310;4877,308;4881,328;4885,314;4890,312;4894,310;4898,310;4903,310;4907,316;4912,316;4916,314;4920,314;4925,298;4929,318;4933,318;4938,318;4942,302;4946,330;4951,314;4955,306;4959,320;4964,292;4968,304;4972,304;4977,318;4981,308;4986,322;4990,308;4994,320;4999,306;5003,298;5007,312;5012,310;5016,324;5020,310;5025,308;5029,314;5033,328;5038,312;5042,326;5046,310;5051,302;5055,302;5060,302;5064,302;5068,300;5073,300;5077,306;5081,318;5086,318;5090,318;5094,316;5099,316;5103,308;5107,292;5112,306;5116,306;5120,306;5125,310;5129,324;5134,310;5138,322;5142,308;5147,320;5151,314;5155,298;5160,312;5164,310;5168,310;5173,296;5177,330;5181,314;5186,328;5190,312;5194,326;5199,310;5203,304;5208,316;5212,302;5216,316;5221,300;5225,322;5229,320;5234,334;5238,306;5242,332;5247,318;5251,296;5255,308;5260,308;5264,306;5269,306;5273,314;5277,310;5282,310;5286,310;5290,310;5295,308;5299,316;5303,314;5308,314;5312,312;5316,298;5321,312;5325,316;5329,330;5334,316;5338,316;5343,302;5347,292;5351,306;5356,306;5360,316;5364,304;5369,304;5373,308;5377,322;5382,308;5386,320;5390,320;5395,296;5399,310;5403,310;5408,310;5412,308;5417,308;5421,300;5425,314;5430,312;5434,312;5438,296;5443,312;5447,302;5451,316;5456,314;5460,314;5464,314;5469,304;5473,318;5478,304;5482,304;5486,302;5491,316;5495,308;5499,308;5504,306;5508,292;5512,306;5517,304;5521,326;5525,310;5530,324;5534,322;5538,322;5543,308;5547,298;5552,312;5556,298;5560,312;5565,310;5569,316;5573,302;5578,316;5582,302;5586,316;5591,314;5595,306;5599,320;5604,304;5608,318;5612,318;5617,316;5621,308;5626,322;5630,308;5634,322;5639,306;5643,312;5647,312;5652,312;5656,310;5660,310;5665,310;5669,302;5673,330;5678,314;5682,328;5686,314;5691,304;5695,304;5700,304;5704,304;5708,302;5713,302;5717,308;5721,308;5726,306;5730,320;5734,320;5739,320;5743,326;5747,310;5752,324;5756,310;5760,308;5765,294;5769,314;5774,314;5778,328;5782,312;5787,326;5791,304;5795,302;5800,316;5804,302;5808,302;5813,314;5817,320;5821,304;5826,318;5830,304;5834,318;5839,310;5843,308;5848,308;5852,294;5856,306;5861,306;5865,314;5869,298;5874,312;5878,312;5882,310;5887,310;5891,302;5895,302;5900,302;5904,314;5909,312;5913,320;5917,306;5922,318;5926,304;5930,318;5935,302;5939,294;5943,308;5948,294;5952,320;5956,306;5961,318;5965,310;5969,324;5974,308;5978,322;5983,306;5987,298;5991,312;5996,312;6000,324;6004,310;6009,310;6013,316;6017,328;6022,314;6026,328;6030,312;6035,326;6039,304;6043,304;6048,304;6052,302;6057,302;6061,310;6065,322;6070,308;6074,322;6078,320;6083,320;6087,312;6091,312;6096,310;6100,296;6104,310;6109,308;6113,316;6118,314;6122,328;6126,312;6131,324;6135,304;6139,304;6144,316;6148,302;6152,302;6157,300;6161,322;6165,306;6170,320;6174,306;6178,318;6183,296;6187,296;6192,294;6196,280;6200,292;6205,278;6209,286;6213,284;6218,284;6222,282;6226,254;6231,282;6235,288;6239,288;6244,288;6248,272;6252,258;6257,292;6261,278;6266,290;6270,276;6274,262;6279,274;6283,280;6287,280;6292,264;6296,278;6300,278;6305,240;6309,282;6313,296;6318,280;6322,280;6326,280;6331,256;6335,284;6340,272;6344,284;6348,284;6353,298;6357,276;6361,276;6366,288;6370,302;6374,288;6379,266;6383,280;6387,278;6392,278;6396,264;6400,278;6405,284;6409,282;6414,282;6418,296;6422,282;6427,280;6431,272;6435,258;6440,286;6444,284;6448,284;6453,276;6457,276;6461,274;6466,274;6470,288;6474,288;6479,280;6483,278;6488,292;6492,278;6496,276;6501,262;6505,296;6509,282;6514,282;6518,280;6522,266;6527,272;6531,258;6535,284;6540,272;6544,284;6549,284;6553,262;6557,276;6562,260;6566,274;6570,274;6575,274;6579,280;6583,278;6588,278;6592,292;6596,278;\r\nBuffer sent in 0.973 secondsreturn;buffer;965\r\n'), 11:31:09
bytearray(b'received from UR: measure -> measure (0,1)\r\nSTEPPER: Moving to mstep: 6600 with speed [msteps/sec]: 1000 in StealthChop.\r\n'), 11:31:10
bytearray(b'STEPPER: Moving to mstep: 2400 with speed [msteps/sec]: 4000 in SpreadCycle.\r\n'), 11:31:15
bytearray(b'STEPPER: Moved 4200.00 msteps (ramp: 35%) in 1324.880 ms -> average speed [msteps/sec]: 3170.10\r\nreturn;measure;965\r\n'), 11:31:16
bytearray(b'received from UR: buffer -> buffer (0,1)\r\nSending buffer of size 965data;2400,304;2404,452;2408,164;2413,278;2417,320;2421,326;2426,340;2430,326;2434,340;2439,324;2443,318;2447,332;2452,318;2456,318;2460,316;2465,316;2469,322;2474,336;2478,322;2482,324;2487,322;2491,328;2495,330;2500,316;2504,314;2508,314;2513,328;2517,320;2521,334;2526,320;2530,334;2534,320;2539,334;2543,326;2548,312;2552,324;2556,310;2561,338;2565,316;2569,330;2574,316;2578,330;2582,328;2587,344;2591,322;2595,308;2600,334;2604,320;2608,334;2613,320;2617,340;2622,326;2626,326;2630,326;2635,340;2639,320;2643,318;2648,318;2652,304;2656,318;2661,318;2665,338;2669,324;2674,338;2678,322;2682,338;2687,322;2691,330;2696,330;2700,316;2704,328;2709,312;2713,336;2717,336;2722,334;2726,334;2730,334;2735,318;2739,310;2743,338;2748,324;2752,326;2756,308;2761,322;2765,314;2770,344;2774,314;2778,328;2783,314;2787,306;2791,320;2796,320;2800,334;2804,318;2809,320;2813,324;2817,338;2822,324;2826,338;2830,324;2835,338;2839,330;2844,316;2848,328;2852,328;2857,328;2861,320;2865,334;2870,320;2874,332;2878,318;2883,332;2887,324;2891,324;2896,324;2900,324;2905,322;2909,322;2913,328;2918,328;2922,328;2926,328;2931,328;2935,320;2939,318;2944,332;2948,318;2952,330;2957,316;2961,338;2965,324;2970,338;2974,322;2979,336;2983,322;2987,314;2992,330;2996,328;3000,328;3005,314;3009,334;3013,320;3018,334;3022,318;3026,332;3031,318;3035,310;3039,324;3044,324;3048,324;3053,324;3057,322;3061,330;3066,330;3070,316;3074,330;3079,328;3083,320;3087,320;3092,320;3096,334;3100,334;3105,332;3109,324;3114,324;3118,324;3122,338;3127,324;3131,314;3135,340;3140,328;3144,328;3148,314;3153,328;3157,320;3161,334;3166,318;3170,332;3174,318;3179,332;3183,338;3188,324;3192,336;3196,322;3201,336;3205,328;3209,340;3214,326;3218,340;3222,326;3227,340;3231,332;3235,318;3240,332;3244,332;3248,316;3253,316;3257,336;3262,322;3266,336;3270,334;3275,334;3279,326;3283,314;3288,326;3292,312;3296,338;3301,326;3305,330;3309,316;3314,330;3318,316;3322,330;3327,328;3331,320;3336,334;3340,320;3344,320;3349,318;3353,332;3357,324;3362,338;3366,324;3370,338;3375,322;3379,328;3383,328;3388,314;3392,328;3396,312;3401,328;3405,334;3410,334;3414,332;3418,332;3423,316;3427,322;3431,322;3436,322;3440,322;3444,320;3449,334;3453,326;3457,326;3462,324;3466,324;3470,322;3475,336;3479,328;3484,312;3488,312;3492,312;3497,324;3501,330;3505,332;3510,330;3514,330;3518,330;3523,330;3527,334;3531,320;3536,334;3540,318;3544,332;3549,318;3553,324;3558,324;3562,338;3566,322;3571,336;3575,328;3579,314;3584,328;3588,312;3592,326;3597,312;3601,332;3605,332;3610,344;3614,330;3619,344;3623,330;3627,308;3632,336;3636,322;3640,334;3645,320;3649,340;3653,326;3658,340;3662,324;3666,338;3671,324;3675,316;3679,330;3684,328;3688,328;3693,326;3697,326;3701,320;3706,334;3710,318;3714,332;3719,318;3723,324;3727,324;3732,324;3736,324;3740,310;3745,336;3749,330;3753,330;3758,328;3762,328;3767,328;3771,320;3775,334;3780,320;3784,332;3788,318;3793,332;3797,324;3801,338;3806,324;3810,336;3814,322;3819,336;3823,328;3827,328;3832,328;3836,314;3841,326;3845,318;3849,332;3854,330;3858,344;3862,330;3867,330;3871,322;3875,308;3880,334;3884,334;3888,334;3893,320;3897,326;3901,326;3906,336;3910,324;3915,338;3919,324;3923,316;3928,330;3932,314;3936,330;3941,314;3945,336;3949,320;3954,334;3958,320;3962,334;3967,320;3971,312;3975,326;3980,312;3984,324;3989,310;3993,324;3997,316;4002,344;4006,316;4010,330;4015,316;4019,322;4023,322;4028,320;4032,320;4036,320;4041,332;4045,312;4049,338;4054,324;4058,338;4063,322;4067,316;4071,330;4076,328;4080,328;4084,314;4089,328;4093,320;4097,334;4102,318;4106,332;4110,318;4115,332;4119,324;4124,322;4128,322;4132,308;4137,322;4141,328;4145,342;4150,326;4154,326;4158,326;4163,326;4167,318;4171,316;4176,330;4180,316;4184,328;4189,314;4193,336;4198,320;4202,334;4206,320;4211,334;4215,324;4219,310;4224,324;4228,324;4232,322;4237,324;4241,344;4245,330;4250,330;4254,314;4258,328;4263,326;4267,320;4272,320;4276,318;4280,318;4285,316;4289,338;4293,324;4298,338;4302,324;4306,338;4311,322;4315,314;4319,328;4324,314;4328,328;4332,312;4337,326;4341,334;4346,332;4350,318;4354,332;4359,318;4363,324;4367,324;4372,324;4376,322;4380,308;4385,322;4389,314;4393,344;4398,314;4402,328;4407,326;4411,340;4415,320;4420,318;4424,318;4428,304;4433,316;4437,322;4441,336;4446,322;4450,336;4454,320;4459,334;4463,326;4467,326;4472,326;4476,324;4481,324;4485,324;4489,330;4494,330;4498,328;4502,314;4507,328;4511,334;4515,320;4520,334;4524,318;4528,332;4533,318;4537,324;4541,322;4546,322;4550,322;4555,322;4559,314;4563,300;4568,312;4572,298;4576,310;4581,310;4585,318;4589,316;4594,330;4598,316;4602,330;4607,314;4611,306;4615,306;4620,306;4624,304;4629,304;4633,312;4637,310;4642,324;4646,308;4650,322;4655,308;4659,300;4663,298;4668,298;4672,312;4676,308;4681,310;4685,302;4689,316;4694,302;4698,302;4703,302;4707,308;4711,306;4716,292;4720,320;4724,306;4729,320;4733,312;4737,312;4742,312;4746,326;4750,310;4755,312;4759,318;4763,318;4768,316;4772,302;4777,316;4781,308;4785,322;4790,322;4794,322;4798,322;4803,324;4807,300;4811,298;4816,326;4820,312;4824,312;4829,304;4833,318;4838,318;4842,332;4846,316;4851,330;4855,308;4859,308;4864,308;4868,308;4872,308;4877,308;4881,314;4885,314;4890,328;4894,312;4898,326;4903,312;4907,306;4912,318;4916,304;4920,304;4925,304;4929,324;4933,324;4938,322;4942,322;4946,322;4951,308;4955,300;4959,314;4964,300;4968,314;4972,300;4977,314;4981,306;4986,318;4990,304;4994,318;4999,304;5003,296;5007,310;5012,310;5016,310;5020,308;5025,308;5029,302;5033,314;5038,314;5042,314;5046,314;5051,306;5055,304;5060,304;5064,318;5068,304;5073,304;5077,310;5081,310;5086,294;5090,308;5094,308;5099,308;5103,300;5107,312;5112,312;5116,298;5120,310;5125,298;5129,318;5134,316;5138,316;5142,302;5147,314;5151,308;5155,306;5160,320;5164,306;5168,320;5173,304;5177,326;5181,310;5186,324;5190,308;5194,322;5199,314;5203,300;5208,312;5212,312;5216,310;5221,310;5225,318;5229,316;5234,330;5238,300;5242,328;5247,312;5251,306;5255,304;5260,304;5264,304;5269,304;5273,324;5277,308;5282,310;5286,308;5290,322;5295,308;5299,312;5303,312;5308,312;5312,310;5316,310;5321,310;5325,316;5330,316;5334,314;5338,314;5343,314;5347,306;5351,320;5356,306;5360,304;5364,290;5369,304;5373,310;5377,324;5382,310;5386,310;5390,308;5395,302;5399,302;5404,302;5408,314;5412,300;5417,314;5421,306;5425,320;5430,306;5434,318;5438,318;5443,318;5447,310;5451,310;5456,310;5460,308;5464,308;5469,300;5473,314;5478,314;5482,314;5486,312;5491,312;5495,304;5499,290;5504,304;5508,304;5512,302;5517,302;5521,310;5525,308;5530,322;5534,308;5538,322;5543,320;5547,298;5552,312;5556,312;5560,312;5565,298;5569,318;5573,302;5578,316;5582,302;5586,318;5591,316;5595,308;5599,308;5604,308;5608,322;5612,306;5617,320;5621,312;5626,326;5630,312;5634,326;5639,310;5643,304;5647,316;5652,316;5656,316;5660,302;5665,314;5669,308;5673,322;5678,320;5682,320;5686,306;5691,298;5695,312;5700,312;5704,312;5708,312;5713,310;5717,316;5721,316;5726,316;5730,316;5734,314;5739,314;5743,306;5747,304;5752,318;5756,304;5761,318;5765,310;5769,310;5774,308;5778,310;5782,308;5787,322;5791,300;5795,300;5800,312;5804,298;5808,296;5813,298;5817,318;5821,302;5826,316;5830,302;5835,314;5839,306;5843,306;5848,306;5852,292;5856,304;5861,306;5865,312;5869,310;5874,310;5878,310;5882,310;5887,302;5891,302;5896,302;5900,300;5904,300;5909,300;5913,320;5917,306;5922,320;5926,304;5930,318;5935,304;5939,310;5943,310;5948,308;5952,310;5956,308;5961,322;5965,314;5970,314;5974,312;5978,326;5983,312;5987,304;5991,318;5996,302;6000,302;6004,302;6009,302;6013,308;6017,322;6022,320;6026,320;6030,304;6035,318;6039,310;6044,296;6048,310;6052,310;6057,308;6061,316;6065,316;6070,314;6074,314;6078,314;6083,314;6087,306;6091,306;6096,304;6100,304;6104,304;6109,310;6113,324;6118,322;6122,322;6126,322;6131,320;6135,328;6139,312;6144,312;6148,312;6152,310;6157,296;6161,316;6165,302;6170,314;6174,300;6178,314;6183,292;6187,290;6192,290;6196,276;6200,288;6205,288;6209,294;6213,294;6218,294;6222,294;6226,278;6231,270;6235,270;6239,270;6244,284;6248,270;6253,268;6257,290;6261,290;6266,290;6270,274;6274,246;6279,288;6283,280;6287,280;6292,278;6296,278;6300,278;6305,286;6309,286;6313,284;6318,284;6322,284;6327,284;6331,276;6335,290;6340,274;6344,274;6348,274;6353,288;6357,280;6361,294;6366,278;6370,292;6374,278;6379,284;6383,298;6387,284;6392,284;6396,284;6401,282;6405,274;6409,290;6414,288;6418,288;6422,274;6427,246;6431,292;6435,280;6440,280;6444,294;6448,278;6453,286;6457,298;6462,284;6466,270;6470,284;6475,284;6479,290;6483,262;6488,276;6492,276;6496,274;6501,276;6505,268;6509,280;6514,280;6518,280;6522,266;6527,270;6531,256;6536,270;6540,270;6544,270;6549,268;6553,276;6557,274;6562,274;6566,288;6570,288;6575,266;6579,278;6583,278;6588,278;6592,276;6596,262;\r\nBuffer sent in 0.973 secondsreturn;buffer;965\r\n'), 11:31:18
bytearray(b'received from UR: measure -> measure (0,1)\r\nSTEPPER: Moving to mstep: 6600 with speed [msteps/sec]: 1000 in StealthChop.\r\n'), 11:31:19
bytearray(b'STEPPER: Moving to mstep: 2400 with speed [msteps/sec]: 4000 in SpreadCycle.\r\n'), 11:31:23
bytearray(b'STEPPER: Moved 4200.00 msteps (ramp: 35%) in 1324.888 ms -> average speed [msteps/sec]: 3170.08\r\nreturn;measure;965\r\n'), 11:31:25
bytearray(b'received from UR: buffer -> buffer (0,1)\r\nSending buffer of size 965data;2400,298;2404,444;2408,200;2413,286;2417,322;2421,322;2426,334;2430,320;2434,334;2439,320;2443,326;2447,326;2452,312;2456,326;2460,326;2465,336;2469,318;2474,332;2478,332;2482,332;2487,318;2491,324;2495,324;2500,324;2504,310;2508,310;2513,324;2517,316;2521,330;2526,316;2530,330;2534,316;2539,330;2543,336;2548,308;2552,322;2556,308;2561,322;2565,314;2569,328;2574,328;2578,342;2582,326;2587,342;2591,334;2595,318;2600,334;2604,318;2608,332;2613,318;2617,338;2622,324;2626,338;2630,324;2635,324;2639,330;2643,316;2648,330;2652,314;2656,328;2661,314;2665,336;2669,320;2674,334;2678,320;2682,334;2687,320;2691,326;2696,326;2700,312;2704,326;2709,326;2713,332;2717,332;2722,332;2726,318;2730,332;2735,318;2739,324;2743,338;2748,310;2752,322;2756,308;2761,336;2765,316;2770,344;2774,328;2778,330;2783,314;2787,320;2791,334;2796,320;2800,334;2804,320;2809,334;2813,326;2817,340;2822,326;2826,340;2830,326;2835,340;2839,332;2844,318;2848,332;2852,318;2857,332;2861,324;2865,338;2870,324;2874,338;2878,324;2883,338;2887,316;2891,316;2896,330;2900,316;2904,330;2909,330;2913,322;2918,322;2922,336;2926,322;2931,336;2935,328;2939,314;2944,328;2948,314;2952,328;2957,314;2961,334;2965,320;2970,334;2974,320;2979,334;2983,320;2987,312;2992,326;2996,326;3000,340;3005,312;3009,332;3013,318;3018,346;3022,332;3026,346;3031,318;3035,310;3039,324;3044,324;3048,338;3053,324;3057,322;3061,316;3066,330;3070,328;3074,330;3079,328;3083,308;3087,322;3092,322;3096,336;3100,320;3105,320;3109,314;3113,328;3118,328;3122,342;3127,328;3131,306;3135,334;3140,320;3144,334;3148,320;3153,334;3157,328;3161,328;3166,314;3170,328;3174,326;3179,342;3183,334;3187,320;3192,320;3196,306;3201,334;3205,326;3209,340;3214,326;3218,340;3222,326;3227,340;3231,318;3235,318;3240,332;3244,332;3248,316;3253,316;3257,338;3261,324;3266,338;3270,324;3275,338;3279,316;3283,316;3288,330;3292,316;3296,344;3301,330;3305,322;3309,322;3314,336;3318,322;3322,336;3327,322;3331,314;3335,328;3340,314;3344,328;3349,314;3353,328;3357,320;3362,334;3366,320;3370,334;3375,320;3379,312;3383,328;3388,314;3392,328;3396,328;3401,328;3405,322;3409,336;3414,320;3418,334;3423,320;3427,314;3431,328;3436,314;3440,328;3444,314;3449,328;3453,320;3457,334;3462,320;3466,334;3470,320;3475,334;3479,328;3484,312;3488,326;3492,314;3497,326;3501,332;3505,334;3510,318;3514,334;3518,318;3523,334;3527,326;3531,310;3536,326;3540,310;3544,324;3549,310;3553,332;3558,330;3562,332;3566,330;3571,344;3575,336;3579,310;3584,322;3588,308;3592,322;3597,320;3601,342;3605,328;3610,342;3614,314;3618,342;3623,328;3627,320;3632,320;3636,320;3640,334;3645,320;3649,340;3653,326;3658,340;3662,314;3666,340;3671,326;3675,318;3679,318;3684,318;3688,332;3692,318;3697,332;3701,324;3706,338;3710,324;3714,338;3719,324;3723,316;3727,330;3732,316;3736,344;3740,330;3745,330;3749,322;3753,338;3758,322;3762,336;3767,322;3771,314;3775,328;3780,314;3784,342;3788,328;3793,328;3797,320;3801,334;3806,320;3810,334;3814,320;3819,334;3823,326;3827,326;3832,340;3836,326;3841,324;3845,318;3849,332;3854,316;3858,330;3862,316;3867,330;3871,322;3875,322;3880,334;3884,336;3888,322;3893,320;3897,328;3901,328;3906,328;3910,314;3915,328;3919,328;3923,320;3928,334;3932,306;3936,320;3941,306;3945,340;3949,326;3954,340;3958,324;3962,340;3967,324;3971,318;3975,332;3980,318;3984,332;3989,304;3993,332;3997,324;4002,338;4006,310;4010,324;4015,324;4019,316;4023,332;4028,316;4032,318;4036,316;4041,316;4045,324;4049,338;4054,322;4058,338;4063,322;4067,314;4071,328;4076,314;4080,328;4084,314;4089,328;4093,320;4097,334;4102,320;4106,334;4110,320;4115,334;4119,326;4123,312;4128,340;4132,326;4137,326;4141,318;4145,332;4150,332;4154,332;4158,332;4163,332;4167,324;4171,310;4176,324;4180,310;4184,324;4189,310;4193,330;4198,314;4202,328;4206,314;4211,328;4215,334;4219,320;4224,334;4228,306;4232,332;4237,320;4241,340;4245,312;4250,324;4254,324;4258,338;4263,324;4267,330;4272,330;4276,316;4280,330;4285,314;4289,322;4293,322;4298,322;4302,322;4306,336;4311,322;4315,314;4319,328;4324,314;4328,328;4332,314;4337,340;4341,334;4346,332;4350,320;4354,334;4359,318;4363,312;4367,326;4372,312;4376,326;4380,312;4385,326;4389,332;4393,346;4398,318;4402,332;4406,316;4411,310;4415,338;4420,322;4424,322;4428,322;4433,322;4437,316;4441,330;4446,314;4450,328;4454,314;4459,342;4463,334;4467,334;4472,320;4476,318;4480,334;4485,318;4489,326;4494,324;4498,326;4502,324;4507,326;4511,330;4515,316;4520,330;4524,316;4528,330;4533,314;4537,336;4541,322;4546,322;4550,306;4554,320;4559,306;4563,298;4568,312;4572,312;4576,312;4581,298;4585,318;4589,304;4594,318;4598,304;4602,316;4607,302;4611,308;4615,310;4620,308;4624,308;4628,308;4633,308;4637,314;4642,314;4646,312;4650,314;4655,312;4659,306;4663,306;4668,290;4672,304;4676,304;4681,304;4685,312;4689,312;4694,310;4698,312;4703,310;4707,302;4711,304;4716,302;4720,316;4724,302;4729,316;4733,308;4737,322;4742,308;4746,308;4750,308;4755,300;4759,314;4764,300;4768,314;4772,300;4777,314;4781,306;4785,334;4790,320;4794,334;4798,318;4803,334;4807,312;4811,296;4816,312;4820,298;4824,312;4829,310;4833,332;4838,318;4842,332;4846,316;4851,330;4855,310;4859,310;4864,308;4868,310;4872,308;4877,310;4881,316;4885,314;4890,314;4894,314;4898,314;4903,314;4907,306;4912,320;4916,306;4920,306;4925,306;4929,326;4933,312;4938,326;4942,310;4946,326;4951,310;4955,302;4959,316;4964,302;4968,304;4972,302;4977,302;4981,308;4986,322;4990,308;4994,322;4999,308;5003,300;5007,314;5012,300;5016,314;5020,300;5025,314;5029,306;5033,320;5038,306;5042,320;5046,304;5051,306;5055,310;5060,310;5064,310;5068,296;5073,310;5077,302;5081,302;5086,300;5090,314;5094,314;5099,314;5103,306;5107,306;5112,320;5116,292;5120,320;5125,306;5129,314;5134,312;5138,312;5142,312;5147,312;5151,306;5155,290;5160,320;5164,304;5168,318;5173,304;5177,324;5181,310;5186,324;5190,310;5195,324;5199,310;5203,316;5208,316;5212,302;5216,316;5221,302;5225,322;5229,306;5234,320;5238,306;5242,320;5247,306;5251,312;5255,312;5260,298;5264,312;5269,298;5273,320;5277,318;5282,318;5286,318;5290,318;5295,318;5299,312;5303,312;5308,310;5312,310;5316,296;5321,310;5325,318;5329,316;5334,316;5338,316;5343,316;5347,308;5351,322;5356,306;5360,308;5364,294;5369,308;5373,314;5377,314;5382,300;5386,314;5390,312;5395,314;5399,320;5404,306;5408,320;5412,306;5417,306;5421,312;5425,312;5430,312;5434,312;5438,312;5443,298;5447,306;5451,306;5456,306;5460,306;5464,320;5469,306;5473,312;5478,312;5482,314;5486,312;5491,312;5495,306;5499,304;5504,318;5508,318;5512,304;5517,304;5521,312;5525,310;5530,310;5534,296;5538,310;5543,310;5547,302;5552,316;5556,302;5560,316;5565,302;5569,322;5573,308;5578,322;5582,308;5586,322;5591,308;5595,300;5599,314;5604,314;5608,328;5612,300;5617,314;5621,306;5626,320;5630,306;5634,320;5639,306;5643,314;5647,312;5652,298;5656,312;5660,298;5665,312;5669,318;5673,320;5678,318;5682,320;5686,304;5691,312;5695,312;5700,312;5704,312;5708,298;5713,312;5717,306;5721,318;5726,318;5730,318;5734,318;5739,318;5743,310;5747,310;5752,310;5756,296;5761,308;5765,316;5769,316;5774,302;5778,316;5782,314;5787,314;5791,322;5795,308;5800,322;5804,308;5808,308;5813,302;5817,316;5821,302;5826,316;5830,302;5835,316;5839,308;5843,308;5848,308;5852,308;5856,308;5861,308;5865,314;5869,302;5874,314;5878,300;5882,314;5887,314;5891,292;5895,306;5900,294;5904,306;5909,306;5913,314;5917,314;5922,314;5926,314;5930,314;5935,312;5939,306;5943,320;5948,306;5952,320;5956,304;5961,306;5965,312;5970,326;5974,312;5978,326;5983,312;5987,304;5991,304;5996,290;6000,318;6004,304;6009,318;6013,310;6017,324;6022,308;6026,322;6030,308;6035,302;6039,316;6044,316;6048,314;6052,300;6057,314;6061,306;6065,320;6070,306;6074,320;6078,318;6083,320;6087,312;6091,312;6096,312;6100,310;6104,312;6109,310;6113,318;6118,318;6122,318;6126,316;6131,318;6135,322;6139,308;6144,308;6148,308;6152,322;6157,306;6161,314;6165,312;6170,312;6174,298;6178,312;6183,304;6187,302;6192,288;6196,288;6200,288;6205,272;6209,294;6213,292;6218,278;6222,278;6226,292;6231,284;6235,284;6239,282;6244,282;6248,282;6253,282;6257,288;6261,288;6266,274;6270,272;6274,272;6279,272;6283,264;6287,278;6292,262;6296,276;6300,276;6305,268;6309,282;6313,294;6318,282;6322,282;6327,280;6331,274;6335,288;6340,286;6344,288;6348,286;6353,286;6357,280;6361,278;6366,278;6370,292;6374,290;6379,270;6383,282;6387,282;6392,284;6396,282;6401,282;6405,288;6409,286;6414,288;6418,288;6422,286;6427,286;6431,278;6435,292;6440,292;6444,278;6448,292;6453,270;6457,242;6461,270;6466,284;6470,284;6475,268;6479,290;6483,276;6488,288;6492,260;6496,274;6501,274;6505,280;6509,280;6514,266;6518,280;6522,280;6527,286;6531,286;6535,272;6540,270;6544,284;6549,270;6553,278;6557,278;6562,276;6566,276;6570,290;6575,276;6579,268;6583,282;6588,268;6592,282;6596,268;\r\nBuffer sent in 0.973 secondsreturn;buffer;965\r\n'), 11:31:27
bytearray(b'received from UR: measure -> measure (0,1)\r\nSTEPPER: Moving to mstep: 6600 with speed [msteps/sec]: 1000 in StealthChop.\r\n'), 11:31:28
bytearray(b'STEPPER: Moving to mstep: 2400 with speed [msteps/sec]: 4000 in SpreadCycle.\r\n'), 11:31:32
bytearray(b'STEPPER: Moved 4200.00 msteps (ramp: 35%) in 1324.888 ms -> average speed [msteps/sec]: 3170.08\r\nreturn;measure;965\r\n'), 11:31:33
bytearray(b'received from UR: buffer -> buffer (0,1)\r\nSending buffer of size 965data;2400,304;2404,468;2408,138;2413,278;2417,308;2421,328;2426,342;2430,326;2434,340;2439,326;2443,318;2447,330;2452,316;2456,330;2460,314;2465,342;2469,320;2474,320;2478,318;2482,332;2487,318;2491,338;2495,322;2500,322;2504,322;2508,322;2513,334;2517,326;2521,326;2526,326;2530,326;2534,324;2539,326;2543,330;2548,316;2552,330;2556,316;2561,330;2565,322;2569,334;2574,320;2578,334;2582,320;2587,334;2591,324;2595,310;2600,324;2604,310;2608,336;2613,310;2617,330;2622,314;2626,342;2630,326;2635,326;2639,318;2643,318;2648,330;2652,316;2656,330;2661,316;2665,336;2669,322;2674,336;2678,320;2682,334;2687,320;2691,326;2696,326;2700,312;2704,324;2709,324;2713,336;2717,330;2722,328;2726,328;2730,328;2735,328;2739,320;2743,334;2748,318;2752,332;2756,316;2761,344;2765,322;2770,322;2774,320;2778,334;2783,318;2787,324;2791,324;2796,310;2800,336;2804,322;2809,336;2813,326;2817,340;2822,326;2826,340;2830,324;2835,338;2839,330;2844,314;2848,328;2852,314;2857,326;2861,320;2865,346;2870,332;2874,332;2878,330;2883,330;2887,334;2891,320;2896,332;2900,332;2904,318;2909,316;2913,336;2918,322;2922,336;2926,320;2931,334;2935,326;2939,310;2944,324;2948,310;2952,322;2957,322;2961,342;2965,328;2970,328;2974,326;2979,338;2983,324;2987,316;2992,328;2996,328;3000,328;3005,312;3009,330;3013,316;3018,330;3022,328;3026,342;3031,326;3035,318;3039,332;3044,318;3048,330;3053,316;3057,342;3061,320;3066,320;3070,318;3074,332;3079,330;3083,322;3087,322;3092,320;3096,334;3100,320;3105,332;3109,324;3113,322;3118,322;3122,336;3127,334;3131,312;3135,326;3140,312;3144,324;3148,310;3153,338;3157,318;3161,328;3166,314;3170,328;3174,326;3179,342;3183,332;3187,302;3192,330;3196,316;3201,328;3205,322;3209,348;3214,320;3218,334;3222,318;3227,332;3231,338;3235,322;3240,322;3244,320;3248,334;3253,320;3257,340;3261,312;3266,336;3270,324;3275,336;3279,328;3283,314;3288,312;3292,312;3296,326;3301,312;3305,332;3309,330;3314,330;3318,330;3322,330;3327,314;3331,320;3335,334;3340,318;3344,318;3349,318;3353,330;3357,322;3362,336;3366,320;3370,320;3375,320;3379,312;3383,338;3388,310;3392,324;3396,308;3401,336;3405,328;3410,342;3414,328;3418,342;3423,326;3427,318;3431,332;3436,332;3440,318;3444,316;3449,330;3453,320;3457,334;3462,320;3466,320;3470,318;3475,332;3479,338;3483,324;3488,322;3492,322;3497,334;3501,326;3505,326;3510,326;3514,324;3518,324;3523,338;3527,330;3531,314;3536,328;3540,300;3544,326;3549,310;3553,332;3558,330;3562,332;3566,330;3571,330;3575,336;3579,320;3584,334;3588,318;3592,332;3597,304;3601,338;3605,322;3610,338;3614,322;3618,336;3623,320;3627,312;3632,326;3636,312;3640,338;3645,324;3649,330;3653,316;3658,342;3662,328;3666,328;3671,314;3675,318;3679,332;3684,318;3688,330;3693,316;3697,328;3701,322;3706,334;3710,320;3714,334;3719,318;3723,310;3727,324;3732,324;3736,322;3740,308;3745,322;3749,328;3753,328;3758,326;3762,340;3767,326;3771,302;3775,330;3780,316;3784,330;3788,314;3793,328;3797,320;3801,334;3806,318;3810,332;3814,316;3819,330;3823,322;3827,322;3832,334;3836,320;3841,320;3845,318;3849,340;3854,324;3858,324;3862,322;3867,336;3871,328;3875,314;3880,326;3884,312;3888,326;3893,324;3897,330;3901,316;3906,330;3910,314;3915,328;3919,328;3923,320;3928,322;3932,304;3936,332;3941,318;3945,338;3949,322;3954,322;3958,320;3962,334;3967,320;3971,312;3975,326;3980,310;3984,324;3989,308;3993,322;3997,328;4002,342;4006,326;4010,340;4015,326;4019,318;4023,332;4028,318;4032,330;4036,316;4041,330;4045,322;4049,336;4054,322;4058,336;4063,320;4067,312;4071,326;4076,310;4080,324;4084,322;4089,322;4093,328;4097,326;4102,326;4106,328;4110,326;4115,340;4119,332;4123,316;4128,330;4132,316;4137,330;4141,322;4145,322;4150,320;4154,334;4158,320;4163,334;4167,324;4171,310;4176,324;4180,310;4184,322;4189,308;4193,342;4198,326;4202,342;4206,312;4211,340;4215,332;4219,330;4224,330;4228,316;4232,330;4237,314;4241,334;4245,320;4250,334;4254,318;4258,332;4263,332;4267,324;4272,322;4276,322;4280,322;4285,320;4289,328;4293,326;4298,326;4302,324;4306,338;4311,324;4315,316;4319,330;4324,314;4328,328;4332,314;4337,328;4341,318;4346,332;4350,318;4354,332;4359,330;4363,308;4367,322;4372,306;4376,320;4380,306;4385,332;4389,324;4393,338;4398,324;4402,336;4406,322;4411,314;4415,328;4420,326;4424,326;4428,312;4433,324;4437,330;4441,344;4446,316;4450,342;4454,314;4459,340;4463,332;4467,332;4472,318;4476,316;4480,330;4485,316;4489,336;4494,320;4498,320;4502,318;4507,332;4511,338;4515,324;4520,322;4524,308;4528,320;4533,320;4537,326;4541,324;4546,324;4550,308;4554,322;4559,314;4563,300;4568,312;4572,298;4576,310;4581,296;4585,330;4589,314;4594,328;4598,312;4602,326;4607,310;4611,302;4615,316;4620,302;4624,314;4628,300;4633,298;4637,304;4642,318;4646,304;4650,318;4655,316;4659,294;4663,306;4668,292;4672,306;4676,304;4681,318;4685,296;4689,310;4694,308;4698,310;4703,306;4707,300;4711,312;4716,312;4720,312;4724,296;4729,310;4733,316;4737,316;4742,314;4746,314;4750,314;4755,314;4759,308;4763,306;4768,318;4772,318;4777,318;4781,310;4785,324;4790,308;4794,322;4798,306;4803,322;4807,326;4811,312;4816,312;4820,310;4824,324;4829,310;4833,330;4837,314;4842,314;4846,300;4851,326;4855,318;4859,318;4864,316;4868,302;4872,302;4877,314;4881,320;4885,306;4890,320;4894,318;4898,318;4903,304;4907,310;4912,324;4916,322;4920,308;4925,308;4929,314;4933,314;4938,314;4942,312;4946,326;4951,310;4955,318;4959,316;4964,302;4968,316;4972,300;4977,308;4981,306;4986,306;4990,306;4994,320;4999,304;5003,296;5007,310;5012,294;5016,310;5020,308;5025,308;5029,314;5033,328;5038,312;5042,312;5046,312;5051,304;5055,318;5060,318;5064,302;5068,300;5073,302;5077,308;5081,318;5086,320;5090,320;5094,306;5099,318;5103,310;5107,310;5112,322;5116,308;5120,308;5125,306;5129,314;5134,312;5138,312;5142,310;5147,324;5151,316;5155,302;5160,314;5164,300;5168,314;5173,298;5177,320;5181,318;5186,332;5190,316;5194,330;5199,308;5203,306;5208,306;5212,306;5216,318;5221,304;5225,324;5229,308;5234,322;5238,306;5242,320;5247,306;5251,326;5255,310;5260,310;5264,310;5268,308;5273,314;5277,312;5282,312;5286,310;5290,312;5295,310;5299,302;5303,300;5308,300;5312,314;5316,312;5321,326;5325,318;5329,318;5334,316;5338,316;5343,314;5347,306;5351,306;5356,290;5360,304;5364,304;5369,316;5373,308;5377,322;5382,308;5386,322;5390,306;5395,298;5399,312;5404,298;5408,310;5412,296;5417,310;5421,302;5425,314;5430,314;5434,314;5438,300;5443,326;5447,304;5451,304;5456,302;5460,302;5464,302;5469,302;5473,308;5478,306;5482,306;5486,306;5491,318;5495,310;5499,310;5504,310;5508,294;5512,308;5517,308;5521,328;5525,314;5530,312;5534,312;5538,326;5543,310;5547,302;5552,316;5556,300;5560,316;5565,300;5569,320;5573,306;5578,320;5582,304;5586,332;5591,316;5595,296;5599,308;5604,294;5608,306;5612,292;5617,320;5621,312;5626,312;5630,296;5634,310;5639,306;5643,302;5647,314;5652,300;5656,312;5660,298;5665,312;5669,318;5673,318;5678,316;5682,316;5686,314;5691,306;5695,306;5700,306;5704,318;5708,304;5713,318;5717,310;5721,322;5726,308;5730,308;5734,308;5739,308;5743,314;5747,312;5752,312;5756,296;5760,310;5765,296;5769,316;5774,302;5778,314;5782,300;5787,312;5791,318;5795,304;5800,318;5804,316;5808,316;5813,302;5817,322;5821,306;5826,306;5830,304;5835,318;5839,310;5843,308;5848,322;5852,320;5856,308;5861,306;5865,312;5869,312;5874,298;5878,296;5882,310;5887,310;5891,302;5895,316;5900,314;5904,314;5909,300;5913,320;5917,306;5922,318;5926,318;5930,318;5935,316;5939,296;5943,308;5948,308;5952,320;5956,306;5961,306;5965,310;5970,324;5974,310;5978,324;5983,308;5987,300;5991,314;5996,300;6000,314;6004,298;6009,312;6013,304;6017,332;6022,318;6026,332;6030,316;6035,330;6039,308;6044,294;6048,306;6052,306;6057,318;6061,312;6065,324;6070,310;6074,310;6078,308;6083,324;6087,314;6091,314;6096,312;6100,312;6104,312;6109,304;6113,304;6118,302;6122,316;6126,316;6131,314;6135,322;6139,306;6144,306;6148,306;6152,318;6157,304;6161,310;6165,308;6170,308;6174,294;6178,308;6183,292;6187,298;6192,298;6196,282;6200,282;6205,280;6209,286;6213,286;6218,270;6222,284;6226,298;6231,276;6235,276;6239,274;6244,274;6248,274;6252,260;6257,294;6261,280;6266,280;6270,278;6274,264;6279,276;6283,270;6287,268;6292,268;6296,268;6300,268;6305,274;6309,274;6313,258;6318,286;6322,286;6326,286;6331,264;6335,278;6340,276;6344,290;6348,276;6353,274;6357,282;6361,282;6366,280;6370,266;6374,280;6379,272;6383,286;6387,272;6392,286;6396,270;6401,284;6405,278;6409,292;6414,290;6418,290;6422,290;6427,290;6431,268;6435,254;6440,280;6444,280;6448,280;6453,272;6457,270;6461,270;6466,284;6470,284;6475,268;6479,274;6483,274;6488,274;6492,272;6496,272;6501,286;6505,248;6509,278;6514,292;6518,290;6522,290;6527,282;6531,270;6535,296;6540,266;6544,280;6549,266;6553,286;6557,286;6562,284;6566,284;6570,270;6575,282;6579,274;6583,274;6588,288;6592,286;6596,286;\r\nBuffer sent in 0.973 secondsreturn;buffer;965\r\n'), 11:31:35
bytearray(b'received from UR: measure -> measure (0,1)\r\nSTEPPER: Moving to mstep: 6600 with speed [msteps/sec]: 1000 in StealthChop.\r\n'), 11:31:36
bytearray(b'STEPPER: Moving to mstep: 2400 with speed [msteps/sec]: 4000 in SpreadCycle.\r\n'), 11:31:40
bytearray(b'STEPPER: Moved 4200.00 msteps (ramp: 35%) in 1324.880 ms -> average speed [msteps/sec]: 3170.10\r\nreturn;measure;965\r\n'), 11:31:42
bytearray(b'received from UR: buffer -> buffer (0,1)\r\nSending buffer of size 965data;2400,300;2404,472;2408,140;2413,282;2417,310;2421,316;2426,344;2430,314;2434,328;2439,326;2443,318;2447,332;2452,318;2456,330;2460,314;2465,328;2469,320;2474,332;2478,316;2482,330;2487,330;2491,320;2495,320;2500,320;2504,332;2508,318;2513,330;2517,336;2521,336;2526,320;2530,334;2534,318;2539,332;2543,338;2548,324;2552,322;2556,320;2561,334;2565,326;2569,326;2574,310;2578,324;2582,322;2587,336;2591,342;2595,326;2600,326;2604,310;2608,324;2613,324;2617,330;2622,314;2626,328;2630,314;2635,340;2639,332;2643,332;2648,318;2652,316;2656,330;2661,316;2665,336;2669,320;2674,320;2678,318;2682,332;2687,332;2691,322;2696,322;2700,322;2704,334;2709,320;2713,326;2717,324;2722,324;2726,322;2730,336;2735,322;2739,314;2743,326;2748,312;2752,326;2756,310;2761,336;2765,314;2770,328;2774,314;2778,340;2783,326;2787,332;2791,330;2796,316;2800,330;2804,314;2809,328;2813,320;2817,332;2822,316;2826,332;2830,316;2835,342;2839,320;2844,320;2848,334;2852,318;2857,332;2861,324;2865,338;2870,322;2874,336;2878,320;2883,334;2887,326;2891,312;2896,326;2900,324;2904,338;2909,316;2913,330;2918,316;2922,328;2926,326;2931,340;2935,318;2939,316;2944,330;2948,316;2952,330;2957,314;2961,334;2965,320;2970,332;2974,318;2979,332;2983,316;2987,308;2992,334;2996,320;3000,334;3005,320;3009,324;3013,322;3018,336;3022,322;3026,336;3031,320;3035,312;3039,326;3044,324;3048,338;3053,322;3057,328;3061,314;3066,326;3070,326;3074,326;3079,324;3083,316;3087,328;3092,314;3096,326;3100,312;3105,326;3109,316;3113,330;3118,330;3122,330;3127,328;3131,320;3135,334;3140,318;3144,334;3148,332;3153,330;3157,322;3161,336;3166,320;3170,334;3174,318;3179,332;3183,324;3188,310;3192,338;3196,308;3201,322;3205,314;3209,342;3214,326;3218,340;3222,312;3227,324;3231,330;3235,314;3240,330;3244,328;3248,328;3253,312;3257,332;3262,318;3266,332;3270,316;3275,330;3279,322;3283,320;3288,334;3292,334;3296,318;3301,318;3305,324;3309,322;3314,336;3318,322;3322,322;3327,320;3331,312;3336,340;3340,324;3344,324;3349,308;3353,330;3357,328;3362,328;3366,326;3370,328;3375,326;3379,318;3383,332;3388,316;3392,330;3396,316;3401,328;3405,320;3410,334;3414,320;3418,332;3423,318;3427,324;3431,338;3436,324;3440,322;3444,322;3449,336;3453,326;3457,340;3462,312;3466,326;3470,324;3475,338;3479,330;3484,314;3488,314;3492,314;3497,326;3501,318;3505,332;3510,316;3514,330;3518,316;3523,330;3527,336;3531,320;3536,334;3540,318;3544,332;3549,318;3553,338;3558,324;3562,322;3566,322;3571,336;3575,328;3579,312;3584,326;3588,312;3592,326;3597,310;3601,332;3605,314;3610,330;3614,314;3618,342;3623,328;3627,334;3632,318;3636,318;3640,332;3645,318;3649,338;3653,322;3658,322;3662,322;3666,334;3671,320;3675,326;3679,326;3684,324;3688,324;3693,324;3697,338;3701,316;3706,328;3710,328;3714,328;3719,326;3723,332;3727,330;3732,316;3736,330;3740,314;3745,328;3749,334;3753,332;3758,318;3762,332;3767,316;3771,322;3775,322;3780,320;3784,334;3788,318;3793,332;3797,310;3801,324;3806,322;3810,336;3814,320;3819,334;3823,326;3827,310;3832,324;3836,324;3841,336;3845,314;3849,328;3854,314;3858,340;3862,326;3867,326;3871,318;3875,316;3880,330;3884,314;3888,328;3893,312;3897,334;3901,318;3906,332;3910,316;3915,330;3919,322;3923,320;3928,334;3932,320;3936,334;3941,318;3945,326;3949,324;3954,336;3958,322;3962,336;3967,322;3971,312;3975,326;3980,312;3984,338;3989,310;3993,326;3997,314;4002,342;4006,328;4010,342;4015,326;4019,318;4023,332;4028,316;4032,330;4036,330;4041,328;4045,320;4049,334;4054,318;4058,332;4063,316;4067,322;4071,322;4076,322;4080,334;4084,334;4089,320;4093,326;4097,326;4102,324;4106,324;4110,322;4115,322;4119,328;4123,314;4128,328;4132,312;4137,326;4141,318;4145,332;4150,330;4154,330;4158,328;4163,328;4167,334;4171,318;4176,332;4180,332;4184,330;4189,316;4193,336;4198,322;4202,336;4206,320;4211,320;4215,326;4219,312;4224,338;4228,324;4232,324;4237,322;4241,330;4245,326;4250,342;4254,326;4258,326;4263,324;4267,316;4272,344;4276,330;4280,328;4285,314;4289,334;4293,318;4298,332;4302,318;4306,318;4311,316;4315,322;4319,336;4324,308;4328,320;4332,306;4337,334;4341,326;4346,326;4350,324;4354,324;4359,322;4363,314;4367,328;4372,314;4376,324;4380,312;4385,326;4389,318;4393,332;4398,316;4402,330;4407,314;4411,342;4415,334;4420,334;4424,318;4428,318;4433,330;4437,322;4441,336;4446,320;4450,334;4454,320;4459,334;4463,340;4467,324;4472,324;4476,322;4481,324;4485,322;4489,328;4494,326;4498,326;4502,324;4507,324;4511,330;4515,330;4520,328;4524,314;4528,328;4533,312;4537,332;4541,318;4546,318;4550,316;4555,316;4559,314;4563,306;4568,306;4572,306;4576,320;4581,304;4585,326;4589,310;4594,310;4598,294;4602,308;4607,308;4611,300;4615,312;4620,298;4624,312;4629,296;4633,316;4637,302;4642,316;4646,300;4650,314;4655,298;4659,304;4663,318;4668,302;4672,302;4676,302;4681,314;4685,306;4689,306;4694,304;4698,304;4703,302;4707,310;4711,308;4716,308;4720,322;4724,306;4729,306;4733,312;4737,326;4742,310;4746,324;4750,310;4755,300;4759,314;4764,300;4768,328;4772,312;4777,326;4781,302;4785,316;4790,302;4794,330;4798,314;4803,328;4807,318;4811,306;4816,318;4820,302;4824,316;4829,308;4833,320;4838,304;4842,332;4846,316;4851,316;4855,308;4859,308;4864,320;4868,306;4872,318;4877,304;4881,324;4885,322;4890,322;4894,322;4898,322;4903,312;4907,312;4912,310;4916,296;4920,322;4925,308;4929,314;4933,312;4938,312;4942,312;4946,312;4951,310;4955,316;4959,316;4964,300;4968,314;4973,298;4977,328;4981,302;4986,318;4990,302;4994,316;4999,302;5003,306;5007,306;5012,304;5016,318;5020,304;5025,316;5029,308;5033,308;5038,308;5042,322;5047,306;5051,298;5055,312;5060,298;5064,310;5068,308;5073,308;5077,302;5081,314;5086,314;5090,314;5094,312;5099,312;5103,318;5107,304;5112,304;5116,302;5121,316;5125,308;5129,308;5134,308;5138,322;5142,308;5147,320;5151,326;5155,298;5160,312;5164,310;5168,324;5173,310;5177,330;5181,314;5186,328;5190,314;5195,328;5199,320;5203,304;5208,304;5212,290;5216,316;5221,302;5225,324;5229,308;5234,322;5238,320;5242,320;5247,306;5251,310;5255,310;5260,310;5264,308;5269,308;5273,314;5277,314;5282,314;5286,312;5290,312;5295,310;5299,302;5303,314;5308,314;5312,314;5316,300;5321,312;5325,318;5330,316;5334,304;5338,318;5343,316;5347,308;5351,308;5356,306;5360,318;5364,304;5369,304;5373,310;5377,324;5382,308;5386,322;5390,308;5395,298;5399,312;5404,296;5408,310;5412,294;5417,308;5421,314;5425,326;5430,312;5434,326;5438,310;5443,312;5447,316;5451,316;5456,302;5460,300;5464,314;5469,306;5473,306;5478,304;5482,318;5486,304;5491,316;5495,308;5499,308;5504,308;5508,306;5512,320;5517,304;5521,310;5525,310;5530,308;5534,308;5538,308;5543,308;5547,300;5552,326;5556,298;5560,312;5565,296;5569,330;5573,302;5578,330;5582,314;5586,314;5591,312;5595,304;5599,318;5604,316;5608,316;5612,302;5617,316;5621,306;5626,320;5630,304;5634,318;5639,304;5643,310;5647,322;5652,322;5656,306;5660,306;5665,320;5669,312;5673,310;5678,310;5682,310;5686,308;5691,314;5695,328;5700,314;5704,312;5708,312;5713,312;5717,316;5721,316;5726,300;5730,314;5734,314;5739,314;5743,318;5747,304;5752,304;5756,288;5761,316;5765,308;5769,322;5774,308;5778,320;5782,306;5787,318;5791,310;5795,308;5800,322;5804,308;5808,306;5813,306;5817,326;5821,310;5826,310;5830,294;5835,308;5839,314;5843,300;5848,312;5852,298;5856,298;5861,296;5865,316;5869,302;5874,316;5878,314;5882,300;5887,300;5891,306;5896,306;5900,304;5904,304;5909,302;5913,310;5917,308;5922,308;5926,306;5930,306;5935,306;5939,298;5943,324;5948,296;5952,310;5956,294;5961,322;5965,312;5970,326;5974,310;5978,324;5983,310;5987,302;5991,316;5996,314;6000,314;6004,300;6009,312;6013,304;6017,318;6022,316;6026,316;6030,302;6035,308;6039,320;6044,320;6048,306;6052,304;6057,318;6061,310;6065,310;6070,308;6074,308;6078,306;6083,320;6087,326;6091,326;6096,310;6100,310;6104,310;6109,308;6113,314;6118,300;6122,312;6126,312;6131,310;6135,318;6139,318;6144,316;6148,302;6152,316;6157,300;6161,320;6165,320;6170,320;6174,304;6178,318;6183,296;6187,280;6192,292;6196,278;6200,276;6205,276;6209,296;6213,280;6218,266;6222,280;6226,292;6231,290;6235,268;6239,282;6244,266;6248,266;6252,264;6257,300;6261,284;6266,284;6270,282;6274,268;6279,280;6283,288;6287,286;6292,272;6296,272;6300,270;6305,276;6309,278;6313,290;6318,288;6322,274;6327,288;6331,264;6335,278;6340,264;6344,276;6348,262;6353,276;6357,282;6361,252;6366,280;6370,294;6374,294;6379,272;6383,284;6387,270;6392,282;6396,282;6401,296;6405,288;6409,288;6414,286;6418,286;6422,286;6427,262;6431,276;6435,276;6440,274;6444,288;6448,274;6453,280;6457,294;6462,292;6466,278;6470,292;6475,276;6479,282;6483,282;6488,282;6492,280;6496,280;6501,272;6505,284;6509,284;6514,284;6518,284;6522,282;6527,288;6531,260;6536,272;6540,272;6544,274;6549,272;6553,278;6557,276;6562,276;6566,276;6570,288;6575,274;6579,280;6583,278;6588,278;6592,278;6596,276;\r\nBuffer sent in 0.973 secondsreturn;buffer;965\r\n'), 11:31:44
bytearray(b'received from UR: measure -> measure (0,1)\r\nSTEPPER: Moving to mstep: 6600 with speed [msteps/sec]: 1000 in StealthChop.\r\n'), 11:31:45
bytearray(b'STEPPER: Moving to mstep: 2400 with speed [msteps/sec]: 4000 in SpreadCycle.\r\n'), 11:31:49
bytearray(b'STEPPER: Moved 4200.00 msteps (ramp: 35%) in 1324.888 ms -> average speed [msteps/sec]: 3170.08\r\nreturn;measure;965\r\n'), 11:31:50
bytearray(b'received from UR: buffer -> buffer (0,1)\r\nSending buffer of size 965data;2400,308;2404,458;2408,170;2413,284;2417,310;2421,318;2426,346;2430,316;2434,344;2439,316;2443,322;2447,322;2452,320;2456,332;2460,318;2465,332;2469,324;2474,338;2478,322;2482,336;2487,322;2491,314;2495,326;2500,312;2504,326;2508,310;2513,324;2517,330;2521,330;2526,328;2530,342;2534,326;2539,306;2543,332;2548,318;2552,330;2556,302;2561,330;2565,322;2569,336;2574,320;2578,334;2582,320;2587,334;2591,324;2595,310;2600,324;2604,308;2609,322;2613,322;2617,342;2622,328;2626,342;2630,326;2635,340;2639,332;2643,316;2648,330;2652,316;2656,328;2661,314;2665,336;2669,320;2674,334;2678,332;2683,332;2687,318;2691,310;2696,324;2700,308;2704,322;2709,322;2713,342;2717,326;2722,340;2726,326;2730,340;2735,324;2739,316;2743,330;2748,300;2752,328;2757,312;2761,340;2765,318;2770,346;2774,332;2778,344;2783,316;2787,308;2791,336;2796,306;2800,334;2804,318;2809,332;2813,324;2817,338;2822,324;2826,336;2831,322;2835,314;2839,326;2844,312;2848,326;2852,310;2857,324;2861,316;2865,344;2870,328;2874,342;2878,326;2883,340;2887,332;2891,316;2896,330;2900,316;2905,328;2909,320;2913,334;2918,334;2922,332;2926,318;2931,332;2935,324;2939,308;2944,336;2948,308;2952,334;2957,304;2961,340;2965,324;2970,338;2974,322;2979,336;2983,320;2987,312;2992,326;2996,312;3000,324;3005,310;3009,344;3013,328;3018,342;3022,326;3026,340;3031,326;3035,318;3039,330;3044,316;3048,328;3053,314;3057,328;3061,318;3066,332;3070,318;3074,332;3079,332;3083,308;3087,322;3092,322;3096,320;3100,306;3105,320;3109,324;3114,338;3118,322;3122,338;3127,322;3131,300;3135,328;3140,312;3144,328;3148,312;3153,326;3157,332;3161,332;3166,316;3170,344;3174,328;3179,306;3183,334;3188,318;3192,332;3196,304;3201,330;3205,322;3209,336;3214,322;3218,336;3222,320;3227,348;3231,326;3235,310;3240,324;3244,308;3249,322;3253,322;3257,342;3262,328;3266,342;3270,326;3275,340;3279,332;3283,318;3288,330;3292,316;3296,330;3301,314;3305,336;3309,320;3314,334;3318,332;3323,334;3327,318;3331,310;3336,324;3340,308;3344,322;3349,308;3353,340;3357,326;3362,340;3366,324;3370,338;3375,322;3379,314;3383,328;3388,314;3392,326;3397,312;3401,326;3405,318;3410,344;3414,330;3418,344;3423,328;3427,320;3431,334;3436,306;3440,332;3444,316;3449,330;3453,322;3457,336;3462,320;3466,334;3471,318;3475,310;3479,324;3484,308;3488,322;3492,320;3497,334;3501,326;3505,338;3510,324;3514,336;3518,322;3523,336;3527,328;3531,312;3536,326;3540,310;3545,324;3549,310;3553,332;3558,330;3562,342;3566,328;3571,342;3575,334;3579,304;3584,332;3588,316;3592,330;3597,302;3601,336;3605,320;3610,348;3614,318;3619,346;3623,324;3627,308;3632,322;3636,322;3640,322;3645,306;3649,338;3653,326;3658,338;3662,324;3666,338;3671,322;3675,314;3679,328;3684,312;3688,326;3693,310;3697,324;3701,330;3706,330;3710,328;3714,342;3719,326;3723,304;3727,332;3732,318;3736,330;3740,302;3745,330;3749,322;3754,336;3758,320;3762,334;3767,320;3771,310;3775,324;3780,310;3784,324;3788,308;3793,322;3797,328;3801,342;3806,328;3810,340;3814,326;3819,340;3823,318;3828,316;3832,330;3836,316;3841,330;3845,322;3849,320;3854,320;3858,334;3862,320;3867,332;3871,324;3875,324;3880,324;3884,322;3888,336;3893,336;3897,328;3902,326;3906,326;3910,326;3915,326;3919,330;3923,316;3928,330;3932,314;3936,328;3941,314;3945,334;3949,332;3954,332;3958,318;3962,344;3967,330;3971,306;3976,334;3980,320;3984,332;3989,304;3993,338;3997,322;4002,336;4006,322;4010,336;4015,320;4019,312;4023,324;4028,310;4032,322;4036,308;4041,320;4045,326;4050,340;4054,324;4058,338;4063,322;4067,314;4071,328;4076,314;4080,326;4084,312;4089,326;4093,332;4097,332;4102,316;4106,328;4110,328;4115,328;4119,332;4124,318;4128,332;4132,316;4137,330;4141,322;4145,336;4150,334;4154,334;4158,318;4163,332;4167,324;4171,308;4176,322;4180,308;4184,334;4189,306;4193,340;4198,324;4202,338;4206,322;4211,336;4215,328;4219,314;4224,326;4228,312;4232,326;4237,310;4241,344;4245,330;4250,344;4254,328;4259,342;4263,326;4267,318;4272,332;4276,316;4280,330;4285,316;4289,336;4293,334;4298,334;4302,318;4306,332;4311,330;4315,308;4319,322;4324,306;4328,334;4333,306;4337,332;4341,324;4346,338;4350,322;4354,336;4359,322;4363,312;4367,326;4372,310;4376,324;4380,308;4385,336;4389,328;4394,342;4398,326;4402,340;4407,324;4411,302;4415,330;4420,316;4424,328;4428,314;4433,326;4437,320;4441,334;4446,318;4450,330;4454,316;4459,330;4463,334;4468,320;4472,334;4476,318;4481,332;4485,322;4489,336;4494,322;4498,334;4502,318;4507,334;4511,324;4515,310;4520,324;4524,308;4528,336;4533,306;4537,328;4542,326;4546,326;4550,310;4555,324;4559,314;4563,300;4568,314;4572,298;4576,312;4581,296;4585,330;4589,316;4594,316;4598,314;4602,328;4607,304;4611,290;4616,316;4620,302;4624,314;4629,300;4633,320;4637,318;4642,318;4646,304;4650,330;4655,316;4659,292;4663,306;4668,304;4672,302;4676,288;4681,302;4685,308;4690,320;4694,304;4698,318;4703,316;4707,294;4711,308;4716,292;4720,306;4724,290;4729,318;4733,310;4737,322;4742,308;4746,320;4750,318;4755,296;4759,310;4764,296;4768,322;4772,292;4777,320;4781,312;4785,326;4790,310;4794,324;4798,322;4803,322;4807,312;4811,298;4816,310;4820,294;4824,308;4829,306;4833,326;4838,312;4842,326;4846,310;4851,324;4855,314;4859,300;4864,312;4868,298;4872,312;4877,310;4881,318;4885,316;4890,330;4894,314;4898,328;4903,312;4907,304;4912,318;4916,302;4920,316;4925,300;4929,320;4933,320;4938,320;4942,318;4946,316;4951,316;4955,294;4959,306;4964,292;4968,306;4973,304;4977,324;4981,310;4986,324;4990,308;4994,322;4999,306;5003,298;5007,312;5012,296;5016,310;5020,294;5025,308;5029,314;5033,326;5038,312;5042,326;5047,310;5051,302;5055,300;5060,300;5064,312;5068,298;5073,312;5077,304;5081,316;5086,314;5090,314;5094,312;5099,312;5103,304;5107,288;5112,302;5116,300;5121,314;5125,306;5129,320;5134,304;5138,318;5142,302;5147,316;5151,322;5155,294;5160,320;5164,306;5168,320;5173,292;5177,326;5181,310;5186,324;5190,308;5195,324;5199,314;5203,300;5208,314;5212,298;5216,312;5221,298;5225,332;5229,318;5234,332;5238,316;5242,330;5247,314;5251,306;5256,306;5260,306;5264,304;5269,304;5273,324;5277,310;5282,322;5286,308;5290,322;5295,320;5299,298;5303,312;5308,310;5312,310;5316,296;5321,310;5325,316;5330,316;5334,314;5338,328;5343,314;5347,290;5351,318;5356,304;5360,316;5364,290;5369,316;5373,308;5377,322;5382,308;5386,322;5390,306;5395,298;5399,312;5404,298;5408,310;5412,296;5417,308;5421,316;5425,316;5430,314;5434,328;5438,314;5443,314;5447,306;5451,304;5456,304;5460,290;5465,304;5469,308;5473,308;5478,308;5482,322;5486,306;5491,306;5495,312;5499,296;5504,310;5508,296;5512,308;5517,294;5521,314;5525,314;5530,328;5534,312;5539,326;5543,318;5547,302;5552,316;5556,300;5560,316;5565,300;5569,320;5573,306;5578,334;5582,318;5586,332;5591,316;5595,294;5599,308;5604,292;5608,320;5613,304;5617,324;5621,310;5626,324;5630,308;5634,322;5639,306;5643,298;5647,310;5652,296;5656,310;5660,308;5665,308;5669,314;5673,328;5678,312;5682,324;5687,310;5691,302;5695,314;5700,300;5704,314;5708,312;5713,312;5717,318;5721,318;5726,316;5730,314;5734,314;5739,328;5743,320;5747,292;5752,318;5756,304;5761,318;5765,310;5769,324;5774,308;5778,322;5782,308;5787,322;5791,312;5795,298;5800,312;5804,296;5808,310;5813,296;5817,330;5821,314;5826,316;5830,314;5835,328;5839,304;5843,290;5848,304;5852,302;5856,302;5861,302;5865,322;5869,306;5874,308;5878,306;5882,318;5887,316;5891,296;5896,310;5900,296;5904,308;5909,294;5913,316;5917,314;5922,314;5926,314;5930,326;5935,312;5939,290;5943,318;5948,304;5952,318;5956,288;5961,316;5965,308;5970,322;5974,308;5978,322;5983,306;5987,298;5991,312;5996,296;6000,310;6004,296;6009,308;6013,314;6017,328;6022,314;6026,328;6030,312;6035,304;6039,304;6044,304;6048,304;6052,302;6057,316;6061,308;6065,322;6070,306;6074,320;6078,318;6083,318;6087,310;6091,310;6096,308;6100,294;6105,308;6109,314;6113,314;6118,312;6122,326;6126,312;6131,324;6135,316;6139,302;6144,314;6148,298;6152,314;6157,298;6161,318;6165,318;6170,318;6174,316;6179,316;6183,294;6187,278;6192,292;6196,276;6200,290;6205,274;6209,282;6213,294;6218,294;6222,292;6226,278;6231,284;6235,270;6239,268;6244,268;6248,280;6253,266;6257,286;6261,284;6266,284;6270,282;6274,254;6279,266;6283,274;6287,274;6292,272;6296,272;6300,258;6305,290;6309,290;6313,276;6318,288;6322,274;6327,286;6331,278;6335,278;6340,292;6344,290;6348,276;6353,288;6357,280;6361,294;6366,280;6370,292;6374,278;6379,284;6383,296;6387,282;6392,294;6396,294;6401,280;6405,272;6409,286;6414,284;6418,284;6422,268;6427,252;6431,288;6435,286;6440,286;6444,258;6448,286;6453,278;6457,276;6461,290;6466,288;6470,288;6475,288;6479,266;6483,264;6488,278;6492,262;6496,290;6501,274;6505,280;6509,280;6514,250;6518,264;6522,248;6527,284;6531,268;6536,282;6540,280;6544,266;6549,266;6553,272;6557,284;6562,298;6566,284;6570,284;6575,268;6579,260;6583,288;6588,272;6592,272;6596,272;\r\nBuffer sent in 0.973 secondsreturn;buffer;965\r\n'), 11:31:52
bytearray(b'received from UR: measure -> measure (0,1)\r\nSTEPPER: Moving to mstep: 6600 with speed [msteps/sec]: 1000 in StealthChop.\r\n'), 11:31:53
bytearray(b'STEPPER: Moving to mstep: 2400 with speed [msteps/sec]: 4000 in SpreadCycle.\r\n'), 11:31:58
bytearray(b'STEPPER: Moved 4200.00 msteps (ramp: 35%) in 1324.892 ms -> average speed [msteps/sec]: 3170.07\r\nreturn;measure;965\r\n'), 11:31:59
bytearray(b'received from UR: buffer -> buffer (0,1)\r\nSending buffer of size 965data;2400,308;2404,476;2408,144;2413,272;2417,314;2421,320;2426,334;2430,318;2434,332;2439,318;2443,308;2447,322;2452,322;2456,320;2460,306;2465,320;2469,324;2474,338;2478,322;2482,336;2487,322;2491,312;2495,326;2500,312;2504,324;2508,310;2513,324;2517,330;2521,330;2526,328;2530,342;2534,326;2539,304;2543,332;2548,316;2552,330;2556,302;2561,328;2565,320;2569,334;2574,318;2578,346;2582,330;2587,344;2591,322;2595,308;2600,334;2604,306;2608,332;2613,316;2617,338;2622,322;2626,336;2630,322;2635,336;2639,326;2643,312;2648,324;2652,310;2656,324;2661,322;2665,342;2669,326;2674,340;2678,324;2683,338;2687,324;2691,316;2696,328;2700,314;2704,326;2709,312;2713,332;2717,330;2722,344;2726,328;2730,342;2735,326;2739,318;2743,332;2748,302;2752,330;2757,316;2761,330;2765,320;2770,334;2774,318;2778,346;2783,316;2787,308;2791,334;2796,306;2800,334;2804,318;2809,332;2813,324;2817,338;2822,322;2826,336;2831,320;2835,312;2839,324;2844,310;2848,324;2852,322;2857,322;2861,326;2865,340;2870,326;2874,340;2878,324;2883,338;2887,328;2891,314;2896,326;2900,312;2905,324;2909,316;2913,330;2918,330;2922,342;2926,326;2931,340;2935,332;2939,304;2944,332;2948,316;2952,330;2957,314;2961,336;2965,320;2970,334;2974,318;2979,334;2983,322;2987,308;2992,336;2996,320;3000,334;3005,304;3009,338;3013,324;3018,336;3022,322;3026,334;3031,320;3035,312;3039,324;3044,310;3048,322;3053,308;3057,320;3061,326;3066,340;3070,324;3074,338;3079,324;3083,314;3087,328;3092,312;3096,326;3100,312;3105,324;3109,330;3114,330;3118,328;3122,342;3127,326;3131,302;3135,330;3140,316;3144,328;3148,312;3153,326;3157,332;3161,332;3166,316;3170,344;3174,328;3179,304;3183,332;3188,318;3192,330;3196,302;3201,328;3205,320;3209,346;3214,318;3218,344;3222,330;3227,342;3231,320;3235,318;3240,332;3244,332;3248,316;3253,314;3257,334;3262,320;3266,332;3270,316;3275,344;3279,322;3283,306;3288,334;3292,318;3296,332;3301,316;3305,336;3309,322;3314,334;3318,318;3322,332;3327,330;3331,306;3336,334;3340,318;3344,332;3349,302;3353,336;3357,322;3362,334;3366,318;3370,334;3375,330;3379,308;3383,334;3388,320;3392,332;3396,304;3401,330;3405,322;3410,336;3414,318;3418,332;3423,330;3427,308;3431,322;3436,320;3440,332;3444,316;3449,330;3453,322;3457,334;3462,318;3466,332;3470,330;3475,308;3479,322;3484,320;3488,334;3492,304;3497,332;3501,322;3505,336;3510,320;3514,334;3518,332;3523,332;3527,324;3531,308;3536,336;3540,304;3544,334;3549,318;3553,338;3558,322;3562,336;3566,322;3571,334;3575,326;3579,310;3584,326;3588,308;3592,334;3597,320;3601,340;3605,324;3610,336;3614,322;3619,336;3623,320;3627,312;3632,324;3636,310;3640,322;3645,322;3649,340;3653,326;3658,340;3662,324;3666,336;3671,322;3675,314;3679,326;3684,312;3688,324;3693,324;3697,322;3701,328;3706,340;3710,326;3714,338;3719,324;3723,314;3727,328;3732,312;3736,326;3740,310;3745,324;3749,328;3753,340;3758,326;3762,340;3767,324;3771,316;3775,330;3780,314;3784,328;3788,312;3793,326;3797,316;3801,344;3806,328;3810,340;3814,324;3819,338;3823,330;3827,314;3832,328;3836,312;3841,324;3845,316;3849,344;3854,328;3858,342;3862,328;3867,340;3871,332;3875,318;3880,330;3884,316;3888,328;3893,314;3897,334;3901,332;3906,332;3910,318;3915,330;3919,328;3923,306;3928,334;3932,318;3936,330;3941,302;3945,336;3949,336;3954,334;3958,320;3962,334;3967,320;3971,310;3975,324;3980,308;3984,336;3989,306;3993,334;3997,326;4002,340;4006,324;4010,338;4015,322;4019,328;4023,326;4028,312;4032,324;4036,324;4041,336;4045,314;4050,328;4054,314;4058,340;4063,324;4067,332;4071,330;4076,316;4080,328;4084,314;4089,340;4093,318;4097,318;4102,316;4106,330;4110,328;4115,328;4119,320;4124,318;4128,332;4132,316;4137,330;4141,322;4145,336;4150,334;4154,334;4158,320;4163,334;4167,326;4171,310;4176,324;4180,310;4184,324;4189,308;4193,330;4198,326;4202,340;4206,324;4211,338;4215,330;4219,314;4224,328;4228,314;4232,326;4237,312;4241,346;4245,330;4250,332;4254,316;4258,342;4263,328;4267,306;4272,334;4276,318;4280,332;4285,318;4289,338;4293,324;4298,336;4302,322;4306,334;4311,334;4315,312;4319,326;4324,310;4328,324;4333,308;4337,336;4341,328;4346,340;4350,326;4354,340;4359,324;4363,302;4367,328;4372,314;4376,326;4380,312;4385,324;4389,330;4393,344;4398,328;4402,342;4407,326;4411,318;4415,330;4420,316;4424,328;4428,314;4433,326;4437,318;4441,346;4446,330;4450,344;4454,328;4459,342;4463,332;4467,316;4472,330;4476,314;4481,328;4485,320;4489,334;4494,320;4498,332;4502,316;4507,330;4511,322;4515,306;4520,332;4524,316;4528,332;4533,302;4537,336;4541,320;4546,320;4550,318;4555,318;4559,310;4563,294;4568,308;4572,292;4576,306;4581,290;4585,324;4589,308;4594,322;4598,308;4602,320;4607,318;4611,296;4615,310;4620,296;4624,308;4629,294;4633,306;4637,312;4642,326;4646,310;4650,324;4655,310;4659,300;4663,314;4668,300;4672,312;4676,298;4681,310;4685,302;4689,316;4694,314;4698,314;4703,314;4707,292;4711,304;4716,302;4720,302;4724,288;4729,314;4733,320;4737,316;4742,318;4746,332;4750,316;4755,292;4759,320;4763,306;4768,320;4772,304;4777,318;4781,308;4785,322;4790,308;4794,334;4798,318;4803,334;4807,310;4811,296;4816,308;4820,292;4824,320;4829,304;4833,324;4838,308;4842,336;4846,320;4851,320;4855,310;4859,310;4864,308;4868,294;4872,308;4877,306;4881,326;4885,310;4890,324;4894,322;4898,322;4903,314;4907,312;4912,310;4916,296;4920,310;4925,296;4929,328;4933,314;4938,326;4942,312;4946,324;4951,310;4955,300;4959,314;4964,298;4968,312;4972,296;4977,310;4981,316;4986,330;4990,314;4994,328;4999,312;5003,304;5007,304;5012,288;5016,316;5020,300;5025,314;5029,306;5033,320;5038,318;5042,318;5047,302;5051,294;5055,308;5060,292;5064,306;5068,304;5073,304;5077,310;5081,322;5086,308;5090,308;5094,306;5099,320;5103,312;5107,296;5112,310;5116,294;5121,308;5125,314;5129,314;5134,312;5138,312;5142,310;5147,324;5151,314;5155,300;5160,312;5164,298;5168,310;5173,296;5177,330;5181,314;5186,328;5190,314;5195,328;5199,318;5203,302;5208,316;5212,300;5216,314;5221,298;5225,334;5229,318;5234,332;5238,316;5242,330;5247,314;5251,306;5255,306;5260,304;5264,304;5269,302;5273,322;5277,322;5282,320;5286,318;5290,320;5295,316;5299,294;5303,308;5308,308;5312,308;5316,292;5321,318;5325,310;5330,324;5334,310;5338,324;5343,322;5347,300;5351,314;5356,298;5360,310;5364,296;5369,310;5373,316;5377,316;5382,314;5386,328;5390,312;5395,290;5399,318;5404,302;5408,302;5412,288;5417,314;5421,320;5425,320;5430,304;5434,318;5438,316;5443,316;5447,306;5451,306;5456,304;5460,290;5464,304;5469,310;5473,308;5478,308;5482,320;5486,306;5491,320;5495,310;5499,296;5504,310;5508,292;5512,308;5517,294;5521,314;5525,312;5530,326;5534,310;5539,324;5543,316;5547,300;5552,314;5556,296;5560,312;5565,298;5569,330;5573,316;5578,328;5582,314;5586,328;5591,312;5595,304;5599,316;5604,302;5608,316;5613,300;5617,314;5621,306;5626,334;5630,318;5634,332;5639,316;5643,308;5647,308;5652,294;5656,306;5660,306;5665,304;5669,310;5673,324;5678,322;5682,322;5687,308;5691,300;5695,310;5700,296;5704,310;5708,308;5713,308;5717,312;5721,326;5726,310;5730,324;5734,308;5739,322;5743,312;5747,298;5752,310;5756,296;5761,308;5765,314;5769,328;5774,312;5778,326;5782,310;5787,324;5791,316;5795,300;5800,314;5804,298;5808,312;5813,296;5817,330;5821,316;5826,314;5830,314;5835,326;5839,304;5843,302;5848,302;5852,300;5856,300;5861,298;5865,316;5869,316;5874,316;5878,314;5882,314;5887,312;5891,290;5895,302;5900,300;5904,314;5909,298;5913,318;5917,318;5922,316;5926,314;5930,328;5935,314;5939,290;5943,318;5948,302;5952,316;5956,288;5961,314;5965,320;5970,320;5974,304;5978,332;5983,316;5987,294;5991,320;5996,306;6000,318;6004,290;6009,316;6013,308;6017,322;6022,306;6026,334;6030,318;6035,296;6039,308;6044,308;6048,306;6052,292;6057,304;6061,310;6065,324;6070,308;6074,322;6078,320;6083,318;6087,310;6091,308;6096,308;6100,294;6104,306;6109,312;6113,326;6118,310;6122,324;6126,322;6131,322;6135,312;6139,298;6144,310;6148,296;6152,308;6157,294;6161,314;6165,312;6170,326;6174,310;6178,310;6183,300;6187,286;6192,284;6196,256;6200,296;6205,282;6209,288;6213,286;6218,286;6222,284;6226,284;6231,274;6235,274;6239,272;6244,258;6248,286;6252,284;6257,290;6261,274;6266,260;6270,286;6274,286;6279,282;6283,276;6287,274;6292,274;6296,272;6300,258;6305,284;6309,290;6313,290;6318,274;6322,244;6326,286;6331,278;6335,278;6340,276;6344,276;6348,274;6353,272;6357,292;6361,292;6366,290;6370,288;6374,274;6379,280;6383,294;6387,278;6392,292;6396,290;6401,288;6405,280;6409,294;6414,278;6418,278;6422,274;6427,246;6431,280;6435,280;6440,264;6444,262;6448,290;6453,280;6457,266;6461,280;6466,292;6470,292;6475,292;6479,268;6483,268;6488,266;6492,252;6496,294;6501,278;6505,284;6509,284;6514,254;6518,282;6522,294;6527,286;6531,270;6536,284;6540,268;6544,280;6549,266;6553,286;6557,286;6562,298;6566,282;6570,282;6575,274;6579,258;6583,286;6588,270;6592,284;6596,284;\r\nBuffer sent in 0.973 secondsreturn;buffer;965\r\n'), 11:32:01
bytearray(b'received from UR: measure -> measure (0,1)\r\nSTEPPER: Moving to mstep: 6600 with speed [msteps/sec]: 1000 in StealthChop.\r\n'), 11:32:02
bytearray(b'STEPPER: Moving to mstep: 2400 with speed [msteps/sec]: 4000 in SpreadCycle.\r\n'), 11:32:06
bytearray(b'STEPPER: Moved 4200.00 msteps (ramp: 35%) in 1324.888 ms -> average speed [msteps/sec]: 3170.08\r\nreturn;measure;965\r\n'), 11:32:08
bytearray(b'received from UR: buffer -> buffer (0,1)\r\nSending buffer of size 965data;2400,298;2404,472;2408,142;2413,270;2417,326;2421,318;2426,332;2430,316;2434,330;2439,328;2443,320;2447,320;2452,320;2456,320;2460,318;2465,330;2469,322;2474,336;2478,322;2482,334;2487,320;2491,324;2495,324;2500,324;2504,322;2508,322;2513,322;2517,326;2521,340;2526,326;2530,324;2534,324;2539,336;2543,328;2548,314;2552,314;2556,310;2561,324;2565,330;2569,330;2574,328;2578,342;2582,326;2587,340;2591,318;2595,316;2600,330;2604,316;2608,328;2613,312;2617,334;2622,318;2626,332;2630,318;2635,330;2639,322;2643,322;2648,322;2652,320;2656,320;2661,320;2665,340;2669,324;2674,324;2678,322;2682,336;2687,322;2691,314;2696,326;2700,326;2704,324;2709,310;2713,330;2717,330;2722,330;2726,328;2730,328;2735,328;2739,320;2743,332;2748,318;2752,332;2756,316;2761,330;2765,322;2770,334;2774,318;2778,334;2783,318;2787,310;2791,324;2796,322;2800,322;2804,306;2809,320;2813,312;2817,342;2822,326;2826,340;2830,324;2835,338;2839,330;2844,316;2848,328;2852,328;2857,328;2861,320;2865,332;2870,318;2874,332;2878,316;2883,330;2887,322;2891,320;2896,320;2900,320;2905,332;2909,324;2913,336;2918,336;2922,336;2926,322;2931,334;2935,340;2939,326;2944,324;2948,324;2952,324;2957,322;2961,330;2965,326;2970,328;2974,326;2979,340;2983,326;2987,316;2992,332;2996,316;3000,330;3005,316;3009,336;3013,320;3018,334;3022,334;3026,334;3031,332;3035,310;3039,310;3044,310;3048,338;3053,324;3057,324;3061,316;3066,330;3070,328;3074,328;3079,328;3083,320;3087,334;3092,332;3096,332;3100,318;3105,332;3109,324;3113,338;3118,324;3122,336;3127,322;3131,328;3135,328;3140,314;3144,328;3148,312;3153,340;3157,332;3161,332;3166,330;3170,330;3174,316;3179,344;3183,334;3187,320;3192,320;3196,306;3201,334;3205,324;3209,338;3214,324;3218,338;3222,324;3227,338;3231,328;3235,328;3240,328;3244,314;3248,326;3253,312;3257,332;3261,332;3266,332;3270,332;3275,332;3279,322;3283,308;3288,336;3292,336;3296,334;3301,320;3305,324;3309,326;3314,340;3318,324;3322,336;3327,322;3331,330;3336,328;3340,314;3344,328;3349,312;3353,332;3357,318;3362,332;3366,316;3370,330;3375,330;3379,308;3383,320;3388,306;3392,334;3396,320;3401,332;3405,324;3410,338;3414,322;3418,336;3423,322;3427,328;3431,326;3436,312;3440,326;3444,310;3449,324;3453,330;3457,332;3462,330;3466,330;3471,328;3475,308;3479,332;3484,334;3488,334;3492,318;3497,330;3501,324;3505,338;3510,322;3514,336;3518,322;3523,336;3527,328;3531,312;3536,326;3540,312;3545,338;3549,318;3553,330;3558,316;3562,330;3566,328;3571,342;3575,320;3579,306;3584,332;3588,320;3592,330;3597,316;3601,336;3605,322;3610,336;3614,320;3619,334;3623,318;3627,312;3632,324;3636,310;3640,338;3645,324;3649,330;3653,314;3658,342;3662,326;3666,326;3671,324;3675,330;3679,330;3684,314;3688,314;3693,314;3697,328;3701,318;3706,332;3710,316;3714,332;3719,330;3723,308;3727,320;3732,306;3736,334;3740,318;3745,332;3749,324;3753,324;3758,334;3762,336;3767,322;3771,314;3775,340;3780,326;3784,326;3788,310;3793,324;3797,316;3801,330;3806,328;3810,328;3814,314;3819,328;3823,332;3827,318;3832,318;3836,316;3841,316;3845,322;3849,336;3854,320;3858,332;3862,318;3867,332;3871,324;3875,308;3880,322;3884,308;3888,334;3893,334;3897,326;3901,324;3906,324;3910,338;3915,336;3919,314;3923,314;3928,340;3932,326;3936,326;3941,312;3945,332;3949,330;3954,330;3958,330;3962,330;3967,314;3971,318;3976,334;3980,318;3984,332;3989,318;3993,332;3997,322;4002,336;4006,320;4010,334;4015,334;4019,312;4023,324;4028,310;4032,322;4036,322;4041,322;4045,328;4050,328;4054,326;4058,340;4063,324;4067,316;4071,330;4076,330;4080,328;4084,314;4089,312;4093,318;4097,332;4102,318;4106,330;4110,316;4115,330;4119,334;4124,320;4128,332;4132,304;4137,318;4141,324;4145,338;4150,336;4154,336;4158,334;4163,334;4167,340;4171,326;4176,326;4180,312;4184,324;4189,324;4193,344;4198,328;4202,328;4206,314;4211,342;4215,334;4219,318;4224,330;4228,330;4232,330;4237,314;4241,334;4245,320;4250,332;4254,316;4258,330;4263,330;4267,320;4272,320;4276,320;4280,332;4285,332;4289,324;4293,324;4298,336;4302,336;4306,336;4311,334;4315,312;4319,338;4324,324;4328,336;4332,310;4337,336;4341,326;4346,326;4350,326;4354,326;4359,326;4363,316;4367,330;4372,314;4376,328;4380,312;4385,326;4389,318;4393,346;4398,316;4402,330;4406,316;4411,330;4415,320;4420,318;4424,318;4428,318;4433,332;4437,324;4441,336;4446,322;4450,336;4454,320;4459,334;4463,326;4467,326;4472,324;4476,324;4481,322;4485,322;4489,328;4494,328;4498,328;4502,326;4507,340;4511,330;4515,316;4520,330;4524,328;4528,326;4533,314;4537,334;4541,318;4546,320;4550,304;4555,318;4559,310;4563,310;4568,308;4572,294;4576,306;4581,292;4585,326;4589,312;4594,326;4598,310;4602,310;4607,308;4611,300;4615,314;4620,314;4624,312;4629,312;4633,318;4637,304;4642,318;4646,316;4650,316;4655,302;4659,308;4663,306;4668,292;4672,306;4676,306;4681,304;4685,312;4690,310;4694,310;4698,310;4703,310;4707,302;4711,316;4716,300;4720,300;4724,300;4729,314;4733,306;4737,318;4742,304;4746,318;4750,318;4755,310;4759,310;4764,310;4768,322;4772,308;4777,322;4781,314;4785,328;4790,314;4794,328;4798,312;4803,326;4807,304;4811,304;4816,316;4820,316;4824,302;4829,310;4833,336;4838,306;4842,320;4846,320;4851,332;4855,310;4859,310;4864,296;4868,294;4872,308;4877,308;4881,328;4885,312;4890,326;4894,312;4898,324;4903,308;4907,316;4912,316;4916,314;4920,314;4925,300;4929,320;4933,320;4938,320;4942,306;4946,318;4951,304;4955,310;4959,308;4964,308;4968,308;4972,306;4977,320;4981,312;4986,326;4990,312;4994,326;4999,310;5003,304;5007,316;5012,316;5016,316;5020,300;5025,314;5029,306;5033,320;5038,306;5042,318;5046,304;5051,308;5055,310;5060,310;5064,308;5068,308;5073,308;5077,314;5081,314;5086,312;5090,312;5094,298;5099,312;5103,304;5107,304;5112,302;5116,302;5121,316;5125,308;5129,308;5134,308;5138,322;5142,306;5147,320;5151,312;5155,312;5160,312;5164,310;5168,312;5173,310;5177,330;5181,316;5186,330;5190,314;5195,328;5199,320;5203,306;5208,320;5212,306;5216,318;5221,304;5225,324;5229,310;5234,324;5238,310;5242,324;5247,300;5251,300;5256,300;5260,314;5264,314;5269,314;5273,320;5277,306;5282,318;5286,318;5290,318;5295,318;5299,310;5303,308;5308,308;5312,308;5316,308;5321,320;5325,314;5330,328;5334,312;5338,326;5343,312;5347,304;5351,318;5356,302;5360,316;5364,316;5369,316;5373,308;5377,322;5382,306;5386,320;5390,306;5395,298;5399,312;5404,298;5408,310;5412,296;5417,310;5421,316;5425,316;5430,314;5434,314;5438,300;5443,314;5447,292;5451,290;5456,304;5460,304;5464,304;5469,310;5473,310;5478,310;5482,310;5486,294;5491,308;5495,314;5499,302;5504,314;5508,300;5512,310;5517,298;5521,320;5525,304;5530,304;5534,302;5538,318;5543,310;5547,310;5552,308;5556,308;5560,322;5565,308;5569,314;5573,312;5578,326;5582,312;5586,326;5591,312;5595,302;5599,302;5604,288;5608,302;5613,302;5617,314;5621,308;5626,320;5630,306;5634,320;5639,304;5643,310;5647,310;5652,310;5656,310;5660,310;5665,308;5669,314;5673,314;5678,314;5682,314;5687,312;5691,306;5695,318;5700,304;5704,304;5708,316;5713,316;5717,322;5721,322;5726,322;5730,322;5734,306;5739,320;5743,312;5747,312;5752,312;5756,296;5761,324;5765,302;5769,316;5774,300;5778,328;5782,314;5787,314;5791,318;5795,304;5800,318;5804,290;5808,302;5813,302;5817,322;5821,306;5826,308;5830,306;5835,320;5839,310;5843,310;5848,310;5852,310;5856,308;5861,308;5865,314;5869,312;5874,314;5878,312;5882,312;5887,304;5891,304;5896,304;5900,290;5904,302;5909,302;5913,322;5917,308;5922,322;5926,320;5930,320;5935,318;5939,312;5943,310;5948,310;5952,310;5956,308;5961,310;5965,314;5970,314;5974,314;5978,326;5983,312;5987,318;5991,316;5996,304;6000,316;6004,302;6009,302;6013,308;6017,322;6022,306;6026,320;6030,306;6035,298;6039,312;6044,310;6048,310;6052,310;6057,308;6061,302;6065,316;6070,314;6074,314;6078,312;6083,312;6087,304;6091,304;6096,316;6100,316;6104,314;6109,308;6113,322;6118,306;6122,320;6126,306;6131,318;6135,310;6139,310;6144,310;6148,308;6152,308;6157,308;6161,314;6165,312;6170,312;6174,296;6179,310;6183,302;6187,302;6192,286;6196,272;6200,272;6205,272;6209,306;6213,290;6218,290;6222,274;6226,302;6231,280;6235,278;6239,278;6244,262;6248,276;6253,288;6257,294;6261,280;6266,264;6270,278;6274,292;6279,270;6283,268;6287,282;6292,266;6296,280;6300,264;6305,286;6309,284;6314,284;6318,282;6322,296;6327,294;6331,272;6335,272;6340,270;6344,270;6348,270;6353,282;6357,288;6361,288;6366,274;6370,272;6374,284;6379,264;6383,276;6388,276;6392,276;6396,260;6401,288;6405,280;6409,280;6414,264;6418,278;6422,276;6427,268;6431,268;6435,282;6440,266;6444,266;6448,280;6453,286;6457,284;6462,284;6466,240;6470,282;6475,296;6479,274;6483,274;6488,272;6492,258;6496,286;6501,286;6505,278;6509,278;6514,248;6518,276;6522,290;6527,282;6531,268;6536,268;6540,266;6544,280;6549,280;6553,284;6557,270;6562,286;6566,284;6570,296;6575,274;6579,260;6583,288;6588,272;6592,286;6596,286;\r\nBuffer sent in 0.973 secondsreturn;buffer;965\r\n'), 11:32:10
bytearray(b'received from UR: measure -> measure (0,1)\r\nSTEPPER: Moving to mstep: 6600 with speed [msteps/sec]: 1000 in StealthChop.\r\n'), 11:32:11
bytearray(b'STEPPER: Moving to mstep: 2400 with speed [msteps/sec]: 4000 in SpreadCycle.\r\n'), 11:32:15
bytearray(b'STEPPER: Moved 4200.00 msteps (ramp: 35%) in 1324.888 ms -> average speed [msteps/sec]: 3170.08\r\nreturn;measure;965\r\n'), 11:32:16
bytearray(b'received from UR: buffer -> buffer (0,1)\r\nSending buffer of size 965data;2400,292;2404,458;2408,168;2413,284;2417,312;2421,318;2426,334;2430,318;2434,344;2439,318;2443,324;2447,324;2452,310;2456,324;2460,324;2465,324;2469,316;2474,330;2478,316;2482,330;2487,328;2491,330;2495,322;2500,322;2504,322;2508,322;2513,336;2517,314;2521,326;2526,326;2530,328;2534,326;2539,340;2543,320;2548,306;2552,334;2556,318;2561,332;2565,326;2569,326;2574,326;2578,340;2582,324;2587,340;2591,332;2595,316;2600,332;2604,316;2608,332;2613,330;2617,324;2622,322;2626,338;2630,322;2635,338;2639,330;2643,316;2648,330;2652,316;2656,344;2661,330;2665,322;2669,322;2674,336;2678,322;2683,336;2687,322;2691,312;2696,326;2700,314;2704,340;2709,326;2713,318;2717,318;2722,332;2726,318;2730,332;2735,318;2739,310;2743,338;2748,310;2752,326;2757,310;2761,324;2765,316;2770,330;2774,316;2778,330;2783,314;2787,308;2791,334;2796,320;2800,336;2804,320;2809,320;2813,312;2817,340;2822,326;2826,340;2831,312;2835,318;2839,332;2844,318;2848,332;2852,330;2857,330;2861,322;2865,336;2870,322;2874,336;2878,322;2883,322;2887,328;2891,328;2896,328;2900,312;2905,326;2909,318;2913,332;2918,318;2922,332;2926,318;2931,330;2935,324;2939,322;2944,336;2948,308;2952,322;2957,308;2961,328;2965,328;2970,342;2974,326;2979,340;2983,326;2987,318;2992,332;2996,332;3000,330;3005,316;3009,338;3013,322;3018,336;3022,322;3026,322;3031,322;3035,314;3039,328;3044,314;3048,326;3053,312;3057,326;3061,318;3066,330;3070,318;3074,318;3079,316;3083,324;3087,336;3092,322;3096,322;3100,308;3105,322;3109,328;3113,328;3118,326;3122,326;3127,326;3131,318;3135,332;3140,318;3144,332;3148,318;3153,332;3157,324;3161,338;3166,324;3170,324;3174,322;3179,336;3183,330;3188,314;3192,328;3196,300;3201,328;3205,320;3209,348;3214,320;3218,348;3222,318;3227,346;3231,324;3235,310;3240,324;3244,310;3248,324;3253,310;3257,344;3262,330;3266,342;3270,328;3275,342;3279,320;3283,320;3288,320;3292,320;3296,320;3301,320;3305,328;3309,326;3314,340;3318,326;3322,340;3327,324;3331,318;3336,318;3340,316;3344,318;3349,316;3353,338;3357,324;3362,338;3366,322;3370,336;3375,322;3379,314;3383,328;3388,314;3392,328;3397,312;3401,326;3405,318;3410,332;3414,318;3418,346;3423,332;3427,324;3431,322;3436,308;3440,336;3444,322;3449,334;3453,326;3457,328;3462,324;3466,326;3470,324;3475,324;3479,330;3484,316;3488,330;3492,316;3497,342;3501,320;3505,320;3510,320;3514,334;3518,334;3523,334;3527,326;3531,310;3536,324;3540,310;3544,324;3549,324;3553,344;3558,330;3562,330;3566,314;3571,330;3575,334;3579,320;3584,334;3588,304;3592,332;3597,318;3601,338;3605,324;3610,338;3614,322;3619,338;3623,320;3627,314;3632,328;3636,314;3640,326;3645,312;3649,334;3653,318;3658,332;3662,316;3666,332;3671,316;3675,322;3679,336;3684,336;3688,322;3693,322;3697,334;3701,326;3706,340;3710,326;3714,326;3719,326;3723,318;3727,330;3732,316;3736,330;3740,316;3745,314;3749,322;3753,334;3758,320;3762,334;3767,320;3771,312;3775,326;3780,312;3784,326;3788,324;3793,338;3797,316;3801,332;3806,330;3810,330;3814,316;3819,330;3823,336;3827,322;3832,322;3836,318;3841,334;3845,326;3849,340;3854,326;3858,340;3862,324;3867,324;3871,330;3875,316;3880,330;3884,316;3888,328;3893,314;3897,334;3902,318;3906,334;3910,318;3915,332;3919,324;3923,310;3928,324;3932,310;3936,336;3941,322;3945,328;3949,328;3954,328;3958,326;3962,340;3967,326;3971,302;3976,332;3980,316;3984,330;3989,316;3993,328;3997,322;4002,334;4006,320;4010,334;4015,318;4019,326;4023,326;4028,312;4032,324;4036,324;4041,338;4045,316;4050,326;4054,314;4058,342;4063,326;4067,334;4071,318;4076,318;4080,332;4084,316;4089,330;4093,322;4097,322;4102,320;4106,334;4110,318;4115,332;4119,324;4124,310;4128,324;4132,322;4137,336;4141,328;4145,328;4150,326;4154,326;4158,326;4163,326;4167,330;4171,316;4176,330;4180,314;4184,328;4189,314;4193,334;4198,320;4202,334;4206,318;4211,334;4215,324;4219,310;4224,322;4228,308;4232,322;4237,322;4241,342;4245,326;4250,328;4254,326;4258,338;4263,324;4267,318;4272,330;4276,316;4280,316;4285,314;4289,336;4293,320;4298,334;4302,320;4306,334;4311,320;4315,312;4319,326;4324,324;4328,338;4332,310;4337,322;4341,330;4346,342;4350,328;4354,342;4359,328;4363,306;4367,334;4372,318;4376,334;4380,318;4385,332;4389,324;4393,338;4398,322;4402,336;4406,322;4411,300;4415,326;4420,312;4424,326;4428,312;4433,324;4437,318;4441,332;4446,316;4450,330;4454,314;4459,330;4463,320;4467,320;4472,332;4476,318;4481,332;4485,332;4489,324;4494,322;4498,336;4502,322;4507,336;4511,328;4515,314;4520,328;4524,312;4528,340;4533,312;4537,332;4541,318;4546,332;4550,316;4555,330;4559,322;4563,306;4568,320;4572,306;4576,320;4581,306;4585,314;4589,310;4594,310;4598,310;4602,324;4607,306;4611,300;4615,314;4620,314;4624,314;4629,312;4633,320;4637,304;4642,304;4646,304;4650,318;4655,302;4659,294;4663,308;4668,294;4672,308;4676,306;4681,306;4685,312;4690,312;4694,310;4698,312;4703,310;4707,302;4711,302;4716,300;4720,300;4724,300;4729,314;4733,306;4737,318;4742,318;4746,318;4750,316;4755,294;4759,322;4764,294;4768,320;4772,306;4777,308;4781,312;4785,326;4790,312;4794,326;4798,310;4803,326;4807,316;4811,302;4816,328;4820,314;4824,314;4829,306;4833,320;4838,306;4842,320;4846,304;4851,318;4855,310;4859,310;4864,322;4868,322;4872,308;4877,308;4881,314;4885,314;4890,314;4894,312;4898,326;4903,312;4907,306;4912,318;4916,304;4920,318;4925,316;4929,324;4933,308;4938,308;4942,308;4946,308;4951,308;4955,314;4959,312;4964,298;4968,312;4972,298;4977,312;4981,304;4986,318;4990,304;4994,316;4999,316;5003,294;5007,308;5012,294;5016,306;5020,306;5025,306;5029,312;5033,312;5038,312;5042,312;5047,296;5051,304;5055,316;5060,302;5064,314;5068,316;5073,302;5077,306;5081,306;5086,306;5090,306;5094,304;5099,318;5103,310;5107,296;5112,310;5116,296;5121,310;5125,302;5129,314;5134,314;5138,314;5142,314;5147,312;5151,318;5155,304;5160,318;5164,302;5168,316;5173,300;5177,320;5181,306;5186,320;5190,318;5195,318;5199,310;5203,310;5208,310;5212,308;5216,322;5221,308;5225,328;5229,312;5234,326;5238,310;5242,324;5247,310;5251,302;5255,316;5260,314;5264,314;5269,314;5273,320;5277,304;5282,306;5286,304;5290,318;5295,304;5299,310;5303,322;5308,322;5312,308;5316,306;5321,320;5325,312;5329,312;5334,312;5338,312;5343,310;5347,316;5351,316;5356,302;5360,314;5364,300;5369,314;5373,306;5377,320;5382,306;5386,318;5390,304;5395,296;5399,308;5403,294;5408,308;5412,292;5417,320;5421,312;5425,312;5430,312;5434,312;5438,310;5443,310;5447,316;5451,316;5456,302;5460,300;5464,314;5469,300;5473,308;5478,306;5482,320;5486,306;5491,306;5495,310;5499,298;5504,312;5508,310;5512,308;5517,308;5521,314;5525,314;5530,312;5534,312;5538,312;5543,312;5547,304;5552,316;5556,302;5560,316;5565,300;5569,320;5573,306;5578,320;5582,304;5586,332;5591,314;5595,296;5599,308;5604,294;5608,308;5613,294;5617,322;5621,312;5626,326;5630,312;5634,326;5639,310;5643,304;5647,316;5652,316;5656,314;5660,300;5665,314;5669,320;5673,320;5678,318;5682,318;5687,316;5691,308;5695,322;5700,306;5704,320;5708,320;5713,306;5717,310;5721,324;5726,322;5730,322;5734,322;5739,322;5743,314;5747,298;5752,312;5756,312;5761,324;5765,302;5769,316;5774,314;5778,314;5782,300;5787,314;5791,320;5795,304;5800,318;5804,304;5808,304;5813,288;5817,310;5821,308;5826,322;5830,306;5835,320;5839,312;5843,298;5848,298;5852,296;5856,310;5861,310;5865,316;5869,316;5874,314;5878,300;5882,312;5887,314;5891,304;5895,304;5900,290;5904,302;5909,302;5913,324;5917,308;5922,322;5926,322;5930,322;5935,308;5939,298;5943,312;5948,298;5952,326;5956,298;5961,310;5965,316;5969,318;5974,304;5978,330;5983,314;5987,306;5991,320;5996,306;6000,318;6004,304;6009,316;6013,308;6017,322;6022,308;6026,322;6030,306;6035,320;6039,312;6044,312;6048,310;6052,296;6057,310;6061,316;6065,314;6070,300;6074,314;6078,312;6083,312;6087,318;6091,304;6096,316;6100,302;6104,302;6109,300;6113,320;6118,306;6122,320;6126,304;6131,318;6135,310;6139,294;6144,322;6148,306;6152,320;6157,306;6161,314;6165,312;6170,312;6174,298;6179,310;6183,302;6187,288;6192,302;6196,286;6200,300;6205,272;6209,292;6213,292;6218,292;6222,290;6226,290;6231,268;6235,266;6239,280;6244,280;6248,278;6253,292;6257,268;6261,282;6266,282;6270,294;6274,294;6279,294;6283,272;6287,284;6292,270;6296,270;6300,270;6305,290;6309,288;6313,274;6318,288;6322,288;6327,286;6331,278;6335,278;6340,278;6344,276;6348,262;6353,276;6357,294;6361,296;6366,280;6370,280;6374,292;6379,270;6383,284;6387,284;6392,298;6396,282;6401,282;6405,288;6409,290;6414,286;6418,286;6422,286;6427,286;6431,264;6435,264;6440,276;6444,276;6448,276;6453,282;6457,282;6461,280;6466,294;6470,280;6475,280;6479,270;6483,284;6488,270;6492,270;6496,282;6501,254;6505,288;6509,286;6514,286;6518,272;6522,256;6527,278;6531,276;6535,276;6540,274;6544,274;6549,258;6553,294;6557,278;6562,264;6566,292;6570,292;6575,290;6579,268;6583,266;6588,280;6592,280;6596,278;\r\nBuffer sent in 0.973 secondsreturn;buffer;965\r\n'), 11:32:18
bytearray(b'received from UR: measure -> measure (0,1)\r\nSTEPPER: Moving to mstep: 6600 with speed [msteps/sec]: 1000 in StealthChop.\r\n'), 11:32:19
bytearray(b'STEPPER: Moving to mstep: 2400 with speed [msteps/sec]: 4000 in SpreadCycle.\r\n'), 11:32:23
bytearray(b'STEPPER: Moved 4200.00 msteps (ramp: 35%) in 1324.892 ms -> average speed [msteps/sec]: 3170.07\r\nreturn;measure;965\r\n'), 11:32:25
bytearray(b'received from UR: buffer -> buffer (0,1)\r\nSending buffer of size 965data;2400,310;2404,470;2408,140;2413,282;2417,310;2421,316;2426,344;2430,316;2434,342;2439,314;2443,320;2447,332;2452,318;2456,330;2460,330;2465,330;2469,322;2474,336;2478,320;2482,334;2487,318;2491,324;2495,324;2500,308;2504,322;2508,322;2513,334;2517,326;2521,340;2526,326;2530,340;2534,324;2539,338;2543,330;2548,302;2552,328;2556,314;2561,328;2565,320;2569,334;2574,320;2578,332;2582,318;2587,346;2591,324;2595,308;2600,322;2604,308;2609,336;2613,306;2617,340;2622,324;2626,340;2630,324;2635,338;2639,330;2643,316;2648,330;2652,316;2656,328;2661,314;2665,334;2669,320;2674,332;2678,318;2683,332;2687,322;2691,308;2696,322;2700,320;2704,334;2709,306;2713,338;2717,324;2722,336;2726,322;2730,334;2735,334;2739,310;2743,324;2748,310;2752,324;2757,308;2761,336;2765,328;2770,342;2774,326;2778,340;2783,326;2787,304;2791,330;2796,316;2800,330;2804,300;2809,328;2813,320;2817,334;2822,320;2826,346;2831,318;2835,310;2839,324;2844,324;2848,324;2852,308;2857,322;2861,328;2865,342;2870,326;2874,342;2878,326;2883,340;2887,332;2891,318;2896,332;2900,316;2905,330;2909,322;2913,336;2918,322;2922,334;2926,334;2931,334;2935,326;2939,312;2944,324;2948,310;2952,324;2957,308;2961,330;2965,328;2970,342;2974,328;2979,342;2983,326;2987,318;2992,330;2996,304;3000,332;3005,316;3009,338;3013,322;3018,336;3022,322;3026,336;3031,320;3035,312;3039,326;3044,310;3048,324;3053,310;3057,322;3061,328;3066,342;3070,328;3074,342;3079,326;3083,318;3087,332;3092,316;3096,330;3100,314;3105,330;3109,322;3114,336;3118,334;3122,334;3127,318;3131,310;3135,324;3140,308;3144,336;3148,308;3153,336;3157,326;3161,340;3166,326;3170,340;3174,324;3179,338;3183,330;3188,302;3192,330;3196,314;3201,328;3205,318;3209,348;3214,320;3218,346;3222,318;3227,346;3231,324;3235,308;3240,322;3244,322;3248,322;3253,306;3257,342;3262,326;3266,340;3270,326;3275,340;3279,332;3283,316;3288,330;3292,316;3296,330;3301,314;3305,336;3309,334;3314,334;3318,318;3322,334;3327,332;3331,310;3336,324;3340,308;3344,322;3349,308;3353,342;3357,326;3362,340;3366,326;3370,340;3375,324;3379,316;3383,330;3388,314;3392,328;3396,312;3401,326;3405,332;3410,334;3414,318;3418,344;3423,330;3427,308;3431,320;3436,320;3440,332;3444,318;3449,330;3453,322;3457,336;3462,322;3466,334;3470,320;3475,312;3479,326;3484,310;3488,324;3492,310;3497,322;3501,328;3505,330;3510,328;3514,342;3518,326;3523,340;3527,332;3531,318;3536,332;3540,304;3545,330;3549,316;3553,336;3558,322;3562,336;3566,320;3571,334;3575,326;3579,312;3584,326;3588,310;3592,326;3597,310;3601,344;3605,316;3610,330;3614,328;3619,342;3623,326;3627,320;3632,332;3636,318;3640,330;3645,316;3649,338;3653,322;3658,336;3662,320;3666,334;3671,318;3675,324;3679,324;3684,310;3688,322;3693,322;3697,322;3701,328;3706,340;3710,326;3714,340;3719,324;3723,316;3727,330;3732,314;3736,328;3740,314;3745,328;3749,320;3753,334;3758,332;3762,330;3767,318;3771,310;3775,324;3780,308;3784,334;3788,306;3793,334;3797,326;3801,340;3806,324;3810,338;3814,322;3819,336;3823,328;3828,314;3832,328;3836,314;3841,326;3845,318;3849,334;3854,318;3858,332;3862,318;3867,332;3871,324;3875,308;3880,324;3884,322;3888,322;3893,308;3897,342;3902,328;3906,340;3910,326;3915,340;3919,332;3923,304;3928,332;3932,316;3936,330;3941,302;3945,336;3949,322;3954,336;3958,320;3962,334;3967,320;3971,312;3976,322;3980,310;3984,324;3989,308;3993,322;3997,328;4002,342;4006,326;4010,340;4015,326;4019,332;4023,318;4028,316;4032,330;4036,314;4041,314;4045,320;4050,348;4054,320;4058,346;4063,318;4067,324;4071,322;4076,308;4080,322;4084,322;4089,322;4093,326;4097,340;4102,326;4106,338;4110,324;4115,338;4119,330;4124,316;4128,328;4132,314;4137,328;4141,320;4145,334;4150,334;4154,334;4158,318;4163,332;4167,324;4171,310;4176,322;4180,308;4184,336;4189,306;4193,342;4198,326;4202,340;4206,326;4211,340;4215,332;4219,316;4224,330;4228,316;4232,330;4237,314;4241,336;4245,320;4250,334;4254,318;4258,334;4263,318;4267,310;4272,324;4276,310;4280,322;4285,308;4289,330;4293,328;4298,328;4302,326;4306,340;4311,326;4315,304;4319,332;4324,318;4328,330;4332,302;4337,330;4341,322;4346,334;4350,320;4354,334;4359,332;4363,310;4367,324;4372,308;4376,336;4380,308;4385,334;4389,326;4393,340;4398,326;4402,340;4407,324;4411,302;4415,330;4420,314;4424,328;4428,314;4433,328;4437,320;4441,348;4446,318;4450,346;4454,318;4459,332;4463,322;4467,322;4472,322;4476,320;4481,334;4485,326;4489,340;4494,326;4498,338;4502,324;4507,338;4511,330;4515,314;4520,328;4524,314;4528,328;4533,312;4537,334;4541,318;4546,318;4550,316;4555,318;4559,308;4563,294;4568,308;4572,292;4576,306;4581,292;4585,326;4589,312;4594,326;4598,310;4602,324;4607,310;4611,302;4615,314;4620,300;4624,314;4629,300;4633,320;4637,306;4642,320;4646,304;4650,318;4655,304;4659,296;4663,308;4668,294;4672,308;4676,292;4681,306;4685,312;4689,312;4694,312;4698,312;4703,310;4707,302;4711,316;4716,300;4720,314;4724,298;4729,312;4733,318;4737,318;4742,316;4746,328;4750,316;4755,294;4759,322;4763,306;4768,320;4772,306;4777,320;4781,312;4785,324;4790,296;4794,324;4798,308;4803,322;4807,328;4811,300;4816,312;4820,298;4824,312;4829,298;4833,332;4837,316;4842,330;4846,316;4851,328;4855,308;4859,306;4864,306;4868,304;4872,306;4877,304;4881,324;4885,310;4890,322;4894,308;4898,322;4903,320;4907,298;4912,310;4916,310;4920,308;4925,294;4929,328;4933,314;4938,326;4942,312;4946,326;4951,310;4955,302;4959,314;4964,300;4968,314;4972,298;4977,314;4981,318;4986,318;4990,316;4994,330;4999,314;5003,292;5007,306;5012,306;5016,304;5020,290;5025,304;5029,310;5033,322;5038,308;5042,322;5047,306;5051,298;5055,312;5060,296;5064,310;5068,294;5073,308;5077,314;5081,314;5086,312;5090,312;5094,312;5099,290;5103,302;5107,302;5112,302;5116,286;5121,314;5125,320;5129,320;5134,318;5138,318;5142,318;5147,316;5151,308;5155,308;5160,322;5164,306;5168,320;5173,306;5177,326;5181,296;5186,310;5190,310;5195,324;5199,316;5203,300;5208,314;5212,298;5216,312;5221,298;5225,332;5229,316;5234,330;5238,316;5242,330;5247,314;5251,294;5255,306;5260,306;5264,306;5269,304;5273,326;5277,310;5282,324;5286,310;5290,324;5295,310;5299,302;5303,314;5308,300;5312,314;5316,298;5321,312;5325,318;5329,320;5334,318;5338,318;5343,316;5347,296;5351,308;5356,294;5360,308;5364,294;5369,308;5373,314;5377,328;5382,312;5386,326;5390,310;5395,290;5399,316;5403,302;5408,302;5412,288;5417,314;5421,308;5425,320;5430,306;5434,320;5438,318;5443,318;5447,310;5451,296;5456,308;5460,294;5464,306;5469,292;5473,314;5477,312;5482,312;5486,312;5491,312;5495,304;5499,302;5504,302;5508,288;5512,302;5517,300;5521,320;5525,308;5530,320;5534,320;5538,320;5543,312;5547,298;5552,310;5556,296;5560,310;5565,296;5569,330;5573,316;5578,330;5582,314;5586,330;5591,314;5595,306;5599,320;5604,292;5608,320;5613,306;5617,306;5621,312;5626,326;5630,310;5634,324;5639,310;5643,302;5647,314;5652,300;5656,314;5660,300;5665,312;5669,306;5673,320;5678,318;5682,318;5687,318;5691,310;5695,310;5700,296;5704,308;5708,308;5713,308;5717,314;5721,328;5726,314;5730,328;5734,312;5739,326;5743,318;5747,290;5752,318;5756,302;5761,316;5765,308;5769,322;5774,308;5778,322;5782,306;5787,320;5791,312;5795,298;5800,310;5804,296;5808,310;5813,294;5817,328;5821,314;5826,314;5830,312;5835,326;5839,304;5843,304;5848,304;5852,302;5856,302;5861,300;5865,322;5869,306;5874,318;5878,306;5882,320;5887,318;5891,296;5895,310;5900,296;5904,308;5909,294;5913,316;5917,314;5922,314;5926,312;5930,326;5935,312;5939,290;5943,318;5948,302;5952,316;5956,288;5961,316;5965,308;5969,322;5974,308;5978,322;5983,306;5987,298;5991,312;5996,298;6000,312;6004,296;6009,310;6013,316;6017,330;6022,316;6026,330;6030,314;6035,294;6039,306;6044,306;6048,304;6052,292;6057,304;6061,312;6065,326;6070,310;6074,324;6078,310;6083,324;6087,316;6091,300;6096,314;6100,300;6104,312;6109,298;6113,320;6118,318;6122,318;6126,316;6131,316;6135,308;6139,294;6144,308;6148,292;6152,320;6157,306;6161,312;6165,312;6170,326;6174,310;6179,310;6183,302;6187,286;6192,286;6196,258;6200,300;6205,284;6209,292;6213,276;6218,248;6222,274;6226,288;6231,288;6235,294;6239,294;6244,266;6248,280;6253,278;6257,298;6261,282;6266,282;6270,282;6274,282;6279,280;6283,272;6287,286;6292,272;6296,270;6300,270;6305,290;6309,288;6313,274;6318,288;6322,286;6327,286;6331,278;6335,292;6340,262;6344,290;6348,262;6353,276;6357,282;6361,282;6366,280;6370,294;6374,280;6379,286;6383,300;6387,284;6392,284;6396,284;6401,296;6405,274;6409,260;6414,274;6418,288;6422,274;6427,272;6431,280;6435,264;6440,292;6444,278;6448,276;6453,284;6457,256;6461,282;6466,296;6470,282;6475,294;6479,272;6483,258;6488,286;6492,272;6496,286;6501,272;6505,262;6509,276;6514,276;6518,276;6522,260;6527,282;6531,266;6536,280;6540,266;6544,280;6549,278;6553,272;6557,286;6562,272;6566,284;6570,298;6575,282;6579,288;6583,288;6588,288;6592,288;6596,272;\r\nBuffer sent in 0.973 secondsreturn;buffer;965\r\n'), 11:32:27
bytearray(b'received from UR: home -> home (0,1)\r\nSTEPPER: Moving to mstep: 0 with speed [msteps/sec]: 4000 in SpreadCycle.\r\n'), 11:32:28
bytearray(b'STEPPER: Moved 2400.00 msteps (ramp: 35%) in 813.424 ms -> average speed [msteps/sec]: 2950.49\r\nreturn;home;1\r\n'), 11:32:29
