bytearray(b'STEPPER: Moving to mstep: 2400 with speed [msteps/sec]: 4000 in SpreadCycle.\r\n'), 11:28:59
bytearray(b'STEPPER: Moved 2400.00 msteps (ramp: 35%) in 812.832 ms -> average speed [msteps/sec]: 2952.64\r\n'), 11:28:59
bytearray(b'received from UR: status -> status (0,1)\r\n*** STATUS ***\r\nid        :         3 -\r\nstep      :      2400 steps\r\nspeed     :      1500 msteps/s\r\nmspeed    :      1000 msteps/s\r\nsg-thrs   :        80 -\r\ndefault   :     12000 \xc2\xb5m\r\ndispense  :     30350 \xc2\xb5m\r\nblowout   :     33000 \xc2\xb5m\r\nd-offset  :        20 \xc2\xb5m\r\nur0       :         0 -\r\nur1       :         1 -\r\nhomed     :         1 -\r\nreturn;status;2400\r\n'), 11:29:01
bytearray(b'received from UR: measure -> measure (0,1)\r\nSTEPPER: Moving to mstep: 6600 with speed [msteps/sec]: 1000 in StealthChop.\r\n'), 11:29:02
bytearray(b'STEPPER: Moving to mstep: 2400 with speed [msteps/sec]: 4000 in SpreadCycle.\r\n'), 11:29:07
bytearray(b'STEPPER: Moved 4200.00 msteps (ramp: 35%) in 1324.888 ms -> average speed [msteps/sec]: 3170.08\r\nreturn;measure;965\r\n'), 11:29:08
bytearray(b'received from UR: buffer -> buffer (0,1)\r\nSending buffer of size 965data;2400,126;2404,454;2408,238;2413,294;2417,322;2421,328;2426,342;2430,328;2434,340;2439,326;2443,304;2447,318;2452,318;2456,332;2460,318;2465,330;2469,322;2474,336;2478,322;2482,322;2487,322;2491,328;2495,328;2500,314;2504,326;2508,326;2513,328;2517,320;2521,334;2526,318;2530,334;2534,318;2539,332;2543,326;2548,310;2552,324;2556,310;2561,324;2565,330;2569,330;2574,316;2578,330;2582,314;2587,330;2591,336;2595,322;2600,336;2604,322;2609,336;2613,308;2617,342;2622,328;2626,328;2630,314;2635,328;2639,320;2643,334;2648,334;2652,320;2656,318;2661,304;2665,326;2669,324;2674,338;2678,324;2683,324;2687,316;2691,302;2696,316;2700,314;2704,328;2709,314;2713,336;2717,320;2722,334;2726,320;2730,334;2735,320;2739,326;2743,324;2748,310;2752,324;2757,324;2761,338;2765,330;2770,330;2774,316;2778,330;2783,328;2787,320;2791,334;2796,306;2800,320;2804,320;2809,334;2813,326;2817,340;2822,326;2826,340;2831,324;2835,318;2839,330;2844,316;2848,330;2852,316;2857,330;2861,322;2865,336;2870,322;2874,334;2878,320;2883,334;2887,326;2891,326;2896,326;2900,326;2905,326;2909,318;2913,332;2918,318;2922,332;2926,330;2931,330;2935,322;2939,308;2944,322;2948,322;2952,334;2957,320;2961,328;2965,326;2970,340;2974,326;2979,340;2983,324;2987,316;2992,316;2996,316;3000,330;3005,302;3009,336;3013,322;3018,336;3022,322;3026,336;3031,322;3035,314;3040,314;3044,314;3048,328;3053,314;3057,334;3061,320;3066,334;3070,320;3074,334;3079,320;3083,312;3087,312;3092,312;3096,326;3100,308;3105,312;3109,318;3114,332;3118,318;3122,332;3127,332;3131,310;3135,324;3140,324;3144,338;3148,310;3153,324;3157,316;3161,330;3166,330;3170,330;3174,316;3179,308;3183,322;3188,322;3192,336;3196,322;3201,322;3205,314;3209,328;3214,314;3218,342;3222,326;3227,342;3231,320;3235,320;3240,332;3244,318;3248,318;3253,318;3257,338;3262,324;3266,338;3270,324;3275,338;3279,316;3283,316;3288,316;3292,316;3296,330;3301,328;3305,336;3309,320;3314,334;3318,320;3322,334;3327,334;3331,326;3336,326;3340,310;3344,324;3349,310;3353,332;3357,330;3362,344;3366,330;3370,330;3375,314;3379,322;3383,336;3388,320;3392,322;3396,306;3401,320;3405,326;3410,340;3414,326;3418,340;3423,324;3427,316;3431,316;3436,316;3440,330;3444,314;3449,314;3453,322;3457,334;3462,320;3466,334;3470,320;3475,312;3479,326;3484,312;3488,324;3492,310;3497,324;3501,330;3505,330;3510,316;3514,330;3518,316;3523,330;3527,336;3531,322;3536,322;3540,308;3544,322;3549,314;3553,342;3558,328;3562,328;3566,314;3571,342;3575,320;3579,318;3584,334;3588,304;3592,332;3597,318;3601,340;3605,324;3610,338;3614,324;3619,338;3623,322;3627,314;3632,314;3636,314;3640,328;3645,328;3649,348;3653,320;3658,334;3662,318;3666,332;3671,332;3675,324;3679,324;3684,310;3688,324;3693,324;3697,336;3701,330;3706,330;3710,316;3714,330;3719,330;3723,320;3727,334;3732,306;3736,320;3740,320;3745,334;3749,326;3754,326;3758,326;3762,326;3767,324;3771,316;3775,330;3780,316;3784,328;3788,316;3793,330;3797,322;3801,336;3806,320;3810,336;3814,320;3819,334;3823,326;3828,326;3832,324;3836,310;3841,324;3845,332;3849,332;3854,316;3858,330;3862,330;3867,330;3871,322;3875,306;3880,320;3884,306;3888,334;3893,320;3897,326;3902,326;3906,326;3910,324;3915,324;3919,330;3923,316;3928,328;3932,314;3936,328;3941,312;3945,334;3949,334;3954,332;3958,318;3962,332;3967,318;3971,310;3976,338;3980,324;3984,336;3989,308;3993,330;3997,314;4002,328;4006,314;4010,340;4015,326;4019,318;4023,318;4028,318;4032,318;4036,330;4041,330;4045,322;4050,336;4054,322;4058,336;4063,322;4067,328;4071,328;4076,328;4080,326;4084,312;4089,326;4093,318;4097,334;4102,318;4106,332;4110,318;4115,332;4119,324;4124,324;4128,336;4132,322;4137,322;4141,316;4145,328;4150,328;4154,328;4158,312;4163,326;4167,318;4171,318;4176,332;4180,316;4184,330;4189,316;4193,336;4198,322;4202,336;4206,320;4211,334;4215,326;4219,326;4224,326;4228,326;4232,326;4237,310;4241,332;4245,316;4250,344;4254,316;4259,330;4263,314;4267,322;4272,322;4276,322;4280,334;4285,320;4289,328;4293,326;4298,326;4302,326;4306,338;4311,324;4315,316;4319,330;4324,316;4328,330;4333,300;4337,328;4341,320;4346,334;4350,320;4354,334;4359,318;4363,310;4367,324;4372,324;4376,338;4380,322;4385,322;4389,314;4393,328;4398,314;4402,342;4407,326;4411,318;4415,332;4420,318;4424,332;4428,318;4433,316;4437,310;4441,322;4446,308;4450,322;4454,308;4459,322;4463,328;4467,314;4472,312;4476,312;4481,312;4485,318;4489,320;4494,318;4498,332;4502,318;4507,332;4511,310;4515,310;4520,324;4524,308;4528,322;4533,294;4537,328;4542,314;4546,328;4550,312;4555,326;4559,304;4563,304;4568,318;4572,304;4576,304;4581,304;4585,324;4589,310;4594,324;4598,310;4602,322;4607,308;4611,314;4616,314;4620,314;4624,314;4629,298;4633,320;4637,306;4642,320;4646,304;4650,318;4655,302;4659,310;4663,310;4668,310;4672,310;4676,308;4681,308;4685,314;4690,314;4694,314;4698,314;4703,298;4707,306;4711,306;4716,318;4720,318;4724,304;4729,318;4733,310;4737,324;4742,310;4746,310;4750,308;4755,302;4759,314;4764,300;4768,314;4772,300;4777,312;4781,320;4785,334;4790,318;4794,332;4798,318;4803,332;4807,310;4811,310;4816,324;4820,310;4824,308;4829,308;4833,328;4838,314;4842,328;4846,314;4851,328;4855,306;4859,306;4864,318;4868,304;4872,304;4877,304;4881,324;4885,310;4890,324;4894,324;4899,324;4903,316;4907,302;4912,314;4916,314;4920,328;4925,314;4929,320;4933,306;4938,320;4942,318;4946,318;4951,304;4955,298;4959,310;4964,310;4968,324;4973,308;4977,316;4981,314;4986,328;4990,314;4994,328;4999,312;5003,304;5007,306;5012,290;5016,304;5020,304;5025,304;5029,310;5033,324;5038,308;5042,322;5047,308;5051,300;5055,314;5060,300;5064,300;5068,312;5073,312;5077,304;5081,304;5086,304;5090,318;5094,304;5099,304;5103,310;5107,296;5112,308;5116,294;5121,308;5125,314;5129,328;5134,314;5138,328;5142,314;5147,328;5151,320;5155,290;5160,318;5164,304;5168,318;5173,302;5177,324;5181,322;5186,322;5190,308;5195,336;5199,312;5203,298;5208,312;5212,312;5216,312;5221,298;5225,332;5229,316;5234,316;5238,302;5242,316;5247,302;5251,320;5255,320;5260,320;5264,320;5269,304;5273,326;5277,326;5282,326;5286,310;5290,324;5295,310;5299,316;5303,316;5308,300;5312,314;5316,314;5321,314;5325,306;5330,320;5334,318;5338,318;5343,318;5347,310;5351,310;5356,296;5360,310;5364,294;5369,310;5373,314;5377,314;5382,300;5386,314;5390,312;5395,292;5399,320;5404,304;5408,318;5412,304;5417,318;5421,308;5425,324;5430,308;5434,308;5438,294;5443,308;5447,314;5451,314;5456,314;5460,314;5465,312;5469,304;5473,320;5478,304;5482,304;5486,304;5491,318;5495,310;5499,310;5504,310;5508,308;5512,308;5517,294;5521,316;5525,314;5530,328;5534,312;5539,326;5543,318;5547,290;5552,318;5556,304;5560,318;5565,302;5569,324;5573,310;5578,324;5582,310;5586,322;5591,308;5595,314;5599,328;5604,312;5608,312;5613,298;5617,318;5621,318;5626,316;5630,302;5634,316;5639,314;5643,320;5647,320;5652,320;5656,320;5660,304;5665,318;5669,312;5673,310;5678,310;5682,324;5687,310;5691,302;5695,316;5700,302;5704,314;5708,314;5713,314;5717,318;5721,320;5726,320;5730,320;5734,318;5739,318;5743,310;5747,296;5752,308;5756,296;5761,308;5765,314;5769,328;5774,314;5778,328;5782,314;5787,328;5791,306;5795,292;5800,304;5804,304;5808,304;5813,290;5817,324;5821,308;5826,324;5830,308;5835,322;5839,314;5843,300;5848,300;5852,298;5856,300;5861,298;5865,320;5869,318;5874,318;5878,304;5882,318;5887,316;5891,294;5896,308;5900,308;5904,308;5909,308;5913,314;5917,312;5922,314;5926,312;5930,326;5935,312;5939,302;5943,316;5948,302;5952,316;5956,316;5961,330;5965,304;5970,322;5974,306;5978,320;5983,306;5987,312;5991,312;5996,296;6000,310;6004,296;6009,324;6013,316;6017,316;6022,302;6026,330;6031,314;6035,306;6039,306;6044,292;6048,292;6052,290;6057,276;6061,296;6065,296;6070,296;6074,280;6078,294;6083,272;6087,272;6091,270;6096,272;6100,284;6105,284;6109,290;6113,290;6118,290;6122,290;6126,288;6131,302;6135,280;6139,266;6144,278;6148,278;6152,278;6157,264;6161,284;6165,284;6170,282;6174,282;6179,296;6183,274;6187,274;6192,274;6196,272;6200,272;6205,258;6209,294;6213,278;6218,292;6222,278;6226,262;6231,284;6235,282;6239,282;6244,282;6248,280;6253,280;6257,272;6261,272;6266,244;6270,272;6274,286;6279,284;6283,278;6287,290;6292,276;6296,276;6300,248;6305,296;6309,282;6313,282;6318,282;6322,266;6327,266;6331,260;6335,274;6340,272;6344,272;6348,258;6353,286;6357,292;6361,292;6366,278;6370,276;6374,262;6379,268;6383,282;6387,268;6392,268;6396,254;6401,282;6405,288;6409,288;6414,272;6418,272;6422,272;6427,244;6431,278;6435,278;6440,278;6444,276;6448,276;6453,282;6457,282;6462,280;6466,280;6470,280;6475,266;6479,286;6483,286;6488,284;6492,286;6496,284;6501,276;6505,290;6509,290;6514,276;6518,274;6522,274;6527,280;6531,266;6536,280;6540,264;6544,278;6549,264;6553,270;6557,284;6562,298;6566,284;6570,282;6575,274;6579,274;6583,272;6588,258;6592,272;6597,272;\r\nBuffer sent in 0.973 secondsreturn;buffer;965\r\n'), 11:29:10
bytearray(b'received from UR: measure -> measure (0,1)\r\nSTEPPER: Moving to mstep: 6600 with speed [msteps/sec]: 1000 in StealthChop.\r\n'), 11:29:11
bytearray(b'STEPPER: Moving to mstep: 2400 with speed [msteps/sec]: 4000 in SpreadCycle.\r\n'), 11:29:15
bytearray(b'STEPPER: Moved 4200.00 msteps (ramp: 35%) in 1324.888 ms -> average speed [msteps/sec]: 3170.08\r\nreturn;measure;965\r\n'), 11:29:17
bytearray(b'received from UR: buffer -> buffer (0,1)\r\nSending buffer of size 965data;2400,296;2404,452;2408,164;2413,278;2417,320;2421,326;2426,340;2430,326;2434,338;2439,324;2443,330;2447,328;2452,314;2456,326;2460,326;2465,326;2469,318;2473,332;2478,330;2482,330;2487,328;2491,322;2495,336;2500,334;2504,334;2508,320;2513,332;2517,324;2521,324;2526,324;2530,336;2534,322;2539,322;2543,328;2548,314;2552,340;2556,326;2561,326;2565,318;2569,332;2574,318;2578,332;2582,316;2587,330;2591,322;2595,308;2600,322;2604,322;2608,322;2613,320;2617,340;2622,326;2626,340;2630,324;2635,326;2639,330;2643,330;2648,330;2652,316;2656,328;2661,328;2665,334;2669,320;2674,334;2678,318;2682,332;2687,332;2691,324;2696,324;2700,322;2704,322;2709,308;2713,334;2717,326;2722,326;2726,324;2730,326;2735,324;2739,330;2743,330;2748,316;2752,328;2756,314;2761,342;2765,320;2770,334;2774,316;2778,332;2783,318;2787,324;2791,338;2796,310;2800,324;2804,322;2809,336;2813,316;2817,330;2822,328;2826,328;2830,326;2835,306;2839,318;2844,318;2848,332;2852,318;2857,316;2861,322;2865,336;2870,322;2874,336;2878,320;2883,334;2887,326;2891,326;2896,326;2900,324;2904,324;2909,326;2913,332;2918,316;2922,330;2926,330;2931,330;2935,322;2939,306;2944,334;2948,320;2952,334;2957,320;2961,326;2965,326;2970,326;2974,324;2979,338;2983,324;2987,312;2992,316;2996,316;3000,344;3005,328;3009,336;3013,320;3018,334;3022,320;3026,334;3031,322;3035,326;3039,326;3044,326;3048,326;3053,326;3057,326;3061,318;3066,332;3070,318;3074,332;3079,332;3083,324;3087,324;3092,310;3096,322;3100,308;3105,336;3109,328;3113,328;3118,326;3122,326;3127,326;3131,318;3135,330;3140,316;3144,328;3148,314;3153,314;3157,320;3161,334;3166,318;3170,332;3174,318;3179,332;3183,336;3187,322;3192,336;3196,320;3201,334;3205,314;3209,326;3214,326;3218,340;3222,324;3227,338;3231,316;3235,316;3240,328;3244,314;3248,328;3253,312;3257,334;3261,334;3266,334;3270,332;3275,332;3279,324;3283,310;3288,324;3292,324;3296,322;3301,322;3305,328;3309,328;3314,328;3318,326;3322,326;3327,326;3331,318;3335,332;3340,318;3344,330;3349,316;3353,316;3357,320;3362,336;3366,320;3370,334;3375,320;3379,326;3383,326;3388,312;3392,324;3396,310;3401,338;3405,316;3410,330;3414,316;3418,330;3423,328;3427,320;3431,320;3436,306;3440,318;3444,318;3449,332;3453,324;3457,338;3462,324;3466,338;3470,322;3475,336;3479,328;3484,314;3488,328;3492,312;3497,326;3501,318;3505,332;3510,316;3514,330;3518,316;3523,330;3527,336;3531,322;3536,334;3540,320;3544,318;3549,320;3553,340;3558,326;3562,326;3566,324;3571,338;3575,330;3579,316;3584,330;3588,302;3592,316;3597,316;3601,336;3605,322;3610,336;3614,320;3619,334;3623,320;3627,326;3632,326;3636,326;3640,326;3645,326;3649,332;3653,318;3658,332;3662,332;3666,332;3671,330;3675,308;3679,322;3684,322;3688,322;3693,322;3697,322;3701,328;3706,328;3710,314;3714,328;3719,328;3723,320;3727,332;3732,320;3736,334;3740,318;3745,318;3749,324;3753,340;3758,324;3762,324;3767,324;3771,316;3775,330;3780,330;3784,330;3788,316;3793,330;3797,322;3801,336;3806,322;3810,336;3814,320;3819,334;3823,326;3827,326;3832,326;3836,310;3841,324;3845,324;3849,332;3854,332;3858,332;3862,330;3867,330;3871,336;3875,322;3880,322;3884,322;3888,322;3893,322;3897,328;3901,314;3906,342;3910,326;3915,326;3919,326;3923,318;3928,332;3932,318;3936,332;3941,318;3945,326;3949,324;3954,324;3958,324;3962,338;3967,324;3971,316;3975,330;3980,330;3984,330;3989,314;3993,328;3997,334;4002,336;4006,320;4010,334;4015,320;4019,326;4023,326;4028,326;4032,324;4036,310;4041,324;4045,330;4049,344;4054,330;4058,344;4063,328;4067,306;4071,320;4076,320;4080,334;4084,320;4089,334;4093,326;4097,326;4102,324;4106,324;4110,324;4115,338;4119,330;4124,316;4128,316;4132,314;4137,328;4141,320;4145,334;4150,320;4154,334;4158,320;4163,332;4167,324;4171,324;4176,324;4180,310;4184,322;4189,322;4193,328;4198,328;4202,342;4206,312;4211,340;4215,332;4219,318;4224,330;4228,328;4232,330;4237,316;4241,336;4245,322;4250,336;4254,320;4258,334;4263,320;4267,326;4272,326;4276,324;4280,324;4285,324;4289,330;4293,330;4298,330;4302,328;4306,328;4311,328;4315,318;4319,334;4324,318;4328,318;4332,318;4337,332;4341,324;4346,324;4350,322;4354,336;4359,336;4363,314;4367,328;4372,312;4376,340;4380,326;4385,326;4389,318;4393,332;4398,316;4402,344;4406,316;4411,310;4415,324;4420,322;4424,322;4428,322;4433,322;4437,314;4441,328;4446,314;4450,328;4454,312;4459,328;4463,320;4467,320;4472,318;4476,306;4480,318;4485,312;4489,326;4494,310;4498,324;4502,310;4507,324;4511,316;4515,316;4520,316;4524,316;4528,316;4533,302;4537,322;4541,308;4546,322;4550,306;4554,308;4559,314;4563,298;4568,326;4572,312;4576,312;4581,312;4585,318;4589,304;4594,318;4598,316;4602,330;4607,316;4611,308;4615,308;4620,306;4624,320;4629,320;4633,312;4637,312;4642,326;4646,310;4650,324;4655,310;4659,302;4663,314;4668,300;4672,300;4676,300;4681,314;4685,304;4689,304;4694,304;4698,318;4703,316;4707,310;4711,308;4716,308;4720,308;4724,308;4729,322;4733,314;4737,314;4742,312;4746,314;4750,312;4755,304;4759,332;4764,318;4768,318;4772,304;4777,316;4781,308;4785,322;4790,308;4794,322;4798,306;4803,322;4807,312;4811,312;4816,326;4820,312;4824,310;4829,310;4833,330;4838,316;4842,330;4846,314;4851,328;4855,320;4859,306;4864,318;4868,304;4872,304;4877,318;4881,324;4885,310;4890,322;4894,308;4898,322;4903,308;4907,312;4912,314;4916,312;4920,312;4925,312;4929,318;4933,318;4938,318;4942,302;4946,316;4951,316;4955,308;4959,322;4964,306;4968,320;4972,306;4977,306;4981,312;4986,326;4990,310;4994,324;4999,310;5003,316;5007,314;5012,300;5016,312;5020,312;5025,298;5029,304;5033,318;5038,304;5042,318;5046,302;5051,310;5055,308;5060,308;5064,308;5068,308;5073,306;5077,312;5081,312;5086,298;5090,312;5094,312;5099,312;5103,304;5107,304;5112,302;5116,302;5121,316;5125,308;5129,322;5134,308;5138,320;5142,306;5147,320;5151,326;5155,312;5160,324;5164,310;5168,322;5173,294;5177,330;5181,314;5186,328;5190,314;5195,328;5199,320;5203,292;5208,306;5212,306;5216,318;5221,304;5225,326;5229,310;5234,324;5238,310;5242,324;5247,308;5251,314;5255,314;5260,314;5264,312;5269,312;5273,320;5277,318;5282,318;5286,318;5290,318;5295,316;5299,310;5303,308;5308,322;5312,320;5316,306;5321,306;5325,312;5330,326;5334,312;5338,312;5343,310;5347,318;5351,318;5356,302;5360,316;5364,302;5369,302;5373,308;5377,322;5382,308;5386,322;5390,308;5395,286;5399,300;5404,312;5408,312;5412,312;5417,312;5421,304;5425,318;5430,304;5434,318;5438,316;5443,318;5447,294;5451,294;5456,308;5460,308;5464,308;5469,306;5473,314;5478,312;5482,312;5486,312;5491,310;5495,304;5499,302;5504,316;5508,302;5512,314;5517,302;5521,322;5525,308;5530,320;5534,306;5538,320;5543,306;5547,312;5552,326;5556,310;5560,324;5565,310;5569,316;5573,314;5578,328;5582,314;5586,328;5591,312;5595,306;5599,304;5604,304;5608,318;5612,316;5617,316;5621,308;5626,322;5630,308;5634,320;5639,306;5643,312;5647,312;5652,312;5656,310;5660,310;5665,310;5669,316;5673,316;5678,314;5682,314;5687,314;5691,306;5695,320;5700,320;5704,318;5708,304;5713,318;5717,310;5721,324;5726,308;5730,308;5734,308;5739,300;5743,328;5747,314;5752,314;5756,300;5761,314;5765,306;5769,320;5774,304;5778,318;5782,304;5787,318;5791,310;5795,310;5800,310;5804,308;5808,308;5813,294;5817,328;5822,314;5826,328;5830,312;5835,326;5839,304;5843,304;5848,304;5852,302;5856,302;5861,302;5865,322;5869,308;5874,308;5878,308;5882,308;5887,300;5891,312;5896,312;5900,298;5904,298;5909,296;5913,318;5917,318;5922,318;5926,318;5930,318;5935,304;5939,294;5943,322;5948,308;5952,320;5956,306;5961,306;5965,312;5970,326;5974,298;5978,312;5983,310;5987,302;5991,316;5996,302;6000,314;6004,300;6009,314;6013,306;6017,320;6022,304;6026,320;6030,304;6035,310;6039,310;6044,310;6048,294;6052,294;6057,294;6061,286;6065,300;6070,300;6074,300;6078,298;6083,262;6087,290;6091,290;6096,290;6100,290;6104,288;6109,282;6113,294;6118,294;6122,294;6126,292;6131,278;6135,270;6139,282;6144,296;6148,280;6152,282;6157,288;6161,286;6165,286;6170,286;6174,284;6179,284;6183,276;6187,262;6192,276;6196,274;6200,274;6205,260;6209,294;6213,280;6218,278;6222,278;6226,248;6231,282;6235,282;6239,282;6244,266;6248,266;6253,264;6257,286;6261,284;6266,284;6270,282;6274,254;6279,268;6283,274;6287,274;6292,272;6296,272;6300,270;6305,276;6309,290;6313,290;6318,288;6322,272;6327,272;6331,278;6335,278;6340,264;6344,276;6348,276;6353,276;6357,282;6361,282;6366,280;6370,280;6374,280;6379,286;6383,272;6387,256;6392,284;6396,284;6401,284;6405,276;6409,260;6414,262;6418,262;6422,290;6427,270;6431,268;6435,282;6440,266;6444,266;6448,280;6453,286;6457,286;6461,284;6466,270;6470,284;6475,284;6479,276;6483,290;6488,274;6492,288;6496,274;6501,274;6505,282;6509,280;6514,280;6518,280;6522,294;6527,284;6531,284;6536,284;6540,284;6544,282;6549,282;6553,288;6557,274;6562,244;6566,272;6570,286;6575,286;6579,280;6583,278;6588,278;6592,292;6596,276;\r\nBuffer sent in 0.973 secondsreturn;buffer;965\r\n'), 11:29:19
bytearray(b'received from UR: measure -> measure (0,1)\r\nSTEPPER: Moving to mstep: 6600 with speed [msteps/sec]: 1000 in StealthChop.\r\n'), 11:29:20
bytearray(b'STEPPER: Moving to mstep: 2400 with speed [msteps/sec]: 4000 in SpreadCycle.\r\n'), 11:29:24
bytearray(b'STEPPER: Moved 4200.00 msteps (ramp: 35%) in 1324.888 ms -> average speed [msteps/sec]: 3170.08\r\nreturn;measure;964\r\n'), 11:29:25
bytearray(b'received from UR: buffer -> buffer (0,1)\r\nSending buffer of size 964data;2400,306;2404,458;2408,168;2413,282;2417,312;2421,318;2426,346;2430,318;2434,332;2439,330;2443,308;2447,322;2452,322;2456,322;2460,306;2465,320;2469,326;2474,326;2478,324;2482,324;2487,322;2491,328;2495,328;2500,326;2504,326;2508,312;2513,326;2517,330;2521,330;2526,314;2530,330;2534,328;2539,328;2543,332;2548,304;2552,330;2556,316;2561,330;2565,320;2569,334;2574,318;2578,334;2582,318;2587,332;2591,324;2595,310;2600,324;2604,308;2608,322;2613,322;2617,326;2622,326;2626,326;2630,324;2635,324;2639,330;2643,330;2648,330;2652,314;2656,314;2661,328;2665,334;2669,320;2674,334;2678,318;2682,332;2687,318;2691,324;2696,324;2700,322;2704,322;2709,308;2713,328;2717,328;2722,328;2726,314;2730,326;2735,324;2739,318;2743,330;2748,316;2752,328;2756,300;2761,328;2765,320;2770,344;2774,332;2778,346;2783,318;2787,310;2791,338;2796,308;2800,322;2804,322;2809,336;2813,328;2817,342;2822,314;2826,328;2830,326;2835,340;2839,332;2844,316;2848,316;2852,316;2857,316;2861,320;2865,336;2870,320;2874,334;2878,318;2883,332;2887,324;2891,324;2896,324;2900,322;2904,322;2909,308;2913,328;2918,326;2922,326;2926,326;2931,326;2935,316;2939,316;2944,330;2948,316;2952,328;2957,314;2961,334;2965,318;2970,332;2974,318;2979,332;2983,316;2987,310;2992,324;2996,322;3000,336;3005,320;3009,342;3013,326;3018,340;3022,326;3026,338;3031,324;3035,330;3039,328;3044,328;3048,328;3053,314;3057,326;3061,320;3066,332;3070,318;3074,332;3079,316;3083,322;3087,336;3092,320;3096,320;3100,306;3105,320;3109,326;3113,338;3118,324;3122,338;3127,324;3131,300;3135,328;3140,314;3144,326;3148,312;3153,324;3157,330;3161,330;3166,330;3170,328;3174,314;3179,306;3183,334;3188,318;3192,332;3196,316;3201,330;3205,322;3209,336;3214,320;3218,334;3222,320;3227,334;3231,324;3235,310;3240,324;3244,308;3248,322;3253,322;3257,342;3262,328;3266,342;3270,326;3275,326;3279,332;3283,332;3288,328;3292,316;3296,330;3301,330;3305,336;3309,320;3314,334;3318,318;3322,332;3327,330;3331,324;3336,322;3340,308;3344,322;3349,306;3353,334;3357,326;3362,340;3366,324;3370,340;3375,322;3379,328;3383,342;3388,314;3392,326;3396,312;3401,324;3405,318;3410,330;3414,314;3418,328;3423,314;3427,332;3431,332;3436,318;3440,316;3444,314;3449,314;3453,320;3457,334;3462,332;3466,332;3470,316;3475,308;3479,322;3484,322;3488,334;3492,320;3497,320;3501,324;3505,338;3510,324;3514,336;3518,322;3523,336;3527,328;3531,312;3536,326;3540,324;3544,340;3549,310;3553,330;3558,330;3562,328;3566,328;3571,328;3575,320;3579,304;3584,318;3588,304;3592,330;3597,316;3601,322;3610,334;3614,320;3618,332;3623,318;3627,324;3632,322;3636,308;3640,320;3645,322;3649,334;3653,326;3658,340;3662,324;3666,338;3671,324;3675,330;3679,328;3684,328;3688,328;3692,312;3697,326;3701,332;3706,332;3710,316;3714,330;3719,314;3723,322;3727,334;3732,320;3736,320;3740,318;3745,332;3749,324;3753,334;3758,322;3762,336;3767,320;3771,312;3775,340;3780,326;3784,326;3788,310;3793,338;3797,316;3801,330;3806,314;3810,328;3814,326;3819,326;3823,318;3827,316;3832,316;3836,328;3841,328;3845,320;3849,334;3854,318;3858,332;3862,316;3867,344;3871,336;3875,320;3880,320;3884,318;3888,318;3893,332;3897,324;3901,322;3906,336;3910,320;3915,334;3919,320;3923,312;3928,326;3932,310;3936,338;3941,308;3945,330;3949,328;3954,328;3958,326;3962,340;3967,326;3971,316;3975,330;3980,316;3984,342;3989,314;3993,326;3997,320;4002,332;4006,318;4010,346;4015,330;4019,322;4023,320;4028,308;4032,320;4036,320;4041,334;4045,324;4049,338;4054,324;4058,336;4063,322;4067,328;4071,328;4076,312;4080,326;4084,326;4089,326;4093,318;4097,332;4102,330;4106,330;4110,314;4115,344;4119,320;4123,320;4128,334;4132,318;4137,318;4141,324;4145,338;4150,322;4154,334;4158,322;4163,334;4167,326;4171,326;4176,340;4180,326;4184,324;4189,310;4193,330;4197,330;4202,330;4206,328;4211,328;4215,320;4219,320;4224,334;4228,318;4232,318;4237,304;4241,338;4245,322;4250,336;4254,322;4258,336;4263,320;4267,312;4272,324;4276,326;4280,338;4285,324;4289,330;4293,316;4298,328;4302,328;4306,328;4311,312;4315,318;4319,320;4324,318;4328,332;4332,316;4337,330;4341,322;4346,336;4350,334;4354,334;4359,332;4363,310;4367,324;4372,308;4376,322;4380,320;4385,334;4389,312;4393,326;4398,312;4402,326;4406,324;4411,316;4415,330;4420,314;4424,314;4428,314;4433,328;4437,320;4441,332;4446,304;4450,318;4454,316;4459,330;4463,322;4467,320;4472,320;4476,304;4481,318;4485,310;4489,324;4494,308;4498,322;4502,320;4507,320;4511,326;4515,312;4520,324;4524,308;4528,322;4533,322;4537,314;4541,314;4546,314;4550,312;4555,326;4559,318;4563,302;4568,302;4572,302;4576,316;4581,300;4585,322;4589,320;4594,320;4598,306;4602,332;4607,318;4611,294;4615,308;4620,308;4624,308;4629,294;4633,306;4637,312;4642,326;4646,310;4650,324;4655,308;4659,300;4663,300;4668,312;4672,312;4676,312;4681,312;4685,304;4689,316;4694,316;4698,302;4703,300;4707,308;4711,306;4716,320;4720,318;4724,304;4729,316;4733,308;4737,322;4742,320;4746,320;4750,318;4755,318;4759,324;4763,294;4768,308;4772,306;4777,320;4781,312;4785,326;4790,310;4794,324;4798,308;4803,336;4807,326;4811,312;4816,312;4820,296;4824,310;4829,310;4833,330;4838,316;4842,330;4846,302;4851,316;4855,308;4859,320;4864,320;4868,318;4872,318;4877,304;4881,324;4885,324;4890,324;4894,322;4898,322;4903,314;4907,314;4912,312;4916,298;4920,310;4925,310;4929,316;4933,314;4938,314;4942,314;4946,326;4951,312;4955,304;4959,316;4964,302;4968,314;4972,300;4977,314;4981,318;4986,304;4990,302;4994,316;4999,300;5003,306;5007,318;5012,318;5016,318;5020,302;5025,302;5029,322;5033,320;5038,306;5042,320;5046,318;5051,296;5055,308;5060,308;5064,306;5068,292;5073,306;5077,312;5081,312;5086,310;5090,324;5094,308;5099,322;5103,300;5107,312;5112,312;5116,310;5121,310;5125,316;5129,316;5134,314;5138,328;5142,312;5147,312;5151,318;5155,304;5160,316;5164,316;5168,330;5173,314;5177,320;5181,306;5186,320;5190,318;5195,332;5199,318;5203,310;5208,308;5212,294;5216,308;5221,306;5225,328;5229,312;5234,310;5238,310;5242,324;5247,308;5251,316;5255,316;5260,314;5264,314;5269,300;5273,318;5277,318;5282,318;5286,316;5290,330;5295,314;5299,306;5303,306;5308,306;5312,318;5316,304;5321,318;5325,310;5329,322;5334,308;5338,322;5343,306;5347,298;5351,312;5356,310;5360,324;5364,310;5369,308;5373,314;5377,314;5382,314;5386,328;5390,312;5395,312;5399,304;5403,302;5408,316;5412,316;5417,314;5421,306;5425,320;5430,306;5434,318;5438,304;5443,318;5447,308;5451,294;5456,306;5460,306;5464,306;5469,290;5473,312;5478,308;5482,308;5486,308;5491,322;5495,312;5499,312;5504,310;5508,296;5512,310;5517,294;5521,330;5525,314;5530,314;5534,314;5538,326;5543,312;5547,304;5552,316;5556,302;5560,316;5565,300;5569,322;5573,306;5578,320;5582,304;5586,318;5591,316;5595,294;5599,322;5604,308;5608,320;5612,306;5617,318;5621,310;5626,324;5630,308;5634,322;5639,306;5643,300;5647,312;5652,312;5656,312;5660,310;5665,324;5669,302;5673,314;5678,314;5682,314;5686,312;5691,304;5695,304;5700,316;5704,316;5708,314;5713,314;5717,320;5721,320;5726,318;5730,318;5734,302;5739,316;5743,308;5747,320;5752,320;5756,304;5760,318;5765,310;5769,310;5774,308;5778,308;5782,306;5787,320;5791,312;5795,312;5800,324;5804,310;5808,308;5813,292;5817,328;5821,312;5826,326;5830,310;5835,310;5839,316;5843,300;5848,314;5852,314;5856,312;5861,312;5865,304;5869,302;5874,316;5878,314;5882,300;5887,298;5891,292;5895,304;5900,302;5904,316;5909,302;5913,294;5917,306;5922,320;5926,306;5930,318;5935,304;5939,310;5943,324;5948,308;5952,322;5956,306;5961,306;5965,312;5969,312;5974,296;5978,310;5983,308;5987,316;5991,328;5996,314;6000,314;6004,298;6009,312;6013,304;6017,316;6022,302;6026,314;6030,312;6035,314;6039,306;6044,304;6048,304;6052,288;6057,288;6061,280;6065,266;6070,292;6074,292;6078,290;6083,290;6087,282;6091,282;6096,280;6100,266;6104,278;6109,300;6113,284;6118,284;6122,298;6126,282;6131,296;6135,302;6139,286;6144,286;6148,272;6152,284;6157,284;6161,276;6165,290;6170,290;6174,288;6178,286;6183,278;6187,278;6192,276;6196,262;6200,276;6205,274;6209,282;6213,282;6218,294;6222,294;6226,278;6231,278;6235,284;6239,282;6244,282;6248,280;6252,280;6257,244;6261,272;6266,284;6270,284;6274,282;6279,282;6283,288;6287,288;6292,258;6296,272;6300,270;6305,276;6309,290;6313,288;6318,274;6322,288;6326,286;6331,278;6335,292;6340,262;6344,276;6348,276;6353,274;6357,282;6361,296;6366,280;6370,294;6374,278;6379,278;6383,284;6387,270;6392,282;6396,268;6400,268;6405,288;6409,302;6414,288;6418,288;6422,272;6427,272;6431,264;6435,278;6440,264;6444,262;6448,276;6453,282;6457,282;6461,280;6466,266;6470,280;6474,266;6479,286;6483,286;6488,284;6492,284;6496,284;6501,284;6505,262;6509,288;6514,288;6518,288;6522,272;6527,280;6531,278;6535,292;6540,278;6544,290;6549,276;6553,268;6557,282;6562,296;6566,280;6570,280;6575,280;6579,272;6583,286;6588,284;6592,284;6596,282;\r\nBuffer sent in 0.972 secondsreturn;buffer;964\r\n'), 11:29:27
bytearray(b'received from UR: measure -> measure (0,1)\r\nSTEPPER: Moving to mstep: 6600 with speed [msteps/sec]: 1000 in StealthChop.\r\n'), 11:29:28
bytearray(b'STEPPER: Moving to mstep: 2400 with speed [msteps/sec]: 4000 in SpreadCycle.\r\n'), 11:29:32
bytearray(b'STEPPER: Moved 4200.00 msteps (ramp: 35%) in 1324.892 ms -> average speed [msteps/sec]: 3170.07\r\nreturn;measure;965\r\n'), 11:29:34
bytearray(b'received from UR: buffer -> buffer (0,1)\r\nSending buffer of size 965data;2400,296;2404,448;2408,160;2413,272;2417,316;2421,322;2426,336;2430,320;2434,334;2439,320;2443,322;2447,324;2452,322;2456,322;2460,310;2465,322;2469,314;2474,328;2478,326;2482,340;2487,326;2491,318;2495,316;2500,330;2504,330;2508,316;2513,328;2517,320;2521,334;2526,318;2530,332;2534,318;2539,330;2543,322;2548,322;2552,336;2556,320;2561,320;2565,326;2569,340;2574,324;2578,324;2582,322;2587,336;2591,328;2595,314;2600,326;2604,312;2608,340;2613,326;2617,332;2622,316;2626,330;2630,330;2635,342;2639,320;2643,320;2648,334;2652,332;2656,332;2661,318;2665,338;2669,336;2674,336;2678,336;2682,334;2687,320;2691,326;2696,326;2700,324;2704,324;2709,324;2713,330;2717,328;2722,328;2726,326;2730,340;2735,326;2739,316;2743,330;2748,316;2752,342;2756,328;2761,328;2765,318;2770,332;2774,318;2778,346;2783,316;2787,322;2791,336;2796,322;2800,322;2804,306;2809,318;2813,324;2817,338;2822,324;2826,336;2831,322;2835,336;2839,328;2844,312;2848,326;2852,312;2857,324;2861,332;2865,332;2870,330;2874,332;2878,330;2883,330;2887,320;2891,320;2896,334;2900,320;2905,334;2909,318;2913,326;2918,324;2922,338;2926,324;2931,338;2935,330;2939,330;2944,330;2948,314;2952,328;2957,314;2961,334;2965,332;2970,332;2974,318;2979,332;2983,318;2987,324;2992,322;2996,322;3000,322;3005,306;3009,328;3013,326;3018,340;3022,324;3026,326;3031,324;3035,316;3039,316;3044,316;3048,328;3053,314;3057,328;3061,320;3066,334;3070,318;3074,332;3079,318;3083,324;3087,324;3092,322;3096,322;3100,308;3105,320;3109,326;3113,340;3118,326;3122,326;3127,324;3131,316;3135,330;3140,314;3144,316;3148,314;3153,342;3157,320;3161,334;3166,320;3170,334;3174,318;3179,332;3183,324;3187,324;3192,324;3196,308;3201,322;3205,314;3209,342;3214,312;3218,328;3222,326;3227,340;3231,318;3235,316;3240,330;3244,316;3248,328;3253,314;3257,334;3261,320;3266,334;3270,318;3275,332;3279,324;3283,324;3288,324;3292,322;3296,322;3301,322;3305,328;3309,328;3314,328;3318,326;3322,326;3327,326;3331,318;3336,332;3340,318;3344,332;3349,316;3353,316;3357,322;3362,336;3366,322;3370,334;3375,320;3379,314;3383,340;3388,326;3392,326;3396,310;3401,324;3405,318;3410,344;3414,316;3418,330;3423,316;3427,322;3431,322;3436,320;3440,320;3444,320;3449,332;3453,324;3457,338;3462,324;3466,336;3470,322;3475,312;3479,328;3484,326;3488,324;3492,324;3497,324;3501,328;3505,328;3510,326;3514,326;3518,326;3523,338;3527,330;3531,316;3536,328;3540,314;3544,328;3549,326;3553,332;3558,330;3562,330;3566,316;3571,328;3575,334;3579,320;3584,332;3588,304;3592,318;3597,316;3601,338;3605,322;3610,336;3614,320;3619,334;3623,320;3627,326;3632,324;3636,324;3640,324;3645,322;3649,330;3653,328;3658,340;3662,326;3666,326;3671,326;3675,330;3679,316;3684,316;3688,314;3693,314;3697,328;3701,320;3706,332;3710,318;3714,332;3719,330;3723,322;3727,322;3732,322;3736,322;3740,320;3745,320;3749,326;3753,340;3758,324;3762,324;3767,324;3771,316;3775,330;3780,314;3784,314;3788,314;3793,342;3797,318;3801,332;3806,318;3810,332;3814,316;3819,330;3823,336;3827,320;3832,320;3836,320;3841,332;3845,318;3849,338;3854,324;3858,338;3862,322;3867,336;3871,328;3875,328;3880,326;3884,326;3888,326;3893,324;3897,330;3901,316;3906,330;3910,316;3915,328;3919,328;3923,320;3928,334;3932,318;3936,332;3941,318;3945,338;3949,324;3954,336;3958,322;3962,336;3967,322;3971,312;3975,326;3980,312;3984,336;3989,326;3993,324;3997,316;4002,332;4006,316;4010,330;4015,328;4019,320;4023,334;4028,320;4032,320;4036,318;4041,332;4045,324;4050,338;4054,322;4058,336;4063,336;4067,328;4071,328;4076,314;4080,326;4084,312;4089,326;4093,318;4097,332;4102,316;4106,330;4110,330;4115,328;4119,322;4124,320;4128,334;4132,320;4137,332;4141,326;4145,338;4150,324;4154,338;4158,324;4163,338;4167,328;4171,314;4176,314;4180,312;4184,340;4189,326;4193,332;4198,314;4202,330;4206,316;4211,330;4215,322;4219,322;4224,322;4228,320;4232,320;4237,318;4241,338;4245,324;4250,324;4254,324;4258,338;4263,322;4267,316;4272,328;4276,328;4280,328;4285,314;4289,334;4293,332;4298,332;4302,318;4306,332;4311,330;4315,308;4319,322;4324,308;4328,336;4332,320;4337,334;4341,326;4346,326;4350,324;4354,324;4359,324;4363,316;4367,328;4372,314;4376,314;4380,312;4385,340;4389,318;4393,332;4398,316;4402,330;4406,316;4411,344;4415,336;4420,320;4424,320;4428,320;4433,334;4437,312;4441,326;4446,310;4450,324;4454,310;4459,324;4463,316;4467,316;4472,314;4476,314;4480,314;4485,314;4489,320;4494,318;4498,318;4502,304;4507,318;4511,324;4515,324;4520,322;4524,308;4528,322;4533,308;4537,314;4541,312;4546,328;4550,312;4555,326;4559,318;4563,304;4568,316;4572,302;4576,314;4581,314;4585,320;4589,306;4594,320;4598,304;4602,318;4607,316;4611,310;4616,308;4620,308;4624,308;4629,308;4633,314;4637,312;4642,312;4646,312;4650,326;4655,310;4659,302;4663,316;4668,302;4672,300;4676,314;4681,312;4685,306;4690,304;4694,304;4698,316;4703,302;4707,308;4711,320;4716,306;4720,306;4724,304;4729,318;4733,308;4737,308;4742,308;4746,320;4750,320;4755,332;4759,326;4764,310;4768,324;4772,310;4777,322;4781,314;4785,328;4790,314;4794,326;4798,312;4803,326;4807,302;4811,302;4816,316;4820,316;4824,314;4829,306;4833,320;4838,318;4842,318;4846,318;4851,330;4855,308;4859,308;4864,322;4868,306;4872,306;4877,306;4881,326;4885,310;4890,312;4894,310;4898,324;4903,302;4907,314;4912,328;4916,314;4920,314;4925,312;4929,320;4933,318;4938,318;4942,318;4946,318;4951,318;4955,294;4959,308;4964,292;4968,320;4972,308;4977,320;4981,312;4986,326;4990,312;4994,326;4999,310;5003,302;5007,316;5012,302;5016,316;5020,300;5025,300;5029,320;5033,320;5038,304;5042,318;5046,304;5051,296;5055,308;5060,308;5064,306;5068,306;5073,306;5077,312;5081,310;5086,310;5090,310;5094,308;5099,308;5103,314;5107,300;5112,314;5116,298;5121,326;5125,304;5129,318;5134,304;5138,316;5142,316;5147,316;5151,322;5155,292;5160,306;5164,306;5168,320;5173,304;5177,326;5181,310;5186,324;5190,308;5195,324;5199,316;5203,302;5208,314;5212,300;5216,312;5221,312;5225,332;5229,318;5234,332;5238,316;5242,330;5247,314;5251,308;5255,308;5260,306;5264,318;5269,304;5273,324;5277,310;5282,310;5286,308;5290,322;5295,322;5299,314;5303,312;5308,312;5312,312;5316,298;5321,326;5325,302;5329,316;5334,316;5338,316;5343,314;5347,306;5351,320;5356,304;5360,318;5364,304;5369,316;5373,310;5377,322;5382,308;5386,322;5390,306;5395,320;5399,312;5404,310;5408,310;5412,296;5417,308;5421,314;5425,314;5430,314;5434,328;5438,312;5443,312;5447,304;5451,304;5456,302;5460,302;5464,302;5469,288;5473,322;5478,308;5482,308;5486,306;5491,306;5495,312;5499,312;5504,296;5508,296;5512,310;5517,296;5521,316;5525,314;5530,314;5534,314;5538,314;5543,312;5547,304;5552,304;5556,304;5560,330;5565,316;5569,322;5573,308;5578,322;5582,306;5586,320;5591,306;5595,296;5599,310;5604,310;5608,310;5612,308;5617,310;5621,316;5626,328;5630,314;5634,328;5639,312;5643,306;5647,302;5652,302;5656,302;5660,302;5665,302;5669,322;5673,322;5678,320;5682,320;5687,306;5691,318;5695,310;5700,310;5704,308;5708,310;5713,308;5717,314;5721,314;5726,312;5730,312;5734,312;5739,290;5743,304;5747,304;5752,316;5756,302;5761,302;5765,322;5769,322;5774,306;5778,320;5782,306;5787,318;5791,326;5795,310;5800,310;5804,310;5808,310;5813,308;5817,316;5821,302;5826,314;5830,314;5835,314;5839,306;5843,306;5848,292;5852,304;5856,318;5861,304;5865,310;5869,310;5874,310;5878,308;5882,310;5887,308;5891,314;5895,312;5900,300;5904,312;5909,312;5913,318;5917,316;5922,316;5926,300;5930,314;5935,314;5939,292;5943,318;5948,304;5952,316;5956,302;5961,316;5965,308;5969,322;5974,306;5978,320;5983,306;5987,310;5991,310;5996,308;6000,308;6004,306;6009,304;6013,312;6017,324;6022,310;6026,324;6030,308;6035,300;6039,298;6043,284;6048,296;6052,296;6057,280;6061,286;6065,300;6070,300;6074,300;6078,298;6083,284;6087,274;6091,274;6096,274;6100,288;6104,272;6109,292;6113,292;6118,290;6122,290;6126,290;6131,276;6135,280;6139,280;6144,294;6148,278;6152,292;6157,284;6161,296;6165,282;6170,282;6174,282;6178,294;6183,272;6187,284;6192,284;6196,270;6200,282;6205,280;6209,288;6213,286;6218,300;6222,284;6226,284;6231,262;6235,262;6239,274;6244,274;6248,272;6253,258;6257,280;6261,278;6266,278;6270,276;6274,246;6279,274;6283,280;6287,266;6292,252;6296,278;6300,278;6305,284;6309,282;6313,268;6318,268;6322,280;6327,280;6331,272;6335,270;6340,270;6344,284;6348,268;6353,266;6357,288;6361,274;6366,272;6370,272;6374,284;6379,276;6383,276;6387,274;6392,274;6396,258;6401,286;6405,278;6409,292;6414,278;6418,248;6422,276;6427,290;6431,282;6435,282;6440,280;6444,280;6448,278;6453,284;6457,270;6461,284;6466,284;6470,282;6475,266;6479,272;6483,272;6488,270;6492,284;6496,270;6501,256;6505,288;6509,288;6514,288;6518,286;6522,244;6527,278;6531,276;6535,276;6540,262;6544,274;6549,260;6553,280;6557,280;6562,280;6566,278;6570,276;6575,268;6579,268;6583,280;6588,280;6592,278;6596,278;\r\nBuffer sent in 0.973 secondsreturn;buffer;965\r\n'), 11:29:36
bytearray(b'received from UR: measure -> measure (0,1)\r\nSTEPPER: Moving to mstep: 6600 with speed [msteps/sec]: 1000 in StealthChop.\r\n'), 11:29:37
bytearray(b'STEPPER: Moving to mstep: 2400 with speed [msteps/sec]: 4000 in SpreadCycle.\r\n'), 11:29:41
bytearray(b'STEPPER: Moved 4200.00 msteps (ramp: 35%) in 1324.880 ms -> average speed [msteps/sec]: 3170.10\r\nreturn;measure;965\r\n'), 11:29:42
bytearray(b'received from UR: buffer -> buffer (0,1)\r\nSending buffer of size 965data;2400,310;2404,438;2408,206;2413,278;2417,320;2421,326;2426,340;2430,324;2434,338;2439,324;2443,316;2447,330;2452,314;2456,314;2460,312;2465,314;2469,334;2473,332;2478,318;2482,332;2487,318;2491,332;2495,324;2500,322;2504,322;2508,322;2513,322;2517,328;2521,328;2526,326;2530,340;2534,326;2539,304;2543,318;2548,318;2552,332;2556,318;2561,330;2565,324;2569,338;2574,322;2578,336;2582,322;2587,336;2591,328;2595,326;2600,326;2604,312;2608,324;2613,310;2617,344;2622,316;2626,330;2630,316;2635,328;2639,334;2643,320;2648,320;2652,306;2656,318;2661,316;2665,338;2669,324;2674,324;2678,322;2683,336;2687,322;2691,314;2696,328;2700,328;2704,328;2709,314;2713,332;2717,318;2722,332;2726,332;2730,332;2735,330;2739,308;2743,322;2748,306;2752,334;2757,320;2761,332;2765,324;2770,338;2774,324;2778,338;2783,322;2787,314;2791,328;2796,328;2800,328;2804,312;2809,326;2813,318;2817,330;2822,330;2826,344;2831,328;2835,320;2839,320;2844,320;2848,332;2852,316;2857,330;2861,322;2865,336;2870,320;2874,332;2878,318;2883,332;2887,324;2891,324;2896,322;2900,322;2905,322;2909,320;2913,326;2918,324;2922,338;2926,324;2931,324;2935,328;2939,314;2944,340;2948,326;2952,326;2957,310;2961,330;2965,316;2970,342;2974,314;2979,328;2983,326;2987,304;2992,318;2996,316;3000,330;3005,314;3009,334;3013,320;3018,332;3022,318;3026,330;3031,316;3035,322;3039,322;3044,320;3048,334;3053,320;3057,324;3061,324;3066,338;3070,322;3074,336;3079,322;3083,314;3087,326;3092,326;3096,326;3100,312;3105,324;3109,330;3113,330;3118,328;3122,328;3127,328;3131,320;3135,334;3140,318;3144,332;3148,318;3153,316;3157,324;3161,336;3166,322;3170,336;3174,320;3179,334;3183,326;3188,312;3192,326;3196,310;3201,338;3205,316;3209,330;3214,316;3218,330;3222,316;3227,330;3231,322;3235,322;3240,322;3244,320;3248,320;3253,320;3257,340;3262,326;3266,340;3270,324;3275,324;3279,330;3283,330;3288,330;3292,316;3296,314;3301,314;3305,334;3309,320;3314,334;3318,318;3322,332;3327,318;3331,324;3336,336;3340,322;3344,322;3349,306;3353,328;3357,326;3362,326;3366,326;3370,326;3375,324;3379,316;3383,330;3388,316;3392,330;3396,314;3401,314;3405,320;3410,334;3414,320;3418,334;3423,318;3427,312;3431,326;3436,324;3440,324;3444,322;3449,322;3453,328;3457,328;3462,328;3466,328;3471,314;3475,326;3479,332;3484,318;3488,316;3492,316;3497,330;3501,322;3505,322;3510,322;3514,336;3518,320;3523,334;3527,326;3531,312;3536,326;3540,310;3545,324;3549,324;3553,330;3558,330;3562,330;3566,328;3571,328;3575,334;3579,320;3584,334;3588,318;3592,318;3597,318;3601,338;3605,324;3610,338;3614,322;3619,336;3623,336;3627,314;3632,314;3636,312;3640,312;3645,324;3649,346;3653,332;3658,346;3662,330;3666,330;3671,330;3675,322;3679,322;3684,322;3688,322;3692,320;3697,320;3701,326;3706,326;3710,324;3714,324;3719,324;3723,316;3727,316;3732,316;3736,330;3740,328;3745,328;3749,320;3753,334;3758,318;3762,332;3767,318;3771,310;3775,324;3780,308;3784,322;3788,322;3793,336;3797,328;3801,328;3806,326;3810,340;3814,326;3819,326;3823,332;3827,332;3832,316;3836,316;3841,316;3845,322;3849,336;3854,322;3858,334;3862,320;3867,334;3871,324;3875,324;3880,324;3884,322;3888,322;3893,322;3897,328;3902,328;3906,328;3910,326;3915,340;3919,332;3923,316;3928,330;3932,302;3936,328;3941,314;3945,334;3949,320;3954,334;3958,320;3962,332;3967,318;3971,324;3976,338;3980,322;3984,336;3989,320;3993,328;3997,326;4002,338;4006,324;4010,338;4015,322;4019,314;4023,330;4028,328;4032,328;4036,314;4041,326;4045,318;4050,332;4054,332;4058,346;4063,330;4067,308;4071,322;4076,308;4080,334;4084,334;4089,334;4093,324;4097,326;4102,338;4106,338;4110,322;4115,334;4119,342;4124,326;4128,326;4132,312;4137,324;4141,330;4145,330;4150,328;4154,328;4158,328;4163,328;4167,332;4171,318;4176,332;4180,318;4184,330;4189,316;4193,334;4198,320;4202,334;4206,318;4211,332;4215,324;4219,324;4224,322;4228,308;4232,308;4237,308;4241,328;4245,326;4250,340;4254,326;4258,326;4263,324;4267,332;4272,330;4276,316;4280,330;4285,328;4289,334;4293,334;4298,334;4302,318;4306,332;4311,318;4315,310;4319,324;4324,322;4328,336;4332,306;4337,320;4341,326;4346,340;4350,324;4354,324;4359,324;4363,316;4367,344;4372,328;4376,328;4380,312;4385,326;4389,318;4393,332;4398,316;4402,330;4407,316;4411,344;4415,334;4420,320;4424,320;4428,318;4433,332;4437,310;4441,324;4446,308;4450,324;4454,308;4459,322;4463,314;4467,314;4472,312;4476,312;4481,310;4485,316;4489,316;4494,316;4498,316;4502,314;4507,314;4511,318;4515,318;4520,318;4524,316;4528,316;4533,316;4537,320;4541,320;4546,320;4550,318;4555,316;4559,310;4563,308;4568,322;4572,292;4576,306;4581,304;4585,326;4589,310;4594,322;4598,308;4602,320;4607,306;4611,312;4615,310;4620,310;4624,308;4629,308;4633,328;4637,312;4642,326;4646,312;4650,324;4655,308;4659,302;4663,314;4668,314;4672,298;4676,298;4681,312;4685,302;4689,302;4694,302;4698,314;4703,314;4707,320;4711,318;4716,304;4720,318;4724,302;4729,316;4733,322;4737,322;4742,320;4746,320;4750,318;4755,318;4759,310;4763,308;4768,306;4772,292;4777,306;4781,312;4785,326;4790,310;4794,324;4798,308;4803,322;4807,314;4811,312;4816,312;4820,312;4824,310;4829,310;4833,330;4838,314;4842,328;4846,314;4851,326;4855,318;4859,304;4864,304;4868,316;4872,314;4877,314;4881,320;4885,320;4890,320;4894,318;4898,318;4903,316;4907,324;4912,322;4916,308;4920,322;4925,320;4929,312;4933,312;4938,324;4942,310;4946,322;4951,308;4955,314;4959,312;4964,312;4968,310;4972,308;4977,316;4981,314;4986,314;4990,312;4994,324;4999,310;5003,300;5007,328;5012,314;5016,298;5020,298;5025,326;5029,302;5033,316;5038,302;5042,314;5047,314;5051,306;5055,304;5060,304;5064,304;5068,302;5073,316;5077,308;5081,306;5086,306;5090,320;5094,304;5099,318;5103,308;5107,308;5112,308;5116,306;5121,320;5125,310;5129,310;5134,310;5138,322;5142,308;5147,308;5151,312;5155,298;5160,324;5164,310;5168,308;5173,308;5177,328;5181,312;5186,326;5190,310;5195,324;5199,316;5203,300;5208,314;5212,298;5216,312;5221,310;5225,330;5229,316;5234,316;5238,314;5242,328;5247,312;5251,318;5255,318;5260,316;5264,316;5269,316;5273,322;5277,320;5282,320;5286,318;5290,318;5295,304;5299,310;5303,310;5308,310;5312,310;5316,308;5321,322;5325,314;5329,314;5334,312;5338,312;5343,312;5347,304;5351,316;5356,318;5360,316;5364,302;5369,314;5373,306;5377,320;5382,320;5386,320;5390,304;5395,298;5399,310;5403,296;5408,322;5412,308;5417,308;5421,314;5425,314;5430,312;5434,312;5438,312;5443,312;5447,302;5451,302;5456,316;5460,316;5464,300;5469,308;5473,306;5478,306;5482,306;5486,306;5491,318;5495,310;5499,310;5504,310;5508,310;5512,308;5517,308;5521,316;5525,314;5530,314;5534,314;5539,314;5543,304;5547,304;5552,318;5556,318;5560,318;5565,304;5569,326;5573,308;5578,322;5582,308;5586,322;5591,308;5595,314;5599,314;5604,312;5608,312;5613,312;5617,318;5621,316;5626,318;5630,316;5634,330;5639,316;5643,308;5647,308;5652,308;5656,308;5660,306;5665,306;5669,312;5673,326;5678,312;5682,312;5687,312;5691,318;5695,318;5700,316;5704,316;5708,316;5713,316;5717,308;5721,322;5726,308;5730,322;5734,306;5739,308;5743,314;5747,298;5752,312;5756,312;5761,312;5765,304;5769,318;5774,302;5778,316;5782,302;5787,316;5791,322;5795,308;5800,308;5804,308;5808,308;5813,308;5817,312;5821,312;5826,312;5830,310;5835,324;5839,302;5843,302;5848,302;5852,302;5856,300;5861,286;5865,320;5869,308;5874,318;5878,304;5882,318;5887,296;5891,310;5895,310;5900,310;5904,308;5909,308;5913,314;5917,314;5922,328;5926,312;5930,314;5935,312;5939,304;5943,302;5948,302;5952,318;5956,316;5961,316;5965,308;5970,322;5974,306;5978,322;5983,320;5987,312;5991,312;5996,312;6000,312;6004,296;6009,310;6013,316;6017,330;6022,314;6026,316;6030,314;6035,308;6039,292;6044,292;6048,290;6052,290;6057,276;6061,282;6065,282;6070,280;6074,280;6078,294;6083,286;6087,286;6091,284;6096,270;6100,270;6104,270;6109,290;6113,290;6118,288;6122,288;6126,288;6131,288;6135,294;6139,278;6144,278;6148,264;6152,276;6157,284;6161,282;6165,282;6170,280;6174,280;6179,280;6183,274;6187,274;6192,272;6196,272;6200,272;6205,272;6209,278;6213,278;6218,292;6222,290;6226,292;6231,268;6235,268;6239,282;6244,282;6248,280;6253,280;6257,244;6261,272;6266,284;6270,284;6274,270;6279,270;6283,276;6287,276;6292,274;6296,274;6300,274;6305,280;6309,278;6313,278;6318,278;6322,292;6327,276;6331,282;6335,296;6340,282;6344,294;6348,280;6353,258;6357,286;6361,286;6366,284;6370,284;6374,270;6379,276;6383,290;6387,290;6392,288;6396,288;6401,288;6405,280;6409,280;6414,278;6418,278;6422,278;6427,290;6431,282;6435,284;6440,282;6444,282;6448,280;6453,286;6457,286;6461,272;6466,242;6470,272;6475,284;6479,292;6483,290;6488,276;6492,290;6496,290;6501,288;6505,238;6509,278;6514,294;6518,294;6522,292;6527,270;6531,270;6535,270;6540,270;6544,284;6549,268;6553,290;6557,288;6562,274;6566,260;6570,272;6575,272;6579,266;6583,278;6588,278;6592,264;6596,262;\r\nBuffer sent in 0.973 secondsreturn;buffer;965\r\n'), 11:29:44
bytearray(b'received from UR: measure -> measure (0,1)\r\nSTEPPER: Moving to mstep: 6600 with speed [msteps/sec]: 1000 in StealthChop.\r\n'), 11:29:45
bytearray(b'STEPPER: Moving to mstep: 2400 with speed [msteps/sec]: 4000 in SpreadCycle.\r\n'), 11:29:50
bytearray(b'STEPPER: Moved 4200.00 msteps (ramp: 35%) in 1324.888 ms -> average speed [msteps/sec]: 3170.08\r\nreturn;measure;964\r\n'), 11:29:51
bytearray(b'received from UR: buffer -> buffer (0,1)\r\nSending buffer of size 964data;2400,296;2404,444;2408,198;2413,284;2417,312;2421,318;2426,346;2430,318;2434,332;2439,316;2443,322;2447,322;2452,308;2456,320;2460,320;2465,320;2469,326;2474,340;2478,326;2482,326;2487,324;2491,318;2495,330;2500,330;2504,330;2508,316;2513,316;2517,322;2521,336;2526,320;2530,334;2534,320;2539,334;2543,326;2548,310;2552,324;2556,324;2561,338;2565,316;2569,330;2574,328;2578,330;2582,314;2587,328;2591,334;2595,318;2600,332;2604,318;2608,318;2613,318;2617,338;2622,324;2626,338;2630,322;2635,336;2639,328;2643,314;2648,328;2652,314;2656,326;2661,326;2665,334;2669,318;2674,332;2678,332;2682,332;2687,316;2691,324;2696,336;2700,322;2704,322;2709,320;2713,340;2717,326;2722,340;2726,324;2730,338;2735,324;2739,316;2743,328;2748,328;2752,328;2757,312;2761,326;2765,320;2770,334;2774,332;2778,346;2783,318;2787,310;2791,322;2796,322;2800,336;2804,320;2809,334;2813,312;2817,340;2822,326;2826,340;2831,324;2835,318;2839,330;2844,314;2848,328;2852,328;2857,328;2861,320;2865,334;2870,320;2874,332;2878,318;2883,332;2887,336;2891,322;2896,322;2900,322;2905,334;2909,326;2913,328;2918,326;2922,340;2926,326;2931,340;2935,332;2939,318;2944,330;2948,316;2952,328;2957,314;2961,334;2965,320;2970,334;2974,318;2979,332;2983,330;2987,308;2992,322;2996,322;3000,322;3005,320;3009,340;3013,326;3018,340;3022,324;3026,338;3031,324;3035,330;3039,330;3044,316;3048,328;3053,328;3057,328;3061,320;3066,334;3070,320;3074,332;3079,318;3083,324;3087,324;3092,310;3096,322;3100,322;3105,322;3109,328;3113,328;3118,328;3122,328;3127,326;3131,318;3135,332;3140,304;3144,316;3148,316;3153,330;3157,322;3161,336;3166,322;3170,336;3174,320;3179,334;3183,340;3188,312;3192,326;3196,312;3201,326;3205,318;3209,332;3214,318;3218,332;3222,316;3227,332;3231,324;3235,322;3240,322;3244,322;3248,336;3253,322;3257,328;3262,328;3266,340;3270,326;3275,326;3279,332;3283,318;3288,332;3292,332;3296,330;3301,316;3305,336;3309,322;3314,336;3318,322;3322,334;3327,320;3331,326;3336,340;3340,310;3344,324;3349,324;3353,344;3357,316;3362,330;3366,328;3370,328;3375,314;3379,320;3383,332;3388,318;3392,332;3397,316;3401,330;3405,322;3410,336;3414,320;3418,334;3423,320;3427,326;3431,326;3436,312;3440,324;3444,322;3449,336;3453,314;3457,328;3462,326;3466,326;3471,326;3475,318;3479,332;3484,316;3488,330;3492,330;3497,330;3501,322;3505,336;3510,322;3514,336;3518,320;3523,322;3527,326;3531,314;3536,340;3540,312;3545,326;3549,318;3553,332;3558,332;3562,332;3566,330;3571,330;3575,336;3579,322;3584,336;3588,308;3592,334;3597,320;3601,342;3605,312;3610,340;3614,326;3619,340;3623,326;3627,318;3632,332;3636,316;3640,316;3645,316;3649,336;3653,322;3658,320;3666,334;3671,320;3675,326;3679,326;3684,312;3688,324;3692,324;3697,338;3701,316;3706,330;3710,330;3714,342;3719,328;3723,320;3727,334;3732,320;3736,332;3740,304;3745,318;3749,324;3753,324;3758,324;3762,338;3766,322;3771,336;3775,330;3780,314;3784,328;3788,312;3793,326;3797,332;3801,346;3806,318;3810,332;3814,316;3819,344;3823,336;3827,322;3832,322;3836,320;3840,320;3845,320;3849,326;3854,324;3858,338;3862,324;3867,336;3871,328;3875,314;3880,328;3884,326;3888,326;3893,326;3897,332;3901,316;3906,330;3910,330;3915,344;3919,328;3923,320;3928,334;3932,320;3936,332;3941,304;3945,338;3949,322;3954,336;3958,336;3962,336;3967,320;3971,312;3975,326;3980,324;3984,326;3989,310;3993,324;3997,316;4002,344;4006,328;4010,342;4015,314;4019,320;4023,320;4028,320;4032,332;4036,318;4041,332;4045,322;4049,338;4054,320;4058,336;4063,320;4067,314;4071,326;4076,326;4080,326;4084,324;4089,324;4093,332;4097,344;4102,316;4106,330;4110,330;4115,330;4119,336;4124,322;4128,334;4132,320;4137,334;4141,326;4145,324;4150,324;4154,324;4158,324;4163,338;4167,330;4171,318;4176,330;4180,316;4184,330;4189,316;4193,336;4198,320;4202,334;4206,320;4211,334;4215,326;4219,310;4224,324;4228,312;4232,324;4237,324;4241,344;4245,328;4250,330;4254,328;4258,342;4263,326;4267,320;4272,332;4276,318;4280,332;4285,318;4289,324;4293,324;4298,336;4302,322;4306,334;4311,322;4315,326;4319,340;4324,312;4328,324;4332,310;4337,324;4341,330;4346,344;4350,316;4354,330;4359,328;4363,320;4367,334;4372,318;4376,332;4380,318;4385,332;4389,324;4393,338;4398,322;4402,336;4406,322;4411,336;4415,328;4420,314;4424,314;4428,312;4433,312;4437,318;4441,320;4446,318;4450,318;4454,304;4459,332;4463,310;4467,310;4472,310;4476,322;4480,322;4485,308;4489,328;4494,314;4498,314;4502,312;4507,314;4511,320;4515,318;4520,318;4524,304;4528,318;4533,316;4537,310;4541,310;4546,322;4550,308;4555,322;4559,316;4563,302;4568,314;4572,300;4576,314;4581,300;4585,320;4589,306;4594,320;4598,306;4602,320;4607,306;4611,298;4615,310;4620,310;4624,310;4629,310;4633,316;4637,302;4642,316;4646,314;4650,328;4655,312;4659,306;4663,306;4668,304;4672,318;4676,302;4681,302;4685,310;4689,322;4694,308;4698,322;4703,320;4707,312;4711,312;4716,298;4720,310;4724,310;4729,324;4733,316;4737,316;4742,314;4746,314;4750,314;4755,328;4759,320;4763,306;4768,318;4772,304;4777,316;4781,308;4785,324;4790,322;4794,322;4798,320;4803,320;4807,312;4811,312;4816,326;4820,310;4824,310;4829,310;4833,330;4837,316;4842,330;4846,314;4851,328;4855,306;4859,306;4864,318;4868,318;4872,318;4877,316;4881,322;4885,322;4890,320;4894,306;4898,320;4903,318;4907,310;4911,324;4916,310;4920,308;4925,308;4929,328;4933,312;4938,312;4942,312;4946,324;4951,310;4955,302;4959,316;4964,300;4968,314;4972,312;4977,312;4981,304;4986,316;4990,314;4994,316;4999,314;5003,306;5007,318;5012,304;5016,316;5020,302;5025,302;5029,306;5033,320;5038,306;5042,318;5046,304;5051,316;5055,294;5060,308;5064,306;5068,306;5073,306;5077,312;5081,312;5086,310;5090,310;5094,310;5099,324;5103,300;5107,300;5112,314;5116,300;5120,312;5125,304;5129,318;5134,318;5138,316;5142,316;5147,314;5151,308;5155,306;5160,320;5164,304;5168,318;5173,302;5177,336;5181,322;5186,306;5190,306;5195,320;5199,312;5203,310;5208,324;5212,310;5216,308;5221,306;5225,328;5229,312;5234,326;5238,310;5242,324;5247,310;5251,316;5255,314;5260,314;5264,312;5269,312;5273,312;5277,318;5282,318;5286,304;5290,318;5295,316;5299,308;5303,322;5308,308;5312,306;5316,306;5321,320;5325,312;5329,312;5334,310;5338,324;5343,310;5347,302;5351,316;5356,300;5360,312;5364,312;5369,312;5373,304;5377,316;5382,302;5386,316;5390,316;5395,328;5399,306;5403,306;5408,320;5412,304;5417,306;5421,310;5425,324;5430,310;5434,310;5438,308;5443,308;5447,300;5451,300;5456,314;5460,314;5464,312;5469,298;5473,318;5477,304;5482,302;5486,302;5491,316;5495,308;5499,306;5504,306;5508,292;5512,304;5517,304;5521,324;5525,310;5530,324;5534,310;5538,310;5543,310;5547,300;5551,314;5556,314;5560,314;5565,312;5569,318;5573,304;5578,318;5582,302;5586,330;5591,316;5595,308;5599,306;5604,306;5608,306;5612,304;5617,304;5621,310;5626,324;5630,322;5634,322;5639,320;5643,312;5647,312;5652,312;5656,310;5660,310;5665,308;5669,314;5673,314;5678,312;5682,326;5686,310;5691,324;5695,316;5700,316;5704,314;5708,314;5713,314;5717,306;5721,320;5726,318;5730,318;5734,316;5739,316;5743,308;5747,306;5752,320;5756,306;5760,316;5765,310;5769,310;5774,308;5778,308;5782,308;5787,308;5791,300;5795,312;5800,312;5804,312;5808,312;5813,296;5817,316;5821,302;5826,314;5830,300;5835,316;5839,304;5843,304;5848,318;5852,304;5856,302;5861,302;5865,322;5869,306;5874,306;5878,304;5882,318;5887,304;5891,310;5895,310;5900,296;5904,308;5909,308;5913,314;5917,312;5922,326;5926,310;5930,324;5935,322;5939,300;5943,314;5948,314;5952,312;5956,312;5961,312;5965,304;5969,316;5974,302;5978,328;5983,314;5987,304;5991,304;5996,304;6000,318;6004,302;6009,316;6013,308;6017,320;6022,306;6026,320;6030,304;6035,332;6039,310;6043,294;6048,294;6052,292;6057,278;6061,298;6065,296;6070,282;6074,252;6078,280;6083,294;6087,284;6091,298;6096,282;6100,284;6104,268;6109,286;6113,286;6117,286;6122,298;6126,298;6131,296;6135,288;6139,288;6144,286;6148,286;6152,300;6157,284;6161,290;6165,290;6170,288;6174,274;6178,288;6183,280;6187,280;6191,278;6196,278;6200,278;6205,276;6209,298;6213,282;6218,282;6222,282;6226,294;6231,272;6235,272;6239,270;6244,270;6248,270;6252,270;6257,290;6261,288;6266,276;6270,288;6274,286;6279,286;6283,278;6287,276;6292,276;6296,290;6300,276;6305,274;6309,280;6313,264;6318,278;6322,248;6326,276;6331,282;6335,282;6340,282;6344,296;6348,280;6353,280;6357,286;6361,284;6366,284;6370,298;6374,282;6379,274;6383,272;6387,286;6392,286;6396,284;6400,284;6405,290;6409,290;6414,288;6418,288;6422,274;6427,286;6431,264;6435,278;6440,262;6444,276;6448,274;6453,280;6457,294;6461,280;6466,250;6470,278;6474,292;6479,282;6483,282;6488,294;6492,280;6496,280;6501,278;6505,284;6509,284;6514,284;6518,282;6522,252;6527,282;6531,274;6535,286;6540,286;6544,284;6548,284;6553,276;6557,276;6562,274;6566,288;6570,288;6575,286;6579,264;6583,264;6588,264;6592,262;6596,262;\r\nBuffer sent in 0.972 secondsreturn;buffer;964\r\n'), 11:29:53
bytearray(b'received from UR: measure -> measure (0,1)\r\nSTEPPER: Moving to mstep: 6600 with speed [msteps/sec]: 1000 in StealthChop.\r\n'), 11:29:54
bytearray(b'STEPPER: Moving to mstep: 2400 with speed [msteps/sec]: 4000 in SpreadCycle.\r\n'), 11:29:58
bytearray(b'STEPPER: Moved 4200.00 msteps (ramp: 35%) in 1324.888 ms -> average speed [msteps/sec]: 3170.08\r\nreturn;measure;965\r\n'), 11:30:00
bytearray(b'received from UR: buffer -> buffer (0,1)\r\nSending buffer of size 965data;2400,300;2404,444;2408,198;2413,270;2417,334;2421,318;2426,332;2430,318;2434,332;2439,318;2443,322;2447,336;2452,322;2456,322;2460,322;2465,334;2469,314;2474,326;2478,312;2482,326;2487,326;2491,320;2495,332;2500,318;2504,318;2508,330;2513,330;2517,322;2521,322;2526,322;2530,322;2534,322;2539,334;2543,326;2548,312;2552,324;2556,310;2561,324;2565,318;2569,330;2574,330;2578,330;2582,316;2587,330;2591,322;2595,306;2600,334;2604,320;2608,334;2613,318;2617,338;2622,324;2626,338;2630,322;2635,338;2639,328;2643,314;2648,326;2652,312;2656,326;2661,326;2665,332;2669,316;2674,330;2678,316;2682,330;2687,328;2691,322;2696,322;2700,320;2704,320;2709,320;2713,328;2717,324;2722,326;2726,324;2730,324;2735,324;2739,316;2743,330;2748,314;2752,328;2756,328;2761,342;2765,320;2770,334;2774,318;2778,332;2783,318;2787,324;2791,338;2796,310;2800,322;2804,308;2809,322;2813,328;2817,342;2822,314;2826,342;2830,312;2835,340;2839,332;2844,318;2848,330;2852,316;2857,316;2861,322;2865,336;2870,322;2874,322;2878,322;2883,322;2887,328;2891,328;2896,328;2900,314;2904,326;2909,326;2913,334;2918,320;2922,332;2926,318;2931,332;2935,324;2939,324;2944,338;2948,324;2952,322;2957,306;2961,328;2965,314;2970,342;2974,326;2979,342;2983,318;2987,318;2992,332;2996,302;3000,330;3005,316;3009,336;3013,322;3018,336;3022,322;3026,334;3031,320;3035,326;3039,324;3044,310;3048,324;3053,324;3057,322;3061,328;3066,328;3070,328;3074,328;3079,314;3083,318;3087,318;3092,318;3096,332;3100,318;3105,316;3109,322;3113,322;3118,322;3122,336;3127,322;3131,314;3135,326;3140,312;3144,326;3148,312;3153,326;3157,332;3161,346;3166,318;3170,330;3174,316;3179,330;3183,336;3187,322;3192,336;3196,306;3201,322;3205,320;3209,342;3214,314;3218,342;3222,326;3227,340;3231,334;3235,320;3240,318;3244,304;3248,318;3253,318;3257,338;3261,324;3266,338;3270,324;3275,338;3279,322;3283,330;3288,330;3292,328;3296,328;3301,314;3305,334;3309,320;3314,334;3318,318;3322,332;3327,318;3331,324;3335,338;3340,322;3344,322;3349,308;3353,322;3357,328;3362,342;3366,326;3370,328;3375,326;3379,318;3383,332;3388,316;3392,330;3396,330;3401,330;3405,320;3409,334;3414,320;3418,334;3423,320;3427,324;3431,324;3436,310;3440,322;3444,322;3449,336;3453,314;3457,342;3462,328;3466,328;3470,326;3475,306;3479,318;3484,318;3488,332;3492,318;3497,318;3501,324;3505,338;3510,322;3514,336;3518,322;3523,336;3527,328;3531,314;3536,342;3540,314;3544,326;3549,312;3553,334;3558,318;3562,334;3566,318;3571,332;3575,324;3579,310;3584,324;3588,324;3592,338;3597,322;3601,330;3605,314;3610,328;3614,314;3618,326;3623,326;3627,318;3632,332;3636,316;3640,316;3645,330;3649,336;3653,320;3658,336;3662,320;3666,334;3671,332;3675,310;3679,324;3684,324;3688,322;3692,322;3697,322;3701,314;3706,328;3710,326;3714,326;3719,312;3723,318;3727,330;3732,330;3736,330;3740,316;3745,328;3749,320;3753,334;3758,320;3762,334;3767,332;3771,312;3775,324;3780,310;3784,324;3788,322;3793,336;3797,328;3801,328;3806,314;3810,328;3814,326;3819,340;3823,332;3827,318;3832,318;3836,316;3841,318;3845,330;3849,336;3854,322;3858,334;3862,320;3867,334;3871,326;3875,326;3880,338;3884,324;3888,324;3893,310;3897,330;3901,330;3906,328;3910,314;3915,342;3919,326;3923,320;3928,332;3932,318;3936,332;3941,316;3945,336;3949,322;3954,336;3958,320;3962,334;3967,320;3971,326;3975,340;3980,324;3984,338;3989,310;3993,338;3997,316;4002,330;4006,328;4010,342;4015,328;4019,306;4023,320;4028,320;4032,334;4036,318;4041,332;4045,324;4049,338;4054,324;4058,338;4063,324;4067,314;4071,316;4076,328;4080,328;4084,328;4089,326;4093,318;4097,332;4102,330;4106,330;4110,316;4115,330;4119,322;4123,322;4128,334;4132,320;4137,320;4141,324;4145,324;4150,324;4154,338;4158,324;4163,338;4167,328;4171,314;4176,328;4180,312;4184,326;4189,312;4193,332;4198,332;4202,332;4206,316;4211,332;4215,336;4219,322;4224,322;4228,306;4232,320;4237,320;4241,340;4245,324;4250,340;4254,324;4258,338;4263,322;4267,314;4272,328;4276,328;4280,328;4285,326;4289,332;4293,318;4298,332;4302,330;4306,330;4311,316;4315,308;4319,322;4324,320;4328,336;4332,320;4337,334;4341,326;4346,326;4350,326;4354,326;4359,324;4363,302;4367,316;4372,316;4376,330;4380,314;4385,328;4389,320;4393,334;4398,318;4402,332;4406,316;4411,330;4415,336;4420,322;4424,322;4428,308;4433,320;4437,312;4441,326;4446,310;4450,324;4454,310;4459,324;4463,316;4467,316;4472,314;4476,300;4480,314;4485,312;4489,320;4494,318;4498,332;4502,318;4507,330;4511,308;4515,310;4520,322;4524,308;4528,320;4533,306;4537,314;4541,312;4546,312;4550,310;4554,324;4559,308;4563,300;4568,314;4572,300;4576,312;4581,298;4585,320;4589,318;4594,318;4598,316;4602,316;4607,302;4611,294;4615,306;4620,306;4624,320;4628,306;4633,298;4637,310;4642,324;4646,308;4650,310;4655,308;4659,312;4663,314;4668,300;4672,312;4676,312;4681,310;4685,302;4689,316;4694,316;4698,316;4703,314;4707,292;4711,306;4716,304;4720,306;4724,290;4729,304;4733,310;4737,320;4742,308;4746,320;4750,306;4755,320;4759,326;4764,310;4768,312;4772,296;4777,308;4781,314;4785,330;4790,314;4794,328;4798,312;4803,326;4807,318;4811,304;4816,316;4820,302;4824,314;4829,314;4833,334;4838,318;4842,334;4846,318;4851,332;4855,310;4859,310;4864,322;4868,310;4872,308;4877,308;4881,330;4885,314;4890,326;4894,312;4898,324;4903,310;4907,316;4912,316;4916,314;4920,314;4925,300;4929,320;4933,318;4938,318;4942,304;4946,318;4951,316;4955,306;4959,320;4964,292;4968,304;4972,304;4977,316;4981,308;4986,322;4990,320;4994,320;4999,306;5003,298;5007,310;5012,296;5016,308;5020,308;5025,308;5029,314;5033,328;5038,310;5042,326;5046,310;5051,324;5055,316;5060,316;5064,314;5068,300;5073,312;5077,304;5081,304;5086,302;5090,316;5094,302;5099,316;5103,306;5107,306;5112,320;5116,306;5120,318;5125,310;5129,312;5134,310;5138,308;5142,308;5147,322;5151,312;5155,312;5160,326;5164,310;5168,310;5173,308;5177,328;5181,314;5186,328;5190,312;5195,314;5199,318;5203,318;5208,318;5212,316;5216,316;5221,302;5225,322;5229,308;5234,336;5238,308;5242,322;5247,306;5251,312;5256,312;5260,298;5264,310;5269,310;5273,330;5277,316;5282,330;5286,316;5290,328;5295,314;5299,306;5303,318;5308,304;5312,318;5316,316;5321,316;5325,308;5330,322;5334,320;5338,320;5343,320;5347,312;5351,312;5356,298;5360,310;5364,296;5369,310;5373,316;5377,330;5382,314;5386,328;5390,314;5395,328;5399,306;5404,292;5408,306;5412,304;5417,304;5421,310;5425,324;5430,310;5434,308;5438,296;5443,322;5447,300;5451,300;5456,312;5460,298;5464,298;5469,298;5473,318;5478,316;5482,316;5486,316;5491,316;5495,306;5499,306;5504,306;5508,290;5512,304;5517,304;5521,324;5525,310;5530,322;5534,308;5538,308;5543,306;5547,300;5552,312;5556,312;5560,326;5565,310;5569,318;5573,316;5578,330;5582,314;5586,328;5591,314;5595,292;5599,306;5604,304;5608,318;5612,302;5617,304;5621,322;5626,322;5630,308;5634,322;5639,320;5643,298;5647,312;5652,312;5656,310;5660,296;5665,310;5669,316;5673,330;5678,316;5682,328;5687,314;5691,306;5695,306;5700,318;5704,318;5708,318;5713,316;5717,310;5721,322;5726,322;5730,322;5734,306;5739,320;5743,312;5747,310;5752,312;5756,310;5761,310;5765,314;5769,316;5774,314;5778,314;5782,298;5787,312;5791,318;5795,318;5800,316;5804,302;5808,316;5813,300;5817,320;5821,318;5826,320;5830,304;5835,318;5839,310;5843,296;5848,308;5852,308;5856,308;5861,292;5865,314;5869,312;5874,312;5878,310;5882,312;5887,310;5891,288;5896,300;5900,300;5904,312;5909,312;5913,318;5917,318;5922,318;5926,316;5930,316;5935,314;5939,292;5943,306;5948,304;5952,318;5956,304;5961,316;5965,308;5970,322;5974,306;5978,320;5983,306;5987,312;5991,310;5996,296;6000,308;6004,294;6009,308;6013,314;6017,326;6022,312;6026,326;6030,310;6035,300;6039,316;6044,300;6048,300;6052,284;6057,284;6061,290;6065,304;6070,288;6074,288;6078,288;6083,264;6087,292;6091,280;6096,292;6100,292;6104,290;6109,268;6113,282;6118,282;6122,296;6126,280;6131,252;6135,300;6139,286;6144,298;6148,284;6152,298;6157,274;6161,260;6165,272;6170,272;6174,286;6178,286;6183,278;6187,278;6192,290;6196,276;6200,288;6205,288;6209,252;6213,278;6218,278;6222,278;6226,262;6231,284;6235,268;6239,282;6244,280;6248,266;6253,266;6257,286;6261,272;6266,242;6270,284;6274,284;6279,282;6283,274;6287,274;6292,272;6296,272;6300,258;6305,292;6309,278;6313,278;6318,276;6322,262;6327,260;6331,280;6335,280;6340,278;6344,278;6348,276;6353,290;6357,282;6361,282;6366,282;6370,294;6374,294;6379,270;6383,270;6387,270;6392,270;6396,268;6401,268;6405,288;6409,288;6414,286;6418,300;6422,286;6427,264;6431,278;6435,276;6440,290;6444,290;6448,288;6453,280;6457,294;6461,280;6466,280;6470,278;6475,278;6479,284;6483,284;6488,284;6492,284;6496,282;6501,282;6505,274;6509,288;6514,288;6518,286;6522,286;6527,292;6531,278;6535,290;6540,262;6544,274;6549,274;6553,280;6557,280;6562,294;6566,278;6570,290;6575,276;6579,282;6583,296;6588,280;6592,278;6596,278;\r\nBuffer sent in 0.973 secondsreturn;buffer;965\r\n'), 11:30:02
bytearray(b'received from UR: measure -> measure (0,1)\r\nSTEPPER: Moving to mstep: 6600 with speed [msteps/sec]: 1000 in StealthChop.\r\n'), 11:30:03
bytearray(b'STEPPER: Moving to mstep: 2400 with speed [msteps/sec]: 4000 in SpreadCycle.\r\n'), 11:30:07
bytearray(b'STEPPER: Moved 4200.00 msteps (ramp: 35%) in 1324.880 ms -> average speed [msteps/sec]: 3170.10\r\nreturn;measure;964\r\n'), 11:30:08
bytearray(b'received from UR: buffer -> buffer (0,1)\r\nSending buffer of size 964data;2400,290;2404,458;2408,170;2413,284;2417,312;2421,318;2426,332;2430,316;2434,330;2439,328;2443,322;2447,320;2452,320;2456,320;2460,318;2465,332;2469,324;2474,338;2478,322;2482,336;2487,320;2491,326;2495,326;2500,312;2504,324;2508,324;2513,324;2517,314;2521,328;2526,328;2530,326;2534,326;2539,304;2543,318;2548,316;2552,330;2556,316;2561,328;2565,320;2569,334;2574,318;2578,346;2582,330;2587,344;2591,322;2595,306;2600,320;2604,320;2608,332;2613,318;2617,338;2622,322;2626,336;2630,322;2635,336;2639,326;2643,312;2648,324;2652,324;2656,338;2661,322;2665,328;2669,326;2674,326;2678,326;2682,338;2687,324;2691,328;2696,328;2700,314;2704,328;2709,324;2713,332;2717,318;2722,330;2726,330;2730,328;2735,328;2739,318;2743,332;2748,304;2752,316;2756,316;2761,328;2765,320;2770,334;2774,318;2778,332;2783,316;2787,322;2791,336;2796,320;2800,320;2804,304;2809,318;2813,324;2817,338;2822,322;2826,320;2835,334;2839,326;2843,324;2848,324;2852,322;2857,322;2861,314;2865,328;2870,326;2874,326;2878,324;2883,326;2887,316;2891,330;2896,328;2900,328;2904,326;2909,312;2913,332;2917,330;2922,328;2926,314;2931,342;2935,320;2939,318;2944,332;2948,302;2952,318;2957,316;2961,336;2965,320;2970,334;2974,318;2978,332;2983,318;2987,324;2991,336;2996,322;3000,322;3005,306;3009,326;3013,324;3018,338;3022,322;3026,336;3031,320;3035,326;3039,326;3044,324;3048,324;3052,310;3057,322;3061,328;3066,342;3070,326;3074,326;3079,324;3083,316;3087,316;3092,328;3096,328;3100,326;3105,326;3109,318;3113,330;3118,316;3122,344;3126,328;3131,342;3135,320;3140,306;3144,332;3148,318;3153,330;3157,322;3161,336;3166,320;3170,334;3174,318;3179,346;3183,324;3187,310;3192,322;3196,308;3201,322;3205,320;3209,340;3214,326;3218,340;3222,324;3227,338;3231,328;3235,328;3240,328;3244,328;3248,326;3253,312;3257,332;3261,318;3266,344;3270,330;3275,330;3279,320;3283,320;3288,320;3292,332;3296,332;3301,330;3305,324;3309,322;3314,322;3318,322;3322,334;3327,320;3331,310;3335,324;3340,322;3344,336;3349,322;3353,336;3357,314;3362,340;3366,326;3370,340;3375,324;3379,316;3383,330;3388,314;3392,328;3396,328;3401,340;3405,318;3409,332;3414,316;3418,330;3423,330;3427,322;3431,320;3436,320;3440,318;3444,318;3449,332;3453,324;3457,338;3462,322;3466,322;3470,320;3475,322;3479,328;3483,326;3488,326;3492,310;3497,324;3501,324;3505,330;3510,328;3514,328;3518,328;3523,326;3527,332;3531,318;3536,332;3540,316;3544,332;3549,316;3553,324;3557,322;3562,334;3566,320;3571,334;3575,318;3579,310;3584,338;3588,310;3592,322;3597,322;3601,342;3605,312;3610,340;3614,326;3618,340;3623,324;3627,316;3631,328;3636,314;3640,314;3645,312;3649,326;3653,318;3658,332;3662,316;3666,330;3671,314;3675,320;3679,334;3684,320;3688,332;3692,318;3697,316;3701,322;3706,322;3710,322;3714,336;3719,320;3723,312;3727,324;3732,324;3736,338;3740,324;3745,322;3749,328;3753,328;3758,314;3762,340;3766,324;3771,338;3775,330;3780,314;3784,328;3788,312;3793,326;3797,318;3801,332;3806,316;3810,330;3814,314;3819,328;3823,332;3827,318;3832,330;3836,316;3840,316;3845,314;3849,334;3854,320;3858,334;3862,318;3867,332;3871,324;3875,324;3880,336;3884,322;3888,322;3893,320;3897,326;3901,326;3906,338;3910,322;3914,336;3919,336;3923,314;3928,326;3932,312;3936,324;3941,324;3945,330;3949,328;3954,328;3958,328;3962,326;3967,326;3971,318;3975,332;3980,316;3984,344;3988,314;3993,328;3997,320;4002,334;4006,318;4010,332;4015,316;4019,322;4023,336;4028,320;4032,320;4036,320;4041,332;4045,324;4049,336;4054,322;4058,336;4062,320;4067,348;4071,324;4076,324;4080,322;4084,308;4089,320;4093,326;4097,340;4102,324;4106,338;4110,324;4115,336;4119,328;4123,312;4128,324;4132,310;4137,324;4141,324;4145,344;4150,328;4154,328;4158,326;4163,326;4167,332;4171,316;4176,328;4180,314;4184,328;4189,312;4193,334;4197,330;4202,344;4206,328;4211,330;4215,320;4219,320;4224,332;4228,318;4232,330;4237,314;4241,334;4245,320;4250,334;4254,316;4258,332;4263,316;4267,322;4271,334;4276,320;4280,318;4285,316;4289,324;4293,322;4298,336;4302,320;4306,334;4311,318;4315,324;4319,336;4324,322;4328,322;4332,306;4337,320;4341,324;4346,338;4350,324;4354,336;4359,322;4363,312;4367,326;4372,326;4376,340;4380,324;4385,324;4389,316;4393,330;4398,328;4402,328;4406,312;4411,328;4415,332;4420,332;4424,330;4428,316;4433,314;4437,320;4441,334;4446,318;4450,332;4454,316;4459,330;4463,322;4467,306;4472,318;4476,318;4480,318;4485,308;4489,322;4494,320;4498,320;4502,318;4507,316;4511,322;4515,308;4520,306;4524,304;4528,318;4533,302;4537,322;4541,322;4546,320;4550,306;4554,318;4559,310;4563,310;4568,322;4572,308;4576,320;4581,306;4585,326;4589,312;4594,324;4598,310;4602,322;4607,322;4611,300;4615,312;4620,312;4624,310;4628,296;4633,308;4637,314;4642,328;4646,312;4650,326;4655,310;4659,302;4663,302;4668,300;4672,314;4676,298;4681,298;4685,318;4689,316;4694,316;4698,316;4702,314;4707,306;4711,320;4716,304;4720,318;4724,318;4729,316;4733,308;4737,322;4742,320;4746,320;4750,306;4755,318;4759,324;4763,308;4768,322;4772,294;4776,308;4781,312;4785,326;4790,324;4794,310;4798,308;4803,322;4807,314;4811,312;4816,326;4820,312;4824,324;4829,310;4833,330;4837,314;4842,328;4846,314;4851,328;4855,320;4859,304;4864,304;4868,304;4872,316;4877,302;4881,322;4885,322;4890,320;4894,306;4898,318;4903,318;4907,324;4911,322;4916,310;4920,308;4925,294;4929,326;4933,312;4938,326;4942,312;4946,310;4951,310;4955,302;4959,314;4964,300;4968,312;4972,312;4977,312;4981,302;4986,316;4990,316;4994,328;4999,314;5003,306;5007,320;5012,304;5016,318;5020,318;5025,316;5029,308;5033,322;5038,308;5042,320;5046,320;5051,298;5055,310;5060,296;5064,308;5068,294;5073,306;5077,314;5081,312;5086,312;5090,324;5094,310;5099,310;5103,302;5107,302;5112,314;5116,314;5120,312;5125,298;5129,318;5134,316;5138,316;5142,316;5147,328;5151,320;5155,292;5160,318;5164,304;5168,316;5173,302;5177,322;5181,320;5186,320;5190,306;5194,318;5199,304;5203,310;5208,322;5212,308;5216,320;5221,306;5225,326;5229,312;5234,326;5238,310;5242,308;5247,308;5251,314;5255,326;5260,312;5264,324;5268,310;5273,310;5277,316;5282,314;5286,314;5290,314;5295,312;5299,304;5303,316;5308,316;5312,316;5316,314;5321,314;5325,320;5329,320;5334,318;5338,318;5343,316;5347,308;5351,322;5356,308;5360,320;5364,292;5369,306;5373,312;5377,326;5382,312;5386,298;5390,310;5395,324;5399,316;5403,302;5408,314;5412,302;5417,314;5421,306;5425,320;5430,318;5434,318;5438,304;5443,318;5447,308;5451,294;5456,306;5460,306;5464,306;5469,290;5473,312;5478,310;5482,310;5486,308;5491,322;5495,314;5499,298;5504,298;5508,298;5512,310;5517,296;5521,316;5525,316;5530,314;5534,314;5538,314;5543,312;5547,304;5552,318;5556,302;5560,316;5565,316;5569,322;5573,306;5578,320;5582,306;5586,320;5591,306;5595,310;5599,310;5604,296;5608,310;5612,308;5617,322;5621,314;5626,328;5630,312;5634,326;5639,310;5643,316;5647,316;5652,316;5656,316;5660,302;5665,314;5669,320;5673,320;5678,306;5682,320;5686,318;5691,318;5695,310;5700,310;5704,322;5708,310;5713,308;5717,314;5721,328;5726,312;5730,326;5734,312;5739,310;5743,318;5747,302;5752,302;5756,302;5760,314;5765,314;5769,320;5774,306;5778,318;5782,318;5787,318;5791,308;5795,294;5800,308;5804,294;5808,306;5813,306;5817,314;5821,298;5826,312;5830,310;5834,312;5839,308;5843,316;5848,314;5852,300;5856,300;5861,314;5865,304;5869,304;5874,318;5878,304;5882,316;5887,316;5891,308;5895,308;5900,306;5904,306;5909,292;5913,312;5917,310;5922,324;5926,310;5930,310;5935,308;5939,300;5943,314;5948,314;5952,328;5956,312;5961,312;5965,304;5969,318;5974,316;5978,316;5983,300;5987,306;5991,320;5996,320;6000,320;6004,304;6009,318;6013,310;6017,322;6022,308;6026,320;6030,306;6035,298;6039,310;6043,310;6048,296;6052,294;6057,292;6061,284;6065,284;6070,282;6074,254;6078,280;6083,294;6087,288;6091,286;6096,286;6100,270;6104,284;6109,290;6113,288;6117,288;6122,272;6126,272;6131,256;6135,292;6139,278;6144,290;6148,290;6152,302;6157,288;6161,280;6165,292;6170,292;6174,290;6178,290;6183,268;6187,266;6191,280;6196,264;6200,278;6205,264;6209,284;6213,284;6218,296;6222,282;6226,280;6231,280;6235,286;6239,286;6244,284;6248,284;6252,284;6257,264;6261,276;6266,288;6270,288;6274,272;6279,286;6283,264;6287,276;6292,262;6296,276;6300,274;6305,268;6309,282;6313,294;6318,280;6322,278;6326,292;6331,270;6335,270;6340,268;6344,268;6348,268;6353,280;6357,286;6361,300;6366,286;6370,284;6374,284;6379,276;6383,290;6387,290;6392,288;6396,274;6400,272;6405,278;6409,292;6414,290;6418,290;6422,276;6427,274;6431,282;6435,294;6440,280;6444,278;6448,278;6453,284;6457,270;6461,282;6466,282;6470,280;6475,280;6479,272;6483,270;6488,270;6492,270;6496,268;6501,254;6505,288;6509,288;6514,272;6518,272;6522,270;6527,276;6531,276;6535,276;6540,246;6544,288;6549,274;6553,280;6557,290;6562,264;6566,262;6570,276;6575,268;6579,268;6583,266;6588,266;6592,264;6596,264;\r\nBuffer sent in 0.972 secondsreturn;buffer;964\r\n'), 11:30:10
bytearray(b'received from UR: measure -> measure (0,1)\r\nSTEPPER: Moving to mstep: 6600 with speed [msteps/sec]: 1000 in StealthChop.\r\n'), 11:30:11
bytearray(b'STEPPER: Moving to mstep: 2400 with speed [msteps/sec]: 4000 in SpreadCycle.\r\n'), 11:30:15
bytearray(b'STEPPER: Moved 4200.00 msteps (ramp: 35%) in 1324.888 ms -> average speed [msteps/sec]: 3170.08\r\nreturn;measure;965\r\n'), 11:30:17
bytearray(b'received from UR: buffer -> buffer (0,1)\r\nSending buffer of size 965data;2400,304;2404,448;2408,160;2413,272;2417,314;2421,320;2426,334;2430,320;2434,334;2439,318;2443,324;2447,324;2452,322;2456,322;2460,322;2465,320;2469,314;2474,340;2478,326;2482,324;2487,324;2491,316;2495,316;2500,328;2504,328;2508,328;2513,328;2517,320;2521,334;2526,318;2530,332;2534,332;2539,332;2543,322;2548,308;2552,322;2556,306;2561,334;2565,326;2569,340;2574,324;2578,338;2582,324;2587,338;2591,330;2595,328;2600,328;2604,314;2608,326;2613,326;2617,332;2622,330;2626,330;2630,316;2635,342;2639,334;2643,320;2648,320;2652,320;2656,332;2661,318;2665,338;2669,324;2674,322;2678,322;2682,336;2687,334;2691,312;2696,312;2700,312;2704,338;2709,324;2713,330;2717,328;2722,330;2726,328;2730,328;2735,328;2739,306;2743,332;2748,318;2752,332;2757,316;2761,330;2765,322;2770,336;2774,322;2778,336;2783,322;2787,312;2791,326;2796,312;2800,326;2804,324;2809,322;2813,330;2817,344;2822,330;2826,344;2831,314;2835,322;2839,334;2844,320;2848,320;2852,320;2857,332;2861,324;2865,338;2870,324;2874,336;2878,322;2883,336;2887,328;2891,326;2896,326;2900,326;2905,324;2909,324;2913,330;2918,316;2922,330;2926,330;2931,330;2935,320;2939,306;2944,334;2948,320;2952,332;2957,318;2961,338;2965,324;2970,336;2974,322;2979,336;2983,320;2987,326;2992,326;2996,310;3000,324;3005,310;3009,344;3013,316;3018,328;3022,326;3026,328;3031,326;3035,318;3039,318;3044,330;3048,330;3053,316;3057,328;3061,320;3066,334;3070,320;3074,334;3079,320;3083,324;3087,324;3092,324;3096,324;3100,308;3105,322;3109,314;3113,328;3118,328;3122,340;3127,326;3131,304;3135,318;3140,316;3144,330;3148,330;3153,330;3157,322;3161,336;3166,322;3170,336;3174,320;3179,336;3183,326;3187,312;3192,326;3196,310;3201,324;3205,330;3209,344;3214,330;3218,344;3222,328;3227,342;3231,320;3235,320;3240,332;3244,318;3248,318;3253,316;3257,336;3262,322;3266,336;3270,320;3275,334;3279,326;3283,326;3288,324;3292,310;3296,324;3301,324;3305,330;3309,328;3314,328;3318,326;3322,340;3327,326;3331,318;3336,330;3340,318;3344,330;3349,314;3353,336;3357,320;3362,334;3366,318;3370,332;3375,318;3379,324;3383,324;3388,308;3392,322;3397,306;3401,320;3405,326;3410,340;3414,326;3418,338;3423,324;3427,316;3431,330;3436,328;3440,328;3444,312;3449,326;3453,318;3457,332;3462,330;3466,330;3471,330;3475,328;3479,320;3484,306;3488,334;3492,332;3497,332;3501,324;3505,324;3510,322;3514,322;3518,322;3523,334;3527,342;3531,326;3536,326;3540,310;3545,324;3549,324;3553,330;3558,328;3562,328;3566,314;3571,340;3575,332;3579,318;3584,330;3588,316;3592,328;3597,314;3601,334;3605,318;3610,346;3614,318;3619,330;3623,316;3627,322;3632,322;3636,320;3640,320;3645,318;3649,338;3653,324;3658,338;3662,322;3666,336;3671,322;3675,312;3679,340;3684,326;3688,326;3693,324;3697,324;3701,330;3706,330;3710,328;3714,328;3719,326;3723,318;3727,332;3732,304;3736,316;3740,316;3745,330;3749,336;3753,334;3758,334;3762,334;3767,318;3771,332;3775,324;3780,310;3784,324;3788,320;3793,332;3797,326;3801,340;3806,326;3810,340;3814,324;3819,338;3823,330;3827,330;3832,328;3836,314;3841,326;3845,318;3849,332;3854,316;3858,330;3862,316;3867,330;3871,322;3875,322;3880,322;3884,320;3888,334;3893,318;3897,324;3901,324;3906,324;3910,322;3915,336;3919,328;3923,314;3928,314;3932,312;3936,340;3941,326;3945,332;3949,316;3954,330;3958,330;3962,330;3967,328;3971,306;3976,334;3980,318;3984,332;3989,318;3993,338;3997,324;4002,336;4006,322;4010,336;4015,320;4019,328;4023,328;4028,314;4032,326;4036,326;4041,326;4045,318;4050,332;4054,316;4058,346;4063,316;4067,322;4071,322;4076,322;4080,334;4084,320;4089,320;4093,326;4097,326;4102,324;4106,324;4110,324;4115,338;4119,328;4124,316;4128,328;4132,312;4137,326;4141,318;4145,332;4150,332;4154,330;4158,330;4163,330;4167,322;4171,320;4176,334;4180,320;4184,334;4189,304;4193,326;4198,324;4202,338;4206,324;4211,336;4215,314;4219,314;4224,328;4228,326;4232,326;4237,324;4241,332;4245,330;4250,330;4254,330;4258,330;4263,314;4267,320;4272,334;4276,318;4280,318;4285,318;4289,324;4293,324;4298,324;4302,322;4306,336;4311,320;4315,312;4319,340;4324,326;4328,326;4332,310;4337,326;4341,318;4346,332;4350,316;4354,330;4359,330;4363,322;4367,336;4372,320;4376,320;4380,306;4385,334;4389,326;4393,326;4398,324;4402,338;4406,324;4411,338;4415,330;4420,302;4424,328;4428,314;4433,314;4437,320;4441,320;4446,318;4450,334;4454,318;4459,332;4463,310;4467,310;4472,308;4476,308;4481,308;4485,314;4489,328;4494,328;4498,328;4502,312;4507,314;4511,320;4515,320;4520,318;4524,304;4528,318;4533,302;4537,324;4541,322;4546,324;4550,308;4555,322;4559,314;4563,314;4568,314;4572,300;4576,312;4581,298;4585,320;4589,304;4594,318;4598,304;4602,318;4607,316;4611,294;4616,308;4620,294;4624,306;4629,306;4633,328;4637,312;4642,312;4646,312;4650,312;4655,312;4659,304;4663,318;4668,318;4672,304;4676,302;4681,316;4685,308;4690,308;4694,308;4698,308;4703,308;4707,300;4711,314;4716,300;4720,314;4724,300;4729,312;4733,320;4737,320;4742,304;4746,318;4750,318;4755,296;4759,310;4764,310;4768,324;4772,310;4777,310;4781,314;4785,328;4790,314;4794,326;4798,312;4803,326;4807,318;4811,318;4816,316;4820,316;4824,316;4829,308;4833,322;4838,308;4842,320;4846,320;4851,332;4855,310;4859,310;4864,310;4868,310;4872,310;4877,322;4881,316;4885,314;4890,314;4894,314;4898,328;4903,312;4907,320;4912,318;4916,304;4920,318;4925,302;4929,324;4933,308;4938,308;4942,308;4946,322;4951,308;4955,312;4959,312;4964,312;4968,310;4972,296;4977,324;4981,302;4986,314;4990,314;4994,328;4999,312;5003,318;5007,318;5012,304;5016,316;5020,316;5025,316;5029,308;5033,322;5038,322;5042,320;5047,320;5051,298;5055,298;5060,312;5064,310;5068,310;5073,310;5077,302;5081,316;5086,302;5090,302;5094,314;5099,316;5103,306;5107,292;5112,306;5116,306;5121,306;5125,312;5129,324;5134,310;5138,324;5142,308;5147,322;5151,316;5155,314;5160,314;5164,298;5168,312;5173,312;5177,332;5181,318;5186,332;5190,316;5195,330;5199,308;5203,308;5208,322;5212,308;5216,306;5221,306;5225,328;5229,312;5234,326;5238,312;5242,324;5247,302;5251,302;5255,302;5260,300;5264,316;5269,314;5273,322;5277,320;5282,320;5286,318;5290,318;5295,318;5299,310;5303,310;5308,310;5312,322;5316,308;5321,306;5325,312;5330,326;5334,312;5338,312;5343,310;5347,316;5351,316;5356,302;5360,300;5364,288;5369,300;5373,320;5377,320;5382,306;5386,318;5390,304;5395,296;5399,324;5404,308;5408,308;5412,308;5417,308;5421,314;5425,314;5430,312;5434,312;5438,310;5443,324;5447,302;5451,302;5456,300;5460,300;5464,300;5469,306;5473,318;5478,304;5482,304;5486,302;5491,316;5495,308;5499,306;5504,308;5508,306;5512,306;5517,304;5521,326;5525,310;5530,324;5534,310;5538,310;5543,308;5547,314;5552,314;5556,312;5560,312;5565,298;5569,318;5573,316;5578,330;5582,316;5586,316;5591,314;5595,292;5599,306;5604,306;5608,318;5612,304;5617,304;5621,310;5626,324;5630,308;5634,322;5639,320;5643,312;5647,312;5652,312;5656,310;5660,296;5665,310;5669,316;5673,328;5678,314;5682,328;5687,312;5691,318;5695,318;5700,316;5704,316;5708,316;5713,314;5717,308;5721,320;5726,318;5730,318;5734,316;5739,316;5743,308;5747,294;5752,306;5756,292;5761,306;5765,312;5769,324;5774,310;5778,324;5782,308;5787,322;5791,300;5795,300;5800,312;5804,298;5808,312;5813,298;5817,318;5821,302;5826,316;5830,300;5835,314;5839,306;5843,306;5848,318;5852,318;5856,304;5861,302;5865,308;5869,308;5874,308;5878,306;5882,306;5887,296;5891,298;5895,312;5900,310;5904,310;5909,308;5913,314;5917,314;5922,312;5926,312;5930,312;5935,310;5939,302;5943,314;5948,300;5952,314;5956,298;5961,312;5965,318;5969,318;5974,316;5978,330;5983,314;5987,306;5991,304;5996,290;6000,304;6004,302;6009,316;6013,310;6017,322;6022,322;6026,322;6030,306;6035,320;6039,312;6043,298;6048,296;6052,296;6057,294;6061,286;6065,286;6070,286;6074,286;6078,298;6083,298;6087,276;6091,276;6096,274;6100,274;6104,274;6109,294;6113,280;6118,292;6122,292;6126,290;6131,304;6135,282;6139,282;6144,282;6148,280;6152,280;6157,280;6161,272;6165,284;6170,298;6174,284;6178,298;6183,276;6187,274;6192,274;6196,274;6200,286;6205,272;6209,292;6213,292;6218,278;6222,276;6226,290;6231,268;6235,282;6239,266;6244,266;6248,280;6253,280;6257,286;6261,272;6266,242;6270,270;6274,270;6279,270;6283,290;6287,274;6292,274;6296,272;6300,258;6305,278;6309,278;6313,278;6318,276;6322,248;6327,288;6331,280;6335,280;6340,280;6344,278;6348,278;6353,292;6357,284;6361,282;6366,280;6370,252;6374,280;6379,286;6383,298;6387,284;6392,284;6396,282;6401,296;6405,274;6409,272;6414,272;6418,286;6422,284;6427,298;6431,262;6435,260;6440,274;6444,286;6448,272;6453,278;6457,264;6461,278;6466,290;6470,290;6475,288;6479,266;6483,280;6488,264;6492,264;6496,278;6501,278;6505,270;6509,282;6514,282;6518,282;6522,282;6527,286;6531,286;6535,284;6540,270;6544,282;6549,268;6553,274;6557,274;6562,272;6566,272;6570,286;6575,284;6579,276;6583,276;6588,262;6592,276;6596,274;\r\nBuffer sent in 0.973 secondsreturn;buffer;965\r\n'), 11:30:19
bytearray(b'received from UR: measure -> measure (0,1)\r\nSTEPPER: Moving to mstep: 6600 with speed [msteps/sec]: 1000 in StealthChop.\r\n'), 11:30:20
bytearray(b'STEPPER: Moving to mstep: 2400 with speed [msteps/sec]: 4000 in SpreadCycle.\r\n'), 11:30:24
bytearray(b'STEPPER: Moved 4200.00 msteps (ramp: 35%) in 1324.888 ms -> average speed [msteps/sec]: 3170.08\r\nreturn;measure;965\r\n'), 11:30:25
bytearray(b'received from UR: buffer -> buffer (0,1)\r\nSending buffer of size 965data;2400,300;2404,438;2408,192;2413,276;2417,318;2421,324;2426,338;2430,324;2434,336;2439,322;2443,314;2447,326;2452,326;2456,326;2460,310;2465,324;2469,316;2474,330;2478,328;2482,328;2487,312;2491,318;2495,318;2500,316;2504,316;2508,314;2513,328;2517,334;2521,334;2526,332;2530,332;2534,318;2539,330;2543,336;2548,320;2552,334;2556,306;2561,332;2565,324;2569,338;2574,322;2578,336;2582,322;2587,334;2591,328;2595,312;2600,326;2604,310;2608,324;2613,322;2617,328;2622,314;2626,328;2630,312;2635,326;2639,332;2643,318;2648,318;2652,316;2656,316;2661,314;2665,334;2669,320;2674,332;2678,318;2682,332;2687,330;2691,322;2696,320;2700,320;2704,320;2709,318;2713,338;2717,324;2722,336;2726,322;2730,336;2735,334;2739,312;2743,326;2748,310;2752,338;2756,324;2761,324;2765,328;2770,328;2774,326;2778,328;2783,312;2787,318;2791,330;2796,316;2800,328;2804,314;2809,326;2813,318;2817,346;2822,330;2826,344;2830,330;2835,344;2839,320;2844,320;2848,318;2852,318;2857,332;2861,322;2865,336;2870,320;2874,334;2878,332;2883,332;2887,324;2891,322;2896,322;2900,322;2905,320;2909,320;2913,340;2918,326;2922,338;2926,324;2931,338;2935,328;2939,314;2944,326;2948,312;2952,340;2957,310;2961,330;2965,316;2970,328;2974,328;2979,328;2983,320;2987,318;2992,318;2996,316;3000,330;3005,314;3009,334;3013,320;3018,332;3022,318;3026,344;3031,330;3035,322;3039,320;3044,320;3048,320;3053,318;3057,332;3061,324;3066,322;3070,320;3074,334;3079,320;3083,312;3087,324;3092,324;3096,324;3100,322;3105,322;3109,328;3114,328;3118,326;3122,326;3127,326;3131,318;3135,330;3140,316;3144,330;3148,314;3153,328;3157,320;3161,332;3166,318;3170,332;3174,316;3179,330;3183,322;3188,322;3192,334;3196,306;3201,320;3205,324;3209,338;3214,324;3218,338;3222,322;3227,336;3231,328;3235,328;3240,326;3244,326;3248,324;3253,324;3257,330;3262,330;3266,328;3270,328;3275,328;3279,332;3283,318;3288,332;3292,332;3296,330;3301,318;3305,336;3309,322;3314,334;3318,320;3322,334;3327,320;3331,326;3336,324;3340,310;3344,324;3349,310;3353,330;3357,328;3362,330;3366,326;3370,328;3375,326;3379,318;3383,332;3388,316;3392,330;3396,316;3401,330;3405,320;3410,334;3414,320;3418,332;3423,318;3427,324;3431,322;3436,322;3440,322;3444,320;3449,320;3453,312;3457,324;3462,324;3466,324;3470,322;3475,336;3479,328;3484,314;3488,326;3492,312;3497,324;3501,330;3505,330;3510,314;3514,328;3518,314;3523,326;3527,334;3531,318;3536,332;3540,316;3544,330;3549,316;3553,322;3558,322;3562,336;3566,320;3571,334;3575,326;3579,326;3584,324;3588,310;3592,324;3597,310;3601,330;3605,316;3610,344;3614,328;3619,342;3623,320;3627,322;3632,332;3636,318;3640,318;3645,316;3649,336;3653,320;3658,336;3662,320;3666,334;3671,318;3675,324;3679,338;3684,322;3688,322;3693,320;3697,320;3701,326;3706,340;3710,324;3714,338;3719,322;3723,314;3727,328;3732,326;3736,326;3740,310;3745,324;3749,330;3753,330;3758,328;3762,328;3767,326;3771,318;3775,332;3780,316;3784,330;3788,314;3793,328;3797,318;3801,334;3806,320;3810,332;3814,318;3819,332;3823,322;3827,322;3832,322;3836,320;3841,320;3845,326;3849,340;3854,324;3858,338;3862,324;3867,338;3871,316;3875,314;3880,328;3884,314;3888,326;3893,312;3897,332;3901,330;3906,330;3910,316;3915,328;3919,320;3923,320;3928,334;3932,318;3936,332;3941,316;3945,336;3949,322;3954,336;3958,320;3962,334;3967,334;3971,312;3975,324;3980,310;3984,324;3989,322;3993,336;3997,328;4002,342;4006,326;4010,340;4015,326;4019,316;4023,318;4028,316;4032,316;4036,330;4041,328;4045,320;4049,336;4054,318;4058,332;4063,318;4067,324;4071,336;4076,322;4080,322;4084,320;4089,320;4093,326;4097,326;4102,324;4106,324;4110,322;4115,336;4119,328;4124,314;4128,326;4132,326;4137,324;4141,316;4145,330;4150,330;4154,330;4158,328;4163,342;4167,320;4171,318;4176,318;4180,316;4184,332;4189,316;4193,336;4198,320;4202,334;4206,320;4211,334;4215,326;4219,324;4224,322;4228,322;4232,322;4237,322;4241,328;4245,326;4250,340;4254,324;4259,324;4263,324;4267,330;4272,328;4276,314;4280,328;4285,326;4289,332;4293,318;4298,330;4302,330;4306,330;4311,328;4315,320;4319,334;4324,318;4328,318;4333,316;4337,330;4341,322;4346,322;4350,322;4354,334;4359,320;4363,312;4367,324;4372,310;4376,324;4380,308;4385,322;4389,314;4393,328;4398,328;4402,340;4407,326;4411,318;4415,332;4420,316;4424,330;4428,316;4433,316;4437,322;4441,322;4446,306;4450,320;4454,306;4459,320;4463,324;4467,310;4472,310;4476,308;4481,308;4485,314;4489,328;4494,312;4498,326;4502,324;4507,324;4511,316;4515,300;4520,314;4524,300;4528,312;4533,298;4537,318;4541,316;4546,316;4550,314;4555,328;4559,306;4563,304;4568,302;4572,302;4576,302;4581,300;4585,334;4589,320;4594,318;4598,304;4602,316;4607,314;4611,308;4615,320;4620,306;4624,318;4629,304;4633,324;4637,310;4642,324;4646,308;4650,322;4655,320;4659,298;4663,298;4668,298;4672,310;4676,308;4681,308;4685,314;4690,314;4694,314;4698,312;4703,312;4707,304;4711,318;4716,302;4720,316;4724,300;4729,314;4733,320;4737,320;4742,320;4746,320;4750,318;4755,310;4759,310;4764,308;4768,322;4772,320;4777,320;4781,308;4785,326;4790,310;4794,324;4798,308;4803,322;4807,314;4811,312;4816,326;4820,310;4825,310;4829,316;4833,330;4838,302;4842,316;4846,314;4851,328;4855,318;4859,318;4864,316;4868,302;4872,314;4877,300;4881,322;4885,318;4890,318;4894,316;4899,316;4903,314;4907,306;4912,320;4916,320;4920,318;4925,304;4929,324;4933,310;4938,322;4942,306;4946,320;4951,320;4955,298;4959,310;4964,296;4968,310;4973,310;4977,316;4981,314;4986,328;4990,314;4994,326;4999,312;5003,304;5007,302;5012,302;5016,314;5020,300;5025,312;5029,318;5033,332;5038,304;5042,316;5047,302;5051,308;5055,306;5060,290;5064,304;5068,304;5073,316;5077,308;5081,306;5086,306;5090,320;5094,304;5099,318;5103,308;5107,294;5112,306;5116,292;5121,306;5125,312;5129,324;5134,310;5138,322;5142,320;5147,320;5151,312;5155,312;5160,312;5164,310;5168,324;5173,308;5177,328;5181,312;5186,326;5190,310;5195,324;5199,314;5203,300;5208,314;5212,300;5216,312;5221,312;5225,332;5229,316;5234,330;5238,314;5242,328;5247,306;5251,306;5256,318;5260,304;5264,302;5269,302;5273,322;5277,320;5282,320;5286,320;5290,332;5295,318;5299,308;5303,308;5308,308;5312,306;5316,306;5321,304;5325,310;5330,324;5334,308;5338,320;5343,306;5347,298;5351,310;5356,296;5360,308;5364,308;5369,320;5373,298;5377,312;5382,310;5386,310;5390,308;5395,302;5399,314;5404,300;5408,312;5412,298;5417,310;5421,316;5425,316;5430,314;5434,314;5438,314;5443,298;5447,304;5451,304;5456,316;5460,316;5465,316;5469,306;5473,320;5478,306;5482,318;5486,304;5491,316;5495,308;5499,308;5504,306;5508,306;5512,306;5517,304;5521,310;5525,310;5530,322;5534,308;5539,308;5543,314;5547,298;5552,322;5556,310;5560,310;5565,296;5569,328;5573,312;5578,326;5582,310;5586,324;5591,310;5595,302;5599,314;5604,300;5608,326;5613,298;5617,318;5621,318;5626,330;5630,316;5634,328;5639,314;5643,306;5647,318;5652,318;5656,316;5660,316;5665,316;5669,308;5673,320;5678,306;5682,320;5687,318;5691,310;5695,310;5700,322;5704,308;5708,306;5713,320;5717,312;5721,310;5726,310;5730,324;5734,322;5739,322;5743,314;5747,298;5752,312;5756,298;5761,310;5765,302;5769,316;5774,314;5778,328;5782,314;5787,326;5791,316;5795,304;5800,316;5804,302;5808,316;5813,308;5817,322;5822,320;5826,320;5830,306;5835,318;5839,310;5843,308;5848,294;5852,294;5856,308;5861,292;5865,312;5869,312;5874,312;5878,310;5882,324;5887,300;5891,300;5896,300;5900,298;5904,298;5909,298;5913,318;5917,316;5922,316;5926,316;5930,314;5935,314;5939,306;5943,318;5948,304;5952,318;5956,304;5961,318;5965,308;5970,322;5974,308;5978,322;5983,306;5987,300;5991,326;5996,312;6000,310;6004,296;6009,310;6013,316;6017,330;6022,314;6026,328;6030,314;6035,304;6039,304;6044,304;6048,290;6052,288;6057,274;6061,292;6065,292;6070,292;6074,290;6078,290;6083,288;6087,280;6091,294;6096,294;6100,294;6105,292;6109,284;6113,270;6118,268;6122,268;6126,294;6131,294;6135,286;6139,272;6144,284;6148,282;6152,282;6157,288;6161,288;6165,272;6170,256;6174,284;6179,284;6183,290;6187,288;6192,288;6196,288;6200,286;6205,272;6209,292;6213,290;6218,290;6222,290;6226,274;6231,280;6235,280;6239,280;6244,280;6248,278;6253,292;6257,282;6261,282;6266,282;6270,280;6274,266;6279,272;6283,272;6287,270;6292,270;6296,282;6300,266;6305,288;6309,286;6313,286;6318,284;6322,268;6327,284;6331,260;6335,274;6340,274;6344,286;6348,286;6353,286;6357,276;6361,288;6366,288;6370,288;6374,288;6379,280;6383,292;6388,278;6392,292;6396,290;6401,290;6405,282;6409,296;6414,280;6418,250;6422,278;6427,278;6431,284;6435,284;6440,282;6444,280;6448,280;6453,272;6457,256;6462,284;6466,284;6470,284;6475,296;6479,274;6483,258;6488,272;6492,272;6496,272;6501,270;6505,276;6509,288;6514,288;6518,288;6522,286;6527,292;6531,278;6536,276;6540,262;6544,276;6549,274;6553,280;6557,266;6562,264;6566,278;6570,276;6575,270;6579,268;6583,266;6588,280;6592,280;6596,264;\r\nBuffer sent in 0.973 secondsreturn;buffer;965\r\n'), 11:30:27
bytearray(b'received from UR: home -> home (0,1)\r\nSTEPPER: Moving to mstep: 0 with speed [msteps/sec]: 4000 in SpreadCycle.\r\n'), 11:30:28
bytearray(b'STEPPER: Moved 2400.00 msteps (ramp: 35%) in 813.416 ms -> average speed [msteps/sec]: 2950.52\r\nreturn;home;1\r\n'), 11:30:29
