bytearray(b'received from UR: home -> home (0,1)\r\nreturn;home;1\r\n'), 11:24:53
bytearray(b'STEPPER: Moving to mstep: 2400 with speed [msteps/sec]: 4000 in SpreadCycle.\r\n'), 11:25:03
bytearray(b'STEPPER: Moved 2400.00 msteps (ramp: 35%) in 812.836 ms -> average speed [msteps/sec]: 2952.63\r\n'), 11:25:04
bytearray(b'received from UR: status -> status (0,1)\r\n*** STATUS ***\r\nid        :         3 -\r\nstep      :      2400 steps\r\nspeed     :      1500 msteps/s\r\nmspeed    :      1000 msteps/s\r\nsg-thrs   :        80 -\r\ndefault   :     12000 \xc2\xb5m\r\ndispense  :     30350 \xc2\xb5m\r\nblowout   :     33000 \xc2\xb5m\r\nd-offset  :        20 \xc2\xb5m\r\nur0       :         0 -\r\nur1       :         1 -\r\nhomed     :         1 -\r\nreturn;status;2400\r\n'), 11:25:06
bytearray(b'received from UR: measure -> measure (0,1)\r\nSTEPPER: Moving to mstep: 6600 with speed [msteps/sec]: 1000 in StealthChop.\r\n'), 11:25:07
bytearray(b'STEPPER: Moving to mstep: 2400 with speed [msteps/sec]: 4000 in SpreadCycle.\r\n'), 11:25:11
bytearray(b'STEPPER: Moved 4200.00 msteps (ramp: 35%) in 1324.880 ms -> average speed [msteps/sec]: 3170.10\r\nreturn;measure;965\r\n'), 11:25:12
bytearray(b'received from UR: buffer -> buffer (0,1)\r\nSending buffer of size 965data;2400,126;2404,478;2408,162;2413,276;2417,318;2421,324;2426,338;2430,324;2434,338;2439,310;2443,316;2447,330;2452,316;2456,342;2460,328;2465,328;2469,320;2473,334;2478,320;2482,334;2487,318;2491,326;2495,326;2500,324;2504,338;2508,324;2513,322;2517,316;2521,330;2526,328;2530,328;2534,328;2539,342;2543,334;2547,304;2552,332;2556,316;2561,330;2565,322;2569,336;2574,322;2578,336;2582,320;2587,334;2591,326;2595,312;2600,324;2604,310;2608,324;2613,310;2617,344;2622,328;2626,342;2630,328;2635,342;2639,320;2643,318;2648,320;2652,318;2656,332;2661,316;2665,338;2669,320;2674,336;2678,322;2682,336;2687,322;2691,314;2696,328;2700,312;2704,326;2709,312;2713,332;2717,332;2722,332;2726,318;2730,332;2735,330;2739,308;2743,324;2748,308;2752,336;2756,308;2761,336;2765,328;2770,342;2774,328;2778,342;2783,326;2787,304;2791,332;2796,318;2800,332;2804,302;2809,330;2813,322;2817,336;2822,322;2826,338;2831,322;2835,312;2839,326;2844,312;2848,326;2852,310;2857,324;2861,330;2865,344;2870,316;2874,344;2878,328;2883,330;2887,334;2891,320;2896,334;2900,318;2905,332;2909,318;2913,338;2918,324;2922,338;2926,324;2931,336;2935,328;2939,314;2944,328;2948,312;2952,326;2957,312;2961,332;2965,318;2970,332;2974,330;2979,344;2983,324;2987,308;2992,336;2996,308;3000,336;3005,306;3009,342;3013,326;3018,342;3022,326;3026,340;3031,326;3035,318;3039,332;3044,316;3048,330;3053,316;3057,330;3061,322;3066,336;3070,320;3074,334;3079,320;3083,312;3087,324;3092,310;3096,324;3100,310;3105,322;3109,328;3113,330;3118,328;3122,328;3127,326;3131,306;3135,332;3140,304;3144,332;3148,316;3153,330;3157,322;3161,336;3166,322;3170,336;3174,320;3179,336;3183,326;3187,312;3192,326;3196,310;3201,324;3205,316;3209,344;3214,328;3218,342;3222,326;3227,340;3231,332;3235,318;3240,330;3244,316;3248,330;3253,316;3257,338;3262,322;3266,336;3270,322;3275,336;3279,328;3283,312;3288,326;3292,312;3296,326;3301,312;3305,332;3309,330;3314,330;3318,330;3322,344;3327,328;3331,306;3336,334;3340,306;3344,334;3349,304;3353,332;3357,324;3362,338;3366,322;3370,336;3375,322;3379,314;3383,326;3388,312;3392,326;3396,310;3401,324;3405,330;3410,344;3414,316;3418,344;3423,328;3427,306;3431,320;3436,320;3440,330;3444,318;3449,332;3453,324;3457,338;3462,322;3466,336;3470,322;3475,314;3479,326;3484,312;3488,326;3492,312;3497,324;3501,330;3505,330;3510,316;3514,330;3518,328;3523,328;3527,334;3531,306;3536,332;3540,304;3544,332;3549,316;3553,338;3558,322;3562,336;3566,322;3571,336;3575,328;3579,312;3584,326;3588,312;3592,326;3597,310;3601,344;3605,316;3610,344;3614,328;3618,344;3623,328;3627,320;3632,322;3636,306;3640,334;3645,318;3649,338;3653,320;3658,338;3662,322;3666,336;3671,320;3675,312;3679,326;3684,312;3688,326;3692,312;3697,324;3701,330;3706,344;3710,328;3714,342;3719,328;3723,320;3727,332;3732,304;3736,332;3740,318;3745,332;3749,324;3753,322;3758,322;3762,336;3766,322;3771,314;3775,328;3780,312;3784,326;3788,312;3793,326;3797,332;3801,332;3806,316;3810,344;3814,328;3819,344;3823,322;3827,320;3832,320;3836,306;3841,320;3845,318;3849,338;3854,324;3858,338;3862,322;3867,336;3871,328;3875,314;3880,328;3884,312;3888,326;3893,312;3897,332;3901,318;3906,332;3910,330;3915,330;3919,324;3923,308;3928,322;3932,308;3936,334;3941,320;3945,328;3949,326;3954,340;3958,324;3962,340;3967,324;3971,316;3976,330;3980,302;3984,330;3989,316;3993,330;3997,322;4002,334;4006,320;4010,334;4015,320;4019,312;4023,326;4028,310;4032,324;4036,310;4041,324;4045,316;4050,344;4054,328;4058,342;4063,328;4067,320;4071,334;4076,318;4080,332;4084,318;4089,332;4093,324;4097,338;4102,322;4106,336;4110,320;4115,334;4119,326;4124,312;4128,326;4132,310;4137,324;4141,330;4145,330;4150,330;4154,330;4158,328;4163,330;4167,334;4171,306;4176,334;4180,318;4184,332;4189,304;4193,338;4198,324;4202,338;4206,322;4211,334;4215,328;4219,314;4224,328;4228,314;4232,326;4237,312;4241,334;4245,318;4250,332;4254,318;4258,346;4263,330;4267,308;4272,322;4276,308;4280,322;4285,308;4289,330;4293,328;4298,328;4302,328;4306,342;4311,326;4315,304;4319,332;4324,318;4328,332;4332,302;4337,330;4341,324;4346,336;4350,322;4354,336;4359,322;4363,314;4367,328;4372,314;4376,328;4380,312;4385,326;4389,320;4393,344;4398,318;4402,346;4406,330;4411,308;4415,324;4420,322;4424,322;4428,308;4433,322;4437,328;4441,342;4446,326;4450,340;4454,326;4459,340;4463,332;4467,318;4472,330;4476,316;4480,330;4485,316;4489,336;4494,322;4498,336;4502,322;4507,334;4511,328;4515,314;4520,328;4524,312;4528,326;4533,312;4537,332;4541,318;4546,332;4550,330;4555,332;4559,324;4563,308;4568,322;4572,308;4576,322;4581,308;4585,328;4589,312;4594,326;4598,312;4602,326;4607,312;4611,302;4615,316;4620,302;4624,316;4629,300;4633,322;4637,320;4642,334;4646,320;4650,320;4655,306;4659,310;4663,310;4668,294;4672,308;4676,308;4681,308;4685,314;4689,328;4694,312;4698,326;4703,312;4707,304;4711,318;4716,304;4720,316;4724,302;4729,316;4733,322;4737,324;4742,322;4746,322;4750,322;4755,300;4759,328;4764,298;4768,326;4772,312;4777,326;4781,318;4785,332;4790,316;4794,330;4798,316;4803,330;4807,322;4811,306;4816,320;4820,306;4824,320;4829,304;4833,340;4838,326;4842,338;4846,310;4851,338;4855,316;4859,302;4864,314;4868,314;4872,314;4877,300;4881,334;4885,320;4890,334;4894,318;4898,332;4903,318;4907,310;4912,324;4916,310;4920,322;4925,308;4929,330;4933,328;4938,328;4942,314;4946,328;4951,326;4955,304;4959,318;4964,304;4968,316;4972,302;4977,316;4981,308;4986,322;4990,308;4994,336;4999,320;5003,298;5007,312;5012,298;5016,312;5020,296;5025,310;5029,316;5033,330;5038,316;5042,330;5046,314;5051,306;5055,320;5060,304;5064,318;5068,304;5073,316;5077,310;5081,324;5086,308;5090,322;5094,322;5099,322;5103,314;5107,314;5112,314;5116,298;5121,326;5125,318;5129,318;5134,318;5138,332;5142,318;5147,332;5151,324;5155,308;5160,322;5164,308;5168,322;5173,306;5177,328;5181,312;5186,328;5190,312;5195,326;5199,318;5203,304;5208,316;5212,302;5216,316;5221,302;5225,336;5229,322;5234,336;5238,320;5242,334;5247,320;5251,312;5255,312;5260,312;5264,310;5269,310;5273,310;5277,316;5282,330;5286,316;5290,330;5295,314;5299,306;5303,320;5308,304;5312,318;5316,304;5321,318;5325,322;5329,324;5334,322;5338,322;5343,320;5347,300;5351,312;5356,298;5360,312;5364,298;5369,310;5373,316;5377,330;5382,314;5386,330;5390,314;5395,328;5399,320;5403,292;5408,320;5412,304;5417,318;5421,310;5425,324;5430,310;5434,324;5438,308;5443,324;5447,314;5451,300;5456,314;5460,300;5464,312;5469,298;5473,320;5477,318;5482,318;5486,318;5491,318;5495,308;5499,294;5504,308;5508,308;5512,320;5517,292;5521,328;5525,314;5530,326;5534,312;5538,326;5543,324;5547,302;5551,316;5556,302;5560,316;5565,300;5569,328;5573,320;5578,334;5582,320;5586,332;5591,318;5595,296;5599,324;5604,308;5608,322;5612,294;5617,322;5621,314;5626,328;5630,314;5634,328;5639,314;5643,304;5647,318;5652,304;5656,318;5660,304;5665,316;5669,322;5673,322;5678,322;5682,322;5686,320;5691,300;5695,314;5700,312;5704,312;5708,298;5713,326;5717,318;5721,332;5726,316;5730,332;5734,316;5739,330;5743,322;5747,308;5752,320;5756,294;5761,320;5765,312;5769,326;5774,312;5778,326;5782,310;5787,324;5791,316;5795,302;5800,316;5804,300;5808,314;5813,300;5817,320;5821,320;5826,334;5830,318;5835,320;5839,310;5843,310;5848,310;5852,296;5856,310;5861,308;5865,316;5869,314;5874,328;5878,314;5882,314;5887,312;5891,306;5895,318;5900,304;5904,318;5909,304;5913,316;5917,308;5922,322;5926,322;5930,322;5935,320;5939,298;5943,326;5948,298;5952,324;5956,310;5961,324;5965,316;5969,330;5974,314;5978,328;5983,312;5987,306;5991,318;5996,304;6000,318;6004,302;6009,316;6013,310;6017,336;6022,322;6026,334;6030,320;6035,334;6039,312;6043,296;6048,310;6052,310;6057,308;6061,314;6065,328;6070,314;6074,328;6078,312;6083,326;6087,318;6091,302;6096,318;6100,316;6104,316;6109,302;6113,322;6117,322;6122,320;6126,320;6131,334;6135,326;6139,296;6144,324;6148,308;6152,322;6157,294;6161,328;6165,314;6170,328;6174,312;6178,326;6183,304;6187,290;6192,302;6196,288;6200,288;6205,272;6209,306;6213,292;6218,292;6222,292;6226,306;6231,284;6235,296;6239,296;6244,268;6248,294;6252,280;6257,302;6261,286;6266,286;6270,286;6274,284;6279,286;6283,292;6287,292;6292,278;6296,290;6300,276;6305,282;6309,296;6313,296;6318,296;6322,282;6326,282;6331,274;6335,288;6340,288;6344,288;6348,274;6353,286;6357,294;6361,294;6366,294;6370,294;6374,294;6379,286;6383,286;6387,286;6392,300;6396,272;6400,286;6405,292;6409,306;6414,290;6418,290;6422,290;6427,290;6431,268;6435,268;6440,296;6444,282;6448,282;6453,288;6457,274;6461,288;6466,300;6470,288;6475,300;6479,278;6483,278;6488,278;6492,278;6496,278;6501,276;6505,284;6509,298;6514,298;6518,296;6522,282;6527,288;6531,274;6535,274;6540,272;6544,286;6549,272;6553,278;6557,292;6562,290;6566,290;6570,290;6575,290;6579,268;6583,282;6588,268;6592,282;6596,266;\r\nBuffer sent in 0.973 secondsreturn;buffer;965\r\n'), 11:25:14
bytearray(b'received from UR: measure -> measure (0,1)\r\nSTEPPER: Moving to mstep: 6600 with speed [msteps/sec]: 1000 in StealthChop.\r\n'), 11:25:15
bytearray(b'STEPPER: Moving to mstep: 2400 with speed [msteps/sec]: 4000 in SpreadCycle.\r\n'), 11:25:19
bytearray(b'STEPPER: Moved 4200.00 msteps (ramp: 35%) in 1324.888 ms -> average speed [msteps/sec]: 3170.08\r\nreturn;measure;965\r\n'), 11:25:21
bytearray(b'received from UR: buffer -> buffer (0,1)\r\nSending buffer of size 965data;2400,302;2404,466;2408,136;2413,278;2417,320;2421,324;2426,338;2430,322;2434,336;2439,322;2443,312;2447,326;2452,324;2456,324;2460,324;2465,322;2469,328;2474,328;2478,328;2482,328;2487,326;2491,318;2495,332;2500,330;2504,328;2508,316;2513,314;2517,320;2521,334;2526,334;2530,334;2534,332;2539,310;2543,324;2548,310;2552,336;2556,322;2561,336;2565,328;2569,328;2574,326;2578,326;2582,324;2587,338;2591,332;2595,330;2600,330;2604,316;2608,328;2613,314;2617,334;2622,320;2626,334;2630,318;2635,332;2639,324;2643,324;2648,322;2652,322;2656,322;2661,320;2665,328;2669,326;2674,340;2678,326;2682,324;2687,324;2691,330;2696,330;2700,314;2704,314;2709,314;2713,334;2717,316;2722,332;2726,318;2730,330;2735,316;2739,320;2743,334;2748,320;2752,320;2756,318;2761,332;2765,324;2770,324;2774,324;2778,338;2783,322;2787,328;2791,328;2796,312;2800,326;2804,310;2809,324;2813,330;2817,344;2822,328;2826,342;2830,328;2835,306;2839,318;2844,318;2848,332;2852,316;2857,316;2861,322;2865,334;2870,320;2874,334;2878,334;2883,332;2887,324;2891,310;2896,310;2900,308;2904,322;2909,322;2913,342;2918,326;2922,340;2926,324;2931,338;2935,330;2939,330;2944,328;2948,312;2952,326;2957,312;2961,334;2965,318;2970,332;2974,316;2979,330;2983,330;2987,322;2992,334;2996,320;3000,332;3005,304;3009,336;3013,324;3018,336;3022,336;3026,336;3031,322;3035,312;3039,326;3044,324;3048,324;3053,324;3057,322;3061,330;3066,330;3070,314;3074,328;3079,326;3083,320;3087,332;3092,318;3096,318;3100,316;3105,316;3109,336;3114,334;3118,320;3122,334;3127,318;3131,324;3135,324;3140,322;3144,322;3148,308;3153,322;3157,328;3161,342;3166,326;3170,326;3174,326;3179,338;3183,330;3188,330;3192,328;3196,314;3201,328;3205,320;3209,334;3214,332;3218,346;3222,332;3227,346;3231,310;3235,308;3240,322;3244,320;3248,320;3253,320;3257,340;3262,324;3266,338;3270,324;3275,336;3279,328;3283,314;3288,328;3292,312;3296,326;3301,326;3305,332;3309,330;3314,330;3318,330;3322,328;3327,328;3331,320;3336,332;3340,318;3344,318;3349,316;3353,330;3357,322;3362,322;3366,322;3370,336;3375,320;3379,314;3383,326;3388,326;3392,324;3396,310;3401,324;3405,316;3410,344;3414,316;3418,328;3423,328;3427,320;3431,332;3436,318;3440,332;3444,330;3449,330;3453,322;3457,336;3462,322;3466,334;3470,320;3475,334;3479,340;3484,326;3488,322;3492,324;3497,324;3501,330;3505,330;3510,328;3514,328;3518,328;3523,342;3527,332;3531,318;3536,332;3540,318;3544,332;3549,316;3553,338;3558,322;3562,336;3566,322;3571,334;3575,326;3579,312;3584,326;3588,310;3592,338;3597,324;3601,330;3605,314;3610,330;3614,314;3618,328;3623,326;3627,318;3632,318;3636,316;3640,316;3645,316;3649,336;3653,320;3658,334;3662,318;3666,332;3671,318;3675,324;3679,322;3684,322;3688,322;3693,322;3697,320;3701,324;3706,326;3710,326;3714,324;3719,324;3723,330;3727,330;3732,314;3736,328;3740,314;3745,328;3749,320;3753,332;3758,318;3762,332;3767,318;3771,324;3775,322;3780,322;3784,320;3788,306;3793,334;3797,324;3801,326;3806,322;3810,338;3814,322;3819,336;3823,314;3827,312;3832,326;3836,326;3841,324;3845,316;3849,330;3854,330;3858,342;3862,328;3867,328;3871,334;3875,334;3880,332;3884,318;3888,330;3893,330;3897,322;3901,322;3906,334;3910,320;3915,334;3919,324;3923,324;3928,324;3932,308;3936,320;3941,306;3945,340;3949,324;3954,324;3958,322;3962,336;3967,334;3971,312;3975,326;3980,312;3984,338;3989,324;3993,338;3997,314;4002,330;4006,314;4010,342;4015,312;4019,318;4023,332;4028,318;4032,316;4036,316;4041,316;4045,320;4049,334;4054,334;4058,346;4063,332;4067,310;4071,310;4076,310;4080,336;4084,336;4089,324;4093,328;4097,328;4102,326;4106,340;4110,326;4115,338;4119,330;4124,330;4128,330;4132,314;4137,328;4141,320;4145,334;4150,318;4154,332;4158,318;4163,330;4167,322;4171,308;4176,320;4180,306;4184,320;4189,318;4193,338;4198,324;4202,338;4206,322;4211,336;4215,326;4219,326;4224,340;4228,326;4232,324;4237,324;4241,330;4245,328;4250,328;4254,326;4258,338;4263,324;4267,318;4272,330;4276,330;4280,328;4285,314;4289,334;4293,318;4298,332;4302,316;4306,330;4311,328;4315,320;4319,334;4324,318;4328,332;4333,318;4337,330;4341,322;4346,336;4350,334;4354,334;4359,318;4363,310;4367,324;4372,322;4376,336;4380,320;4385,334;4389,326;4393,340;4398,326;4402,338;4407,324;4411,316;4415,330;4420,328;4424,328;4428,312;4433,326;4437,318;4441,332;4446,332;4450,346;4454,316;4459,330;4463,322;4467,322;4472,332;4476,320;4481,320;4485,332;4489,324;4494,324;4498,338;4502,322;4507,336;4511,328;4515,326;4520,326;4524,312;4528,324;4533,310;4537,330;4541,316;4546,328;4550,328;4555,328;4559,326;4563,318;4568,318;4572,304;4576,316;4581,316;4585,322;4589,308;4594,322;4598,306;4602,320;4607,304;4611,310;4615,310;4620,310;4624,308;4629,308;4633,306;4637,312;4642,326;4646,312;4650,312;4655,310;4659,302;4663,302;4668,314;4672,314;4676,312;4681,312;4685,318;4689,318;4694,302;4698,316;4703,314;4707,308;4711,306;4716,306;4720,320;4724,318;4729,318;4733,310;4737,322;4742,322;4746,320;4750,320;4755,298;4759,326;4764,324;4768,322;4772,308;4777,322;4781,312;4785,326;4790,310;4794,324;4798,322;4803,336;4807,314;4811,300;4816,326;4820,326;4824,324;4829,310;4833,330;4838,314;4842,328;4846,314;4851,326;4855,318;4859,318;4864,316;4868,316;4872,316;4877,314;4881,334;4885,318;4890,332;4894,318;4898,318;4903,308;4907,322;4912,320;4916,306;4920,320;4925,304;4929,324;4933,324;4938,324;4942,322;4946,322;4951,320;4955,298;4959,312;4964,310;4968,310;4972,310;4977,310;4981,316;4986,328;4990,312;4994,328;4999,312;5003,304;5007,318;5012,304;5016,304;5020,304;5025,316;5029,322;5033,322;5038,322;5042,322;5046,308;5051,314;5055,312;5060,312;5064,312;5068,310;5073,310;5077,316;5081,316;5086,302;5090,314;5094,314;5099,328;5103,318;5107,318;5112,316;5116,302;5120,316;5125,314;5129,320;5134,320;5138,320;5142,318;5147,318;5151,310;5155,310;5160,322;5164,322;5168,322;5173,306;5177,326;5181,312;5186,326;5190,310;5194,324;5199,316;5203,300;5208,314;5212,300;5216,326;5221,312;5225,318;5229,316;5234,330;5238,316;5242,326;5247,314;5251,306;5255,320;5260,318;5264,318;5269,316;5273,316;5277,322;5282,322;5286,320;5290,320;5295,318;5299,310;5303,308;5308,322;5312,322;5316,308;5321,320;5325,312;5329,326;5334,310;5338,310;5343,310;5347,300;5351,314;5356,314;5360,314;5364,312;5369,312;5373,304;5377,332;5382,304;5386,318;5390,302;5395,316;5399,322;5404,308;5408,320;5412,306;5417,320;5421,312;5425,326;5430,312;5434,324;5438,310;5443,324;5447,316;5451,316;5456,314;5460,314;5464,314;5469,306;5473,320;5478,304;5482,304;5486,304;5491,318;5495,310;5499,310;5504,308;5508,308;5512,308;5517,308;5521,328;5525,314;5530,328;5534,312;5538,312;5543,312;5547,318;5552,318;5556,302;5560,316;5565,316;5569,322;5573,308;5578,336;5582,320;5586,320;5591,320;5595,312;5599,310;5604,310;5608,324;5612,322;5617,322;5621,314;5626,328;5630,314;5634,326;5639,312;5643,318;5647,318;5652,316;5656,316;5660,314;5665,314;5669,320;5673,320;5678,318;5682,318;5686,316;5691,316;5695,322;5700,308;5704,306;5708,306;5713,320;5717,310;5721,324;5726,308;5730,322;5734,320;5739,320;5743,326;5747,310;5752,324;5756,310;5760,310;5765,308;5769,328;5774,314;5778,328;5782,312;5787,326;5791,316;5795,302;5800,302;5804,300;5808,314;5813,314;5817,320;5821,318;5826,318;5830,304;5835,318;5839,308;5843,308;5848,308;5852,306;5856,320;5861,320;5865,312;5869,310;5874,324;5878,310;5882,322;5887,308;5891,314;5895,314;5900,298;5904,312;5909,310;5913,316;5917,316;5922,316;5926,314;5930,314;5935,312;5939,304;5943,332;5948,318;5952,318;5956,302;5961,316;5965,322;5969,322;5974,306;5978,318;5983,306;5987,312;5991,324;5996,308;6000,308;6004,308;6009,322;6013,312;6017,326;6022,312;6026,324;6030,310;6035,324;6039,314;6044,314;6048,314;6052,312;6057,298;6061,318;6065,318;6070,316;6074,332;6078,316;6083,316;6087,322;6091,322;6096,320;6100,306;6104,318;6109,318;6113,312;6118,310;6122,324;6126,310;6131,322;6135,314;6139,314;6144,312;6148,298;6152,312;6157,310;6161,318;6165,316;6170,330;6174,314;6178,328;6183,314;6187,306;6192,304;6196,290;6200,288;6205,288;6209,294;6213,292;6218,280;6222,292;6226,292;6231,290;6235,282;6239,282;6244,266;6248,282;6252,280;6257,286;6261,286;6266,270;6270,270;6274,270;6279,282;6283,274;6287,274;6292,274;6296,274;6300,272;6305,270;6309,292;6313,276;6318,290;6322,304;6326,288;6331,280;6335,280;6340,278;6344,292;6348,278;6353,290;6357,298;6361,298;6366,282;6370,280;6374,266;6379,280;6383,286;6387,284;6392,298;6396,284;6400,282;6405,288;6409,302;6414,286;6418,286;6422,284;6427,300;6431,276;6435,290;6440,274;6444,274;6448,288;6453,280;6457,294;6461,278;6466,264;6470,290;6474,290;6479,282;6483,282;6488,280;6492,280;6496,264;6501,264;6505,298;6509,298;6514,282;6518,282;6522,296;6527,288;6531,288;6535,300;6540,286;6544,286;6549,284;6553,290;6557,290;6562,290;6566,288;6570,288;6575,274;6579,280;6583,280;6588,280;6592,278;6596,278;\r\nBuffer sent in 0.973 secondsreturn;buffer;965\r\n'), 11:25:23
bytearray(b'received from UR: measure -> measure (0,1)\r\nSTEPPER: Moving to mstep: 6600 with speed [msteps/sec]: 1000 in StealthChop.\r\n'), 11:25:24
bytearray(b'STEPPER: Moving to mstep: 2400 with speed [msteps/sec]: 4000 in SpreadCycle.\r\n'), 11:25:28
bytearray(b'STEPPER: Moved 4200.00 msteps (ramp: 35%) in 1324.880 ms -> average speed [msteps/sec]: 3170.10\r\nreturn;measure;965\r\n'), 11:25:29
bytearray(b'received from UR: buffer -> buffer (0,1)\r\nSending buffer of size 965data;2400,298;2404,436;2408,190;2413,290;2417,304;2421,324;2426,336;2430,322;2434,336;2439,320;2443,312;2447,326;2452,326;2456,324;2460,324;2465,324;2469,316;2474,330;2478,328;2482,342;2487,328;2491,320;2495,320;2500,318;2504,330;2508,316;2513,316;2517,336;2521,334;2526,334;2530,334;2534,320;2539,334;2543,340;2547,310;2552,324;2556,324;2561,336;2565,316;2569,328;2574,326;2578,340;2582,324;2587,340;2591,332;2595,316;2600,330;2604,316;2608,330;2613,314;2617,334;2622,320;2626,334;2630,318;2635,332;2639,318;2643,322;2648,322;2652,322;2656,334;2661,320;2665,326;2669,324;2674,338;2678,324;2682,324;2687,322;2691,328;2696,328;2700,312;2704,324;2709,322;2713,332;2717,328;2722,328;2726,328;2730,328;2735,326;2739,318;2743,332;2748,302;2752,330;2756,316;2761,330;2765,334;2770,348;2774,320;2778,332;2783,318;2787,324;2791,324;2796,322;2800,336;2804,306;2809,320;2813,326;2817,340;2822,324;2826,338;2831,324;2835,338;2839,330;2844,314;2848,328;2852,328;2857,328;2861,320;2865,332;2870,318;2874,332;2878,316;2883,330;2887,336;2891,322;2896,320;2900,320;2905,320;2909,326;2913,340;2918,324;2922,338;2926,324;2931,336;2935,328;2939,328;2944,342;2948,312;2952,326;2957,326;2961,332;2965,316;2970,330;2974,328;2979,330;2983,314;2987,320;2992,334;2996,318;3000,332;3005,318;3009,338;3013,322;3018,336;3022,322;3026,336;3031,320;3035,326;3039,326;3044,310;3048,324;3053,322;3057,336;3061,314;3066,328;3070,326;3074,326;3079,324;3083,330;3087,316;3092,316;3096,328;3100,328;3105,328;3109,320;3113,334;3118,318;3122,332;3127,332;3131,308;3135,322;3140,308;3144,336;3148,320;3153,334;3157,326;3161,326;3166,324;3170,338;3174,324;3179,336;3183,344;3187,314;3192,326;3196,312;3201,326;3205,316;3209,332;3214,316;3218,330;3222,330;3227,330;3231,320;3235,320;3240,318;3244,318;3248,330;3253,316;3257,336;3262,322;3266,334;3270,320;3275,332;3279,324;3283,324;3288,322;3292,322;3296,322;3301,320;3305,326;3309,322;3314,324;3318,324;3322,338;3327,322;3331,314;3336,328;3340,326;3344,326;3349,310;3353,332;3357,330;3362,332;3366,330;3370,330;3375,314;3379,320;3383,334;3388,318;3392,332;3396,318;3401,330;3405,322;3410,336;3414,322;3418,334;3423,320;3427,326;3431,326;3436,312;3440,324;3444,324;3449,324;3453,314;3457,330;3462,328;3466,328;3471,314;3475,318;3479,332;3484,318;3488,316;3492,316;3497,328;3501,320;3505,334;3510,320;3514,332;3518,332;3523,332;3527,324;3531,322;3536,336;3540,308;3545,334;3549,320;3553,340;3558,324;3562,326;3566,324;3571,338;3575,330;3579,316;3584,344;3588,314;3592,328;3597,326;3601,334;3605,318;3610,332;3614,318;3619,332;3623,318;3627,324;3632,336;3636,322;3640,322;3645,320;3649,342;3653,312;3658,340;3662,324;3666,338;3671,324;3675,330;3679,330;3684,314;3688,328;3693,328;3697,328;3701,332;3706,332;3710,318;3714,330;3719,330;3723,308;3727,322;3732,320;3736,334;3740,320;3745,334;3749,326;3753,326;3758,324;3762,338;3767,324;3771,314;3775,328;3780,314;3784,326;3788,326;3793,326;3797,318;3801,332;3806,316;3810,330;3814,330;3819,330;3823,322;3827,320;3832,320;3836,318;3841,318;3845,318;3849,338;3854,324;3858,338;3862,322;3867,334;3871,328;3875,314;3880,326;3884,326;3888,326;3893,310;3897,330;3902,330;3906,342;3910,328;3915,328;3919,326;3923,320;3928,334;3932,318;3936,332;3941,316;3945,338;3949,322;3954,336;3958,322;3962,334;3967,320;3971,312;3976,326;3980,312;3984,324;3989,324;3993,328;3997,328;4002,342;4006,314;4010,340;4015,326;4019,318;4023,330;4028,316;4032,330;4036,328;4041,328;4045,320;4050,334;4054,318;4058,332;4063,318;4067,324;4071,322;4076,322;4080,318;4084,320;4089,320;4093,326;4097,326;4102,324;4106,324;4110,322;4115,336;4119,328;4124,326;4128,340;4132,312;4137,324;4141,330;4145,344;4150,328;4154,328;4158,328;4163,328;4167,332;4171,318;4176,332;4180,316;4184,330;4189,314;4193,336;4198,320;4202,334;4206,320;4211,334;4215,324;4219,324;4224,324;4228,308;4232,322;4237,320;4241,342;4245,326;4250,340;4254,324;4258,338;4263,324;4267,316;4272,328;4276,328;4280,328;4285,314;4289,334;4293,332;4298,332;4302,332;4306,332;4311,316;4315,324;4319,336;4324,308;4328,336;4332,320;4337,334;4341,326;4346,326;4350,326;4354,326;4359,324;4363,316;4367,330;4372,314;4376,314;4380,314;4385,326;4389,332;4393,346;4398,318;4402,332;4406,318;4411,308;4415,322;4420,322;4424,336;4428,320;4433,320;4437,326;4441,340;4446,324;4450,338;4454,322;4459,338;4463,328;4467,328;4472,328;4476,314;4481,326;4485,318;4489,332;4494,332;4498,330;4502,316;4507,330;4511,336;4515,320;4520,334;4524,320;4528,334;4533,318;4537,326;4541,324;4546,324;4550,322;4555,336;4559,328;4563,314;4568,314;4572,312;4576,312;4581,312;4585,304;4589,302;4594,316;4598,314;4602,316;4607,314;4611,320;4616,320;4620,306;4624,304;4629,304;4633,324;4637,310;4642,322;4646,308;4650,322;4655,306;4659,312;4663,326;4668,310;4672,310;4676,310;4681,302;4685,316;4690,316;4694,314;4698,314;4703,314;4707,306;4711,318;4716,318;4720,318;4724,302;4729,316;4733,308;4737,322;4742,320;4746,320;4750,318;4755,318;4759,324;4764,310;4768,322;4772,322;4777,336;4781,312;4785,328;4790,312;4794,326;4798,310;4803,324;4807,330;4811,314;4816,326;4820,312;4824,324;4829,324;4833,330;4838,314;4842,328;4846,312;4851,338;4855,316;4859,302;4864,316;4868,314;4872,314;4877,328;4881,318;4885,318;4890,318;4894,316;4898,330;4903,328;4907,320;4912,320;4916,318;4920,318;4925,318;4929,322;4933,322;4938,322;4942,320;4946,320;4951,318;4955,308;4959,322;4964,308;4968,320;4972,306;4977,318;4981,310;4986,322;4990,308;4994,322;4999,308;5003,312;5007,326;5012,310;5016,310;5020,308;5025,308;5029,314;5033,314;5038,312;5042,326;5047,310;5051,316;5055,316;5060,300;5064,314;5068,314;5073,312;5077,318;5081,318;5086,316;5090,316;5094,302;5099,314;5103,320;5107,306;5112,304;5116,304;5121,318;5125,322;5129,322;5134,320;5138,320;5142,306;5147,318;5151,324;5155,308;5160,322;5164,306;5168,320;5173,306;5177,326;5181,324;5186,310;5190,308;5195,322;5199,314;5203,310;5208,326;5212,312;5216,324;5221,310;5225,328;5229,312;5234,326;5238,310;5242,324;5247,308;5251,314;5255,326;5260,312;5264,324;5269,324;5273,316;5277,314;5282,328;5286,312;5290,326;5295,312;5299,316;5303,314;5308,286;5312,314;5316,312;5321,312;5325,316;5330,316;5334,316;5338,314;5343,312;5347,318;5351,318;5356,302;5360,316;5364,314;5369,314;5373,304;5377,318;5382,316;5386,316;5390,316;5395,328;5399,320;5404,304;5408,304;5412,302;5417,316;5421,322;5425,322;5430,320;5434,320;5438,318;5443,318;5447,310;5451,308;5456,308;5460,306;5464,306;5469,306;5473,312;5478,310;5482,324;5486,310;5491,322;5495,314;5499,314;5504,312;5508,312;5512,312;5517,312;5521,316;5525,316;5530,316;5534,314;5538,314;5543,312;5547,318;5552,332;5556,304;5560,318;5565,316;5569,322;5573,308;5578,322;5582,320;5586,320;5591,318;5595,312;5599,326;5604,310;5608,324;5612,310;5617,322;5621,314;5626,328;5630,314;5634,328;5639,312;5643,318;5647,318;5652,318;5656,316;5660,316;5665,316;5669,322;5673,322;5678,320;5682,320;5686,318;5691,312;5695,324;5700,310;5704,324;5708,322;5713,322;5717,314;5721,328;5726,312;5730,326;5734,312;5739,326;5743,318;5747,302;5752,316;5756,316;5761,328;5765,308;5769,320;5774,306;5778,320;5782,318;5787,318;5791,326;5795,310;5800,322;5804,308;5808,322;5813,308;5817,328;5821,312;5826,328;5830,312;5835,326;5839,318;5843,304;5848,316;5852,302;5856,316;5861,314;5865,306;5869,306;5874,320;5878,304;5882,318;5887,304;5891,310;5895,308;5900,308;5904,308;5909,306;5913,306;5917,312;5922,326;5926,312;5930,312;5935,310;5939,316;5943,330;5948,302;5952,316;5956,314;5961,328;5965,306;5969,320;5974,318;5978,318;5983,304;5987,310;5991,322;5996,308;6000,322;6004,308;6009,320;6013,312;6017,326;6022,312;6026,326;6030,324;6035,324;6039,316;6043,316;6048,314;6052,314;6057,314;6061,306;6065,334;6070,318;6074,318;6078,318;6083,316;6087,322;6091,322;6096,322;6100,308;6104,306;6109,306;6113,326;6117,312;6122,312;6126,310;6131,324;6135,316;6139,302;6144,314;6148,314;6152,314;6157,314;6161,318;6165,318;6170,318;6174,316;6178,316;6183,300;6187,306;6192,306;6196,290;6200,290;6205,276;6209,310;6213,282;6218,280;6222,280;6226,292;6231,292;6235,284;6239,268;6244,282;6248,282;6253,294;6257,288;6261,286;6266,286;6270,286;6274,286;6279,284;6283,292;6287,290;6292,290;6296,290;6300,288;6305,282;6309,280;6313,280;6318,278;6322,292;6327,292;6331,270;6335,282;6340,268;6344,280;6348,280;6353,278;6357,286;6361,256;6366,284;6370,298;6374,296;6379,274;6383,288;6387,274;6392,286;6396,286;6401,286;6405,290;6409,304;6414,290;6418,304;6422,288;6427,288;6431,280;6435,280;6440,278;6444,278;6448,290;6453,284;6457,296;6461,296;6466,294;6470,280;6475,252;6479,286;6483,286;6488,284;6492,284;6496,298;6501,284;6505,288;6509,288;6514,288;6518,288;6522,286;6527,278;6531,278;6535,276;6540,276;6544,290;6549,288;6553,294;6557,294;6562,294;6566,292;6570,292;6575,276;6579,282;6583,280;6588,280;6592,280;6596,278;\r\nBuffer sent in 0.973 secondsreturn;buffer;965\r\n'), 11:25:31
bytearray(b'received from UR: measure -> measure (0,1)\r\nSTEPPER: Moving to mstep: 6600 with speed [msteps/sec]: 1000 in StealthChop.\r\n'), 11:25:32
bytearray(b'STEPPER: Moving to mstep: 2400 with speed [msteps/sec]: 4000 in SpreadCycle.\r\n'), 11:25:37
bytearray(b'STEPPER: Moved 4200.00 msteps (ramp: 35%) in 1324.880 ms -> average speed [msteps/sec]: 3170.10\r\nreturn;measure;965\r\n'), 11:25:38
bytearray(b'received from UR: buffer -> buffer (0,1)\r\nSending buffer of size 965data;2400,310;2404,456;2408,164;2413,266;2417,308;2421,326;2426,340;2430,324;2434,338;2439,322;2443,328;2447,328;2452,312;2456,326;2460,324;2465,338;2469,328;2474,328;2478,326;2482,326;2487,324;2491,318;2495,328;2500,314;2504,314;2508,326;2513,326;2517,330;2521,330;2526,314;2530,328;2534,326;2539,326;2543,330;2548,314;2552,328;2556,312;2561,326;2565,330;2569,330;2574,314;2578,326;2582,326;2587,338;2591,330;2595,314;2600,328;2604,312;2608,326;2613,324;2617,344;2622,328;2626,328;2630,326;2635,340;2639,332;2643,318;2648,330;2652,314;2656,328;2661,312;2665,332;2669,330;2674,330;2678,314;2682,342;2687,326;2691,318;2696,330;2700,330;2704,328;2709,328;2713,334;2717,318;2722,332;2726,330;2730,330;2735,328;2739,320;2743,334;2748,318;2752,332;2756,304;2761,330;2765,322;2770,336;2774,320;2778,334;2783,318;2787,324;2791,322;2796,308;2800,322;2804,306;2809,320;2813,324;2817,338;2822,322;2826,336;2830,320;2835,334;2839,324;2844,324;2848,322;2852,308;2857,320;2861,326;2865,340;2870,324;2874,336;2878,322;2883,334;2887,326;2891,324;2896,322;2900,322;2904,320;2909,320;2913,340;2918,324;2922,338;2926,322;2931,322;2935,340;2939,326;2944,338;2948,310;2952,322;2957,306;2961,326;2965,324;2970,338;2974,322;2979,336;2983,320;2987,326;2992,324;2996,308;3000,322;3005,308;3009,340;3013,324;3018,338;3022,310;3026,336;3031,320;3035,326;3039,326;3044,322;3048,336;3053,320;3057,328;3061,326;3066,324;3070,322;3074,336;3079,320;3083,326;3087,324;3092,310;3096,322;3100,320;3105,320;3109,324;3114,338;3118,322;3122,334;3127,334;3131,324;3135,324;3140,310;3144,322;3148,306;3153,320;3157,324;3161,338;3166,322;3170,336;3174,320;3179,332;3183,338;3188,324;3192,324;3196,322;3201,322;3205,326;3209,340;3214,324;3218,338;3222,322;3227,336;3231,326;3235,326;3240,324;3244,310;3248,322;3253,322;3257,342;3262,312;3266,326;3270,324;3275,324;3279,330;3283,328;3288,326;3292,312;3296,324;3301,324;3305,330;3309,314;3314,342;3318,326;3322,326;3327,324;3331,328;3336,342;3340,326;3344,326;3349,310;3353,330;3357,328;3362,340;3366,326;3370,338;3375,324;3379,314;3383,326;3388,326;3392,336;3396,324;3401,322;3405,328;3410,342;3414,326;3418,340;3423,324;3427,316;3431,328;3436,328;3440,328;3444,326;3449,324;3453,316;3457,330;3462,328;3466,328;3470,326;3475,326;3479,318;3484,316;3488,328;3492,314;3497,314;3501,318;3505,332;3510,316;3514,330;3518,328;3523,328;3527,332;3531,318;3536,330;3540,316;3544,330;3549,314;3553,334;3558,318;3562,332;3566,330;3571,344;3575,322;3579,308;3584,320;3588,306;3592,332;3597,318;3601,338;3605,322;3610,336;3614,320;3619,334;3623,318;3627,324;3632,324;3636,322;3640,322;3645,322;3649,340;3653,326;3658,338;3662,324;3666,336;3671,322;3675,328;3679,326;3684,324;3688,324;3693,324;3697,322;3701,328;3706,328;3710,326;3714,340;3719,324;3723,316;3727,330;3732,314;3736,328;3740,312;3745,340;3749,318;3753,330;3758,316;3762,330;3767,328;3771,320;3775,334;3780,318;3784,332;3788,318;3793,330;3797,322;3801,336;3806,320;3810,334;3814,318;3819,332;3823,338;3827,324;3832,322;3836,308;3841,320;3845,326;3849,326;3854,312;3858,324;3862,324;3867,336;3871,328;3875,314;3880,326;3884,326;3888,326;3893,324;3897,330;3901,328;3906,342;3910,328;3915,326;3919,326;3923,318;3928,330;3932,316;3936,328;3941,328;3945,334;3949,332;3954,330;3958,330;3962,330;3967,328;3971,306;3975,332;3980,304;3984,330;3989,330;3993,344;3997,320;4002,334;4006,318;4010,346;4015,332;4019,308;4023,322;4028,320;4032,320;4036,320;4041,318;4045,324;4049,338;4054,322;4058,336;4063,320;4067,312;4071,324;4076,322;4080,322;4084,320;4089,318;4093,324;4097,336;4102,322;4106,336;4110,320;4115,332;4119,324;4124,324;4128,322;4132,320;4137,320;4141,324;4145,324;4150,322;4154,336;4158,320;4163,332;4167,326;4171,310;4176,336;4180,322;4184,320;4189,306;4193,338;4198,324;4202,336;4206,322;4211,334;4215,326;4219,312;4224,324;4228,322;4232,322;4237,320;4241,340;4245,324;4250,338;4254,322;4259,336;4263,334;4267,312;4272,324;4276,310;4280,322;4285,322;4289,342;4293,326;4298,338;4302,324;4306,338;4311,322;4315,314;4319,328;4324,312;4328,340;4333,310;4337,324;4341,330;4346,328;4350,314;4354,326;4359,326;4363,316;4367,330;4372,314;4376,328;4380,312;4385,326;4389,316;4393,344;4398,316;4402,330;4407,328;4411,320;4415,332;4420,318;4424,330;4428,316;4433,316;4437,322;4441,334;4446,320;4450,332;4454,318;4459,332;4463,322;4467,322;4472,322;4476,320;4481,320;4485,332;4489,324;4494,324;4498,336;4502,322;4507,334;4511,326;4515,326;4520,324;4524,322;4528,322;4533,322;4537,328;4541,326;4546,326;4550,324;4555,338;4559,322;4563,314;4568,312;4572,298;4576,310;4581,310;4585,330;4589,314;4594,328;4598,312;4602,326;4607,310;4611,316;4615,316;4620,314;4624,314;4629,312;4633,318;4637,316;4642,316;4646,314;4650,314;4655,312;4659,304;4663,318;4668,304;4672,302;4676,300;4681,314;4685,320;4689,318;4694,318;4698,316;4703,316;4707,308;4711,306;4716,320;4720,320;4724,306;4729,318;4733,310;4737,322;4742,322;4746,320;4750,306;4755,320;4759,324;4764,310;4768,322;4772,308;4777,320;4781,312;4785,326;4790,310;4794,338;4798,322;4803,322;4807,326;4811,326;4816,324;4820,322;4824,322;4829,306;4833,326;4838,310;4842,324;4846,308;4851,322;4855,314;4859,328;4864,326;4868,312;4872,324;4877,308;4881,328;4885,314;4890,326;4894,310;4898,324;4903,324;4907,316;4912,314;4916,312;4920,326;4925,310;4929,330;4933,330;4938,328;4942,328;4946,326;4951,312;4955,304;4959,316;4964,314;4968,316;4972,314;4977,312;4981,306;4986,332;4990,316;4994,330;4999,314;5003,306;5007,320;5012,306;5016,318;5020,302;5025,302;5029,322;5033,322;5038,306;5042,320;5046,318;5051,310;5055,322;5060,308;5064,306;5068,292;5073,304;5077,312;5081,312;5086,310;5090,308;5094,308;5099,320;5103,312;5107,298;5112,310;5116,310;5120,322;5125,314;5129,326;5134,312;5138,324;5142,310;5147,324;5151,314;5155,300;5160,312;5164,312;5168,312;5173,310;5177,330;5181,314;5186,328;5190,312;5194,326;5199,310;5203,316;5208,316;5212,298;5216,312;5221,312;5225,332;5229,316;5234,330;5238,314;5242,328;5247,312;5251,318;5255,316;5260,316;5264,314;5269,314;5273,320;5277,318;5282,318;5286,316;5290,316;5295,314;5299,306;5303,318;5308,304;5312,316;5316,316;5321,328;5325,306;5329,320;5334,318;5338,318;5343,316;5347,308;5351,320;5356,320;5360,318;5364,304;5369,316;5373,308;5377,322;5382,306;5386,320;5390,318;5395,318;5399,322;5404,308;5408,320;5412,306;5417,318;5421,310;5425,324;5430,308;5434,322;5438,320;5443,334;5447,310;5451,310;5456,310;5460,308;5464,320;5469,306;5473,312;5478,310;5482,310;5486,308;5491,322;5495,312;5499,312;5504,310;5508,310;5512,310;5517,310;5521,316;5525,314;5530,328;5534,314;5538,326;5543,312;5547,302;5552,316;5556,302;5560,328;5565,314;5569,334;5573,318;5578,332;5582,316;5586,330;5591,314;5595,306;5599,318;5604,304;5608,318;5612,316;5617,316;5621,320;5626,334;5630,318;5634,332;5639,318;5643,324;5647,322;5652,308;5656,308;5660,320;5665,320;5669,312;5673,326;5678,310;5682,324;5686,322;5691,322;5695,314;5700,314;5704,312;5708,298;5713,310;5717,316;5721,330;5726,314;5730,328;5734,314;5739,326;5743,318;5747,318;5752,316;5756,302;5760,316;5765,314;5769,320;5774,304;5778,318;5782,304;5787,318;5791,322;5795,306;5800,320;5804,304;5808,318;5813,316;5817,322;5821,306;5826,322;5830,306;5834,320;5839,318;5843,310;5848,324;5852,308;5856,308;5861,320;5865,314;5869,298;5874,312;5878,310;5882,310;5887,308;5891,314;5895,314;5900,298;5904,310;5909,312;5913,316;5917,302;5922,314;5926,314;5930,326;5935,326;5939,302;5943,316;5948,302;5952,314;5956,314;5961,328;5965,304;5969,318;5974,318;5978,318;5983,302;5987,308;5991,322;5996,322;6000,320;6004,306;6009,318;6013,310;6017,324;6022,310;6026,324;6030,308;6035,322;6039,314;6043,312;6048,326;6052,312;6057,324;6061,316;6065,316;6070,314;6074,314;6078,312;6083,326;6087,318;6091,316;6096,316;6100,314;6104,314;6109,312;6113,318;6118,318;6122,316;6126,316;6131,316;6135,320;6139,306;6144,320;6148,306;6152,318;6157,304;6161,324;6165,322;6170,324;6174,322;6178,322;6183,298;6187,298;6192,296;6196,282;6200,280;6205,280;6209,300;6213,286;6218,300;6222,298;6226,298;6231,274;6235,288;6239,288;6244,288;6248,286;6252,286;6257,290;6261,292;6266,290;6270,290;6274,288;6279,288;6283,280;6287,280;6292,278;6296,278;6300,278;6305,290;6309,296;6313,296;6318,282;6322,280;6326,280;6331,272;6335,286;6340,270;6344,284;6348,268;6353,282;6357,288;6361,288;6366,286;6370,300;6374,298;6379,276;6383,290;6387,274;6392,274;6396,272;6400,286;6405,290;6409,290;6414,276;6418,288;6422,288;6427,302;6431,278;6435,278;6440,276;6444,276;6448,274;6453,276;6457,280;6461,280;6466,292;6470,290;6475,290;6479,296;6483,268;6488,280;6492,280;6496,278;6501,278;6505,284;6509,284;6514,282;6518,296;6522,294;6527,286;6531,284;6535,284;6540,270;6544,282;6549,282;6553,288;6557,286;6562,286;6566,286;6570,298;6575,298;6579,262;6583,288;6588,288;6592,286;6596,286;\r\nBuffer sent in 0.973 secondsreturn;buffer;965\r\n'), 11:25:40
bytearray(b'received from UR: measure -> measure (0,1)\r\nSTEPPER: Moving to mstep: 6600 with speed [msteps/sec]: 1000 in StealthChop.\r\n'), 11:25:41
bytearray(b'STEPPER: Moving to mstep: 2400 with speed [msteps/sec]: 4000 in SpreadCycle.\r\n'), 11:25:45
bytearray(b'STEPPER: Moved 4200.00 msteps (ramp: 35%) in 1324.888 ms -> average speed [msteps/sec]: 3170.08\r\nreturn;measure;965\r\n'), 11:25:46
bytearray(b'received from UR: buffer -> buffer (0,1)\r\nSending buffer of size 965data;2400,302;2404,436;2408,204;2413,302;2417,302;2421,322;2426,336;2430,320;2434,334;2439,318;2443,324;2447,324;2452,322;2456,322;2460,322;2465,320;2469,326;2474,326;2478,324;2482,338;2487,324;2491,314;2495,314;2500,312;2504,340;2508,326;2513,324;2517,316;2521,330;2526,328;2530,328;2534,326;2539,306;2543,332;2548,330;2552,330;2556,314;2561,328;2565,320;2569,334;2574,332;2578,332;2582,330;2587,330;2591,336;2595,320;2600,334;2604,318;2608,332;2613,316;2617,336;2622,322;2626,334;2630,320;2635,334;2639,324;2643,324;2648,324;2652,324;2656,322;2661,322;2665,328;2669,314;2674,340;2678,326;2683,324;2687,322;2691,314;2696,328;2700,328;2704,326;2709,324;2713,330;2717,330;2722,330;2726,328;2730,328;2735,326;2739,318;2743,332;2748,316;2752,330;2757,302;2761,316;2765,322;2770,334;2774,320;2778,334;2783,318;2787,310;2791,338;2796,324;2800,338;2804,322;2809,334;2813,326;2817,340;2822,326;2826,340;2831,324;2835,316;2839,330;2844,314;2848,328;2852,314;2857,312;2861,318;2865,332;2870,330;2874,344;2878,328;2883,328;2887,318;2891,332;2896,330;2900,316;2905,328;2909,328;2913,332;2918,318;2922,330;2926,316;2931,328;2935,334;2939,320;2944,332;2948,318;2952,316;2957,316;2961,336;2965,320;2970,332;2974,318;2979,332;2983,314;2987,322;2992,336;2996,320;3000,320;3005,318;3009,338;3013,326;3018,338;3022,322;3026,336;3031,320;3035,326;3039,326;3044,324;3048,324;3053,310;3057,322;3061,314;3066,328;3070,326;3074,340;3079,326;3083,316;3087,316;3092,314;3096,328;3100,328;3105,326;3109,318;3113,332;3118,316;3122,330;3127,328;3131,320;3135,332;3140,318;3144,332;3148,316;3153,330;3157,336;3161,336;3166,320;3170,334;3174,318;3179,346;3183,334;3188,322;3192,336;3196,306;3201,320;3205,326;3209,338;3214,324;3218,338;3222,322;3227,336;3231,328;3235,326;3240,326;3244,324;3248,324;3253,322;3257,328;3262,328;3266,340;3270,326;3275,326;3279,330;3283,330;3288,328;3292,314;3296,312;3301,312;3305,332;3309,316;3314,330;3318,328;3322,328;3327,328;3331,318;3336,332;3340,318;3344,330;3349,314;3353,334;3357,318;3362,332;3366,318;3370,330;3375,316;3379,308;3383,334;3388,320;3392,332;3396,316;3401,330;3405,322;3410,336;3414,320;3418,334;3423,318;3427,324;3431,324;3436,322;3440,322;3444,320;3449,334;3453,324;3457,340;3462,324;3466,324;3470,322;3475,336;3479,328;3484,314;3488,324;3492,324;3497,324;3501,330;3505,328;3510,328;3514,328;3518,326;3523,340;3527,332;3531,318;3536,330;3540,316;3544,328;3549,312;3553,332;3558,318;3562,330;3566,316;3571,330;3575,320;3579,318;3584,332;3588,318;3592,332;3597,316;3601,336;3605,322;3610,334;3614,318;3618,332;3623,316;3627,322;3632,322;3636,320;3640,318;3645,304;3649,324;3653,322;3658,336;3662,322;3666,334;3671,320;3675,312;3679,338;3684,324;3688,322;3693,322;3697,322;3701,326;3706,340;3710,324;3714,338;3719,322;3723,314;3727,328;3732,326;3736,326;3740,310;3745,324;3749,330;3753,344;3758,328;3762,328;3767,328;3771,318;3775,332;3780,332;3784,330;3788,316;3793,328;3797,320;3801,334;3806,318;3810,332;3814,316;3819,330;3823,320;3828,320;3832,318;3836,304;3841,316;3845,322;3849,336;3854,320;3858,334;3862,318;3867,332;3871,322;3875,322;3880,320;3884,306;3888,318;3893,318;3897,338;3902,336;3906,336;3910,334;3915,334;3919,340;3923,324;3928,336;3932,322;3936,320;3941,306;3945,340;3949,324;3954,336;3958,322;3962,336;3967,320;3971,326;3976,326;3980,310;3984,324;3989,308;3993,328;3997,326;4002,340;4006,324;4010,338;4015,322;4019,314;4023,328;4028,326;4032,326;4036,312;4041,324;4045,330;4050,328;4054,328;4058,340;4063,326;4067,316;4071,330;4076,328;4080,326;4084,312;4089,312;4093,316;4097,330;4102,328;4106,328;4110,326;4115,326;4119,330;4124,330;4128,328;4132,314;4137,314;4141,318;4145,330;4150,316;4154,328;4158,328;4163,326;4167,330;4171,316;4176,330;4180,314;4184,342;4189,326;4193,334;4198,318;4202,332;4206,316;4211,344;4215,334;4219,320;4224,318;4228,318;4232,330;4237,316;4241,334;4245,320;4250,334;4254,318;4258,332;4263,330;4267,322;4272,322;4276,320;4280,332;4285,316;4289,324;4293,322;4298,334;4302,320;4306,332;4311,318;4315,322;4319,336;4324,320;4328,320;4333,318;4337,332;4341,322;4346,322;4350,320;4354,334;4359,318;4363,310;4367,324;4372,322;4376,322;4380,306;4385,318;4389,324;4393,338;4398,322;4402,334;4407,320;4411,310;4415,324;4420,322;4424,322;4428,320;4433,320;4437,324;4441,338;4446,322;4450,336;4454,320;4459,334;4463,324;4467,324;4472,322;4476,322;4481,320;4485,324;4489,338;4494,322;4498,322;4502,320;4507,332;4511,324;4515,322;4520,322;4524,320;4528,318;4533,318;4537,338;4542,322;4546,322;4550,320;4555,334;4559,324;4563,308;4568,308;4572,306;4576,332;4581,318;4585,324;4589,308;4594,322;4598,306;4602,320;4607,318;4611,310;4616,308;4620,306;4624,306;4629,304;4633,324;4637,322;4642,322;4646,308;4650,320;4655,304;4659,310;4663,310;4668,308;4672,308;4676,320;4681,304;4685,310;4690,324;4694,308;4698,308;4703,306;4707,298;4711,310;4716,310;4720,322;4724,306;4729,320;4733,312;4737,326;4742,312;4746,324;4750,308;4755,322;4759,312;4764,312;4768,324;4772,324;4777,322;4781,314;4785,326;4790,310;4794,324;4798,322;4803,336;4807,314;4811,312;4816,312;4820,298;4824,310;4829,310;4833,330;4838,314;4842,328;4846,312;4851,326;4855,318;4859,316;4864,316;4868,314;4872,314;4877,312;4881,318;4885,318;4890,316;4894,316;4899,328;4903,320;4907,320;4912,318;4916,304;4920,316;4925,316;4929,322;4933,320;4938,318;4942,318;4946,318;4951,318;4955,310;4959,322;4964,308;4968,322;4973,308;4977,320;4981,312;4986,326;4990,310;4994,324;4999,322;5003,314;5007,314;5012,312;5016,312;5020,312;5025,310;5029,316;5033,316;5038,314;5042,314;5047,312;5051,318;5055,316;5060,302;5064,316;5068,300;5073,314;5077,320;5081,318;5086,318;5090,318;5094,314;5099,316;5103,322;5107,306;5112,306;5116,304;5121,318;5125,308;5129,322;5134,308;5138,320;5142,320;5147,320;5151,324;5155,310;5160,310;5164,308;5168,308;5173,306;5177,326;5181,310;5186,324;5190,310;5195,324;5199,328;5203,314;5208,312;5212,298;5216,310;5221,310;5225,330;5229,314;5234,328;5238,314;5242,326;5247,312;5251,318;5256,316;5260,316;5264,314;5269,314;5273,312;5277,318;5282,318;5286,316;5290,330;5295,314;5299,308;5303,306;5308,304;5312,332;5316,316;5321,316;5325,320;5330,320;5334,318;5338,318;5343,316;5347,308;5351,320;5356,318;5360,318;5364,302;5369,302;5373,308;5377,320;5382,306;5386,318;5390,304;5395,310;5399,322;5404,306;5408,306;5412,304;5417,318;5421,308;5425,322;5430,308;5434,320;5438,306;5443,318;5447,310;5451,308;5456,308;5460,306;5464,320;5469,310;5473,310;5478,310;5482,310;5486,308;5491,306;5495,312;5499,296;5504,308;5508,308;5512,322;5517,306;5521,326;5525,310;5530,324;5534,308;5539,322;5543,308;5547,312;5552,326;5556,310;5560,324;5565,308;5569,328;5573,312;5578,326;5582,310;5586,324;5591,322;5595,314;5599,326;5604,312;5608,324;5613,310;5617,308;5621,314;5626,328;5630,312;5634,338;5639,322;5643,314;5647,312;5652,312;5656,310;5660,324;5665,322;5669,314;5673,328;5678,312;5682,324;5687,310;5691,316;5695,314;5700,312;5704,312;5708,308;5713,324;5717,314;5721,314;5726,312;5730,326;5734,312;5739,324;5743,316;5747,314;5752,314;5756,298;5761,310;5765,316;5769,318;5774,314;5778,328;5782,314;5787,328;5791,318;5795,304;5800,316;5804,316;5808,314;5813,314;5817,320;5821,318;5826,318;5830,302;5835,314;5839,320;5843,318;5848,318;5852,304;5856,316;5861,314;5865,320;5869,304;5874,318;5878,302;5882,316;5887,314;5891,306;5895,318;5900,318;5904,316;5909,316;5913,322;5917,320;5922,320;5926,318;5930,318;5935,302;5939,308;5943,320;5948,306;5952,318;5956,304;5961,316;5965,322;5970,322;5974,320;5978,334;5983,318;5987,310;5991,322;5996,306;6000,320;6004,304;6009,332;6013,308;6017,322;6022,306;6026,320;6030,318;6035,308;6039,308;6044,308;6048,320;6052,304;6057,318;6061,308;6065,322;6070,320;6074,320;6078,318;6083,318;6087,310;6091,308;6096,320;6100,306;6104,318;6109,310;6113,324;6118,308;6122,320;6126,320;6131,320;6135,324;6139,322;6144,322;6148,306;6152,320;6157,304;6161,324;6165,308;6170,322;6174,306;6179,320;6183,312;6187,296;6192,308;6196,294;6200,292;6205,292;6209,298;6213,282;6218,282;6222,280;6226,294;6231,270;6235,270;6239,282;6244,282;6248,280;6253,280;6257,300;6261,298;6266,296;6270,282;6274,280;6279,294;6283,286;6287,284;6292,298;6296,296;6300,282;6305,288;6309,288;6313,300;6318,284;6322,284;6327,282;6331,274;6335,286;6340,270;6344,284;6348,282;6353,296;6357,286;6361,300;6366,284;6370,284;6374,282;6379,274;6383,300;6387,286;6392,284;6396,284;6401,282;6405,288;6409,302;6414,286;6418,286;6422,284;6427,298;6431,272;6435,286;6440,272;6444,270;6448,282;6453,286;6457,286;6461,286;6466,270;6470,284;6475,296;6479,274;6483,286;6488,272;6492,284;6496,268;6501,282;6505,274;6509,272;6514,270;6518,284;6522,282;6527,288;6531,286;6535,286;6540,270;6544,270;6549,268;6553,274;6557,272;6562,272;6566,284;6570,284;6575,296;6579,288;6583,288;6588,272;6592,284;6596,268;\r\nBuffer sent in 0.973 secondsreturn;buffer;965\r\n'), 11:25:48
bytearray(b'received from UR: measure -> measure (0,1)\r\nSTEPPER: Moving to mstep: 6600 with speed [msteps/sec]: 1000 in StealthChop.\r\n'), 11:25:50
bytearray(b'STEPPER: Moving to mstep: 2400 with speed [msteps/sec]: 4000 in SpreadCycle.\r\n'), 11:25:54
bytearray(b'STEPPER: Moved 4200.00 msteps (ramp: 35%) in 1324.892 ms -> average speed [msteps/sec]: 3170.07\r\nreturn;measure;965\r\n'), 11:25:55
bytearray(b'received from UR: buffer -> buffer (0,1)\r\nSending buffer of size 965data;2400,302;2404,472;2408,140;2413,268;2417,326;2421,318;2426,344;2430,328;2434,342;2439,328;2443,318;2447,332;2452,332;2456,330;2460,316;2465,328;2469,320;2474,334;2478,318;2482,332;2487,330;2491,322;2495,320;2500,320;2504,332;2508,318;2513,332;2517,322;2521,322;2526,320;2530,334;2534,332;2539,310;2543,322;2548,308;2552,322;2556,306;2561,318;2565,324;2569,336;2574,322;2578,336;2582,320;2587,330;2591,324;2595,310;2600,322;2604,320;2609,334;2613,318;2617,338;2622,324;2626,336;2630,322;2635,334;2639,326;2643,324;2648,324;2652,324;2656,322;2661,320;2665,328;2669,326;2674,326;2678,324;2683,324;2687,322;2691,314;2696,328;2700,312;2704,326;2709,310;2713,330;2717,328;2722,328;2726,326;2730,326;2735,324;2739,316;2743,342;2748,314;2752,326;2757,312;2761,324;2765,330;2770,344;2774,328;2778,340;2783,312;2787,316;2791,344;2796,330;2800,326;2804,312;2809,326;2813,318;2817,330;2822,316;2826,328;2831,314;2835,318;2839,332;2844,330;2848,330;2852,314;2857,326;2861,318;2865,332;2870,316;2874,330;2878,316;2883,328;2887,334;2891,320;2896,332;2900,318;2905,330;2909,322;2913,336;2918,320;2922,320;2926,318;2931,332;2935,324;2939,308;2944,320;2948,306;2952,332;2957,318;2961,338;2965,322;2970,336;2974,320;2979,334;2983,318;2987,324;2992,322;2996,308;3000,334;3005,318;3009,338;3013,324;3018,322;3022,320;3026,334;3031,318;3035,324;3039,322;3044,322;3048,322;3053,320;3057,326;3061,312;3066,324;3070,322;3074,336;3079,322;3083,312;3087,324;3092,310;3096,324;3100,322;3105,334;3109,326;3114,326;3118,324;3122,338;3127,322;3131,314;3135,328;3140,312;3144,326;3148,310;3153,338;3157,314;3161,328;3166,314;3170,340;3174,324;3179,338;3183,330;3188,314;3192,328;3196,312;3201,340;3205,318;3209,330;3214,314;3218,342;3222,326;3227,340;3231,332;3235,316;3240,330;3244,314;3248,328;3253,314;3257,332;3262,318;3266,332;3270,316;3275,328;3279,320;3283,320;3288,332;3292,316;3296,330;3301,328;3305,320;3309,318;3314,332;3318,318;3322,330;3327,316;3331,320;3336,334;3340,318;3344,332;3349,330;3353,322;3357,320;3362,334;3366,318;3370,332;3375,316;3379,320;3383,334;3388,320;3392,332;3397,332;3401,330;3405,322;3410,334;3414,320;3418,334;3423,318;3427,322;3431,322;3436,320;3440,334;3444,318;3449,332;3453,322;3457,336;3462,320;3466,332;3471,318;3475,310;3479,322;3484,320;3488,334;3492,318;3497,318;3501,324;3505,336;3510,322;3514,334;3518,332;3523,332;3527,324;3531,310;3536,336;3540,320;3545,334;3549,318;3553,338;3558,324;3562,336;3566,322;3571,334;3575,326;3579,310;3584,324;3588,308;3592,336;3597,306;3601,340;3605,324;3610,338;3614,322;3619,336;3623,322;3627,312;3632,326;3636,312;3640,338;3645,324;3649,328;3653,314;3658,340;3662,324;3666,338;3671,322;3675,314;3679,326;3684,326;3688,338;3693,324;3697,328;3701,328;3706,328;3710,324;3714,326;3719,324;3723,316;3727,328;3732,314;3736,326;3740,312;3745,326;3749,316;3753,330;3758,328;3762,328;3767,326;3771,318;3775,330;3780,316;3784,342;3788,326;3793,326;3797,318;3801,332;3806,330;3810,344;3814,328;3819,306;3823,332;3828,316;3832,330;3836,314;3841,328;3845,320;3849,332;3854,318;3858,332;3862,330;3867,328;3871,334;3875,318;3880,332;3884,332;3888,330;3893,314;3897,334;3902,320;3906,332;3910,316;3915,330;3919,336;3923,320;3928,332;3932,318;3936,330;3941,314;3945,334;3949,318;3954,332;3958,330;3962,330;3967,314;3971,320;3976,332;3980,316;3984,330;3989,300;3993,334;3997,318;4002,346;4006,330;4010,342;4015,326;4019,318;4023,332;4028,316;4032,328;4036,314;4041,326;4045,318;4050,344;4054,316;4058,342;4063,326;4067,318;4071,330;4076,316;4080,342;4084,328;4089,326;4093,318;4097,330;4102,330;4106,328;4110,326;4115,326;4119,330;4124,316;4128,330;4132,328;4137,326;4141,318;4145,330;4150,328;4154,328;4158,326;4163,326;4167,332;4171,316;4176,342;4180,328;4184,328;4189,312;4193,332;4198,330;4202,344;4206,328;4211,340;4215,318;4219,316;4224,330;4228,316;4232,328;4237,314;4241,332;4245,318;4250,332;4254,316;4258,328;4263,314;4267,318;4272,332;4276,316;4280,330;4285,314;4289,334;4293,318;4298,332;4302,318;4306,330;4311,316;4315,320;4319,334;4324,318;4328,346;4333,330;4337,330;4341,322;4346,334;4350,320;4354,332;4359,332;4363,308;4367,336;4372,320;4376,334;4380,318;4385,332;4389,324;4393,338;4398,322;4402,336;4407,320;4411,312;4415,324;4420,324;4424,336;4428,322;4433,320;4437,326;4441,340;4446,324;4450,338;4454,322;4459,322;4463,326;4467,326;4472,338;4476,324;4481,322;4485,314;4489,328;4494,326;4498,326;4502,324;4507,324;4511,330;4515,314;4520,342;4524,326;4528,324;4533,312;4537,330;4541,328;4546,328;4550,326;4555,326;4559,324;4563,316;4568,316;4572,300;4576,312;4581,298;4585,332;4589,316;4594,330;4598,314;4602,328;4607,314;4611,292;4615,318;4620,302;4624,316;4629,314;4633,306;4637,304;4642,318;4646,316;4650,316;4655,314;4659,320;4663,306;4668,304;4672,316;4676,304;4681,292;4685,306;4689,320;4694,306;4698,318;4703,318;4707,310;4711,322;4716,308;4720,320;4724,292;4729,318;4733,324;4737,324;4742,322;4746,320;4750,320;4755,318;4759,324;4764,308;4768,336;4772,320;4777,320;4781,310;4785,324;4790,322;4794,336;4798,320;4803,334;4807,326;4811,310;4816,324;4820,322;4824,320;4829,306;4833,326;4838,310;4842,324;4846,308;4851,322;4855,326;4859,312;4864,324;4868,324;4872,322;4877,308;4881,328;4885,312;4890,326;4894,310;4898,310;4903,308;4907,314;4912,326;4916,312;4920,310;4925,296;4929,330;4933,316;4938,328;4942,312;4946,326;4951,312;4955,302;4959,316;4964,302;4968,328;4973,300;4977,312;4981,318;4986,332;4990,318;4994,330;4999,316;5003,306;5007,306;5012,304;5016,318;5020,304;5025,330;5029,308;5033,320;5038,306;5042,320;5047,304;5051,324;5055,308;5060,308;5064,320;5068,306;5073,318;5077,310;5081,308;5086,308;5090,322;5094,306;5099,320;5103,310;5107,296;5112,308;5116,308;5121,320;5125,312;5129,312;5134,310;5138,322;5142,322;5147,334;5151,326;5155,310;5160,324;5164,310;5168,322;5173,306;5177,326;5181,310;5186,324;5190,308;5195,322;5199,314;5203,298;5208,324;5212,310;5216,322;5221,308;5225,326;5229,312;5234,324;5238,308;5242,322;5247,308;5251,312;5255,312;5260,310;5264,324;5269,310;5273,328;5277,314;5282,328;5286,312;5290,324;5295,310;5299,330;5303,314;5308,314;5312,326;5316,312;5321,324;5325,316;5329,330;5334,314;5338,328;5343,312;5347,318;5351,318;5356,302;5360,316;5364,302;5369,328;5373,320;5377,320;5382,318;5386,332;5390,316;5395,328;5399,320;5404,304;5408,318;5412,302;5417,316;5421,322;5425,320;5430,320;5434,334;5438,318;5443,332;5447,308;5451,306;5456,306;5460,304;5464,318;5469,310;5473,322;5478,322;5482,320;5486,320;5491,320;5495,312;5499,296;5504,308;5508,306;5512,306;5517,304;5521,326;5525,310;5530,324;5534,322;5539,320;5543,312;5547,298;5552,324;5556,310;5560,322;5565,308;5569,328;5573,312;5578,326;5582,310;5586,324;5591,308;5595,314;5599,326;5604,312;5608,326;5613,312;5617,316;5621,314;5626,328;5630,312;5634,326;5639,310;5643,316;5647,330;5652,328;5656,314;5660,312;5665,326;5669,318;5673,318;5678,314;5682,314;5687,314;5691,320;5695,318;5700,318;5704,316;5708,302;5713,314;5717,320;5721,320;5726,318;5730,316;5734,316;5739,316;5743,322;5747,306;5752,318;5756,304;5761,318;5765,308;5769,322;5774,306;5778,320;5782,304;5787,318;5791,310;5795,296;5800,322;5804,306;5808,320;5813,304;5817,324;5821,308;5826,322;5830,306;5835,320;5839,310;5843,310;5848,324;5852,308;5856,322;5861,306;5865,326;5869,312;5874,312;5878,310;5882,310;5887,308;5891,300;5895,314;5900,312;5904,312;5909,310;5913,316;5917,314;5922,314;5926,314;5930,326;5935,312;5939,302;5943,316;5948,314;5952,326;5956,312;5961,312;5965,316;5969,330;5974,314;5978,328;5983,314;5987,304;5991,318;5996,304;6000,316;6004,302;6009,316;6013,320;6017,334;6022,318;6026,332;6030,316;6035,330;6039,320;6044,306;6048,318;6052,318;6057,316;6061,308;6065,322;6070,320;6074,320;6078,318;6083,318;6087,324;6091,308;6096,322;6100,306;6104,306;6109,312;6113,310;6118,308;6122,308;6126,308;6131,320;6135,326;6139,310;6144,322;6148,308;6152,320;6157,306;6161,326;6165,310;6170,324;6174,308;6178,322;6183,314;6187,298;6192,296;6196,282;6200,294;6205,294;6209,286;6213,284;6218,298;6222,294;6226,294;6231,286;6235,284;6239,284;6244,282;6248,282;6252,280;6257,286;6261,286;6266,286;6270,282;6274,296;6279,294;6283,272;6287,286;6292,256;6296,284;6300,282;6305,280;6309,288;6313,286;6318,284;6322,284;6326,284;6331,274;6335,288;6340,272;6344,286;6348,270;6353,298;6357,288;6361,274;6366,272;6370,286;6374,284;6379,298;6383,290;6387,274;6392,286;6396,272;6400,284;6405,290;6409,304;6414,288;6418,288;6422,286;6427,298;6431,290;6435,288;6440,288;6444,274;6448,272;6453,272;6457,292;6461,290;6466,288;6470,288;6475,286;6479,276;6483,276;6488,276;6492,274;6496,288;6501,258;6505,292;6509,292;6514,292;6518,290;6522,276;6527,280;6531,266;6535,278;6540,264;6544,276;6549,276;6553,282;6557,280;6562,266;6566,292;6570,292;6575,290;6579,268;6583,282;6588,266;6592,280;6596,264;\r\nBuffer sent in 0.973 secondsreturn;buffer;965\r\n'), 11:25:57
bytearray(b'received from UR: measure -> measure (0,1)\r\nSTEPPER: Moving to mstep: 6600 with speed [msteps/sec]: 1000 in StealthChop.\r\n'), 11:25:58
bytearray(b'STEPPER: Moving to mstep: 2400 with speed [msteps/sec]: 4000 in SpreadCycle.\r\n'), 11:26:02
bytearray(b'STEPPER: Moved 4200.00 msteps (ramp: 35%) in 1324.888 ms -> average speed [msteps/sec]: 3170.08\r\nreturn;measure;964\r\n'), 11:26:04
bytearray(b'received from UR: buffer -> buffer (0,1)\r\nSending buffer of size 964data;2400,296;2404,460;2408,170;2413,284;2417,312;2421,318;2426,346;2430,316;2434,344;2439,328;2443,318;2447,332;2452,318;2456,330;2460,316;2465,328;2469,320;2474,334;2478,318;2482,332;2487,314;2491,322;2495,334;2500,318;2504,332;2508,332;2513,330;2517,322;2521,334;2526,334;2530,332;2534,318;2539,330;2543,336;2548,320;2552,334;2556,318;2561,318;2565,322;2569,336;2574,320;2578,332;2582,318;2587,330;2591,336;2595,320;2600,334;2604,318;2608,318;2613,316;2617,336;2622,320;2626,334;2630,318;2635,332;2639,322;2643,320;2648,336;2652,334;2656,318;2661,318;2665,338;2669,322;2674,336;2678,320;2682,320;2687,318;2691,324;2696,338;2700,324;2704,322;2709,322;2713,328;2717,326;2722,326;2726,324;2730,324;2735,322;2739,314;2743,328;2748,312;2752,324;2756,310;2761,324;2765,316;2770,344;2774,328;2778,342;2783,312;2787,318;2791,332;2796,316;2800,330;2804,314;2809,342;2813,318;2817,332;2822,316;2826,344;2831,328;2835,342;2839,318;2844,318;2848,330;2852,316;2857,330;2861,322;2865,322;2870,318;2874,332;2878,318;2883,330;2887,322;2891,320;2896,334;2900,320;2905,332;2909,324;2913,322;2918,322;2922,334;2926,320;2931,332;2935,324;2939,310;2944,322;2948,322;2952,320;2957,306;2961,326;2965,324;2970,336;2974,322;2979,322;2983,320;2987,312;2992,338;2996,324;3000,322;3005,308;3009,342;3013,326;3018,338;3022,322;3026,322;3031,320;3035,314;3039,340;3044,324;3048,324;3053,322;3057,336;3061,326;3066,340;3070,324;3074,326;3079,322;3083,314;3087,342;3092,326;3096,324;3100,324;3105,322;3109,328;3113,328;3118,326;3122,326;3127,322;3131,314;3135,342;3140,328;3144,326;3148,312;3153,326;3157,330;3161,330;3166,328;3170,328;3174,326;3179,340;3183,330;3187,316;3192,330;3196,314;3201,326;3205,318;3209,332;3214,316;3218,330;3222,314;3227,328;3231,332;3235,316;3240,330;3244,330;3248,328;3253,312;3257,332;3261,318;3266,330;3270,314;3275,328;3279,326;3283,318;3288,330;3292,330;3296,328;3301,314;3305,332;3309,318;3314,330;3318,316;3322,328;3327,328;3331,320;3336,332;3340,318;3344,330;3349,316;3353,336;3357,320;3362,334;3366,318;3370,332;3375,330;3379,322;3383,320;3388,306;3392,332;3396,318;3401,330;3405,322;3410,336;3414,320;3418,334;3423,318;3427,324;3431,322;3436,320;3440,334;3444,318;3449,332;3453,322;3457,322;3462,320;3466,334;3470,318;3475,332;3479,322;3484,322;3488,334;3492,320;3497,332;3501,324;3505,322;3510,322;3514,334;3518,332;3523,332;3527,324;3531,308;3536,336;3540,320;3544,334;3549,318;3553,326;3558,322;3562,336;3566,320;3571,334;3575,324;3579,322;3584,336;3588,320;3592,334;3597,318;3601,338;3605,322;3610,320;3618,334;3623,318;3627,324;3632,338;3636,322;3640,320;3645,320;3649,332;3653,324;3658,338;3662,322;3666,320;3671,320;3675,324;3679,338;3684,336;3688,322;3692,320;3697,334;3701,324;3706,324;3710,322;3714,322;3719,320;3723,312;3727,340;3732,324;3736,324;3740,322;3745,334;3749,326;3753,326;3758,324;3762,324;3766,322;3771,336;3775,328;3780,312;3784,326;3788,310;3793,324;3797,316;3801,328;3806,314;3810,326;3814,326;3819,338;3823,330;3827,330;3832,328;3836,312;3840,326;3845,324;3849,330;3854,314;3858,328;3862,314;3867,326;3871,332;3875,330;3880,328;3884,314;3888,326;3893,326;3897,330;3901,316;3906,328;3910,314;3914,328;3919,326;3923,318;3928,330;3932,314;3936,328;3941,314;3945,332;3949,332;3954,330;3958,316;3962,330;3967,328;3971,318;3975,332;3980,304;3984,330;3988,316;3993,330;3997,320;4002,334;4006,318;4010,332;4015,316;4019,322;4023,320;4028,320;4032,332;4036,318;4041,332;4045,322;4049,336;4054,320;4058,334;4062,320;4067,332;4071,324;4076,310;4080,322;4084,322;4089,334;4093,326;4097,324;4102,322;4106,336;4110,322;4115,334;4119,324;4123,310;4128,324;4132,322;4137,334;4141,322;4145,326;4150,326;4154,326;4158,324;4163,324;4167,328;4171,314;4176,326;4180,312;4184,340;4189,324;4193,330;4197,314;4202,342;4206,326;4211,340;4215,318;4219,316;4224,328;4228,314;4232,342;4237,326;4241,332;4245,316;4250,330;4254,316;4258,328;4263,312;4267,318;4271,332;4276,316;4280,330;4285,314;4289,328;4293,318;4298,332;4302,318;4306,330;4311,316;4315,320;4319,334;4324,318;4328,334;4332,332;4337,330;4341,322;4345,336;4350,334;4354,334;4359,332;4363,310;4367,324;4372,322;4376,336;4380,320;4385,334;4389,324;4393,338;4398,324;4402,338;4406,322;4411,322;4415,326;4419,312;4424,338;4428,324;4433,322;4437,314;4441,340;4446,324;4450,338;4454,322;4459,322;4463,328;4467,326;4472,340;4476,326;4480,322;4485,322;4489,328;4493,326;4498,340;4502,324;4507,324;4511,322;4515,314;4520,326;4524,312;4528,324;4533,310;4537,330;4541,326;4546,326;4550,326;4554,326;4559,324;4563,314;4567,314;4572,312;4576,312;4581,298;4585,330;4589,314;4594,314;4598,300;4602,312;4607,310;4611,302;4615,316;4620,314;4624,314;4628,312;4633,312;4637,316;4642,316;4646,302;4650,314;4655,312;4659,304;4663,318;4668,316;4672,314;4676,314;4681,314;4685,304;4689,304;4694,302;4698,316;4702,314;4707,306;4711,320;4716,318;4720,316;4724,302;4729,328;4733,320;4737,320;4742,318;4746,318;4750,314;4755,328;4759,320;4763,304;4768,318;4772,318;4777,330;4781,308;4785,318;4790,320;4794,332;4798,318;4803,330;4807,322;4811,306;4816,320;4820,304;4824,318;4829,316;4833,336;4837,320;4842,334;4846,318;4851,332;4855,316;4859,308;4864,320;4868,306;4872,318;4877,302;4881,322;4885,322;4890,320;4894,306;4898,318;4903,316;4907,308;4911,320;4916,306;4920,318;4925,304;4929,324;4933,322;4938,322;4942,318;4946,318;4951,316;4955,308;4959,322;4964,320;4968,320;4972,304;4977,316;4981,308;4985,322;4990,306;4994,320;4999,318;5003,310;5007,322;5012,306;5016,320;5020,306;5025,318;5029,310;5033,322;5038,308;5042,322;5046,306;5051,318;5055,310;5059,310;5064,322;5068,308;5073,320;5077,310;5081,312;5086,310;5090,322;5094,308;5099,320;5103,314;5107,310;5112,310;5116,310;5120,322;5125,306;5129,326;5133,312;5138,324;5142,310;5147,322;5151,322;5155,300;5160,312;5164,310;5168,324;5173,310;5177,328;5181,312;5186,326;5190,310;5194,324;5199,322;5203,314;5208,314;5212,312;5216,326;5221,310;5225,330;5229,314;5234,328;5238,312;5242,326;5247,310;5251,330;5255,314;5260,312;5264,314;5268,310;5273,324;5277,314;5282,314;5286,312;5290,326;5295,310;5299,330;5303,316;5308,314;5312,328;5316,314;5321,326;5325,304;5329,316;5334,316;5338,316;5342,312;5347,304;5351,318;5356,302;5360,316;5364,300;5369,314;5373,318;5377,330;5382,316;5386,330;5390,312;5395,326;5399,318;5403,302;5408,314;5412,300;5417,312;5421,304;5425,318;5430,316;5434,316;5438,300;5443,314;5447,318;5451,304;5456,318;5460,316;5464,314;5469,314;5473,320;5477,304;5482,304;5486,302;5491,314;5495,320;5499,304;5504,318;5508,302;5512,316;5517,300;5521,320;5525,318;5530,318;5534,316;5538,316;5543,314;5547,306;5551,318;5556,302;5560,332;5565,302;5569,316;5573,308;5578,334;5582,318;5586,318;5591,302;5595,308;5599,322;5604,306;5608,320;5612,304;5617,316;5621,310;5625,324;5630,308;5634,322;5639,306;5643,312;5647,324;5652,310;5656,322;5660,320;5665,320;5669,312;5673,326;5678,310;5682,312;5686,308;5691,322;5695,314;5699,314;5704,326;5708,312;5713,310;5717,316;5721,328;5726,314;5730,328;5734,312;5739,326;5743,318;5747,302;5752,316;5756,300;5760,314;5765,298;5769,330;5773,318;5778,330;5782,316;5787,316;5791,308;5795,306;5800,318;5804,304;5808,318;5813,302;5817,322;5821,308;5826,320;5830,306;5834,318;5839,304;5843,310;5848,322;5852,322;5856,306;5861,306;5865,324;5869,310;5874,310;5878,308;5882,306;5887,306;5891,312;5895,324;5900,324;5904,308;5908,308;5913,320;5917,312;5922,312;5926,310;5930,310;5935,308;5939,314;5943,326;5948,312;5952,310;5956,296;5961,322;5965,314;5969,328;5974,312;5978,324;5982,308;5987,314;5991,328;5996,312;6000,312;6004,310;6009,322;6013,314;6017,328;6022,312;6026,326;6030,310;6035,324;6039,314;6043,314;6048,314;6052,312;6056,326;6061,302;6065,316;6070,314;6074,328;6078,312;6083,312;6087,316;6091,316;6096,314;6100,314;6104,326;6109,312;6113,318;6117,316;6122,328;6126,314;6130,326;6135,312;6139,302;6144,316;6148,314;6152,328;6157,312;6161,318;6165,316;6170,316;6174,314;6178,328;6183,312;6187,288;6191,302;6196,286;6200,300;6204,284;6209,290;6213,288;6218,302;6222,300;6226,300;6231,298;6235,276;6239,274;6244,272;6248,286;6252,286;6257,284;6261,276;6265,276;6270,274;6274,288;6279,286;6283,278;6287,276;6292,276;6296,288;6300,272;6305,286;6309,292;6313,290;6318,290;6322,288;6326,286;6331,264;6335,292;6339,278;6344,290;6348,288;6353,288;6357,278;6361,264;6366,278;6370,290;6374,288;6379,302;6383,294;6387,292;6392,276;6396,276;6400,290;6405,280;6409,266;6414,292;6418,306;6422,292;6427,292;6431,268;6435,266;6440,280;6444,292;6448,278;6453,282;6457,282;6461,282;6466,282;6470,294;6474,294;6479,284;6483,270;6488,270;6492,282;6496,268;6501,266;6505,286;6509,300;6514,284;6518,284;6522,284;6527,282;6531,274;6535,286;6540,272;6544,284;6548,270;6553,290;6557,288;6562,288;6566,286;6570,286;6575,284;6579,276;6583,290;6588,274;6592,274;6596,274;\r\nBuffer sent in 0.972 secondsreturn;buffer;964\r\n'), 11:26:06
bytearray(b'received from UR: measure -> measure (0,1)\r\nSTEPPER: Moving to mstep: 6600 with speed [msteps/sec]: 1000 in StealthChop.\r\n'), 11:26:07
bytearray(b'STEPPER: Moving to mstep: 2400 with speed [msteps/sec]: 4000 in SpreadCycle.\r\n'), 11:26:11
bytearray(b'STEPPER: Moved 4200.00 msteps (ramp: 35%) in 1324.880 ms -> average speed [msteps/sec]: 3170.10\r\nreturn;measure;964\r\n'), 11:26:12
bytearray(b'received from UR: buffer -> buffer (0,1)\r\nSending buffer of size 964data;2400,310;2404,470;2408,138;2413,268;2417,322;2421,314;2426,328;2430,326;2434,340;2439,324;2443,314;2447,328;2452,328;2456,326;2460,312;2465,324;2469,330;2474,330;2478,314;2482,326;2487,326;2491,332;2495,330;2500,316;2504,314;2508,314;2513,326;2517,332;2521,332;2526,330;2530,330;2534,316;2539,326;2543,334;2548,318;2552,330;2556,318;2561,330;2565,320;2569,334;2574,332;2578,346;2582,316;2587,330;2591,334;2595,320;2600,332;2604,318;2608,330;2613,314;2617,334;2622,320;2626,346;2630,318;2635,332;2639,322;2643,320;2648,334;2652,318;2656,332;2661,330;2665,336;2669,320;2674,334;2678,318;2682,332;2687,330;2691,308;2696,320;2700,318;2704,320;2709,330;2713,336;2717,320;2722,334;2726,332;2730,332;2735,330;2739,322;2743,334;2748,318;2752,332;2756,318;2761,330;2765,320;2770,334;2774,318;2778,346;2783,330;2787,308;2791,322;2796,320;2800,334;2804,316;2809,332;2813,324;2817,336;2822,322;2826,334;2830,320;2835,332;2839,324;2844,322;2848,322;2852,322;2857,334;2861,324;2865,338;2870,324;2874,336;2878,320;2883,334;2887,324;2891,324;2896,322;2900,320;2904,320;2909,318;2913,338;2918,324;2922,336;2926,320;2931,334;2935,324;2939,324;2944,336;2948,306;2952,320;2957,306;2961,338;2965,324;2970,336;2974,322;2979,334;2983,318;2987,324;2992,338;2996,308;3000,322;3005,320;3009,340;3013,324;3018,338;3022,322;3026,336;3031,320;3035,312;3039,324;3044,322;3048,336;3053,320;3057,332;3061,324;3066,338;3070,322;3074,334;3079,320;3083,312;3087,324;3092,322;3096,334;3100,320;3105,318;3109,324;3113,338;3118,322;3122,334;3127,320;3131,324;3135,338;3140,308;3144,336;3148,320;3153,334;3157,324;3161,326;3166,324;3170,336;3174,320;3179,334;3183,326;3187,324;3192,324;3196,322;3201,336;3205,312;3209,340;3214,324;3218,338;3222,322;3227,336;3231,326;3235,326;3240,326;3244,310;3248,322;3253,322;3257,342;3261,326;3266,340;3270,324;3275,338;3279,328;3283,328;3288,326;3292,326;3296,326;3301,324;3305,344;3309,316;3314,328;3318,328;3322,342;3327,326;3331,304;3335,316;3340,316;3344,328;3349,328;3353,342;3357,318;3362,332;3366,330;3370,344;3375,328;3379,320;3383,334;3388,318;3392,332;3396,316;3401,330;3405,336;3409,320;3418,334;3422,318;3427,346;3431,324;3436,308;3440,322;3444,320;3449,334;3453,312;3457,338;3462,324;3466,336;3470,322;3475,322;3479,326;3483,326;3488,338;3492,324;3496,322;3501,322;3505,328;3510,326;3514,340;3518,324;3523,338;3527,316;3531,314;3536,328;3540,326;3544,340;3549,312;3553,332;3557,330;3562,342;3566,314;3571,340;3575,322;3579,318;3584,330;3588,314;3592,328;3597,312;3601,332;3605,318;3610,330;3614,330;3618,330;3623,314;3627,320;3631,332;3636,318;3640,330;3645,330;3649,330;3653,322;3658,336;3662,320;3666,334;3671,318;3675,324;3679,324;3684,310;3688,322;3692,322;3697,320;3701,326;3705,326;3710,326;3714,326;3719,324;3723,316;3727,330;3732,314;3736,314;3740,314;3745,326;3749,334;3753,332;3758,318;3762,332;3766,330;3771,344;3775,322;3779,322;3784,336;3788,320;3793,334;3797,326;3801,340;3806,324;3810,338;3814,324;3819,338;3823,314;3827,314;3832,326;3836,326;3840,324;3845,310;3849,330;3853,328;3858,328;3862,312;3867,326;3871,326;3875,318;3880,330;3884,330;3888,330;3893,314;3897,334;3901,332;3906,332;3910,316;3914,330;3919,328;3923,320;3928,332;3932,318;3936,332;3941,316;3945,328;3949,334;3954,334;3958,318;3962,332;3967,330;3971,322;3975,336;3980,320;3984,320;3988,318;3993,332;3997,322;4002,336;4006,320;4010,334;4015,320;4019,324;4023,324;4028,308;4032,308;4036,306;4041,320;4045,326;4049,340;4054,324;4058,338;4062,322;4067,336;4071,328;4076,314;4080,326;4084,324;4089,338;4093,316;4097,328;4102,328;4106,328;4110,326;4115,326;4119,332;4123,318;4128,330;4132,314;4136,328;4141,328;4145,334;4150,320;4154,332;4158,318;4163,332;4167,324;4171,322;4176,336;4180,308;4184,320;4189,306;4193,340;4197,326;4202,326;4206,324;4210,338;4215,322;4219,328;4224,328;4228,314;4232,326;4237,312;4241,332;4245,330;4250,330;4254,328;4258,328;4263,312;4267,318;4271,332;4276,330;4280,330;4284,314;4289,328;4293,320;4298,332;4302,318;4306,330;4311,328;4315,320;4319,334;4324,318;4328,332;4332,316;4337,330;4341,320;4345,334;4350,318;4354,332;4358,318;4363,332;4367,322;4372,320;4376,334;4380,306;4385,318;4389,324;4393,338;4398,322;4402,336;4406,322;4411,334;4415,326;4419,326;4424,324;4428,310;4433,322;4437,322;4441,340;4446,312;4450,338;4454,322;4459,336;4463,328;4467,326;4472,326;4476,324;4480,324;4485,322;4489,342;4493,326;4498,326;4502,324;4507,324;4511,322;4515,314;4520,328;4524,326;4528,326;4533,324;4537,332;4541,316;4546,330;4550,328;4554,328;4559,322;4563,318;4567,330;4572,302;4576,314;4581,314;4585,318;4589,318;4594,330;4598,314;4602,328;4607,312;4611,318;4615,318;4620,302;4624,314;4628,314;4633,314;4637,318;4641,318;4646,302;4650,316;4655,314;4659,306;4663,306;4668,304;4672,302;4676,316;4681,314;4685,320;4689,320;4694,318;4698,318;4702,316;4707,294;4711,306;4715,306;4720,318;4724,304;4729,330;4733,308;4737,322;4742,320;4746,318;4750,318;4755,318;4759,322;4763,308;4768,320;4772,306;4776,318;4781,316;4785,322;4789,320;4794,320;4798,306;4803,332;4807,310;4811,322;4816,320;4820,320;4824,320;4829,318;4833,324;4837,310;4842,322;4846,308;4850,336;4855,320;4859,312;4863,324;4868,308;4872,322;4877,320;4881,326;4885,312;4890,324;4894,322;4898,322;4903,320;4907,312;4911,326;4916,310;4920,322;4924,308;4929,320;4933,326;4938,326;4942,324;4946,322;4951,308;4955,314;4959,326;4964,298;4968,310;4972,310;4977,308;4981,314;4985,328;4990,312;4994,326;4998,310;5003,302;5007,314;5012,314;5016,326;5020,312;5025,312;5029,316;5033,316;5038,314;5042,328;5046,312;5051,326;5055,318;5059,302;5064,314;5068,314;5073,312;5077,318;5081,318;5086,316;5090,314;5094,314;5099,328;5103,318;5107,318;5112,318;5116,302;5120,316;5125,314;5129,320;5133,306;5138,318;5142,316;5147,330;5151,322;5155,306;5160,320;5164,318;5168,332;5173,316;5177,322;5181,306;5186,334;5190,318;5194,332;5199,316;5203,308;5207,320;5212,306;5216,318;5221,318;5225,322;5229,320;5234,320;5238,318;5242,332;5247,316;5251,320;5255,320;5260,318;5264,316;5268,316;5273,314;5277,320;5281,318;5286,318;5290,330;5295,314;5299,320;5303,306;5308,318;5312,316;5316,316;5321,316;5325,320;5329,334;5334,318;5338,318;5342,316;5347,300;5351,320;5355,304;5360,316;5364,302;5369,328;5373,306;5377,318;5382,304;5386,316;5390,314;5395,328;5399,320;5403,304;5408,318;5412,304;5416,316;5421,314;5425,320;5429,320;5434,318;5438,304;5443,316;5447,322;5451,306;5456,306;5460,304;5464,304;5469,316;5473,308;5477,306;5482,318;5486,318;5490,318;5495,316;5499,308;5503,306;5508,306;5512,318;5517,318;5521,324;5525,308;5530,322;5534,320;5538,320;5543,318;5547,308;5551,322;5556,306;5560,320;5564,304;5569,318;5573,324;5578,308;5582,306;5586,320;5591,306;5595,310;5599,324;5604,310;5608,322;5612,308;5617,320;5621,312;5625,326;5630,310;5634,324;5638,310;5643,316;5647,314;5652,314;5656,326;5660,312;5665,312;5669,316;5673,316;5678,314;5682,328;5686,314;5691,326;5695,318;5699,318;5704,316;5708,316;5712,314;5717,314;5721,334;5726,318;5730,332;5734,302;5739,316;5743,322;5747,320;5752,320;5756,320;5760,318;5765,302;5769,322;5773,308;5778,334;5782,306;5787,318;5791,304;5795,308;5800,322;5804,306;5808,320;5813,318;5817,324;5821,308;5826,322;5830,320;5834,318;5839,304;5843,310;5847,322;5852,306;5856,318;5861,318;5865,316;5869,322;5874,292;5878,306;5882,318;5887,318;5891,308;5895,322;5900,320;5904,306;5908,304;5913,304;5917,320;5921,320;5926,318;5930,318;5935,316;5939,308;5943,320;5948,304;5952,318;5956,316;5961,330;5965,306;5969,320;5974,306;5978,332;5982,316;5987,330;5991,320;5995,320;6000,320;6004,304;6009,316;6013,308;6017,320;6022,306;6026,332;6030,318;6035,332;6039,308;6043,322;6048,320;6052,304;6056,318;6061,316;6065,322;6069,308;6074,322;6078,320;6083,318;6087,324;6091,310;6096,308;6100,308;6104,320;6109,320;6113,312;6117,310;6122,322;6126,322;6130,306;6135,318;6139,310;6143,310;6148,308;6152,322;6157,306;6161,326;6165,310;6170,322;6174,308;6178,322;6183,308;6187,298;6191,298;6196,296;6200,296;6204,294;6209,300;6213,284;6218,298;6222,284;6226,296;6231,296;6235,286;6239,272;6244,286;6248,284;6252,284;6257,284;6261,290;6265,302;6270,302;6274,286;6278,284;6283,276;6287,274;6292,274;6296,272;6300,286;6305,250;6309,276;6313,288;6318,288;6322,288;6326,286;6331,278;6335,292;6339,290;6344,290;6348,274;6352,288;6357,292;6361,292;6366,290;6370,304;6374,288;6379,302;6383,292;6387,276;6392,290;6396,276;6400,274;6405,286;6409,292;6413,292;6418,304;6422,288;6427,288;6431,278;6435,278;6440,276;6444,276;6448,276;6453,288;6457,294;6461,280;6466,292;6470,278;6474,276;6479,268;6483,282;6487,280;6492,280;6496,264;6501,278;6505,284;6509,282;6514,280;6518,280;6522,292;6527,292;6531,270;6535,282;6540,280;6544,280;6548,278;6553,284;6557,282;6561,282;6566,280;6570,252;6575,280;6579,284;6583,284;6588,282;6592,296;6596,282;\r\nBuffer sent in 0.972 secondsreturn;buffer;964\r\n'), 11:26:14
bytearray(b'received from UR: measure -> measure (0,1)\r\nSTEPPER: Moving to mstep: 6600 with speed [msteps/sec]: 1000 in StealthChop.\r\n'), 11:26:15
bytearray(b'STEPPER: Moving to mstep: 2400 with speed [msteps/sec]: 4000 in SpreadCycle.\r\n'), 11:26:20
bytearray(b'STEPPER: Moved 4200.00 msteps (ramp: 35%) in 1324.892 ms -> average speed [msteps/sec]: 3170.07\r\nreturn;measure;965\r\n'), 11:26:21
bytearray(b'received from UR: buffer -> buffer (0,1)\r\nSending buffer of size 965data;2400,302;2404,458;2408,170;2413,282;2417,310;2421,330;2426,344;2430,314;2434,342;2439,312;2443,332;2447,332;2452,330;2456,316;2460,314;2465,314;2469,320;2474,332;2478,330;2482,332;2487,330;2491,308;2495,320;2500,320;2504,332;2508,316;2513,318;2517,322;2521,336;2526,320;2530,334;2534,332;2539,332;2543,324;2548,308;2552,322;2556,320;2561,332;2565,324;2569,336;2574,322;2578,334;2582,320;2587,334;2591,324;2595,310;2600,322;2604,304;2608,320;2613,320;2617,338;2622,324;2626,336;2630,322;2635,334;2639,326;2643,326;2648,324;2652,310;2656,322;2661,324;2665,328;2669,312;2674,326;2678,322;2682,324;2687,322;2691,328;2696,328;2700,312;2704,326;2709,324;2713,330;2717,316;2722,342;2726,326;2730,328;2735,326;2739,316;2743,330;2748,314;2752,328;2756,312;2761,326;2765,330;2770,330;2774,328;2778,342;2783,326;2787,316;2791,330;2796,314;2800,326;2804,312;2809,338;2813,316;2817,330;2822,314;2826,328;2831,324;2835,318;2839,316;2844,314;2848,328;2852,326;2857,326;2861,318;2865,330;2870,330;2874,330;2878,328;2883,326;2887,318;2891,316;2896,330;2900,330;2905,328;2909,320;2913,332;2918,318;2922,330;2926,330;2931,328;2935,334;2939,306;2944,318;2948,318;2952,330;2957,316;2961,336;2965,320;2970,334;2974,318;2979,332;2983,324;2987,308;2992,322;2996,322;3000,334;3005,318;3009,338;3013,324;3018,338;3022,322;3026,336;3031,320;3035,326;3039,326;3044,310;3048,324;3053,308;3057,322;3061,328;3066,328;3070,312;3074,340;3079,324;3083,316;3087,330;3092,314;3096,328;3100,326;3105,326;3109,318;3113,330;3118,328;3122,328;3127,328;3131,318;3135,332;3140,302;3144,316;3148,314;3153,328;3157,332;3161,346;3166,318;3170,330;3174,316;3179,328;3183,320;3187,320;3192,332;3196,316;3201,330;3205,320;3209,334;3214,320;3218,332;3222,318;3227,330;3231,322;3235,322;3240,334;3244,318;3248,318;3253,318;3257,336;3261,322;3266,334;3270,320;3275,332;3279,324;3283,310;3288,322;3292,320;3296,322;3301,320;3305,326;3309,324;3314,338;3318,322;3322,334;3327,334;3331,324;3335,324;3340,308;3344,322;3349,320;3353,326;3357,324;3362,324;3366,322;3370,324;3375,318;3379,326;3383,340;3388,310;3392,336;3396,308;3401,320;3405,326;3410,340;3414,310;3418,336;3423,322;3427,326;3431,326;3436,324;3440,324;3444,308;3449,320;3453,326;3457,340;3462,324;3466,338;3470,322;3475,322;3479,326;3484,326;3488,324;3492,310;3497,322;3501,328;3505,326;3510,312;3514,338;3518,324;3523,336;3527,342;3531,312;3536,326;3540,310;3544,322;3549,308;3553,342;3558,326;3562,340;3566,324;3571,338;3575,330;3579,314;3584,326;3588,326;3592,338;3597,324;3601,330;3605,314;3610,328;3614,326;3619,340;3623,324;3627,316;3632,330;3636,314;3640,328;3645,312;3649,332;3653,316;3658,330;3662,328;3666,328;3671,326;3675,318;3679,330;3684,330;3688,328;3693,328;3697,326;3701,318;3706,330;3710,330;3714,328;3719,314;3723,318;3727,332;3732,332;3736,330;3740,316;3745,328;3749,320;3753,332;3758,318;3762,330;3767,328;3771,320;3775,320;3780,304;3784,318;3788,316;3793,330;3797,322;3801,336;3806,320;3810,332;3814,318;3819,332;3823,324;3827,322;3832,322;3836,320;3841,320;3845,318;3849,326;3854,324;3858,336;3862,322;3867,336;3871,326;3875,326;3880,340;3884,324;3888,324;3893,308;3897,328;3901,328;3906,328;3910,326;3915,326;3919,324;3923,330;3928,342;3932,314;3936,326;3941,312;3945,332;3949,316;3954,344;3958,328;3962,342;3967,326;3971,306;3975,318;3980,318;3984,330;3989,316;3993,328;3997,320;4002,334;4006,320;4010,346;4015,332;4019,322;4023,322;4028,306;4032,320;4036,332;4041,330;4045,322;4050,334;4054,320;4058,332;4063,316;4067,322;4071,334;4076,320;4080,318;4084,316;4089,316;4093,322;4097,334;4102,320;4106,332;4110,316;4115,330;4119,336;4124,320;4128,332;4132,318;4137,330;4141,322;4145,336;4150,320;4154,332;4158,318;4163,332;4167,336;4171,320;4176,320;4180,306;4184,318;4189,318;4193,336;4198,322;4202,334;4206,318;4211,332;4215,336;4219,322;4224,336;4228,320;4232,318;4237,318;4241,324;4245,322;4250,336;4254,320;4258,332;4263,318;4267,324;4272,336;4276,320;4280,332;4285,318;4289,338;4293,322;4298,334;4302,320;4306,334;4311,318;4315,324;4319,336;4324,320;4328,320;4332,304;4337,318;4341,322;4346,334;4350,320;4354,332;4359,318;4363,308;4367,322;4372,320;4376,334;4380,318;4385,330;4389,322;4393,334;4398,320;4402,332;4406,318;4411,310;4415,336;4420,306;4424,320;4428,332;4433,330;4437,320;4441,334;4446,318;4450,332;4454,330;4459,344;4463,322;4467,320;4472,318;4476,318;4481,318;4485,330;4489,336;4494,318;4498,334;4502,318;4507,332;4511,336;4515,322;4520,320;4524,306;4528,318;4533,318;4537,338;4541,322;4546,334;4550,320;4555,332;4559,324;4563,322;4568,322;4572,320;4576,320;4581,304;4585,324;4589,308;4594,322;4598,306;4602,320;4607,318;4611,298;4615,324;4620,308;4624,322;4629,320;4633,326;4637,310;4642,324;4646,308;4650,322;4655,306;4659,298;4663,310;4668,310;4672,308;4676,294;4681,306;4685,312;4690,312;4694,310;4698,308;4703,308;4707,314;4711,326;4716,310;4720,310;4724,308;4729,322;4733,312;4737,314;4742,312;4746,324;4750,308;4755,322;4759,328;4764,314;4768,326;4772,298;4777,310;4781,316;4785,330;4790,314;4794,312;4798,312;4803,326;4807,316;4811,314;4816,328;4820,312;4824,326;4829,310;4833,330;4838,316;4842,328;4846,312;4851,326;4855,318;4859,302;4864,316;4868,314;4872,314;4877,298;4881,332;4885,316;4890,330;4894,314;4898,328;4903,326;4907,304;4912,316;4916,316;4920,328;4925,314;4929,320;4933,318;4938,318;4942,316;4946,316;4951,314;4955,306;4959,318;4964,318;4968,318;4972,316;4977,316;4981,308;4986,322;4990,320;4994,334;4999,318;5003,310;5007,308;5012,294;5016,306;5020,306;5025,318;5029,310;5033,324;5038,308;5042,322;5046,306;5051,312;5055,312;5060,310;5064,324;5068,308;5073,308;5077,314;5081,314;5086,314;5090,312;5094,310;5099,310;5103,316;5107,316;5112,316;5116,314;5121,314;5125,306;5129,318;5134,318;5138,318;5142,316;5147,316;5151,308;5155,306;5160,320;5164,318;5168,332;5173,318;5177,324;5181,308;5186,322;5190,308;5195,334;5199,326;5203,298;5208,310;5212,310;5216,324;5221,308;5225,328;5229,312;5234,326;5238,312;5242,340;5247,324;5251,300;5255,314;5260,314;5264,314;5269,326;5273,320;5277,318;5282,318;5286,316;5290,330;5295,314;5299,320;5303,320;5308,318;5312,318;5316,304;5321,316;5325,322;5330,322;5334,306;5338,320;5343,320;5347,298;5351,326;5356,310;5360,324;5364,310;5369,308;5373,314;5377,328;5382,312;5386,326;5390,312;5395,324;5399,316;5404,302;5408,316;5412,302;5417,314;5421,320;5425,320;5430,304;5434,318;5438,304;5443,316;5447,322;5451,308;5456,322;5460,306;5464,306;5469,318;5473,310;5478,310;5482,308;5486,308;5491,322;5495,314;5499,312;5504,310;5508,310;5512,308;5517,308;5521,300;5525,312;5530,312;5534,312;5538,324;5543,310;5547,316;5552,328;5556,314;5560,326;5565,298;5569,320;5573,316;5578,330;5582,316;5586,316;5591,314;5595,306;5599,320;5604,318;5608,332;5612,316;5617,330;5621,308;5626,322;5630,320;5634,320;5639,318;5643,312;5647,324;5652,310;5656,322;5660,308;5665,308;5669,314;5673,328;5678,312;5682,326;5686,324;5691,302;5695,316;5700,316;5704,328;5708,314;5713,312;5717,318;5721,332;5726,316;5730,316;5734,316;5739,328;5743,306;5747,306;5752,320;5756,304;5761,318;5765,310;5769,322;5774,306;5778,320;5782,306;5787,320;5791,324;5795,310;5800,310;5804,294;5808,308;5813,306;5817,328;5821,312;5826,324;5830,310;5835,310;5839,316;5843,316;5848,314;5852,314;5856,312;5861,298;5865,318;5869,316;5874,316;5878,314;5882,314;5887,314;5891,304;5895,304;5900,316;5904,316;5909,316;5913,320;5917,320;5922,318;5926,316;5930,316;5935,316;5939,292;5943,306;5948,304;5952,318;5956,316;5961,316;5965,308;5969,320;5974,306;5978,320;5983,304;5987,310;5991,322;5996,308;6000,320;6004,306;6009,318;6013,310;6017,324;6022,308;6026,320;6030,320;6035,298;6039,312;6043,310;6048,308;6052,308;6057,306;6061,312;6065,326;6070,310;6074,324;6078,308;6083,322;6087,314;6091,312;6096,312;6100,312;6104,310;6109,308;6113,330;6118,314;6122,314;6126,312;6131,326;6135,318;6139,316;6144,330;6148,314;6152,314;6157,298;6161,318;6165,318;6170,316;6174,302;6178,314;6183,306;6187,306;6192,304;6196,290;6200,288;6205,288;6209,308;6213,292;6218,292;6222,290;6226,290;6231,282;6235,282;6239,280;6244,280;6248,292;6253,278;6257,298;6261,298;6266,282;6270,282;6274,282;6279,294;6283,274;6287,272;6292,270;6296,272;6300,284;6305,276;6309,288;6313,302;6318,288;6322,286;6327,298;6331,276;6335,276;6340,274;6344,274;6348,274;6353,286;6357,292;6361,306;6366,290;6370,290;6374,288;6379,280;6383,280;6387,278;6392,278;6396,276;6401,276;6405,296;6409,296;6414,294;6418,292;6422,292;6427,306;6431,268;6435,268;6440,280;6444,280;6448,278;6453,282;6457,298;6461,282;6466,294;6470,280;6475,266;6479,300;6483,284;6488,284;6492,282;6496,282;6501,294;6505,258;6509,286;6514,300;6518,298;6522,298;6527,288;6531,274;6535,288;6540,272;6544,286;6549,272;6553,292;6557,290;6562,290;6566,288;6570,288;6575,288;6579,280;6583,278;6588,264;6592,278;6596,276;\r\nBuffer sent in 0.973 secondsreturn;buffer;965\r\n'), 11:26:23
bytearray(b'received from UR: measure -> measure (0,1)\r\nSTEPPER: Moving to mstep: 6600 with speed [msteps/sec]: 1000 in StealthChop.\r\n'), 11:26:24
bytearray(b'STEPPER: Moving to mstep: 2400 with speed [msteps/sec]: 4000 in SpreadCycle.\r\n'), 11:26:28
bytearray(b'STEPPER: Moved 4200.00 msteps (ramp: 35%) in 1324.888 ms -> average speed [msteps/sec]: 3170.08\r\nreturn;measure;965\r\n'), 11:26:29
bytearray(b'received from UR: buffer -> buffer (0,1)\r\nSending buffer of size 965data;2400,302;2404,458;2408,170;2413,284;2417,312;2421,318;2426,334;2430,318;2434,346;2439,330;2443,322;2447,322;2452,308;2456,334;2460,320;2465,334;2469,324;2474,324;2478,324;2482,338;2487,322;2491,314;2495,328;2500,312;2504,326;2508,324;2513,338;2517,316;2521,330;2526,316;2530,328;2535,328;2539,328;2543,320;2548,318;2552,332;2556,314;2561,330;2565,322;2569,336;2574,320;2578,334;2582,318;2587,332;2591,324;2595,308;2600,322;2604,308;2609,334;2613,320;2617,340;2622,324;2626,338;2630,322;2635,336;2639,342;2643,328;2648,326;2652,312;2656,324;2661,322;2665,330;2669,314;2674,328;2678,326;2683,326;2687,326;2691,332;2696,330;2700,316;2704,328;2709,314;2713,334;2717,332;2722,332;2726,316;2730,330;2735,328;2739,306;2743,320;2748,306;2752,332;2757,318;2761,344;2765,322;2770,322;2774,320;2778,334;2783,318;2787,324;2791,324;2796,310;2800,336;2804,322;2809,334;2813,314;2817,326;2822,326;2826,340;2831,324;2835,338;2839,330;2844,314;2848,328;2852,314;2857,328;2861,318;2865,332;2870,318;2874,330;2878,330;2883,330;2887,322;2891,320;2896,334;2900,320;2905,334;2909,324;2913,324;2918,322;2922,336;2926,322;2931,336;2935,326;2939,312;2944,326;2948,312;2952,338;2957,324;2961,330;2965,314;2970,328;2974,326;2979,340;2983,332;2987,318;2992,330;2996,316;3000,330;3005,314;3009,334;3013,318;3018,332;3022,318;3026,332;3031,316;3035,322;3040,334;3044,320;3048,334;3053,318;3057,326;3061,324;3066,338;3070,322;3074,336;3079,322;3083,312;3087,326;3092,326;3096,326;3100,324;3105,322;3109,316;3114,328;3118,328;3122,328;3127,326;3131,304;3135,330;3140,316;3144,330;3148,316;3153,342;3157,320;3161,332;3166,318;3170,332;3174,316;3179,308;3183,336;3188,320;3192,334;3196,318;3201,318;3205,324;3209,336;3214,320;3218,336;3222,320;3227,334;3231,326;3235,324;3240,338;3244,324;3248,322;3253,322;3257,342;3262,328;3266,328;3270,314;3275,326;3279,332;3283,318;3288,332;3292,330;3296,330;3301,316;3305,334;3309,320;3314,334;3318,318;3322,332;3327,330;3331,310;3336,324;3340,310;3344,322;3349,308;3353,342;3357,328;3362,342;3366,326;3370,340;3375,324;3379,316;3383,344;3388,330;3392,328;3396,314;3401,328;3405,318;3410,332;3414,318;3418,330;3423,316;3427,322;3431,334;3436,318;3440,332;3444,318;3449,330;3453,322;3457,334;3462,320;3466,320;3470,318;3475,332;3479,338;3484,324;3488,322;3492,320;3497,334;3501,326;3505,338;3510,324;3514,324;3518,322;3523,336;3527,328;3531,312;3536,324;3540,310;3544,324;3549,322;3553,342;3558,326;3562,328;3566,326;3571,338;3575,330;3579,316;3584,330;3588,314;3592,328;3597,300;3601,332;3605,318;3610,346;3614,330;3619,344;3623,320;3627,306;3632,320;3636,318;3640,332;3645,318;3649,338;3653,322;3658,336;3662,320;3666,334;3671,318;3675,324;3679,324;3684,308;3688,322;3693,322;3697,326;3701,326;3706,324;3710,324;3714,336;3719,336;3723,312;3727,326;3732,312;3736,324;3740,310;3745,324;3749,328;3754,328;3758,328;3762,326;3767,326;3771,318;3775,330;3780,302;3784,328;3788,314;3793,328;3797,332;3801,346;3806,318;3810,332;3814,318;3819,344;3823,336;3828,320;3832,320;3836,304;3841,318;3845,324;3849,338;3854,322;3858,336;3862,322;3867,334;3871,326;3875,326;3880,338;3884,324;3888,324;3893,322;3897,328;3902,328;3906,326;3910,326;3915,326;3919,330;3923,316;3928,330;3932,314;3936,328;3941,314;3945,334;3949,318;3954,332;3958,330;3962,330;3967,316;3971,320;3976,334;3980,320;3984,332;3989,318;3993,332;3997,322;4002,336;4006,322;4010,322;4015,322;4019,312;4023,340;4028,326;4032,324;4036,310;4041,322;4045,314;4050,330;4054,314;4058,328;4063,326;4067,318;4071,332;4076,330;4080,328;4084,314;4089,328;4093,318;4097,332;4102,316;4106,330;4110,316;4115,330;4119,334;4124,320;4128,320;4132,304;4137,332;4141,324;4145,336;4150,322;4154,320;4158,320;4163,334;4167,340;4171,324;4176,324;4180,310;4184,336;4189,320;4193,342;4198,326;4202,326;4206,324;4211,338;4215,328;4219,328;4224,326;4228,312;4232,326;4237,324;4241,330;4245,316;4250,328;4254,314;4259,328;4263,326;4267,334;4272,318;4276,316;4280,330;4285,314;4289,334;4293,332;4298,332;4302,318;4306,330;4311,316;4315,322;4319,320;4324,318;4328,332;4333,318;4337,330;4341,322;4346,336;4350,320;4354,334;4359,318;4363,324;4367,324;4372,322;4376,336;4380,320;4385,334;4389,324;4393,338;4398,322;4402,336;4407,320;4411,326;4415,340;4420,310;4424,324;4428,322;4433,336;4437,312;4441,340;4446,326;4450,338;4454,324;4459,338;4463,328;4467,314;4472,328;4476,326;4481,326;4485,316;4489,330;4494,330;4498,328;4502,314;4507,328;4511,332;4515,318;4520,332;4524,318;4528,330;4533,316;4537,336;4541,320;4546,334;4550,332;4555,332;4559,324;4563,322;4568,322;4572,306;4576,306;4581,304;4585,324;4589,308;4594,322;4598,306;4602,320;4607,306;4611,310;4615,324;4620,324;4624,308;4629,308;4633,326;4637,312;4642,312;4646,310;4650,310;4655,308;4659,314;4663,326;4668,312;4672,310;4676,310;4681,322;4685,314;4690,314;4694,312;4698,312;4703,312;4707,304;4711,316;4716,302;4720,328;4724,300;4729,312;4733,318;4737,332;4742,316;4746,330;4750,316;4755,306;4759,320;4764,306;4768,318;4772,318;4777,330;4781,308;4785,322;4790,320;4794,334;4798,318;4803,332;4807,324;4811,308;4816,322;4820,306;4825,320;4829,312;4833,326;4838,310;4842,338;4846,322;4851,336;4855,314;4859,312;4864,312;4868,310;4872,324;4877,308;4881,328;4885,312;4890,326;4894,312;4899,324;4903,316;4907,314;4912,328;4916,314;4920,326;4925,312;4929,318;4933,318;4938,318;4942,316;4946,330;4951,316;4955,306;4959,308;4964,306;4968,306;4973,304;4977,318;4981,310;4986,324;4990,310;4994,322;4999,308;5003,314;5007,326;5012,312;5016,312;5020,310;5025,324;5029,302;5033,316;5038,314;5042,328;5047,312;5051,304;5055,318;5060,304;5064,316;5068,302;5073,330;5077,306;5081,306;5086,306;5090,320;5094,306;5099,318;5103,310;5107,308;5112,322;5116,308;5121,320;5125,312;5129,326;5134,310;5138,324;5142,310;5147,324;5151,328;5155,300;5160,312;5164,298;5168,324;5173,310;5177,330;5181,314;5186,314;5190,312;5195,326;5199,312;5203,304;5208,316;5212,316;5216,328;5221,314;5225,334;5229,320;5234,332;5238,318;5242,332;5247,316;5251,322;5255,308;5260,306;5264,320;5269,304;5273,324;5277,324;5282,324;5286,322;5290,322;5295,320;5299,312;5303,326;5308,324;5312,310;5316,310;5321,322;5325,316;5330,328;5334,314;5338,326;5343,312;5347,304;5351,318;5356,316;5360,316;5364,302;5369,314;5373,320;5377,320;5382,304;5386,318;5390,316;5395,308;5399,322;5404,306;5408,320;5412,306;5417,318;5421,308;5425,324;5430,324;5434,308;5438,308;5443,322;5447,312;5451,312;5456,312;5460,312;5465,324;5469,302;5473,316;5478,314;5482,314;5486,312;5491,326;5495,318;5499,318;5504,304;5508,302;5512,316;5517,300;5521,320;5525,318;5530,320;5534,318;5539,318;5543,316;5547,308;5552,320;5556,306;5560,320;5565,304;5569,324;5573,322;5578,322;5582,308;5586,334;5591,320;5595,312;5599,324;5604,296;5608,308;5613,308;5617,308;5621,314;5626,326;5630,312;5634,324;5639,310;5643,316;5647,314;5652,314;5656,328;5660,312;5665,312;5669,318;5673,318;5678,316;5682,316;5687,314;5691,306;5695,320;5700,318;5704,318;5708,316;5713,316;5717,308;5721,322;5726,320;5730,320;5734,320;5739,320;5743,324;5747,310;5752,322;5756,308;5761,308;5765,314;5769,326;5774,310;5778,312;5782,310;5787,324;5791,316;5795,314;5800,328;5804,314;5808,314;5813,312;5817,318;5821,316;5826,330;5830,316;5835,328;5839,320;5843,306;5848,320;5852,318;5856,318;5861,304;5865,322;5869,308;5874,306;5878,306;5882,306;5887,306;5891,310;5896,324;5900,324;5904,308;5909,308;5913,314;5917,314;5922,326;5926,312;5930,324;5935,310;5939,316;5943,316;5948,302;5952,328;5956,314;5961,326;5965,318;5970,320;5974,316;5978,330;5983,316;5987,306;5991,320;5996,292;6000,306;6004,304;6009,318;6013,310;6017,338;6022,324;6026,322;6030,308;6035,298;6039,312;6044,310;6048,310;6052,310;6057,308;6061,314;6065,328;6070,312;6074,312;6078,310;6083,310;6087,316;6091,316;6096,328;6100,328;6105,312;6109,312;6113,318;6118,316;6122,316;6126,316;6131,314;6135,320;6139,306;6144,332;6148,318;6152,316;6157,302;6161,322;6165,306;6170,320;6174,320;6179,318;6183,310;6187,294;6192,306;6196,278;6200,292;6205,278;6209,312;6213,296;6218,296;6222,294;6226,294;6231,272;6235,272;6239,270;6244,270;6248,270;6253,282;6257,288;6261,288;6266,272;6270,286;6274,300;6279,298;6283,276;6287,276;6292,274;6296,288;6300,288;6305,280;6309,292;6313,292;6318,290;6322,276;6327,288;6331,280;6335,280;6340,278;6344,292;6348,276;6353,276;6357,296;6361,294;6366,294;6370,292;6374,278;6379,282;6383,282;6387,266;6392,280;6396,278;6401,278;6405,282;6409,284;6414,282;6418,280;6422,282;6427,294;6431,286;6435,272;6440,284;6444,284;6448,284;6453,290;6457,290;6462,288;6466,286;6470,286;6475,298;6479,290;6483,290;6488,274;6492,288;6496,272;6501,272;6505,292;6509,292;6514,290;6518,290;6522,288;6527,294;6531,280;6536,292;6540,292;6544,290;6549,290;6553,282;6557,294;6562,294;6566,292;6570,292;6575,284;6579,270;6583,268;6588,268;6592,280;6596,280;\r\nBuffer sent in 0.973 secondsreturn;buffer;965\r\n'), 11:26:31
bytearray(b'received from UR: home -> home (0,1)\r\nSTEPPER: Moving to mstep: 0 with speed [msteps/sec]: 4000 in SpreadCycle.\r\n'), 11:26:32
bytearray(b'STEPPER: Moved 2400.00 msteps (ramp: 35%) in 813.424 ms -> average speed [msteps/sec]: 2950.49\r\nreturn;home;1\r\n'), 11:26:33
