bytearray(b'STEPPER: Moving to mstep: 2400 with speed [msteps/sec]: 4000 in SpreadCycle.\r\n'), 10:43:58
bytearray(b'STEPPER: Moved 2400.00 msteps (ramp: 35%) in 812.828 ms -> average speed [msteps/sec]: 2952.65\r\n'), 10:43:58
bytearray(b'received from UR: status -> status (0,1)\r\n*** STATUS ***\r\nid        :         3 -\r\nstep      :      2400 steps\r\nspeed     :      1500 msteps/s\r\nmspeed    :      1000 msteps/s\r\nsg-thrs   :        80 -\r\ndefault   :     12000 \xc2\xb5m\r\ndispense  :     30350 \xc2\xb5m\r\nblowout   :     33000 \xc2\xb5m\r\nd-offset  :        20 \xc2\xb5m\r\nur0       :         0 -\r\nur1       :         1 -\r\nhomed     :         1 -\r\nreturn;status;2400\r\n'), 10:44:00
bytearray(b'received from UR: measure -> measure (0,1)\r\nSTEPPER: Moving to mstep: 6600 with speed [msteps/sec]: 1000 in StealthChop.\r\n'), 10:44:01
bytearray(b'STEPPER: Moving to mstep: 2400 with speed [msteps/sec]: 4000 in SpreadCycle.\r\n'), 10:44:06
bytearray(b'STEPPER: Moved 4200.00 msteps (ramp: 35%) in 1324.880 ms -> average speed [msteps/sec]: 3170.10\r\nreturn;measure;965\r\n'), 10:44:07
bytearray(b'received from UR: buffer -> buffer (0,1)\r\nSending buffer of size 965data;2400,126;2404,446;2408,230;2413,300;2417,328;2421,320;2426,334;2430,318;2434,330;2439,330;2443,322;2447,322;2452,308;2456,320;2460,318;2465,320;2469,326;2474,338;2478,324;2482,338;2487,324;2491,314;2495,328;2500,314;2504,328;2508,314;2513,326;2517,320;2521,332;2526,332;2530,332;2534,318;2539,332;2543,338;2548,324;2552,336;2556,322;2561,336;2565,326;2569,328;2574,326;2578,326;2582,324;2587,338;2591,330;2595,316;2600,330;2604,314;2608,328;2613,328;2617,334;2622,332;2626,334;2630,318;2635,332;2639,324;2643,322;2648,322;2652,308;2656,320;2661,320;2665,326;2669,312;2674,324;2678,322;2682,322;2687,322;2691,326;2696,326;2700,312;2704,324;2709,324;2713,330;2717,330;2722,328;2726,328;2730,328;2735,326;2739,318;2743,332;2748,316;2752,330;2757,316;2761,328;2765,320;2770,334;2774,318;2778,332;2783,316;2787,322;2791,336;2796,320;2800,320;2804,318;2809,332;2813,324;2817,338;2822,322;2826,336;2831,320;2835,348;2839,326;2844,324;2848,324;2852,324;2857,324;2861,328;2865,328;2870,328;2874,328;2878,326;2883,326;2887,330;2891,316;2896,330;2900,330;2905,328;2909,320;2913,334;2918,332;2922,332;2926,318;2931,332;2935,338;2939,322;2944,336;2948,320;2952,320;2957,306;2961,326;2965,324;2970,338;2974,322;2979,336;2983,322;2987,316;2992,328;2996,312;3000,326;3005,312;3009,346;3013,316;3018,330;3022,316;3026,328;3031,326;3035,320;3039,318;3044,316;3048,318;3053,316;3057,316;3061,322;3066,336;3070,320;3074,320;3079,318;3083,326;3087,324;3092,324;3096,324;3100,308;3105,322;3109,328;3113,326;3118,312;3122,326;3127,324;3131,316;3135,330;3140,314;3144,326;3148,312;3153,324;3157,330;3161,330;3166,314;3170,328;3174,326;3179,340;3183,334;3187,318;3192,330;3196,316;3201,330;3205,322;3209,336;3214,320;3218,334;3222,318;3227,334;3231,324;3235,324;3240,322;3244,322;3248,322;3253,320;3257,342;3262,326;3266,340;3270,324;3275,338;3279,316;3283,316;3288,316;3292,314;3296,328;3301,314;3305,334;3309,318;3314,332;3318,332;3322,330;3327,316;3331,322;3336,322;3340,306;3344,320;3349,320;3353,324;3357,324;3362,336;3366,322;3370,336;3375,320;3379,312;3383,326;3388,310;3392,324;3397,322;3401,336;3405,314;3410,342;3414,326;3418,340;3423,324;3427,316;3431,330;3436,328;3440,328;3444,314;3449,326;3453,318;3457,332;3462,316;3466,330;3471,314;3475,328;3479,332;3484,318;3488,332;3492,316;3497,330;3501,322;3505,322;3510,320;3514,334;3518,318;3523,332;3527,324;3531,308;3536,322;3540,308;3545,334;3549,320;3553,326;3558,324;3562,338;3566,324;3571,336;3575,328;3579,312;3584,326;3588,310;3592,324;3597,324;3601,344;3605,328;3610,342;3614,326;3619,340;3623,324;3627,316;3632,330;3636,314;3640,326;3645,326;3649,332;3653,316;3658,330;3662,316;3666,328;3671,328;3675,320;3679,332;3684,318;3688,330;3693,330;3697,330;3701,322;3706,334;3710,320;3714,332;3719,318;3723,310;3727,336;3732,322;3736,336;3740,320;3745,334;3749,324;3753,338;3758,324;3762,336;3767,322;3771,314;3775,326;3780,312;3784,324;3788,308;3793,322;3797,328;3801,340;3806,326;3810,340;3814,324;3819,338;3823,328;3827,328;3832,326;3836,312;3841,324;3845,316;3849,344;3854,328;3858,328;3862,326;3867,328;3871,318;3875,318;3880,316;3884,316;3888,314;3893,314;3897,334;3902,332;3906,332;3910,316;3915,330;3919,338;3923,322;3928,336;3932,320;3936,320;3941,320;3945,340;3949,324;3954,326;3958,322;3962,324;3967,322;3971,314;3976,328;3980,312;3984,326;3989,310;3993,338;3997,330;4002,330;4006,316;4010,328;4015,328;4019,320;4023,332;4028,318;4032,318;4036,330;4041,330;4045,320;4050,334;4054,318;4058,332;4063,318;4067,324;4071,336;4076,322;4080,322;4084,334;4089,334;4093,326;4097,324;4102,324;4106,336;4110,322;4115,312;4119,326;4124,308;4128,324;4132,324;4137,336;4141,328;4145,326;4150,326;4154,340;4158,324;4163,338;4167,330;4171,312;4176,328;4180,312;4184,340;4189,324;4193,332;4198,316;4202,330;4206,314;4211,328;4215,334;4219,318;4224,332;4228,316;4232,330;4237,330;4241,336;4245,320;4250,334;4254,318;4258,332;4263,318;4267,324;4272,336;4276,322;4280,320;4285,334;4289,326;4293,312;4298,324;4302,324;4306,336;4311,322;4315,314;4319,326;4324,312;4328,338;4332,310;4337,324;4341,328;4346,342;4350,326;4354,326;4359,326;4363,330;4367,332;4372,316;4376,328;4380,314;4385,328;4389,320;4393,334;4398,318;4402,332;4407,316;4411,322;4415,334;4420,320;4424,320;4428,318;4433,318;4437,324;4441,338;4446,322;4450,336;4454,320;4459,334;4463,326;4467,326;4472,324;4476,324;4481,322;4485,322;4489,328;4494,326;4498,326;4502,324;4507,338;4511,316;4515,316;4520,328;4524,312;4528,326;4533,310;4537,330;4542,316;4546,328;4550,328;4555,328;4559,320;4563,304;4568,316;4572,302;4576,314;4581,314;4585,320;4589,304;4594,318;4598,316;4602,316;4607,314;4611,320;4616,318;4620,304;4624,316;4629,316;4633,322;4637,306;4642,320;4646,306;4650,318;4655,318;4659,310;4663,322;4668,306;4672,320;4676,318;4681,316;4685,308;4690,308;4694,306;4698,320;4703,318;4707,310;4711,322;4716,308;4720,322;4724,322;4729,320;4733,312;4737,324;4742,310;4746,322;4750,322;4755,320;4759,326;4764,310;4768,324;4772,322;4777,336;4781,312;4785,326;4790,310;4794,324;4798,310;4803,322;4807,312;4811,300;4816,312;4820,310;4824,324;4829,322;4833,328;4838,314;4842,326;4846,312;4851,338;4855,316;4859,314;4864,314;4868,312;4872,312;4877,312;4881,332;4885,316;4890,316;4894,312;4898,328;4903,326;4907,318;4912,330;4916,316;4920,316;4925,314;4929,320;4933,318;4938,318;4942,318;4946,330;4951,316;4955,308;4959,320;4964,304;4968,318;4972,304;4977,316;4981,322;4986,322;4990,320;4994,332;4999,318;5003,310;5007,308;5012,308;5016,306;5020,304;5025,304;5029,310;5033,324;5038,322;5042,322;5047,320;5051,312;5055,310;5060,310;5064,310;5068,308;5073,320;5077,312;5081,312;5086,310;5090,324;5094,322;5099,322;5103,312;5107,296;5112,312;5116,298;5121,310;5125,316;5129,330;5134,316;5138,328;5142,312;5147,326;5151,318;5155,316;5160,316;5164,300;5168,314;5173,314;5177,332;5181,318;5186,330;5190,316;5195,328;5199,320;5203,306;5208,332;5212,318;5216,316;5221,302;5225,336;5229,320;5234,334;5238,320;5242,332;5247,318;5251,310;5255,322;5260,320;5264,320;5269,320;5273,326;5277,324;5282,324;5286,310;5290,322;5295,322;5299,314;5303,314;5308,326;5312,326;5316,310;5321,324;5325,330;5329,330;5334,328;5338,328;5343,312;5347,304;5351,318;5356,302;5360,316;5364,302;5369,314;5373,320;5377,320;5382,304;5386,318;5390,304;5395,316;5399,322;5403,306;5408,320;5412,304;5417,318;5421,310;5425,324;5430,308;5434,322;5438,308;5443,322;5447,326;5451,312;5456,326;5460,310;5464,310;5469,322;5473,314;5478,314;5482,312;5486,312;5491,312;5495,316;5499,316;5504,316;5508,300;5512,314;5517,314;5521,318;5525,304;5530,330;5534,316;5538,328;5543,312;5547,318;5552,332;5556,318;5560,316;5565,302;5569,336;5573,320;5578,320;5582,304;5586,320;5591,316;5595,310;5599,322;5604,308;5608,320;5612,320;5617,320;5621,310;5626,324;5630,310;5634,324;5639,310;5643,314;5647,314;5652,312;5656,312;5660,324;5665,322;5669,316;5673,316;5678,314;5682,328;5687,314;5691,318;5695,318;5700,318;5704,316;5708,316;5713,328;5717,306;5721,320;5726,318;5730,332;5734,316;5739,316;5743,322;5747,322;5752,320;5756,306;5761,320;5765,312;5769,324;5774,310;5778,324;5782,308;5787,336;5791,314;5795,312;5800,312;5804,310;5808,312;5813,310;5817,330;5821,314;5826,328;5830,314;5835,326;5839,318;5843,318;5848,302;5852,302;5856,302;5861,300;5865,320;5869,320;5874,320;5878,302;5882,318;5887,318;5891,308;5895,322;5900,308;5904,308;5909,320;5913,312;5917,312;5922,324;5926,310;5930,324;5935,322;5939,314;5943,314;5948,298;5952,312;5956,312;5961,326;5965,316;5969,330;5974,316;5978,328;5983,314;5987,306;5991,334;5996,304;6000,318;6004,318;6009,330;6013,308;6017,322;6022,320;6026,334;6030,318;6035,334;6039,310;6043,310;6048,308;6052,308;6057,320;6061,312;6065,326;6070,310;6074,324;6078,310;6083,322;6087,314;6091,314;6096,312;6100,326;6104,310;6109,310;6113,328;6118,314;6122,314;6126,312;6131,326;6135,318;6139,316;6144,316;6148,300;6152,328;6157,312;6161,318;6165,318;6170,318;6174,302;6178,316;6183,306;6187,292;6192,292;6196,304;6200,290;6205,288;6209,308;6213,294;6218,308;6222,292;6226,290;6231,282;6235,282;6239,280;6244,280;6248,280;6253,264;6257,298;6261,284;6266,284;6270,282;6274,268;6279,266;6283,286;6287,286;6292,272;6296,284;6300,270;6305,270;6309,290;6313,304;6318,288;6322,288;6327,286;6331,266;6335,278;6340,278;6344,292;6348,290;6353,276;6357,296;6361,296;6366,294;6370,294;6374,280;6379,272;6383,286;6387,284;6392,284;6396,282;6401,282;6405,288;6409,288;6414,286;6418,300;6422,284;6427,298;6431,276;6435,276;6440,288;6444,274;6448,286;6453,280;6457,292;6461,278;6466,262;6470,290;6475,290;6479,280;6483,278;6488,278;6492,264;6496,292;6501,290;6505,284;6509,282;6514,268;6518,294;6522,294;6527,286;6531,272;6535,284;6540,270;6544,284;6549,268;6553,288;6557,274;6562,258;6566,286;6570,288;6575,286;6579,292;6583,292;6588,290;6592,290;6596,276;\r\nBuffer sent in 0.973 secondsreturn;buffer;965\r\n'), 10:44:09
bytearray(b'received from UR: measure -> measure (0,1)\r\nSTEPPER: Moving to mstep: 6600 with speed [msteps/sec]: 1000 in StealthChop.\r\n'), 10:44:10
bytearray(b'STEPPER: Moving to mstep: 2400 with speed [msteps/sec]: 4000 in SpreadCycle.\r\n'), 10:44:14
bytearray(b'STEPPER: Moved 4200.00 msteps (ramp: 35%) in 1324.888 ms -> average speed [msteps/sec]: 3170.08\r\nreturn;measure;965\r\n'), 10:44:15
bytearray(b'received from UR: buffer -> buffer (0,1)\r\nSending buffer of size 965data;2400,296;2404,432;2408,230;2413,300;2417,322;2421,320;2426,334;2430,320;2434,334;2439,318;2443,324;2447,324;2452,322;2456,322;2460,320;2465,320;2469,326;2474,340;2478,324;2482,324;2487,322;2491,328;2495,328;2500,326;2504,326;2508,326;2513,324;2517,316;2521,330;2526,328;2530,328;2534,328;2539,328;2543,332;2548,318;2552,332;2556,318;2561,330;2565,322;2569,336;2574,320;2578,334;2582,320;2587,334;2591,324;2595,310;2600,338;2604,322;2609,336;2613,320;2617,342;2622,324;2626,326;2630,324;2635,338;2639,330;2643,316;2648,314;2652,314;2656,314;2661,328;2665,334;2669,332;2674,334;2678,332;2683,330;2687,316;2691,322;2696,322;2700,322;2704,322;2709,320;2713,326;2717,326;2722,326;2726,324;2730,338;2735,322;2739,314;2743,342;2748,326;2752,326;2757,310;2761,324;2765,330;2770,344;2774,328;2778,342;2783,312;2787,318;2791,330;2796,316;2800,330;2804,314;2809,328;2813,334;2817,332;2822,318;2826,332;2831,330;2835,344;2839,322;2844,320;2848,320;2852,306;2857,318;2861,324;2865,338;2870,324;2874,336;2878,322;2883,334;2887,328;2891,326;2896,326;2900,324;2905,322;2909,322;2913,328;2918,328;2922,326;2926,326;2931,338;2935,330;2939,316;2944,328;2948,328;2952,328;2957,312;2961,332;2965,330;2970,332;2974,330;2979,330;2983,314;2987,320;2992,332;2996,318;3000,330;3005,316;3009,336;3013,322;3018,334;3022,320;3026,334;3031,318;3035,324;3039,322;3044,322;3048,322;3053,320;3057,320;3061,326;3066,340;3070,324;3074,324;3079,322;3083,328;3087,328;3092,312;3096,326;3100,324;3105,324;3109,328;3113,330;3118,328;3122,326;3127,326;3131,318;3135,330;3140,316;3144,328;3148,314;3153,340;3157,318;3161,332;3166,318;3170,332;3174,316;3179,344;3183,336;3188,320;3192,320;3196,306;3201,332;3205,324;3209,338;3214,322;3218,336;3222,322;3227,336;3231,328;3235,314;3240,326;3244,312;3248,326;3253,324;3257,346;3262,332;3266,344;3270,330;3275,330;3279,334;3283,334;3288,334;3292,318;3296,320;3301,318;3305,338;3309,322;3314,324;3318,322;3322,336;3327,336;3331,314;3336,314;3340,312;3344,340;3349,326;3353,332;3357,330;3362,330;3366,316;3370,330;3375,314;3379,320;3383,332;3388,304;3392,318;3396,318;3401,332;3405,324;3410,336;3414,322;3418,334;3423,320;3427,326;3431,324;3436,324;3440,322;3444,310;3449,322;3453,314;3457,328;3462,326;3466,340;3470,324;3475,324;3479,330;3484,330;3488,328;3492,314;3497,314;3501,320;3505,334;3510,318;3514,332;3518,318;3523,330;3527,322;3531,308;3536,320;3540,306;3544,334;3549,318;3553,324;3558,324;3562,338;3566,322;3571,336;3575,328;3579,312;3584,326;3588,312;3592,324;3597,324;3601,344;3605,330;3610,342;3614,328;3618,342;3623,318;3627,318;3632,332;3636,316;3640,316;3645,314;3649,336;3653,320;3658,334;3662,318;3666,332;3671,316;3675,322;3679,322;3684,320;3688,320;3693,304;3697,318;3701,324;3706,338;3710,322;3714,336;3719,320;3723,326;3727,326;3732,312;3736,324;3740,310;3745,338;3749,328;3753,330;3758,328;3762,328;3767,326;3771,340;3775,332;3780,318;3784,318;3788,316;3793,330;3797,322;3801,336;3806,322;3810,334;3814,320;3819,334;3823,326;3827,324;3832,324;3836,310;3841,324;3845,330;3849,344;3854,328;3858,342;3862,328;3867,328;3871,334;3875,332;3880,330;3884,316;3888,330;3893,330;3897,336;3902,334;3906,334;3910,318;3915,332;3919,324;3923,324;3928,322;3932,308;3936,320;3941,306;3945,340;3949,324;3954,324;3958,324;3962,336;3967,322;3971,314;3976,326;3980,312;3984,326;3989,324;3993,324;3997,330;4002,342;4006,328;4010,342;4015,326;4019,332;4023,332;4028,316;4032,330;4036,328;4041,328;4045,320;4050,334;4054,320;4058,334;4063,318;4067,324;4071,324;4076,324;4080,322;4084,322;4089,322;4093,326;4097,326;4102,326;4106,326;4110,324;4115,324;4119,330;4124,316;4128,328;4132,314;4137,314;4141,318;4145,332;4150,318;4154,332;4158,330;4163,330;4167,336;4171,322;4176,334;4180,320;4184,318;4189,318;4193,338;4198,322;4202,336;4206,322;4211,336;4215,328;4219,314;4224,326;4228,326;4232,324;4237,310;4241,332;4245,316;4250,332;4254,316;4258,330;4263,316;4267,322;4272,320;4276,320;4280,320;4285,304;4289,326;4293,324;4298,338;4302,324;4306,324;4311,322;4315,328;4319,328;4324,312;4328,326;4333,312;4337,340;4341,318;4346,330;4350,318;4354,330;4359,314;4363,322;4367,334;4372,318;4376,332;4380,304;4385,330;4389,324;4393,338;4398,322;4402,336;4407,320;4411,312;4415,326;4420,324;4424,324;4428,324;4433,322;4437,316;4441,342;4446,328;4450,328;4454,326;4459,340;4463,332;4467,318;4472,330;4476,330;4481,330;4485,322;4489,336;4494,322;4498,334;4502,318;4507,334;4511,326;4515,312;4520,324;4524,310;4528,338;4533,322;4537,330;4541,328;4546,328;4550,328;4555,328;4559,320;4563,318;4568,318;4572,304;4576,316;4581,302;4585,322;4589,306;4594,320;4598,318;4602,320;4607,318;4611,310;4615,324;4620,310;4624,308;4629,308;4633,306;4637,314;4642,328;4646,312;4650,326;4655,312;4659,304;4663,318;4668,316;4672,316;4676,314;4681,314;4685,320;4689,320;4694,318;4698,318;4703,304;4707,310;4711,322;4716,310;4720,308;4724,308;4729,306;4733,312;4737,326;4742,310;4746,312;4750,310;4755,324;4759,330;4763,314;4768,314;4772,300;4777,328;4781,306;4785,320;4790,318;4794,332;4798,316;4803,330;4807,322;4811,318;4816,320;4820,320;4824,318;4829,304;4833,324;4838,310;4842,324;4846,308;4851,322;4855,314;4859,314;4864,312;4868,312;4872,326;4877,324;4881,318;4885,316;4890,330;4894,316;4898,316;4903,316;4907,306;4912,334;4916,318;4920,318;4925,316;4929,322;4933,322;4938,322;4942,320;4946,320;4951,318;4955,310;4959,322;4964,322;4968,322;4973,308;4977,320;4981,312;4986,326;4990,310;4994,324;4999,322;5003,300;5007,312;5012,298;5016,326;5020,312;5025,310;5029,314;5033,328;5038,314;5042,326;5047,312;5051,318;5055,316;5060,316;5064,314;5068,314;5073,298;5077,318;5081,318;5086,316;5090,316;5094,314;5099,328;5103,306;5107,306;5112,318;5116,304;5121,316;5125,322;5129,322;5134,320;5138,320;5142,318;5147,332;5151,322;5155,308;5160,308;5164,306;5168,320;5173,318;5177,326;5181,324;5186,336;5190,322;5195,336;5199,322;5203,312;5208,326;5212,310;5216,324;5221,308;5225,342;5229,328;5234,328;5238,326;5242,340;5247,324;5251,302;5255,314;5260,314;5264,314;5269,312;5273,318;5277,316;5282,316;5286,316;5290,316;5295,312;5299,304;5303,332;5308,330;5312,316;5316,314;5321,326;5325,318;5329,318;5334,316;5338,330;5343,314;5347,306;5351,318;5356,318;5360,316;5364,302;5369,314;5373,320;5377,318;5382,316;5386,330;5390,314;5395,328;5399,320;5404,304;5408,316;5412,304;5417,300;5421,306;5425,320;5430,304;5434,316;5438,316;5443,316;5447,320;5451,306;5456,318;5460,304;5464,302;5469,316;5473,322;5478,320;5482,318;5486,318;5491,318;5495,308;5499,308;5504,308;5508,306;5512,304;5517,304;5521,324;5525,308;5530,322;5534,322;5538,322;5543,320;5547,312;5552,324;5556,310;5560,308;5565,308;5569,328;5573,314;5578,326;5582,310;5586,326;5591,310;5595,316;5599,316;5604,314;5608,314;5613,300;5617,312;5621,318;5626,332;5630,302;5634,330;5639,314;5643,320;5647,318;5652,318;5656,316;5660,316;5665,316;5669,320;5673,322;5678,318;5682,318;5687,316;5691,308;5695,322;5700,320;5704,320;5708,318;5713,318;5717,324;5721,324;5726,310;5730,322;5734,322;5739,320;5743,310;5747,310;5752,324;5756,324;5761,322;5765,314;5769,328;5774,312;5778,326;5782,312;5787,326;5791,330;5795,314;5800,316;5804,314;5808,314;5813,300;5817,320;5821,304;5826,318;5830,316;5835,318;5839,308;5843,306;5848,320;5852,306;5856,304;5861,318;5865,324;5869,322;5874,322;5878,320;5882,320;5887,318;5891,312;5895,310;5900,310;5904,310;5909,308;5913,328;5917,312;5922,326;5926,310;5930,310;5935,324;5939,300;5943,328;5948,312;5952,326;5956,310;5961,324;5965,316;5970,328;5974,314;5978,326;5983,312;5987,318;5991,316;5996,316;6000,316;6004,314;6009,326;6013,318;6017,332;6022,316;6026,330;6030,314;6035,328;6039,318;6044,318;6048,318;6052,316;6057,316;6061,322;6065,334;6070,320;6074,320;6078,318;6083,330;6087,322;6091,308;6096,320;6100,320;6104,318;6109,310;6113,322;6118,322;6122,320;6126,318;6131,332;6135,322;6139,322;6144,322;6148,306;6152,320;6157,304;6161,324;6165,310;6170,310;6174,308;6178,320;6183,312;6187,298;6192,296;6196,282;6200,280;6205,278;6209,300;6213,298;6218,298;6222,284;6226,298;6231,296;6235,288;6239,286;6244,286;6248,270;6252,270;6257,290;6261,288;6266,288;6270,286;6274,300;6279,298;6283,276;6287,274;6292,260;6296,288;6300,286;6305,286;6309,292;6313,262;6318,276;6322,274;6326,288;6331,266;6335,280;6340,278;6344,278;6348,276;6353,274;6357,296;6361,282;6366,266;6370,280;6374,280;6379,272;6383,284;6387,284;6392,298;6396,282;6400,268;6405,288;6409,288;6414,272;6418,286;6422,284;6427,284;6431,276;6435,290;6440,288;6444,288;6448,274;6453,280;6457,292;6461,278;6466,292;6470,290;6475,276;6479,282;6483,282;6488,280;6492,294;6496,292;6501,270;6505,270;6509,284;6514,284;6518,296;6522,296;6527,274;6531,274;6536,286;6540,274;6544,286;6549,270;6553,276;6557,274;6562,274;6566,286;6570,288;6575,278;6579,278;6583,292;6588,276;6592,276;6596,276;\r\nBuffer sent in 0.973 secondsreturn;buffer;965\r\n'), 10:44:17
bytearray(b'received from UR: measure -> measure (0,1)\r\nSTEPPER: Moving to mstep: 6600 with speed [msteps/sec]: 1000 in StealthChop.\r\n'), 10:44:18
bytearray(b'STEPPER: Moving to mstep: 2400 with speed [msteps/sec]: 4000 in SpreadCycle.\r\n'), 10:44:23
bytearray(b'STEPPER: Moved 4200.00 msteps (ramp: 35%) in 1324.888 ms -> average speed [msteps/sec]: 3170.08\r\nreturn;measure;965\r\n'), 10:44:24
bytearray(b'received from UR: buffer -> buffer (0,1)\r\nSending buffer of size 965data;2400,304;2404,444;2408,200;2413,284;2417,312;2421,318;2426,334;2430,316;2434,330;2439,328;2443,320;2447,320;2452,318;2456,318;2460,330;2465,330;2469,320;2474,336;2478,320;2482,334;2487,334;2491,324;2495,324;2500,310;2504,322;2508,322;2513,336;2517,314;2521,340;2526,324;2530,338;2534,324;2539,302;2543,328;2548,314;2552,328;2556,312;2561,326;2565,332;2569,332;2574,316;2578,330;2582,328;2587,328;2591,320;2595,304;2600,318;2604,316;2609,330;2613,316;2617,336;2622,320;2626,334;2630,318;2635,332;2639,338;2643,322;2648,336;2652,320;2656,320;2661,332;2665,326;2669,324;2674,324;2678,322;2683,336;2687,334;2691,312;2696,326;2700,324;2704,324;2709,308;2713,328;2717,328;2722,328;2726,326;2730,326;2735,324;2739,316;2743,330;2748,314;2752,328;2757,312;2761,324;2765,318;2770,346;2774,316;2778,330;2783,328;2787,306;2791,318;2796,304;2800,332;2804,316;2809,330;2813,322;2817,336;2822,320;2826,334;2831,320;2835,334;2839,324;2844,310;2848,324;2852,322;2857,336;2861,312;2865,340;2870,324;2874,338;2878,322;2883,336;2887,326;2891,312;2896,326;2900,326;2905,324;2909,316;2913,330;2918,328;2922,328;2926,328;2931,342;2935,332;2939,318;2944,332;2948,316;2952,330;2957,328;2961,334;2966,320;2970,332;2974,318;2979,332;2983,330;2987,322;2992,322;2996,306;3000,320;3005,306;3009,340;3013,324;3018,338;3022,322;3026,334;3031,322;3035,312;3040,326;3044,326;3048,324;3053,324;3057,330;3061,314;3066,328;3070,328;3074,342;3079,326;3083,318;3087,316;3092,316;3096,316;3100,328;3105,328;3109,318;3114,332;3118,318;3122,330;3127,330;3131,322;3135,334;3140,306;3144,318;3148,304;3153,332;3157,324;3161,336;3166,320;3170,334;3174,320;3179,310;3183,338;3188,324;3192,336;3196,322;3201,320;3205,326;3209,340;3214,324;3218,338;3222,322;3227,336;3231,312;3235,312;3240,322;3244,324;3248,322;3253,322;3257,342;3262,326;3266,326;3270,324;3275,336;3279,328;3283,314;3288,326;3292,326;3296,324;3301,310;3305,330;3309,328;3314,328;3318,314;3323,326;3327,324;3331,318;3336,330;3340,316;3344,328;3349,314;3353,334;3357,332;3362,332;3366,316;3370,330;3375,314;3379,320;3383,334;3388,318;3392,318;3396,302;3401,316;3405,322;3410,336;3414,320;3418,334;3423,318;3427,310;3431,324;3436,322;3440,336;3444,320;3449,332;3453,310;3457,324;3462,322;3466,336;3470,320;3475,312;3479,326;3484,324;3488,338;3492,322;3497,322;3501,328;3505,328;3510,326;3514,340;3518,324;3523,338;3527,330;3531,314;3536,342;3540,314;3545,326;3549,318;3553,332;3558,330;3562,344;3566,328;3571,328;3575,320;3579,318;3584,332;3588,316;3592,330;3597,314;3601,334;3605,320;3610,332;3614,318;3619,332;3623,322;3627,322;3632,334;3636,320;3640,332;3645,318;3649,338;3653,322;3658,336;3662,320;3666,334;3671,318;3675,324;3679,322;3684,322;3688,320;3693,320;3697,318;3701,324;3706,336;3710,322;3714,336;3719,320;3723,312;3727,326;3732,310;3736,322;3740,322;3745,336;3749,326;3754,326;3758,324;3762,324;3767,322;3771,316;3775,328;3780,312;3784,326;3788,324;3793,338;3797,314;3801,328;3806,314;3810,326;3814,326;3819,340;3823,330;3828,314;3832,314;3836,312;3841,326;3845,318;3849,330;3854,316;3858,328;3862,314;3867,326;3871,332;3875,318;3880,330;3884,314;3888,314;3893,314;3897,334;3902,332;3906,332;3910,330;3915,330;3919,322;3923,320;3928,334;3932,318;3936,332;3941,316;3945,324;3949,322;3954,336;3958,320;3962,334;3967,318;3971,310;3976,336;3980,322;3984,336;3989,320;3993,320;3997,324;4002,338;4006,322;4010,334;4015,322;4019,312;4023,326;4028,310;4032,324;4036,324;4041,324;4045,328;4050,342;4054,326;4058,326;4063,324;4067,330;4071,330;4076,314;4080,328;4084,326;4089,326;4093,318;4097,330;4102,330;4106,330;4110,328;4115,328;4119,334;4124,318;4128,332;4132,330;4137,330;4141,320;4145,334;4150,320;4154,332;4158,330;4163,330;4167,322;4171,306;4176,320;4180,318;4185,332;4189,316;4193,336;4198,322;4202,334;4206,320;4211,332;4215,324;4219,324;4224,336;4228,320;4232,320;4237,318;4241,324;4245,322;4250,336;4254,320;4259,334;4263,324;4267,324;4272,336;4276,322;4280,322;4285,318;4289,326;4293,324;4298,336;4302,320;4306,334;4311,332;4315,324;4319,322;4324,308;4328,320;4333,320;4337,324;4341,322;4346,336;4350,320;4354,334;4359,332;4363,324;4367,322;4372,308;4376,322;4380,320;4385,334;4389,324;4393,338;4398,322;4402,336;4407,320;4411,326;4415,324;4420,310;4424,324;4428,322;4433,336;4437,314;4441,340;4446,312;4450,340;4454,324;4459,338;4463,328;4467,314;4472,314;4476,312;4481,324;4485,330;4489,330;4494,314;4498,328;4502,314;4507,326;4511,332;4515,318;4520,330;4524,316;4528,328;4533,328;4537,334;4541,320;4546,332;4550,318;4555,332;4559,324;4563,308;4568,322;4572,306;4576,320;4581,320;4585,326;4589,310;4594,324;4598,308;4602,322;4607,322;4611,314;4615,314;4620,312;4624,312;4629,310;4633,332;4637,316;4642,330;4646,314;4650,328;4655,312;4659,304;4663,318;4668,302;4672,302;4676,302;4681,314;4685,320;4690,320;4694,318;4698,316;4703,302;4707,306;4711,306;4716,306;4720,318;4724,302;4729,316;4733,322;4737,320;4742,306;4746,318;4750,318;4755,310;4759,322;4764,308;4768,320;4772,304;4777,318;4781,310;4785,338;4790,322;4794,336;4798,306;4803,334;4807,324;4811,324;4816,324;4820,322;4825,322;4829,312;4833,326;4838,312;4842,324;4846,310;4851,322;4855,314;4859,328;4864,326;4868,326;4872,326;4877,310;4881,330;4885,316;4890,328;4894,312;4899,328;4903,318;4907,318;4912,330;4916,316;4920,328;4925,314;4929,320;4933,318;4938,318;4942,318;4946,330;4951,316;4955,308;4959,320;4964,318;4968,318;4973,302;4977,322;4981,320;4986,320;4990,304;4994,318;4999,316;5003,322;5007,322;5012,308;5016,320;5020,306;5025,306;5029,326;5033,324;5038,310;5042,324;5047,308;5051,314;5055,314;5060,298;5064,312;5068,310;5073,308;5077,314;5081,328;5086,312;5090,312;5094,310;5099,310;5103,314;5107,314;5112,326;5116,310;5121,324;5125,316;5129,328;5134,326;5138,326;5142,312;5147,324;5151,330;5155,316;5160,314;5164,300;5168,312;5173,298;5177,332;5181,316;5186,314;5190,314;5195,326;5199,318;5203,316;5208,330;5212,314;5216,328;5221,298;5225,332;5229,316;5234,330;5238,316;5242,328;5247,314;5251,304;5255,318;5260,318;5264,318;5269,316;5273,322;5277,322;5282,320;5286,318;5290,332;5295,318;5299,322;5303,322;5308,308;5312,308;5316,306;5321,318;5325,324;5330,324;5334,322;5338,320;5343,306;5347,298;5351,310;5356,310;5360,322;5364,308;5369,320;5373,312;5377,326;5382,310;5386,324;5390,308;5395,314;5399,314;5404,298;5408,310;5412,310;5417,322;5421,314;5425,328;5430,312;5434,326;5438,310;5443,324;5447,314;5451,314;5456,314;5460,312;5465,310;5469,316;5473,316;5478,314;5482,312;5486,312;5491,310;5495,316;5499,314;5504,314;5508,314;5512,312;5517,312;5521,318;5525,316;5530,316;5534,314;5539,328;5543,318;5547,318;5552,332;5556,316;5560,316;5565,300;5569,320;5573,318;5578,332;5582,316;5586,330;5591,314;5595,304;5599,318;5604,302;5608,328;5613,316;5617,306;5621,306;5626,318;5630,304;5634,330;5639,314;5643,320;5647,320;5652,318;5656,318;5660,302;5665,314;5669,320;5673,320;5678,304;5682,318;5687,316;5691,322;5695,320;5700,318;5704,318;5708,302;5713,316;5717,322;5721,336;5726,320;5730,318;5734,316;5739,330;5743,308;5747,320;5752,320;5756,318;5761,316;5765,308;5769,322;5774,320;5778,320;5782,304;5787,318;5791,308;5795,308;5800,320;5804,306;5808,320;5813,318;5817,324;5821,308;5826,322;5830,320;5835,320;5839,312;5843,310;5848,308;5852,308;5856,320;5861,318;5865,326;5869,310;5874,322;5878,322;5882,320;5887,320;5891,310;5896,310;5900,294;5904,308;5909,306;5913,326;5917,310;5922,324;5926,322;5930,322;5935,306;5939,298;5943,312;5948,310;5952,324;5956,310;5961,322;5965,312;5970,326;5974,310;5978,338;5983,322;5987,300;5991,314;5996,298;6000,326;6004,310;6009,324;6013,314;6017,328;6022,312;6026,326;6030,310;6035,302;6039,316;6044,314;6048,314;6052,298;6057,312;6061,304;6065,316;6070,314;6074,328;6078,312;6083,326;6087,316;6091,316;6096,328;6100,314;6104,312;6109,312;6113,318;6118,316;6122,316;6126,314;6131,314;6135,318;6139,318;6144,330;6148,316;6152,328;6157,300;6161,318;6165,318;6170,316;6174,300;6179,316;6183,292;6187,292;6192,290;6196,276;6200,288;6205,286;6209,294;6213,294;6218,306;6222,292;6226,290;6231,288;6235,282;6239,294;6244,292;6248,292;6253,290;6257,268;6261,280;6266,294;6270,292;6274,292;6279,290;6283,282;6287,280;6292,266;6296,280;6300,278;6305,284;6309,298;6313,298;6318,296;6322,282;6327,294;6331,272;6335,284;6340,270;6344,282;6348,282;6353,280;6357,286;6361,300;6366,298;6370,286;6374,296;6379,276;6383,274;6387,274;6392,286;6396,272;6401,284;6405,290;6409,304;6414,288;6418,288;6422,288;6427,300;6431,292;6435,292;6440,290;6444,290;6448,288;6453,280;6457,294;6462,292;6466,292;6470,290;6475,274;6479,280;6483,278;6488,278;6492,278;6496,276;6501,276;6505,282;6509,294;6514,294;6518,292;6522,278;6527,284;6531,268;6536,282;6540,252;6544,294;6549,278;6553,284;6557,284;6562,268;6566,268;6570,280;6575,272;6579,272;6583,270;6588,256;6592,284;6596,282;\r\nBuffer sent in 0.973 secondsreturn;buffer;965\r\n'), 10:44:26
bytearray(b'received from UR: measure -> measure (0,1)\r\nSTEPPER: Moving to mstep: 6600 with speed [msteps/sec]: 1000 in StealthChop.\r\n'), 10:44:27
bytearray(b'STEPPER: Moving to mstep: 2400 with speed [msteps/sec]: 4000 in SpreadCycle.\r\n'), 10:44:31
bytearray(b'STEPPER: Moved 4200.00 msteps (ramp: 35%) in 1324.888 ms -> average speed [msteps/sec]: 3170.08\r\nreturn;measure;965\r\n'), 10:44:33
bytearray(b'received from UR: buffer -> buffer (0,1)\r\nSending buffer of size 965data;2400,294;2404,472;2408,140;2413,268;2417,324;2421,318;2426,344;2430,328;2434,342;2439,314;2443,320;2447,332;2452,318;2456,316;2460,316;2465,314;2469,320;2474,334;2478,334;2482,334;2487,318;2491,324;2495,322;2500,322;2504,322;2508,320;2513,334;2517,326;2521,326;2526,324;2530,326;2534,338;2539,336;2543,314;2548,312;2552,340;2556,326;2561,326;2565,330;2569,330;2574,314;2578,328;2582,326;2587,340;2591,330;2595,316;2600,316;2604,314;2608,342;2613,328;2617,334;2622,318;2626,332;2630,330;2635,344;2639,320;2643,306;2648,320;2652,318;2656,332;2661,318;2665,336;2669,320;2674,334;2678,320;2682,332;2687,318;2691,324;2696,322;2700,322;2704,322;2709,320;2713,340;2717,324;2722,324;2726,324;2730,338;2735,336;2739,314;2743,326;2748,312;2752,340;2757,324;2761,338;2765,316;2770,330;2774,328;2778,328;2783,326;2787,304;2791,318;2796,316;2800,330;2804,314;2809,328;2813,320;2817,334;2822,318;2826,332;2831,330;2835,322;2839,322;2844,320;2848,320;2852,318;2857,332;2861,324;2865,338;2870,322;2874,336;2878,320;2883,334;2887,326;2891,324;2896,324;2900,322;2905,322;2909,322;2913,326;2918,326;2922,326;2926,324;2931,324;2935,330;2939,328;2944,328;2948,312;2952,326;2957,310;2961,332;2965,316;2970,330;2974,316;2979,328;2983,320;2987,318;2992,332;2996,318;3000,330;3005,316;3009,336;3013,322;3018,334;3022,320;3026,334;3031,318;3035,310;3039,338;3044,324;3048,322;3053,320;3057,322;3061,326;3066,326;3070,324;3074,324;3079,322;3083,330;3087,328;3092,314;3096,326;3100,312;3105,340;3109,316;3113,330;3118,328;3122,328;3127,326;3131,318;3135,332;3140,316;3144,316;3148,316;3153,342;3157,320;3161,334;3166,318;3170,332;3174,316;3179,344;3183,336;3187,322;3192,334;3196,306;3201,318;3205,322;3209,336;3214,322;3218,334;3222,320;3227,332;3231,324;3235,324;3240,322;3244,322;3248,322;3253,320;3257,340;3262,326;3266,326;3270,326;3275,336;3279,330;3283,328;3288,328;3292,326;3296,326;3301,312;3305,332;3309,316;3314,330;3318,328;3322,328;3327,328;3331,318;3336,318;3340,316;3344,330;3349,316;3353,334;3357,334;3362,334;3366,318;3370,332;3375,330;3379,322;3383,322;3388,308;3392,320;3396,304;3401,318;3405,324;3410,338;3414,324;3418,336;3423,322;3427,314;3431,326;3436,326;3440,322;3444,324;3449,322;3453,328;3457,326;3462,326;3466,328;3470,326;3475,326;3479,332;3484,330;3488,330;3492,314;3497,314;3501,320;3505,334;3510,318;3514,332;3518,318;3523,330;3527,336;3531,308;3536,322;3540,306;3544,334;3549,318;3553,324;3558,324;3562,336;3566,322;3571,336;3575,328;3579,312;3584,326;3588,310;3592,324;3597,310;3601,344;3605,314;3610,328;3614,326;3618,340;3623,316;3627,316;3632,328;3636,314;3640,326;3645,312;3649,332;3653,328;3658,330;3662,316;3666,342;3671,314;3675,334;3679,332;3684,316;3688,330;3693,330;3697,328;3701,320;3706,334;3710,318;3714,332;3719,318;3723,322;3727,322;3732,322;3736,334;3740,320;3745,318;3749,324;3753,338;3758,322;3762,322;3767,320;3771,312;3775,326;3780,312;3784,324;3788,322;3793,322;3797,328;3801,340;3806,324;3810,338;3814,324;3819,336;3823,328;3827,328;3832,326;3836,312;3841,324;3845,322;3849,328;3854,326;3858,340;3862,324;3867,324;3871,330;3875,314;3880,328;3884,312;3888,324;3893,324;3897,330;3902,328;3906,328;3910,326;3915,340;3919,330;3923,316;3928,328;3932,328;3936,326;3941,312;3945,332;3949,316;3954,330;3958,330;3962,342;3967,328;3971,318;3976,332;3980,304;3984,316;3989,316;3993,336;3997,320;4002,334;4006,318;4010,332;4015,316;4019,324;4023,322;4028,320;4032,320;4036,320;4041,332;4045,324;4050,338;4054,324;4058,338;4063,322;4067,314;4071,326;4076,326;4080,326;4084,324;4089,324;4093,330;4097,330;4102,316;4106,328;4110,326;4115,340;4119,332;4124,316;4128,314;4132,314;4137,342;4141,318;4145,332;4150,316;4154,330;4158,328;4163,328;4167,332;4171,318;4176,332;4180,318;4184,330;4189,314;4193,334;4198,320;4202,332;4206,318;4211,328;4215,322;4219,308;4224,320;4228,306;4232,320;4237,318;4241,338;4245,324;4250,336;4254,322;4258,336;4263,320;4267,312;4272,326;4276,310;4280,324;4285,322;4289,330;4293,328;4298,326;4302,326;4306,326;4311,324;4315,330;4319,330;4324,314;4328,328;4332,312;4337,340;4341,318;4346,330;4350,316;4354,330;4359,328;4363,320;4367,332;4372,318;4376,332;4380,316;4385,330;4389,320;4393,334;4398,320;4402,334;4407,318;4411,310;4415,322;4420,322;4424,320;4428,320;4433,318;4437,324;4441,338;4446,322;4450,336;4454,320;4459,334;4463,340;4467,324;4472,324;4476,322;4481,322;4485,328;4489,326;4494,326;4498,324;4502,324;4507,324;4511,328;4515,328;4520,326;4524,312;4528,326;4533,324;4537,330;4542,328;4546,326;4550,326;4555,328;4559,332;4563,316;4568,316;4572,316;4576,316;4581,314;4585,320;4589,320;4594,320;4598,318;4602,332;4607,316;4611,308;4616,308;4620,294;4624,306;4629,320;4633,326;4637,312;4642,324;4646,310;4650,324;4655,310;4659,314;4663,314;4668,314;4672,298;4676,312;4681,324;4685,302;4690,316;4694,314;4698,328;4703,312;4707,318;4711,316;4716,314;4720,312;4724,298;4729,326;4733,316;4737,316;4742,316;4746,316;4750,314;4755,306;4759,318;4764,304;4768,330;4772,314;4777,328;4781,318;4785,332;4790,318;4794,332;4798,316;4803,330;4807,320;4811,304;4816,304;4820,304;4824,316;4829,316;4833,334;4838,320;4842,332;4846,316;4851,330;4855,322;4859,306;4864,320;4868,304;4872,318;4877,316;4881,322;4885,322;4890,334;4894,320;4898,334;4903,318;4907,324;4912,322;4916,308;4920,320;4925,320;4929,326;4933,312;4938,324;4942,322;4946,322;4951,320;4955,298;4959,326;4964,312;4968,324;4973,310;4977,322;4981,314;4986,328;4990,312;4994,326;4999,310;5003,316;5007,316;5012,314;5016,314;5020,300;5025,300;5029,318;5033,318;5038,318;5042,330;5047,316;5051,306;5055,306;5060,306;5064,318;5068,318;5073,316;5077,308;5081,320;5086,306;5090,320;5094,318;5099,318;5103,310;5107,308;5112,306;5116,306;5121,320;5125,310;5129,310;5134,308;5138,322;5142,320;5147,320;5151,326;5155,310;5160,324;5164,308;5168,322;5173,322;5177,328;5181,312;5186,326;5190,310;5195,336;5199,316;5203,314;5208,314;5212,312;5216,312;5221,310;5225,330;5229,316;5234,328;5238,312;5242,326;5247,312;5251,316;5255,316;5260,316;5264,314;5269,314;5273,312;5277,318;5282,318;5286,316;5290,330;5295,314;5299,320;5303,318;5308,318;5312,316;5316,316;5321,316;5325,320;5329,320;5334,318;5338,332;5343,316;5347,322;5351,322;5356,306;5360,320;5364,304;5369,332;5373,310;5377,322;5382,308;5386,322;5390,308;5395,320;5399,312;5404,310;5408,308;5412,308;5417,306;5421,312;5425,326;5430,324;5434,324;5438,322;5443,322;5447,298;5451,296;5456,310;5460,310;5464,308;5469,308;5473,314;5478,312;5482,312;5486,310;5491,324;5495,316;5499,314;5504,314;5508,312;5512,312;5517,298;5521,318;5525,304;5530,316;5534,316;5538,328;5543,306;5547,318;5552,318;5556,318;5560,316;5565,302;5569,336;5573,320;5578,334;5582,318;5586,330;5591,316;5595,306;5599,306;5604,306;5608,318;5613,318;5617,316;5621,322;5626,334;5630,320;5634,334;5639,318;5643,310;5647,310;5652,310;5656,322;5660,308;5665,306;5669,312;5673,324;5678,310;5682,324;5687,310;5691,314;5695,314;5700,314;5704,312;5708,324;5713,324;5717,316;5721,328;5726,312;5730,328;5734,312;5739,324;5743,316;5747,314;5752,314;5756,312;5761,324;5765,316;5769,330;5774,316;5778,330;5782,314;5787,326;5791,318;5795,302;5800,316;5804,314;5808,314;5813,312;5817,318;5821,316;5826,318;5830,314;5835,314;5839,320;5843,304;5848,318;5852,316;5856,316;5861,314;5865,320;5869,318;5874,318;5878,316;5882,316;5887,316;5891,306;5895,304;5900,304;5904,318;5909,316;5913,308;5917,320;5922,320;5926,318;5930,318;5935,316;5939,308;5943,320;5948,306;5952,332;5956,318;5961,316;5965,308;5969,322;5974,320;5978,320;5983,318;5987,310;5991,310;5996,308;6000,306;6004,292;6009,320;6013,312;6017,324;6022,324;6026,336;6030,322;6035,298;6039,312;6044,312;6048,310;6052,310;6057,308;6061,314;6065,328;6070,314;6074,326;6078,326;6083,324;6087,316;6091,316;6096,300;6100,298;6104,312;6109,312;6113,330;6118,316;6122,314;6126,314;6131,328;6135,334;6139,318;6144,316;6148,316;6152,314;6157,314;6161,318;6165,318;6170,332;6174,316;6179,316;6183,292;6187,276;6192,290;6196,288;6200,300;6205,286;6209,292;6213,290;6218,290;6222,290;6226,302;6231,288;6235,278;6239,278;6244,276;6248,276;6253,288;6257,280;6261,280;6266,294;6270,292;6274,276;6279,276;6283,282;6287,282;6292,280;6296,280;6300,280;6305,284;6309,284;6313,298;6318,296;6322,296;6327,294;6331,258;6335,286;6340,284;6344,284;6348,298;6353,296;6357,288;6361,302;6366,300;6370,300;6374,284;6379,276;6383,276;6387,288;6392,288;6396,274;6401,286;6405,292;6409,292;6414,276;6418,290;6422,288;6427,274;6431,264;6435,266;6440,278;6444,292;6448,278;6453,282;6457,282;6461,280;6466,280;6470,278;6475,278;6479,284;6483,282;6488,282;6492,294;6496,294;6501,294;6505,270;6509,284;6514,282;6518,296;6522,296;6527,286;6531,272;6535,270;6540,284;6544,298;6549,282;6553,288;6557,288;6562,286;6566,270;6570,270;6575,284;6579,274;6583,274;6588,288;6592,272;6596,258;\r\nBuffer sent in 0.973 secondsreturn;buffer;965\r\n'), 10:44:35
bytearray(b'received from UR: measure -> measure (0,1)\r\nSTEPPER: Moving to mstep: 6600 with speed [msteps/sec]: 1000 in StealthChop.\r\n'), 10:44:36
bytearray(b'STEPPER: Moving to mstep: 2400 with speed [msteps/sec]: 4000 in SpreadCycle.\r\n'), 10:44:40
bytearray(b'STEPPER: Moved 4200.00 msteps (ramp: 35%) in 1324.888 ms -> average speed [msteps/sec]: 3170.08\r\nreturn;measure;965\r\n'), 10:44:41
bytearray(b'received from UR: buffer -> buffer (0,1)\r\nSending buffer of size 965data;2400,296;2404,456;2408,166;2413,282;2417,310;2421,330;2426,344;2430,314;2434,342;2439,328;2443,320;2447,320;2452,320;2456,332;2460,318;2465,330;2469,324;2474,336;2478,320;2482,336;2487,334;2491,312;2495,326;2500,324;2504,324;2508,324;2513,324;2517,328;2521,328;2526,328;2530,328;2534,326;2539,326;2543,332;2548,318;2552,330;2556,316;2561,314;2565,320;2569,334;2574,318;2578,332;2582,318;2587,332;2591,336;2595,308;2600,322;2604,322;2608,334;2613,320;2617,340;2622,326;2626,340;2630,324;2635,338;2639,330;2643,316;2648,328;2652,314;2656,328;2661,328;2665,334;2669,332;2674,332;2678,318;2682,330;2687,330;2691,322;2696,334;2700,320;2704,320;2709,318;2713,332;2717,324;2722,338;2726,322;2730,336;2735,320;2739,326;2743,340;2748,310;2752,324;2756,324;2761,338;2765,328;2770,328;2774,326;2778,340;2783,326;2787,318;2791,330;2796,316;2800,330;2804,314;2809,328;2813,320;2817,348;2822,318;2826,332;2830,316;2835,332;2839,334;2844,320;2848,320;2852,318;2857,318;2861,324;2865,338;2870,322;2874,336;2878,322;2883,334;2887,326;2891,326;2896,326;2900,326;2905,324;2909,324;2913,332;2918,316;2922,330;2926,330;2931,344;2935,322;2939,322;2944,322;2948,320;2952,334;2957,320;2961,326;2965,326;2970,338;2974,324;2979,338;2983,322;2987,314;2992,328;2996,328;3000,328;3005,312;3009,332;3013,318;3018,332;3022,332;3026,344;3031,330;3035,308;3039,322;3044,320;3048,320;3053,332;3057,332;3061,324;3066,338;3070,322;3074,336;3079,320;3083,326;3087,326;3092,312;3096,324;3100,324;3105,324;3109,330;3113,330;3118,328;3122,328;3127,326;3131,304;3135,318;3140,318;3144,330;3148,316;3153,344;3157,320;3161,334;3166,320;3170,334;3174,318;3179,332;3183,324;3187,324;3192,336;3196,308;3201,320;3205,320;3209,340;3214,326;3218,340;3222,324;3227,338;3231,330;3235,316;3240,328;3244,314;3248,326;3253,326;3257,332;3261,332;3266,330;3270,316;3275,330;3279,328;3283,320;3288,320;3292,318;3296,318;3301,332;3305,338;3309,322;3314,336;3318,322;3322,334;3327,320;3331,312;3335,326;3340,312;3344,324;3349,324;3353,324;3357,330;3362,344;3366,328;3370,328;3375,326;3379,318;3383,332;3388,316;3392,330;3396,316;3401,330;3405,322;3409,336;3414,320;3418,334;3423,320;3427,326;3431,324;3436,324;3440,336;3444,322;3449,322;3453,328;3457,328;3462,312;3466,326;3470,324;3475,338;3479,330;3484,316;3488,314;3492,316;3497,328;3501,334;3505,334;3510,318;3514,332;3518,318;3523,332;3527,338;3531,308;3536,322;3540,322;3544,320;3549,320;3553,340;3558,326;3562,340;3566,324;3571,338;3575,330;3579,314;3584,328;3588,328;3592,326;3597,312;3601,332;3605,318;3610,332;3614,316;3618,330;3623,330;3627,322;3632,322;3636,320;3640,320;3645,318;3649,340;3653,324;3658,338;3662,322;3666,336;3671,322;3675,328;3679,328;3684,314;3688,326;3692,326;3697,326;3701,316;3706,332;3710,330;3714,330;3719,314;3723,320;3727,334;3732,306;3736,318;3740,318;3745,318;3749,338;3753,338;3758,322;3762,336;3766,322;3771,334;3775,338;3780,312;3784,324;3788,324;3793,338;3797,316;3801,330;3806,328;3810,330;3814,326;3819,326;3823,332;3827,318;3832,330;3836,330;3840,330;3845,316;3849,334;3854,320;3858,334;3862,318;3867,332;3871,324;3875,324;3880,324;3884,308;3888,322;3893,322;3897,342;3901,328;3906,328;3910,326;3915,326;3919,324;3923,316;3928,330;3932,316;3936,342;3941,314;3945,334;3949,320;3954,334;3958,332;3962,346;3967,330;3971,308;3975,322;3980,320;3984,334;3989,318;3993,332;3997,324;4002,338;4006,322;4010,336;4015,322;4019,328;4023,328;4028,312;4032,326;4036,326;4041,326;4045,316;4049,342;4054,328;4058,342;4063,312;4067,340;4071,332;4076,316;4080,330;4084,328;4089,328;4093,320;4097,332;4102,318;4106,332;4110,330;4115,330;4119,336;4124,320;4128,320;4132,318;4137,332;4141,324;4145,338;4150,322;4154,336;4158,320;4163,334;4167,340;4171,310;4176,324;4180,324;4184,336;4189,308;4193,342;4198,326;4202,340;4206,326;4211,338;4215,330;4219,330;4224,330;4228,316;4232,328;4237,328;4241,334;4245,320;4250,334;4254,318;4258,332;4263,332;4267,324;4272,324;4276,310;4280,324;4285,322;4289,336;4293,328;4298,328;4302,326;4306,340;4311,326;4315,304;4319,316;4324,316;4328,330;4332,316;4337,342;4341,320;4346,334;4350,334;4354,334;4359,320;4363,324;4367,324;4372,324;4376,336;4380,308;4385,322;4389,328;4393,340;4398,326;4402,340;4406,326;4411,340;4415,330;4420,330;4424,330;4428,314;4433,328;4437,320;4441,334;4446,318;4450,334;4454,318;4459,332;4463,324;4467,322;4472,336;4476,322;4480,322;4485,320;4489,328;4494,326;4498,326;4502,324;4507,326;4511,330;4515,316;4520,328;4524,314;4528,328;4533,328;4537,334;4541,318;4546,332;4550,332;4555,332;4559,308;4563,308;4568,322;4572,320;4576,320;4581,306;4585,326;4589,310;4594,324;4598,310;4602,324;4607,308;4611,302;4615,314;4620,314;4624,312;4629,312;4633,310;4637,318;4642,318;4646,316;4650,316;4655,302;4659,322;4663,306;4668,306;4672,308;4676,320;4681,304;4685,312;4689,326;4694,310;4698,310;4703,308;4707,314;4711,300;4716,312;4720,312;4724,298;4729,312;4733,318;4737,316;4742,316;4746,316;4750,314;4755,328;4759,320;4764,304;4768,318;4772,304;4777,316;4781,322;4785,336;4790,322;4794,322;4798,320;4803,334;4807,326;4811,310;4816,324;4820,310;4824,322;4829,322;4833,328;4838,312;4842,328;4846,312;4851,340;4855,318;4859,314;4864,316;4868,314;4872,314;4877,314;4881,320;4885,318;4890,318;4894,316;4898,330;4903,316;4907,322;4912,322;4916,306;4920,320;4925,318;4929,326;4933,324;4938,324;4942,308;4946,322;4951,320;4955,312;4959,312;4964,312;4968,324;4972,310;4977,322;4981,314;4986,328;4990,312;4994,326;4999,312;5003,304;5007,318;5012,302;5016,316;5020,314;5025,328;5029,306;5033,332;5038,316;5042,330;5046,316;5051,302;5055,306;5060,306;5064,306;5068,304;5073,316;5077,308;5081,308;5086,320;5090,320;5094,318;5099,318;5103,324;5107,308;5112,308;5116,306;5120,306;5125,306;5129,326;5134,310;5138,324;5142,308;5147,322;5151,328;5155,298;5160,312;5164,312;5168,324;5173,310;5177,330;5181,316;5186,328;5190,314;5194,328;5199,312;5203,318;5208,332;5212,316;5216,316;5221,314;5225,320;5229,306;5234,332;5238,316;5242,330;5247,316;5251,320;5255,306;5260,318;5264,316;5269,316;5273,316;5277,320;5282,320;5286,318;5290,332;5295,318;5299,310;5303,322;5308,322;5312,306;5316,306;5321,320;5325,326;5329,324;5334,310;5338,322;5343,322;5347,314;5351,314;5356,312;5360,324;5364,310;5369,322;5373,314;5377,328;5382,312;5386,324;5390,310;5395,324;5399,316;5403,314;5408,326;5412,312;5417,310;5421,316;5425,316;5430,314;5434,314;5438,312;5443,326;5447,318;5451,318;5456,316;5460,302;5464,314;5469,314;5473,318;5477,304;5482,316;5486,314;5491,314;5495,306;5499,304;5504,318;5508,304;5512,316;5517,300;5521,320;5525,320;5530,332;5534,318;5538,318;5543,316;5547,308;5551,320;5556,306;5560,318;5565,304;5569,324;5573,310;5578,336;5582,320;5586,334;5591,318;5595,296;5599,322;5604,308;5608,320;5612,306;5617,318;5621,310;5625,324;5630,320;5634,336;5639,306;5643,312;5647,310;5652,310;5656,308;5660,308;5665,320;5669,312;5673,326;5678,312;5682,324;5686,310;5691,322;5695,314;5700,314;5704,312;5708,312;5713,310;5717,330;5721,330;5726,314;5730,328;5734,312;5739,326;5743,330;5747,302;5752,314;5756,314;5760,312;5765,312;5769,318;5774,316;5778,316;5782,314;5787,314;5791,320;5795,304;5800,318;5804,316;5808,316;5813,314;5817,320;5821,306;5826,320;5830,318;5835,330;5839,308;5843,304;5848,320;5852,320;5856,318;5861,304;5865,322;5869,308;5874,320;5878,320;5882,318;5887,318;5891,310;5895,308;5900,306;5904,320;5909,318;5913,310;5917,310;5922,322;5926,322;5930,320;5935,318;5939,310;5943,324;5948,308;5952,320;5956,306;5961,320;5965,310;5969,324;5974,308;5978,322;5983,306;5987,298;5991,312;5996,310;6000,324;6004,308;6009,322;6013,314;6017,326;6022,312;6026,324;6030,308;6035,324;6039,316;6043,314;6048,312;6052,310;6057,324;6061,316;6065,316;6070,314;6074,328;6078,312;6083,326;6087,318;6091,316;6096,316;6100,316;6104,328;6109,314;6113,320;6117,318;6122,318;6126,318;6131,330;6135,308;6139,306;6144,320;6148,320;6152,320;6157,304;6161,324;6165,310;6170,322;6174,306;6178,320;6183,304;6187,296;6191,296;6196,280;6200,294;6205,294;6209,270;6213,284;6218,298;6222,296;6226,296;6231,296;6235,286;6239,272;6244,284;6248,284;6252,284;6257,290;6261,290;6265,302;6270,288;6274,286;6279,286;6283,292;6287,292;6292,290;6296,290;6300,288;6305,288;6309,280;6313,292;6318,292;6322,292;6326,292;6331,268;6335,282;6340,282;6344,280;6348,280;6353,294;6357,284;6361,298;6366,284;6370,296;6374,282;6379,294;6383,286;6387,286;6392,270;6396,282;6400,280;6405,288;6409,300;6414,286;6418,300;6422,284;6427,296;6431,276;6435,288;6440,288;6444,286;6448,286;6453,278;6457,276;6461,276;6466,288;6470,288;6474,286;6479,264;6483,278;6488,276;6492,290;6496,274;6501,274;6505,294;6509,294;6514,292;6518,290;6522,290;6527,282;6531,280;6535,292;6540,278;6544,290;6548,276;6553,296;6557,294;6562,294;6566,278;6570,278;6575,276;6579,282;6583,282;6588,280;6592,280;6596,280;\r\nBuffer sent in 0.973 secondsreturn;buffer;965\r\n'), 10:44:43
bytearray(b'received from UR: measure -> measure (0,1)\r\nSTEPPER: Moving to mstep: 6600 with speed [msteps/sec]: 1000 in StealthChop.\r\n'), 10:44:44
bytearray(b'STEPPER: Moving to mstep: 2400 with speed [msteps/sec]: 4000 in SpreadCycle.\r\n'), 10:44:49
bytearray(b'STEPPER: Moved 4200.00 msteps (ramp: 35%) in 1324.888 ms -> average speed [msteps/sec]: 3170.08\r\nreturn;measure;965\r\n'), 10:44:50
bytearray(b'received from UR: buffer -> buffer (0,1)\r\nSending buffer of size 965data;2400,300;2404,468;2408,136;2413,278;2417,308;2421,328;2426,340;2430,324;2434,338;2439,324;2443,330;2447,328;2452,314;2456,326;2460,312;2465,324;2469,318;2474,344;2478,330;2482,330;2487,328;2491,320;2495,332;2500,316;2504,330;2508,316;2513,330;2517,322;2521,334;2526,334;2530,332;2534,318;2539,332;2543,324;2548,308;2552,336;2556,320;2561,334;2565,326;2569,338;2574,324;2578,336;2582,322;2587,336;2591,326;2595,312;2600,326;2604,312;2608,324;2613,310;2617,344;2622,328;2626,342;2630,328;2635,342;2639,332;2643,318;2648,332;2652,318;2656,330;2661,316;2665,336;2669,322;2674,334;2678,320;2682,334;2687,332;2691,310;2696,324;2700,322;2704,322;2709,308;2713,336;2717,326;2722,340;2726,324;2730,338;2735,324;2739,302;2743,328;2748,314;2752,326;2756,312;2761,326;2765,330;2770,344;2774,316;2778,342;2783,328;2787,306;2791,332;2796,318;2800,332;2804,302;2809,330;2813,322;2817,336;2822,320;2826,348;2830,318;2835,310;2839,322;2844,322;2848,322;2852,306;2857,320;2861,326;2865,340;2870,324;2874,338;2878,324;2883,338;2887,328;2891,314;2896,328;2900,312;2905,326;2909,312;2913,332;2918,318;2922,332;2926,330;2931,330;2935,336;2939,320;2944,334;2948,306;2952,334;2957,320;2961,340;2965,324;2970,338;2974,324;2979,338;2983,322;2987,314;2992,328;2996,312;3000,326;3005,312;3009,334;3013,318;3018,346;3022,330;3026,344;3031,328;3035,322;3039,322;3044,306;3048,334;3053,320;3057,332;3061,324;3066,340;3070,324;3074,338;3079,322;3083,316;3087,328;3092,314;3096,326;3100,312;3105,326;3109,318;3113,332;3118,330;3122,330;3127,328;3131,308;3135,334;3140,306;3144,332;3148,318;3153,332;3157,324;3161,338;3166,322;3170,336;3174,322;3179,334;3183,326;3187,310;3192,326;3196,310;3201,324;3205,316;3209,344;3214,328;3218,342;3222,326;3227,342;3231,332;3235,304;3240,332;3244,316;3248,330;3253,316;3257,336;3261,322;3266,336;3270,320;3275,334;3279,328;3283,326;3288,324;3292,324;3296,324;3301,324;3305,330;3309,316;3314,328;3318,328;3322,328;3327,326;3331,332;3335,332;3340,316;3344,330;3349,316;3353,328;3357,320;3362,334;3366,320;3370,334;3375,318;3379,310;3383,324;3388,308;3392,324;3396,308;3401,334;3405,326;3410,340;3414,326;3418,338;3423,324;3427,316;3431,330;3436,314;3440,328;3444,314;3449,326;3453,318;3457,332;3462,330;3466,330;3470,316;3475,330;3479,334;3484,306;3488,334;3492,318;3497,332;3501,324;3505,338;3510,324;3514,338;3518,322;3523,336;3527,328;3531,300;3536,328;3540,314;3544,328;3549,312;3553,334;3558,332;3562,332;3566,318;3571,346;3575,334;3579,308;3584,334;3588,308;3592,334;3597,306;3601,340;3605,326;3610,340;3614,324;3619,338;3623,324;3627,316;3632,328;3636,316;3640,328;3645,314;3649,336;3653,320;3658,334;3662,320;3666,334;3671,320;3675,312;3679,324;3684,324;3688,324;3693,308;3697,322;3701,328;3706,342;3710,326;3714,340;3719,324;3723,316;3727,330;3732,314;3736,328;3740,312;3745,326;3749,332;3753,332;3758,318;3762,332;3767,330;3771,308;3775,322;3780,308;3784,334;3788,306;3793,334;3797,326;3801,340;3806,324;3810,338;3814,324;3819,338;3823,330;3827,314;3832,328;3836,314;3841,328;3845,320;3849,334;3854,318;3858,334;3862,318;3867,332;3871,324;3875,310;3880,322;3884,308;3888,322;3893,320;3897,342;3901,326;3906,340;3910,326;3915,338;3919,324;3923,316;3928,328;3932,312;3936,328;3941,312;3945,332;3949,318;3954,332;3958,330;3962,332;3967,328;3971,306;3975,334;3980,304;3984,332;3989,318;3993,330;3997,322;4002,336;4006,320;4010,336;4015,320;4019,312;4023,326;4028,310;4032,322;4036,310;4041,322;4045,328;4049,342;4054,326;4058,340;4063,326;4067,318;4071,330;4076,316;4080,330;4084,316;4089,328;4093,320;4097,334;4102,332;4106,332;4110,318;4115,332;4119,324;4124,308;4128,336;4132,318;4137,334;4141,326;4145,340;4150,324;4154,338;4158,322;4163,336;4167,328;4171,312;4176,326;4180,312;4184,326;4189,310;4193,344;4198,330;4202,342;4206,328;4211,342;4215,334;4219,304;4224,318;4228,316;4232,330;4237,316;4241,336;4245,320;4250,336;4254,320;4258,334;4263,320;4267,310;4272,324;4276,310;4280,324;4285,308;4289,330;4293,328;4298,328;4302,326;4306,340;4311,324;4315,304;4319,330;4324,314;4328,328;4332,314;4337,328;4341,334;4346,330;4350,318;4354,332;4359,332;4363,310;4367,324;4372,308;4376,336;4380,306;4385,334;4389,326;4393,340;4398,324;4402,338;4406,324;4411,302;4415,328;4420,314;4424,328;4428,312;4433,326;4437,332;4441,346;4446,316;4450,344;4454,328;4459,342;4463,320;4467,320;4472,332;4476,318;4480,332;4485,316;4489,338;4494,322;4498,336;4502,322;4507,336;4511,326;4515,312;4520,326;4524,310;4528,324;4533,310;4537,330;4541,330;4546,330;4550,328;4555,328;4559,318;4563,306;4568,318;4572,304;4576,318;4581,302;4585,324;4589,308;4594,336;4598,320;4602,334;4607,318;4611,312;4615,310;4620,296;4624,310;4629,308;4633,308;4637,314;4642,326;4646,312;4650,324;4655,310;4659,302;4663,314;4668,300;4672,312;4676,312;4681,326;4685,302;4689,316;4694,316;4698,316;4703,314;4707,306;4711,320;4716,304;4720,318;4724,302;4729,316;4733,322;4737,322;4742,320;4746,334;4750,320;4755,298;4759,324;4764,310;4768,324;4772,308;4777,322;4781,314;4785,328;4790,312;4794,340;4798,324;4803,338;4807,316;4811,302;4816,314;4820,300;4824,314;4829,312;4833,332;4838,316;4842,330;4846,316;4851,330;4855,320;4859,306;4864,318;4868,304;4872,318;4877,318;4881,324;4885,322;4890,336;4894,322;4898,322;4903,318;4907,312;4912,324;4916,310;4920,324;4925,308;4929,330;4933,314;4938,328;4942,326;4946,326;4951,312;4955,304;4959,316;4964,302;4968,316;4972,300;4977,314;4981,320;4986,334;4990,318;4994,332;4999,318;5003,310;5007,310;5012,294;5016,322;5020,308;5025,320;5029,312;5033,326;5038,312;5042,326;5046,308;5051,302;5055,316;5060,300;5064,314;5068,300;5073,312;5077,318;5081,318;5086,318;5090,318;5094,316;5099,330;5103,308;5107,292;5112,320;5116,302;5120,318;5125,310;5129,324;5134,322;5138,322;5142,322;5147,322;5151,326;5155,298;5160,326;5164,310;5168,324;5173,296;5177,332;5181,316;5186,330;5190,314;5195,328;5199,320;5203,304;5208,318;5212,304;5216,316;5221,302;5225,336;5229,320;5234,334;5238,320;5242,332;5247,318;5251,310;5255,322;5260,308;5264,322;5269,306;5273,328;5277,326;5282,326;5286,310;5290,324;5295,322;5299,300;5303,314;5308,312;5312,312;5316,312;5321,324;5325,316;5330,328;5334,314;5338,328;5343,326;5347,304;5351,318;5356,302;5360,316;5364,302;5369,316;5373,320;5377,320;5382,318;5386,332;5390,318;5395,296;5399,322;5404,308;5408,322;5412,292;5417,320;5421,312;5425,326;5430,310;5434,324;5438,322;5443,322;5447,314;5451,312;5456,312;5460,296;5464,310;5469,308;5473,316;5478,314;5482,328;5486,314;5491,326;5495,318;5499,304;5504,316;5508,302;5512,316;5517,302;5521,322;5525,320;5530,334;5534,320;5538,320;5543,318;5547,296;5552,322;5556,294;5560,322;5565,306;5569,326;5573,312;5578,340;5582,310;5586,338;5591,310;5595,300;5599,328;5604,298;5608,326;5612,310;5617,324;5621,316;5626,330;5630,314;5634,330;5639,314;5643,306;5647,318;5652,304;5656,316;5660,316;5665,316;5669,320;5673,334;5678,320;5682,332;5686,316;5691,308;5695,322;5700,308;5704,320;5708,306;5713,320;5717,312;5721,324;5726,324;5730,324;5734,322;5739,322;5743,328;5747,298;5752,326;5756,312;5760,312;5765,316;5769,330;5774,314;5778,328;5782,314;5787,326;5791,332;5795,318;5800,316;5804,302;5808,316;5813,314;5817,320;5821,306;5826,318;5830,318;5835,318;5839,308;5843,308;5848,320;5852,306;5856,306;5861,304;5865,324;5869,310;5874,322;5878,308;5882,320;5887,318;5891,298;5895,310;5900,310;5904,310;5909,294;5913,322;5917,314;5922,326;5926,312;5930,326;5935,324;5939,300;5943,314;5948,300;5952,326;5956,298;5961,324;5965,316;5969,330;5974,314;5978,328;5983,314;5987,304;5991,318;5996,302;6000,316;6004,300;6009,314;6013,318;6017,332;6022,316;6026,330;6030,316;6035,328;6039,320;6043,304;6048,318;6052,302;6057,316;6061,322;6065,324;6070,320;6074,334;6078,318;6083,318;6087,324;6091,308;6096,322;6100,306;6104,320;6109,306;6113,324;6117,310;6122,324;6126,322;6131,322;6135,314;6139,312;6144,326;6148,296;6152,324;6157,308;6161,328;6165,314;6170,326;6174,312;6178,326;6183,302;6187,288;6191,288;6196,272;6200,286;6205,284;6209,292;6213,290;6218,304;6222,288;6226,302;6231,286;6235,280;6239,292;6244,278;6248,278;6252,278;6257,298;6261,296;6266,296;6270,296;6274,282;6279,294;6283,258;6287,288;6292,286;6296,284;6300,286;6305,262;6309,276;6313,276;6318,288;6322,288;6326,288;6331,250;6335,292;6340,278;6344,292;6348,290;6353,304;6357,282;6361,266;6366,294;6370,294;6374,292;6379,270;6383,284;6387,282;6392,282;6396,268;6401,280;6405,286;6409,300;6414,284;6418,298;6422,282;6427,254;6431,288;6435,288;6440,272;6444,272;6448,270;6453,290;6457,292;6461,288;6466,288;6470,286;6475,258;6479,292;6483,276;6488,276;6492,288;6496,274;6501,258;6505,292;6509,292;6514,276;6518,290;6522,290;6527,280;6531,280;6535,278;6540,264;6544,290;6549,276;6553,282;6557,294;6562,294;6566,292;6570,292;6575,292;6579,270;6583,282;6588,254;6592,296;6596,280;\r\nBuffer sent in 0.973 secondsreturn;buffer;965\r\n'), 10:44:52
bytearray(b'received from UR: measure -> measure (0,1)\r\nSTEPPER: Moving to mstep: 6600 with speed [msteps/sec]: 1000 in StealthChop.\r\n'), 10:44:53
bytearray(b'STEPPER: Moving to mstep: 2400 with speed [msteps/sec]: 4000 in SpreadCycle.\r\n'), 10:44:57
bytearray(b'STEPPER: Moved 4200.00 msteps (ramp: 35%) in 1324.888 ms -> average speed [msteps/sec]: 3170.08\r\nreturn;measure;965\r\n'), 10:44:58
bytearray(b'received from UR: buffer -> buffer (0,1)\r\nSending buffer of size 965data;2400,306;2404,464;2408,146;2413,274;2417,316;2421,322;2426,336;2430,322;2434,336;2439,320;2443,326;2447,326;2452,312;2456,326;2460,324;2465,338;2469,316;2474,330;2478,328;2482,328;2487,326;2491,320;2495,332;2500,318;2504,330;2508,330;2513,330;2517,322;2521,336;2526,320;2530,334;2535,320;2539,334;2543,326;2548,310;2552,324;2556,310;2561,322;2565,330;2569,328;2574,314;2578,342;2582,326;2587,340;2591,318;2595,316;2600,330;2604,316;2609,330;2613,314;2617,334;2622,318;2626,332;2630,318;2635,330;2639,336;2643,322;2648,322;2652,320;2656,334;2661,318;2665,338;2669,324;2674,338;2678,322;2682,336;2687,320;2691,326;2696,326;2700,310;2704,322;2709,322;2713,342;2717,328;2722,328;2726,326;2730,340;2735,326;2739,304;2743,330;2748,316;2752,342;2757,314;2761,328;2765,334;2770,348;2774,318;2778,332;2783,318;2787,310;2791,324;2796,322;2800,336;2804,320;2809,334;2813,326;2817,340;2822,324;2826,338;2831,324;2835,316;2839,330;2844,328;2848,328;2852,312;2857,326;2861,318;2865,330;2870,318;2874,330;2878,330;2883,344;2887,324;2891,320;2896,334;2900,320;2905,332;2909,332;2913,338;2918,322;2922,336;2926,334;2931,334;2935,326;2939,312;2944,324;2948,324;2952,324;2957,308;2961,330;2965,328;2970,328;2974,326;2979,340;2983,324;2987,318;2992,330;2996,314;3000,314;3005,314;3009,334;3013,320;3018,332;3022,318;3026,332;3031,330;3035,308;3039,322;3044,320;3048,320;3053,320;3057,332;3061,324;3066,338;3070,322;3074,336;3079,320;3083,326;3087,326;3092,324;3096,324;3100,310;3105,324;3109,330;3113,342;3118,328;3122,328;3127,326;3131,320;3135,332;3140,304;3144,316;3148,316;3153,330;3157,322;3161,336;3166,320;3170,334;3174,320;3179,334;3183,324;3188,310;3192,322;3196,322;3201,334;3205,326;3209,340;3214,324;3218,338;3222,324;3227,338;3231,314;3235,314;3240,314;3244,326;3248,326;3253,324;3257,332;3262,316;3266,330;3270,328;3275,328;3279,320;3283,318;3288,332;3292,332;3296,330;3301,316;3305,336;3309,320;3314,334;3318,320;3322,332;3327,316;3331,322;3336,336;3340,320;3344,334;3349,318;3353,340;3357,324;3362,338;3366,322;3370,336;3375,322;3379,328;3383,328;3388,312;3392,326;3396,310;3401,324;3405,330;3410,330;3414,328;3418,328;3423,314;3427,320;3431,332;3436,318;3440,330;3444,332;3449,330;3453,320;3457,334;3462,320;3466,332;3470,318;3475,312;3479,324;3484,324;3488,336;3492,322;3497,322;3501,326;3505,326;3510,326;3514,326;3518,324;3523,326;3527,330;3531,316;3536,330;3540,314;3544,326;3549,328;3553,334;3558,318;3562,332;3566,318;3571,344;3575,338;3579,308;3584,320;3588,320;3592,334;3597,320;3601,340;3605,326;3610,340;3614,324;3618,338;3623,324;3627,318;3632,330;3636,316;3640,328;3645,328;3649,334;3653,320;3658,336;3662,318;3666,332;3671,332;3675,324;3679,324;3684,322;3688,322;3693,322;3697,336;3701,314;3706,328;3710,328;3714,328;3719,328;3723,320;3727,334;3732,318;3736,332;3740,318;3745,332;3749,324;3753,324;3758,336;3762,338;3767,322;3771,314;3775,328;3780,326;3784,340;3788,312;3793,326;3797,318;3801,332;3806,318;3810,332;3814,318;3819,330;3823,322;3827,320;3832,336;3836,320;3841,320;3845,326;3849,340;3854,324;3858,340;3862,324;3867,338;3871,330;3875,316;3880,328;3884,330;3888,328;3893,314;3897,334;3902,318;3906,332;3910,332;3915,332;3919,324;3923,322;3928,336;3932,308;3936,320;3941,320;3945,326;3949,324;3954,338;3958,324;3962,338;3967,336;3971,314;3976,328;3980,314;3984,328;3989,314;3993,326;3997,318;4002,332;4006,316;4010,344;4015,330;4019,306;4023,320;4028,320;4032,318;4036,318;4041,318;4045,324;4050,338;4054,322;4058,336;4063,322;4067,328;4071,326;4076,326;4080,326;4084,324;4089,326;4093,330;4097,332;4102,316;4106,330;4110,328;4115,328;4119,320;4124,320;4128,332;4132,318;4137,332;4141,324;4145,336;4150,322;4154,334;4158,322;4163,334;4167,326;4171,324;4176,338;4180,310;4184,322;4189,322;4193,342;4198,326;4202,340;4206,326;4211,340;4215,330;4219,316;4224,330;4228,314;4232,328;4237,328;4241,334;4245,318;4250,332;4254,318;4258,332;4263,330;4267,322;4272,336;4276,320;4280,320;4285,318;4289,340;4293,324;4298,338;4302,322;4306,336;4311,320;4315,312;4319,326;4324,310;4328,324;4333,324;4337,322;4341,328;4346,342;4350,326;4354,326;4359,326;4363,318;4367,332;4372,304;4376,330;4380,314;4385,328;4389,320;4393,334;4398,318;4402,332;4407,318;4411,324;4415,324;4420,322;4424,336;4428,322;4433,322;4437,328;4441,342;4446,312;4450,340;4454,324;4459,338;4463,330;4467,330;4472,328;4476,314;4481,328;4485,320;4489,332;4494,318;4498,332;4502,330;4507,330;4511,320;4515,320;4520,334;4524,320;4528,332;4533,318;4537,338;4541,324;4546,338;4550,322;4555,336;4559,328;4563,314;4568,326;4572,312;4576,312;4581,310;4585,332;4589,316;4594,330;4598,312;4602,328;4607,314;4611,306;4615,318;4620,304;4624,316;4629,316;4633,322;4637,320;4642,322;4646,320;4650,320;4655,318;4659,310;4663,310;4668,310;4672,308;4676,308;4681,322;4685,314;4689,314;4694,312;4698,312;4703,312;4707,304;4711,318;4716,316;4720,318;4724,302;4729,316;4733,322;4737,322;4742,320;4746,320;4750,320;4755,318;4759,310;4764,310;4768,324;4772,308;4777,322;4781,314;4785,328;4790,314;4794,326;4798,312;4803,326;4807,330;4811,314;4816,316;4820,314;4824,314;4829,312;4833,332;4838,318;4842,330;4846,316;4851,330;4855,322;4859,306;4864,320;4868,320;4872,318;4877,318;4881,324;4885,322;4890,336;4894,320;4898,334;4903,318;4907,312;4912,324;4916,308;4920,322;4925,320;4929,328;4933,312;4938,324;4942,310;4946,324;4951,324;4955,302;4959,314;4964,314;4968,326;4973,312;4977,318;4981,316;4986,316;4990,316;4994,328;4999,314;5003,306;5007,318;5012,304;5016,304;5020,316;5025,314;5029,306;5033,334;5038,318;5042,332;5047,316;5051,316;5055,306;5060,306;5064,318;5068,318;5073,316;5077,308;5081,320;5086,320;5090,318;5094,304;5099,316;5103,322;5107,308;5112,306;5116,306;5121,318;5125,310;5129,324;5134,308;5138,322;5142,320;5147,320;5151,326;5155,312;5160,324;5164,310;5168,324;5173,322;5177,328;5181,314;5186,328;5190,312;5195,340;5199,316;5203,302;5208,314;5212,314;5216,312;5221,312;5225,332;5229,316;5234,330;5238,316;5242,328;5247,314;5251,318;5255,318;5260,318;5264,302;5269,316;5273,314;5277,320;5282,320;5286,318;5290,332;5295,316;5299,308;5303,322;5308,320;5312,306;5316,318;5321,318;5325,324;5329,324;5334,308;5338,322;5343,308;5347,312;5351,324;5356,310;5360,322;5364,308;5369,318;5373,312;5377,324;5382,310;5386,322;5390,322;5395,298;5399,312;5404,310;5408,310;5412,308;5417,322;5421,312;5425,326;5430,312;5434,324;5438,310;5443,324;5447,316;5451,314;5456,312;5460,298;5464,312;5469,310;5473,316;5478,316;5482,316;5486,314;5491,314;5495,320;5499,318;5504,318;5508,304;5512,316;5517,302;5521,324;5525,322;5530,322;5534,320;5538,318;5543,320;5547,310;5552,324;5556,308;5560,322;5565,308;5569,328;5573,312;5578,326;5582,322;5586,324;5591,322;5595,314;5599,328;5604,314;5608,326;5612,312;5617,326;5621,316;5626,330;5630,314;5634,328;5639,312;5643,306;5647,318;5652,318;5656,316;5660,316;5665,314;5669,320;5673,334;5678,318;5682,318;5686,316;5691,318;5695,322;5700,306;5704,320;5708,320;5713,318;5717,312;5721,324;5726,308;5730,322;5734,320;5739,320;5743,326;5747,310;5752,324;5756,308;5760,308;5765,314;5769,328;5774,312;5778,326;5782,310;5787,324;5791,318;5795,302;5800,316;5804,314;5808,328;5813,312;5817,318;5821,318;5826,330;5830,316;5835,316;5839,314;5843,306;5848,306;5852,304;5856,318;5861,316;5865,322;5869,308;5874,320;5878,320;5882,320;5887,318;5891,310;5895,322;5900,308;5904,322;5909,320;5913,312;5917,310;5922,324;5926,308;5930,322;5935,308;5939,298;5943,312;5948,310;5952,324;5956,308;5961,322;5965,314;5969,326;5974,312;5978,326;5983,312;5987,302;5991,316;5996,314;6000,314;6004,312;6009,326;6013,304;6017,332;6022,316;6026,330;6030,316;6035,330;6039,322;6044,306;6048,306;6052,306;6057,306;6061,324;6065,324;6070,310;6074,322;6078,308;6083,322;6087,314;6091,312;6096,326;6100,312;6104,310;6109,310;6113,330;6118,314;6122,316;6126,314;6131,328;6135,320;6139,320;6144,320;6148,304;6152,318;6157,316;6161,308;6165,308;6170,322;6174,306;6178,320;6183,304;6187,296;6192,282;6196,280;6200,294;6205,280;6209,300;6213,298;6218,298;6222,298;6226,296;6231,274;6235,288;6239,286;6244,286;6248,286;6252,284;6257,292;6261,290;6266,276;6270,276;6274,288;6279,288;6283,280;6287,280;6292,292;6296,278;6300,292;6305,284;6309,282;6313,296;6318,280;6322,282;6326,280;6331,286;6335,298;6340,284;6344,296;6348,282;6353,296;6357,272;6361,286;6366,286;6370,300;6374,284;6379,276;6383,276;6387,274;6392,274;6396,286;6400,286;6405,290;6409,304;6414,290;6418,302;6422,288;6427,288;6431,278;6435,278;6440,276;6444,276;6448,274;6453,280;6457,250;6461,278;6466,292;6470,290;6475,290;6479,296;6483,294;6488,280;6492,278;6496,264;6501,278;6505,284;6509,282;6514,282;6518,280;6522,294;6527,286;6531,286;6535,270;6540,284;6544,282;6549,268;6553,290;6557,288;6562,286;6566,286;6570,300;6575,284;6579,276;6583,276;6588,274;6592,274;6596,274;\r\nBuffer sent in 0.973 secondsreturn;buffer;965\r\n'), 10:45:00
bytearray(b'received from UR: measure -> measure (0,1)\r\nSTEPPER: Moving to mstep: 6600 with speed [msteps/sec]: 1000 in StealthChop.\r\n'), 10:45:01
bytearray(b'STEPPER: Moving to mstep: 2400 with speed [msteps/sec]: 4000 in SpreadCycle.\r\n'), 10:45:06
bytearray(b'STEPPER: Moved 4200.00 msteps (ramp: 35%) in 1324.888 ms -> average speed [msteps/sec]: 3170.08\r\nreturn;measure;965\r\n'), 10:45:07
bytearray(b'received from UR: buffer -> buffer (0,1)\r\nSending buffer of size 965data;2400,300;2404,468;2408,138;2413,278;2417,320;2421,326;2426,340;2430,326;2434,340;2439,324;2443,330;2447,328;2452,328;2456,328;2460,312;2465,326;2469,318;2474,332;2478,318;2482,330;2487,316;2491,322;2495,322;2500,334;2504,334;2508,320;2513,332;2517,324;2521,324;2526,324;2530,336;2534,322;2539,314;2543,326;2548,326;2552,340;2556,324;2561,324;2565,330;2569,330;2574,328;2578,328;2582,312;2587,340;2591,318;2595,318;2600,330;2604,316;2609,328;2613,320;2617,334;2622,320;2626,332;2630,318;2635,332;2639,324;2643,322;2648,336;2652,320;2656,320;2661,320;2665,326;2669,324;2674,324;2678,324;2683,338;2687,322;2691,328;2696,328;2700,314;2704,326;2709,312;2713,332;2717,330;2722,330;2726,330;2730,330;2735,314;2739,320;2743,332;2748,318;2752,332;2757,304;2761,318;2765,324;2770,338;2774,322;2778,336;2783,320;2787,312;2791,326;2796,326;2800,338;2804,324;2809,324;2813,316;2817,342;2822,328;2826,342;2831,312;2835,318;2839,318;2844,318;2848,330;2852,316;2857,328;2861,320;2865,334;2870,320;2874,334;2878,318;2883,332;2887,322;2891,322;2896,336;2900,320;2905,320;2909,326;2913,340;2918,324;2922,338;2926,322;2931,336;2935,328;2939,326;2944,340;2948,326;2952,324;2957,310;2961,330;2965,328;2970,328;2974,314;2979,342;2983,320;2987,318;2992,332;2996,302;3000,330;3005,316;3009,336;3013,320;3018,334;3022,318;3026,332;3031,330;3035,308;3039,322;3044,322;3048,322;3053,306;3057,320;3061,326;3066,326;3070,312;3074,324;3079,324;3083,328;3087,328;3092,328;3096,326;3100,312;3105,326;3109,332;3114,332;3118,330;3122,330;3127,316;3131,308;3135,336;3140,320;3144,334;3148,320;3153,332;3157,324;3161,324;3166,324;3170,338;3174,322;3179,336;3183,326;3188,312;3192,326;3196,310;3201,338;3205,328;3209,344;3214,328;3218,342;3222,314;3227,328;3231,332;3235,318;3240,332;3244,316;3248,316;3253,328;3257,336;3262,320;3266,334;3270,318;3275,332;3279,324;3283,324;3288,322;3292,308;3296,322;3301,320;3305,340;3309,326;3314,326;3318,324;3322,324;3327,322;3331,330;3336,330;3340,328;3344,326;3349,312;3353,332;3357,332;3362,330;3366,316;3370,330;3375,316;3379,320;3383,334;3388,306;3392,320;3396,318;3401,332;3405,324;3410,338;3414,322;3418,336;3423,322;3427,328;3431,328;3436,312;3440,326;3444,324;3449,324;3453,316;3457,330;3462,330;3466,330;3470,314;3475,328;3479,320;3484,320;3488,332;3492,318;3497,318;3501,322;3505,338;3510,324;3514,336;3518,322;3523,336;3527,328;3531,328;3536,340;3540,312;3545,340;3549,318;3553,332;3558,316;3562,330;3566,328;3571,330;3575,322;3579,306;3584,320;3588,306;3592,332;3597,318;3601,340;3605,324;3610,338;3614,322;3619,336;3623,320;3627,326;3632,326;3636,326;3640,324;3645,308;3649,330;3653,328;3658,330;3662,312;3666,340;3671,324;3675,330;3679,330;3684,330;3688,328;3693,314;3697,326;3701,332;3706,332;3710,316;3714,330;3719,330;3723,322;3727,334;3732,320;3736,320;3740,304;3745,318;3749,322;3753,336;3758,320;3762,334;3767,318;3771,324;3775,338;3780,322;3784,322;3788,308;3793,320;3797,326;3801,340;3806,326;3810,338;3814,322;3819,338;3823,316;3828,314;3832,328;3836,328;3841,326;3845,318;3849,332;3854,316;3858,344;3862,316;3867,330;3871,334;3875,320;3880,334;3884,318;3888,318;3893,318;3897,324;3902,322;3906,336;3910,322;3915,334;3919,334;3923,326;3928,324;3932,310;3936,324;3941,324;3945,330;3949,314;3954,330;3958,328;3962,328;3967,326;3971,318;3976,330;3980,318;3984,330;3989,330;3993,336;3997,322;4002,336;4006,320;4010,334;4015,320;4019,326;4023,324;4028,310;4032,324;4036,308;4041,322;4045,328;4050,342;4054,326;4058,340;4063,326;4067,318;4071,318;4076,316;4080,330;4084,330;4089,328;4093,320;4097,334;4102,318;4106,332;4110,332;4115,332;4119,324;4124,308;4128,322;4132,322;4137,336;4141,328;4145,326;4150,326;4154,326;4158,326;4163,326;4167,330;4171,314;4176,330;4180,328;4184,330;4189,314;4193,334;4198,318;4202,332;4206,330;4211,332;4215,322;4219,308;4224,320;4228,322;4232,334;4237,320;4241,340;4245,324;4250,326;4254,324;4258,336;4263,324;4267,314;4272,328;4276,312;4280,326;4285,326;4289,332;4293,316;4298,330;4302,316;4306,330;4311,328;4315,320;4319,334;4324,306;4328,320;4333,318;4337,332;4341,324;4346,324;4350,322;4354,336;4359,336;4363,314;4367,328;4372,312;4376,326;4380,326;4385,340;4389,318;4393,332;4398,316;4402,330;4407,330;4411,322;4415,322;4420,306;4424,320;4428,306;4433,332;4437,326;4441,340;4446,324;4450,338;4454,322;4459,336;4463,328;4467,328;4472,326;4476,312;4481,326;4485,324;4489,332;4494,316;4498,330;4502,316;4507,328;4511,334;4515,320;4520,334;4524,320;4528,320;4533,304;4537,326;4541,324;4546,338;4550,324;4555,338;4559,316;4563,302;4568,316;4572,316;4576,328;4581,314;4585,320;4589,304;4594,318;4598,318;4602,318;4607,316;4611,294;4616,308;4620,306;4624,320;4629,320;4633,326;4637,310;4642,310;4646,308;4650,322;4655,308;4659,314;4663,312;4668,298;4672,310;4676,310;4681,310;4685,316;4690,316;4694,314;4698,312;4703,312;4707,304;4711,318;4716,318;4720,318;4724,316;4729,316;4733,320;4737,320;4742,318;4746,318;4750,316;4755,330;4759,308;4764,308;4768,322;4772,306;4777,318;4781,310;4785,324;4790,310;4794,322;4798,308;4803,334;4807,312;4811,312;4816,324;4820,310;4824,322;4829,308;4833,328;4838,312;4842,326;4846,310;4851,324;4855,316;4859,316;4864,330;4868,314;4872,314;4877,314;4881,318;4885,318;4890,318;4894,316;4898,330;4903,314;4907,320;4912,318;4916,304;4920,316;4925,316;4929,322;4933,306;4938,320;4942,318;4946,332;4951,316;4955,308;4959,320;4964,306;4968,306;4973,304;4977,318;4981,324;4986,308;4990,308;4994,320;4999,306;5003,312;5007,324;5012,310;5016,324;5020,310;5025,322;5029,314;5033,326;5038,312;5042,326;5047,310;5051,316;5055,314;5060,314;5064,312;5068,298;5073,310;5077,316;5081,316;5086,302;5090,314;5094,312;5099,312;5103,318;5107,318;5112,316;5116,300;5121,314;5125,320;5129,320;5134,304;5138,316;5142,316;5147,316;5151,322;5155,306;5160,318;5164,304;5168,316;5173,302;5177,336;5181,320;5186,306;5190,318;5195,318;5199,324;5203,308;5208,322;5212,308;5216,320;5221,318;5225,324;5229,308;5234,322;5238,322;5242,320;5247,306;5251,310;5255,310;5260,322;5264,322;5269,320;5273,312;5277,310;5282,324;5286,322;5290,322;5295,306;5299,312;5303,312;5308,324;5312,322;5316,322;5321,322;5325,314;5329,326;5334,326;5338,324;5343,310;5347,302;5351,314;5356,300;5360,326;5364,312;5369,324;5373,302;5377,330;5382,314;5386,328;5390,314;5395,328;5399,318;5403,304;5408,316;5412,302;5417,314;5421,320;5425,320;5430,306;5434,318;5438,318;5443,332;5447,322;5451,308;5456,320;5460,306;5464,306;5469,304;5473,324;5478,310;5482,324;5486,322;5491,308;5495,312;5499,298;5504,310;5508,310;5512,310;5517,294;5521,328;5525,314;5530,314;5534,312;5539,326;5543,318;5547,316;5552,330;5556,316;5560,330;5565,300;5569,334;5573,318;5578,332;5582,304;5586,318;5591,316;5595,322;5599,322;5604,308;5608,320;5613,306;5617,320;5621,312;5626,324;5630,310;5634,324;5639,308;5643,314;5647,328;5652,314;5656,312;5660,312;5665,310;5669,316;5673,316;5678,314;5682,314;5687,312;5691,318;5695,318;5700,316;5704,316;5708,302;5713,314;5717,320;5721,334;5726,318;5730,330;5734,316;5739,330;5743,322;5747,308;5752,320;5756,304;5761,318;5765,310;5769,324;5774,308;5778,322;5782,308;5787,320;5791,312;5795,312;5800,324;5804,310;5808,308;5813,294;5817,328;5821,312;5826,326;5830,310;5835,324;5839,302;5843,316;5848,314;5852,314;5856,312;5861,298;5865,318;5869,316;5874,316;5878,314;5882,314;5887,312;5891,318;5895,318;5900,318;5904,316;5909,302;5913,322;5917,320;5922,320;5926,304;5930,318;5935,316;5939,322;5943,320;5948,308;5952,320;5956,306;5961,320;5965,312;5969,326;5974,310;5978,324;5983,308;5987,316;5991,328;5996,314;6000,326;6004,310;6009,312;6013,316;6017,330;6022,302;6026,328;6030,314;6035,328;6039,320;6044,318;6048,318;6052,302;6057,316;6061,308;6065,322;6070,306;6074,320;6078,320;6083,320;6087,324;6091,324;6096,324;6100,308;6104,308;6109,308;6113,328;6118,312;6122,326;6126,324;6131,324;6135,316;6139,300;6144,314;6148,314;6152,326;6157,312;6161,318;6165,316;6170,316;6174,314;6178,328;6183,304;6187,288;6192,288;6196,288;6200,286;6205,272;6209,306;6213,290;6218,290;6222,288;6226,302;6231,280;6235,278;6239,278;6244,278;6248,276;6253,276;6257,296;6261,296;6266,280;6270,294;6274,294;6279,292;6283,256;6287,284;6292,282;6296,296;6300,282;6305,272;6309,272;6313,256;6318,284;6322,298;6327,282;6331,288;6335,302;6340,286;6344,300;6348,270;6353,284;6357,290;6361,288;6366,288;6370,302;6374,286;6379,266;6383,276;6387,276;6392,276;6396,258;6401,288;6405,294;6409,292;6414,278;6418,276;6422,276;6427,248;6431,280;6435,280;6440,280;6444,278;6448,278;6453,270;6457,284;6461,282;6466,296;6470,294;6475,294;6479,286;6483,286;6488,284;6492,256;6496,284;6501,296;6505,288;6509,288;6514,272;6518,272;6522,256;6527,290;6531,276;6536,290;6540,276;6544,288;6549,260;6553,294;6557,292;6562,292;6566,278;6570,290;6575,290;6579,282;6583,280;6588,266;6592,278;6596,278;\r\nBuffer sent in 0.973 secondsreturn;buffer;965\r\n'), 10:45:09
bytearray(b'received from UR: measure -> measure (0,1)\r\nSTEPPER: Moving to mstep: 6600 with speed [msteps/sec]: 1000 in StealthChop.\r\n'), 10:45:10
bytearray(b'STEPPER: Moving to mstep: 2400 with speed [msteps/sec]: 4000 in SpreadCycle.\r\n'), 10:45:14
bytearray(b'STEPPER: Moved 4200.00 msteps (ramp: 35%) in 1324.888 ms -> average speed [msteps/sec]: 3170.08\r\nreturn;measure;965\r\n'), 10:45:16
bytearray(b'received from UR: buffer -> buffer (0,1)\r\nSending buffer of size 965data;2400,294;2404,444;2408,198;2413,284;2417,312;2421,318;2426,346;2430,330;2434,344;2439,328;2443,320;2447,320;2452,318;2456,332;2460,316;2465,330;2469,322;2473,336;2478,320;2482,334;2487,320;2491,324;2495,324;2500,324;2504,322;2508,322;2513,334;2517,326;2521,326;2526,326;2530,326;2534,324;2539,338;2543,328;2548,314;2552,328;2556,312;2561,326;2565,318;2569,332;2574,316;2578,330;2582,330;2587,330;2591,334;2595,306;2600,320;2604,318;2608,318;2613,306;2617,338;2622,324;2626,338;2630,324;2635,338;2639,328;2643,328;2648,328;2652,314;2656,326;2661,326;2665,334;2669,332;2674,332;2678,318;2682,332;2687,330;2691,322;2696,336;2700,308;2704,320;2709,320;2713,340;2717,326;2722,340;2726,324;2730,324;2735,324;2739,316;2743,330;2748,314;2752,328;2756,314;2761,326;2765,320;2770,332;2774,318;2778,332;2783,330;2787,308;2791,322;2796,308;2800,322;2804,320;2809,334;2813,326;2817,340;2822,324;2826,338;2831,322;2835,336;2839,328;2844,314;2848,328;2852,326;2857,326;2861,318;2865,332;2870,330;2874,330;2878,316;2883,328;2887,334;2891,320;2896,332;2900,332;2905,332;2909,318;2913,338;2918,322;2922,336;2926,322;2931,334;2935,326;2939,326;2944,340;2948,312;2952,324;2957,324;2961,344;2965,316;2970,330;2974,328;2979,328;2983,328;2987,320;2992,332;2996,316;3000,332;3005,316;3009,336;3013,336;3018,336;3022,320;3026,334;3031,320;3035,326;3039,324;3044,310;3048,310;3053,310;3057,322;3061,328;3066,328;3070,328;3074,326;3079,326;3083,318;3087,332;3092,316;3096,330;3100,330;3105,328;3109,320;3113,320;3118,318;3122,332;3127,332;3131,310;3135,336;3140,322;3144,336;3148,306;3153,320;3157,326;3161,340;3166,324;3170,338;3174,322;3179,336;3183,328;3187,328;3192,326;3196,326;3201,338;3205,316;3209,330;3214,328;3218,342;3222,314;3227,340;3231,332;3235,318;3240,330;3244,316;3248,328;3253,328;3257,332;3262,318;3266,332;3270,332;3275,332;3279,322;3283,322;3288,336;3292,320;3296,320;3301,320;3305,340;3309,324;3314,326;3318,324;3322,336;3327,336;3331,314;3336,326;3340,312;3344,326;3349,324;3353,330;3357,330;3362,330;3366,328;3370,328;3375,326;3379,318;3383,332;3388,316;3392,330;3396,316;3401,316;3405,320;3410,334;3414,320;3418,334;3423,318;3427,324;3431,324;3436,308;3440,322;3444,322;3449,334;3453,312;3457,340;3462,324;3466,338;3470,324;3475,316;3479,328;3484,328;3488,328;3492,314;3497,326;3501,318;3505,332;3510,330;3514,344;3518,328;3523,328;3527,320;3531,318;3536,332;3540,318;3544,332;3549,316;3553,336;3558,322;3562,334;3566,318;3571,332;3575,322;3579,322;3584,336;3588,308;3592,334;3597,320;3601,340;3605,324;3610,338;3614,324;3618,336;3623,322;3627,326;3632,326;3636,312;3640,324;3645,324;3649,330;3653,314;3658,328;3662,328;3666,328;3671,326;3675,332;3679,330;3684,316;3688,330;3692,328;3697,328;3701,320;3706,334;3710,318;3714,332;3719,330;3723,310;3727,322;3732,322;3736,336;3740,320;3745,334;3749,326;3753,324;3758,324;3762,336;3767,322;3771,314;3775,328;3780,312;3784,326;3788,326;3793,324;3797,330;3801,330;3806,314;3810,328;3814,326;3819,328;3823,332;3827,318;3832,330;3836,316;3841,330;3845,320;3849,334;3854,318;3858,334;3862,318;3867,332;3871,322;3875,322;3880,320;3884,320;3888,318;3893,320;3897,338;3901,322;3906,336;3910,322;3915,336;3919,334;3923,312;3928,326;3932,324;3936,338;3941,308;3945,328;3949,328;3954,328;3958,326;3962,326;3967,324;3971,316;3976,330;3980,314;3984,314;3989,314;3993,334;3997,318;4002,332;4006,318;4010,332;4015,316;4019,322;4023,322;4028,320;4032,334;4036,318;4041,332;4045,324;4050,338;4054,322;4058,336;4063,322;4067,314;4071,326;4076,326;4080,326;4084,324;4089,324;4093,330;4097,344;4102,328;4106,328;4110,326;4115,340;4119,332;4124,316;4128,316;4132,316;4137,328;4141,320;4145,334;4150,320;4154,332;4158,330;4163,332;4167,324;4171,322;4176,334;4180,320;4184,334;4189,320;4193,338;4198,324;4202,336;4206,322;4211,334;4215,326;4219,326;4224,324;4228,324;4232,322;4237,322;4241,338;4245,324;4250,338;4254,322;4258,336;4263,320;4267,326;4272,326;4276,324;4280,336;4285,322;4289,326;4293,326;4298,324;4302,324;4306,336;4311,322;4315,312;4319,326;4324,324;4328,338;4332,308;4337,324;4341,328;4346,326;4350,326;4354,326;4359,324;4363,316;4367,330;4372,314;4376,328;4380,312;4385,326;4389,330;4393,330;4398,328;4402,342;4406,314;4411,342;4415,332;4420,316;4424,330;4428,330;4433,328;4437,318;4441,332;4446,318;4450,332;4454,316;4459,330;4463,334;4467,318;4472,332;4476,332;4481,330;4485,314;4489,334;4494,320;4498,332;4502,330;4507,330;4511,322;4515,306;4520,334;4524,318;4528,332;4533,316;4537,336;4541,334;4546,334;4550,332;4555,332;4559,324;4563,322;4568,322;4572,320;4576,320;4581,304;4585,324;4589,308;4594,320;4598,306;4602,332;4607,318;4611,308;4615,322;4620,306;4624,306;4629,318;4633,324;4637,308;4642,322;4646,320;4650,318;4655,316;4659,308;4663,320;4668,320;4672,304;4676,304;4681,304;4685,322;4689,322;4694,320;4698,318;4703,304;4707,308;4711,322;4716,306;4720,320;4724,306;4729,318;4733,310;4737,322;4742,308;4746,320;4750,320;4755,318;4759,324;4763,310;4768,322;4772,306;4777,320;4781,310;4785,324;4790,308;4794,324;4798,320;4803,334;4807,326;4811,312;4816,324;4820,310;4824,324;4829,322;4833,328;4838,314;4842,328;4846,312;4851,340;4855,316;4859,302;4864,316;4868,314;4872,328;4877,312;4881,318;4885,318;4890,316;4894,316;4898,328;4903,314;4907,320;4912,306;4916,318;4920,318;4925,318;4929,324;4933,308;4938,322;4942,322;4946,320;4951,320;4955,312;4959,312;4964,310;4968,324;4972,308;4977,322;4981,314;4986,326;4990,312;4994,326;4999,310;5003,316;5007,316;5012,298;5016,314;5020,314;5025,312;5029,306;5033,318;5038,316;5042,316;5046,316;5051,306;5055,306;5060,318;5064,318;5068,302;5073,316;5077,308;5081,320;5086,320;5090,318;5094,318;5099,330;5103,322;5107,306;5112,306;5116,306;5121,318;5125,310;5129,322;5134,308;5138,322;5142,320;5147,320;5151,326;5155,310;5160,324;5164,310;5168,322;5173,306;5177,326;5181,312;5186,326;5190,310;5195,324;5199,308;5203,314;5208,328;5212,312;5216,326;5221,310;5225,330;5229,314;5234,328;5238,312;5242,326;5247,312;5251,316;5255,316;5260,314;5264,314;5269,312;5273,310;5277,316;5282,330;5286,316;5290,316;5295,314;5299,320;5303,318;5308,318;5312,318;5316,316;5321,316;5325,320;5329,306;5334,318;5338,318;5343,316;5347,308;5351,322;5356,306;5360,318;5364,318;5369,318;5373,308;5377,322;5382,306;5386,320;5390,318;5395,318;5399,322;5403,308;5408,320;5412,304;5417,318;5421,310;5425,322;5430,322;5434,320;5438,318;5443,318;5447,310;5451,322;5456,322;5460,306;5464,306;5469,304;5473,310;5477,308;5482,308;5486,308;5491,306;5495,312;5499,298;5504,310;5508,310;5512,308;5517,308;5521,314;5525,312;5530,326;5534,310;5538,324;5543,322;5547,300;5552,326;5556,312;5560,324;5565,310;5569,330;5573,316;5578,328;5582,314;5586,328;5591,312;5595,304;5599,318;5604,316;5608,330;5612,302;5617,314;5621,320;5626,320;5630,304;5634,332;5639,316;5643,308;5647,308;5652,306;5656,320;5660,304;5665,318;5669,310;5673,322;5678,322;5682,320;5687,318;5691,310;5695,310;5700,308;5704,308;5708,322;5713,320;5717,312;5721,324;5726,324;5730,324;5734,322;5739,334;5743,326;5747,310;5752,324;5756,308;5761,322;5765,314;5769,326;5774,312;5778,326;5782,308;5787,324;5791,314;5795,314;5800,326;5804,312;5808,326;5813,310;5817,316;5821,314;5826,328;5830,312;5835,326;5839,316;5843,316;5848,314;5852,300;5856,312;5861,312;5865,318;5869,316;5874,314;5878,300;5882,312;5887,312;5891,316;5895,316;5900,302;5904,314;5909,312;5913,320;5917,318;5922,330;5926,314;5930,328;5935,312;5939,318;5943,332;5948,302;5952,316;5956,314;5961,326;5965,318;5969,318;5974,316;5978,330;5983,316;5987,320;5991,320;5996,318;6000,330;6004,302;6009,328;6013,318;6017,320;6022,316;6026,330;6030,314;6035,328;6039,306;6043,318;6048,316;6052,316;6057,314;6061,320;6065,332;6070,318;6074,330;6078,314;6083,328;6087,318;6091,318;6096,316;6100,316;6104,316;6109,314;6113,320;6118,318;6122,318;6126,316;6131,316;6135,322;6139,320;6144,320;6148,304;6152,318;6157,316;6161,322;6165,308;6170,320;6174,304;6178,318;6183,302;6187,294;6192,292;6196,290;6200,290;6205,288;6209,266;6213,294;6218,292;6222,292;6226,290;6231,290;6235,294;6239,280;6244,278;6248,276;6252,290;6257,296;6261,296;6266,294;6270,294;6274,292;6279,292;6283,284;6287,270;6292,282;6296,282;6300,282;6305,288;6309,286;6313,286;6318,284;6322,284;6327,282;6331,274;6335,286;6340,272;6344,272;6348,270;6353,284;6357,290;6361,290;6366,288;6370,302;6374,288;6379,278;6383,278;6387,276;6392,276;6396,276;6401,274;6405,294;6409,294;6414,278;6418,262;6422,290;6427,292;6431,282;6435,280;6440,280;6444,278;6448,278;6453,284;6457,298;6461,296;6466,296;6470,280;6475,252;6479,286;6483,284;6488,270;6492,270;6496,282;6501,280;6505,288;6509,286;6514,256;6518,284;6522,298;6527,276;6531,274;6535,286;6540,272;6544,286;6549,286;6553,292;6557,290;6562,290;6566,290;6570,302;6575,288;6579,280;6583,280;6588,278;6592,292;6596,276;\r\nBuffer sent in 0.973 secondsreturn;buffer;965\r\n'), 10:45:18
bytearray(b'received from UR: measure -> measure (0,1)\r\nSTEPPER: Moving to mstep: 6600 with speed [msteps/sec]: 1000 in StealthChop.\r\n'), 10:45:19
bytearray(b'STEPPER: Moving to mstep: 2400 with speed [msteps/sec]: 4000 in SpreadCycle.\r\n'), 10:45:23
bytearray(b'STEPPER: Moved 4200.00 msteps (ramp: 35%) in 1324.888 ms -> average speed [msteps/sec]: 3170.08\r\nreturn;measure;965\r\n'), 10:45:24
bytearray(b'received from UR: buffer -> buffer (0,1)\r\nSending buffer of size 965data;2400,302;2404,454;2408,166;2413,266;2417,308;2421,328;2426,342;2430,312;2434,340;2439,324;2443,330;2447,316;2452,314;2456,314;2460,312;2465,326;2469,318;2474,332;2478,316;2482,330;2487,314;2491,334;2495,334;2500,332;2504,318;2508,316;2513,330;2517,322;2521,334;2526,320;2530,334;2534,318;2539,332;2543,336;2548,322;2552,322;2556,306;2561,320;2565,324;2569,338;2574,322;2578,336;2582,320;2587,334;2591,340;2595,324;2600,324;2604,308;2609,322;2613,306;2617,340;2622,324;2626,338;2630,322;2635,336;2639,328;2643,328;2648,326;2652,326;2656,324;2661,310;2665,330;2669,314;2674,342;2678,326;2683,340;2687,316;2691,330;2696,330;2700,328;2704,326;2709,312;2713,332;2717,330;2722,330;2726,316;2730,328;2735,328;2739,306;2743,320;2748,318;2752,330;2757,302;2761,330;2765,322;2770,334;2774,320;2778,334;2783,318;2787,324;2791,338;2796,322;2800,322;2804,304;2809,318;2813,324;2817,336;2822,322;2826,336;2831,320;2835,310;2839,324;2844,324;2848,336;2852,322;2857,320;2861,312;2865,326;2870,324;2874,338;2878,322;2883,336;2887,326;2891,326;2896,326;2900,324;2905,324;2909,314;2913,328;2918,328;2922,326;2926,326;2931,326;2935,330;2939,330;2944,342;2948,328;2952,328;2957,312;2961,332;2965,332;2970,330;2974,316;2979,344;2983,320;2987,320;2992,332;2996,318;3000,330;3005,316;3009,336;3013,320;3018,334;3022,318;3026,332;3031,316;3035,322;3039,336;3044,320;3048,320;3053,306;3057,326;3061,324;3066,338;3070,322;3074,334;3079,320;3083,312;3087,324;3092,324;3096,324;3100,322;3105,320;3109,326;3114,340;3118,324;3122,338;3127,322;3131,314;3135,328;3140,312;3144,340;3148,310;3153,338;3157,316;3161,328;3166,328;3170,326;3174,324;3179,338;3183,330;3188,330;3192,344;3196,314;3201,340;3205,318;3209,332;3214,330;3218,330;3222,328;3227,342;3231,320;3235,318;3240,332;3244,318;3248,330;3253,316;3257,336;3262,320;3266,334;3270,318;3275,332;3279,338;3283,322;3288,322;3292,320;3296,320;3301,320;3305,326;3309,324;3314,324;3318,322;3322,336;3327,322;3331,328;3336,326;3340,312;3344,324;3349,324;3353,330;3357,328;3362,328;3366,328;3370,326;3375,326;3379,318;3383,330;3388,316;3392,328;3396,300;3401,326;3405,318;3410,346;3414,332;3418,344;3423,328;3427,308;3431,320;3436,334;3440,332;3444,318;3449,318;3453,322;3457,336;3462,322;3466,334;3470,320;3475,332;3479,324;3484,310;3488,322;3492,322;3497,334;3501,326;3505,324;3510,324;3514,336;3518,322;3523,334;3527,326;3531,310;3536,324;3540,322;3544,336;3549,322;3553,328;3558,326;3562,326;3566,324;3571,338;3575,342;3579,314;3584,326;3588,312;3592,324;3597,324;3601,330;3605,314;3610,340;3614,326;3619,340;3623,324;3627,316;3632,328;3636,312;3640,312;3645,312;3649,346;3653,330;3658,344;3662,328;3666,328;3671,314;3675,332;3679,332;3684,330;3688,330;3693,314;3697,328;3701,332;3706,332;3710,316;3714,330;3719,314;3723,320;3727,334;3732,318;3736,332;3740,316;3745,330;3749,322;3754,334;3758,320;3762,332;3767,316;3771,308;3775,336;3780,320;3784,334;3788,318;3793,332;3797,322;3801,336;3806,322;3810,334;3814,320;3819,332;3823,324;3828,324;3832,336;3836,322;3841,322;3845,314;3849,326;3854,324;3858,338;3862,322;3867,336;3871,326;3875,326;3880,326;3884,324;3888,324;3893,310;3897,328;3902,328;3906,328;3910,326;3915,340;3919,330;3923,316;3928,330;3932,314;3936,328;3941,312;3945,332;3949,330;3954,330;3958,314;3962,328;3967,314;3971,318;3976,332;3980,316;3984,328;3989,314;3993,332;3997,318;4002,346;4006,316;4010,330;4015,328;4019,320;4023,334;4028,318;4032,318;4036,330;4041,330;4045,322;4050,334;4054,320;4058,332;4063,318;4067,324;4071,322;4076,322;4080,320;4084,318;4089,318;4093,322;4097,336;4102,320;4106,332;4110,318;4115,332;4119,336;4124,322;4128,334;4132,306;4137,318;4141,324;4145,324;4150,322;4154,334;4158,320;4163,334;4167,338;4171,322;4176,322;4180,306;4184,320;4189,306;4193,338;4198,324;4202,338;4206,322;4211,334;4215,326;4219,326;4224,324;4228,324;4232,322;4237,308;4241,328;4245,326;4250,340;4254,324;4258,338;4263,322;4267,314;4272,326;4276,312;4280,324;4285,324;4289,328;4293,314;4298,328;4302,326;4306,326;4311,324;4315,302;4319,328;4324,328;4328,342;4333,312;4337,326;4341,316;4346,330;4350,328;4354,328;4359,312;4363,320;4367,330;4372,328;4376,342;4380,314;4385,326;4389,318;4393,330;4398,330;4402,330;4407,328;4411,318;4415,318;4420,332;4424,330;4428,316;4433,328;4437,320;4441,334;4446,318;4450,346;4454,316;4459,330;4463,322;4467,308;4472,320;4476,334;4481,332;4485,324;4489,336;4494,322;4498,336;4502,320;4507,334;4511,324;4515,310;4520,322;4524,322;4528,334;4533,320;4537,326;4541,324;4546,324;4550,322;4555,336;4559,320;4563,312;4568,312;4572,296;4576,310;4581,308;4585,328;4589,314;4594,326;4598,312;4602,326;4607,310;4611,316;4615,330;4620,314;4624,314;4629,312;4633,318;4637,318;4642,318;4646,302;4650,316;4655,302;4659,322;4663,320;4668,320;4672,318;4676,304;4681,304;4685,310;4689,308;4694,306;4698,320;4703,320;4707,310;4711,310;4716,310;4720,322;4724,308;4729,322;4733,314;4737,326;4742,312;4746,326;4750,310;4755,302;4759,316;4763,314;4768,328;4772,314;4777,326;4781,318;4785,332;4790,316;4794,330;4798,316;4803,330;4807,320;4811,306;4816,320;4820,306;4824,318;4829,304;4833,338;4838,322;4842,322;4846,320;4851,334;4855,312;4859,312;4864,326;4868,324;4872,324;4877,324;4881,330;4885,316;4890,328;4894,314;4898,328;4903,314;4907,304;4912,318;4916,318;4920,318;4925,302;4929,322;4933,322;4938,320;4942,306;4946,320;4951,320;4955,312;4959,326;4964,310;4968,310;4973,296;4977,310;4981,314;4986,328;4990,314;4994,328;4999,312;5003,304;5007,316;5012,302;5016,314;5020,314;5025,314;5029,320;5033,334;5038,318;5042,332;5047,316;5051,310;5055,308;5060,294;5064,306;5068,306;5073,306;5077,312;5081,326;5086,310;5090,308;5094,310;5099,324;5103,316;5107,314;5112,314;5116,312;5121,312;5125,318;5129,318;5134,316;5138,330;5142,316;5147,316;5151,322;5155,306;5160,318;5164,306;5168,318;5173,304;5177,324;5181,310;5186,324;5190,308;5195,322;5199,314;5203,300;5208,328;5212,312;5216,326;5221,296;5225,318;5229,316;5234,332;5238,316;5242,330;5247,314;5251,306;5255,320;5260,306;5264,318;5269,318;5273,318;5277,310;5282,324;5286,322;5290,322;5295,308;5299,314;5303,310;5308,326;5312,326;5316,312;5321,312;5325,316;5329,330;5334,316;5338,330;5343,328;5347,292;5351,320;5356,304;5360,318;5364,316;5369,318;5373,308;5377,322;5382,308;5386,320;5390,320;5395,332;5399,324;5404,310;5408,322;5412,308;5417,308;5421,312;5425,314;5430,312;5434,312;5438,310;5443,324;5447,316;5451,316;5456,314;5460,300;5464,312;5469,306;5473,318;5478,304;5482,318;5486,316;5491,316;5495,322;5499,308;5504,320;5508,306;5512,320;5517,320;5521,312;5525,310;5530,310;5534,310;5538,322;5543,322;5547,314;5552,328;5556,298;5560,326;5565,312;5569,330;5573,314;5578,328;5582,314;5586,328;5591,312;5595,318;5599,318;5604,304;5608,318;5612,316;5617,330;5621,308;5626,322;5630,320;5634,334;5639,318;5643,312;5647,324;5652,324;5656,308;5660,308;5665,308;5669,314;5673,328;5678,312;5682,326;5687,310;5691,316;5695,316;5700,300;5704,314;5708,314;5713,326;5717,318;5721,318;5726,316;5730,330;5734,316;5739,330;5743,320;5747,306;5752,318;5756,304;5761,318;5765,310;5769,322;5774,308;5778,320;5782,306;5787,320;5791,312;5795,312;5800,324;5804,310;5808,308;5813,294;5817,328;5821,312;5826,326;5830,310;5835,324;5839,316;5843,314;5848,314;5852,314;5856,326;5861,310;5865,316;5869,302;5874,314;5878,312;5882,312;5887,312;5891,302;5895,302;5900,302;5904,316;5909,300;5913,320;5917,318;5922,318;5926,316;5930,330;5935,316;5939,306;5943,320;5948,304;5952,318;5956,318;5961,332;5965,308;5969,322;5974,308;5978,322;5983,320;5987,312;5991,310;5996,296;6000,308;6004,308;6009,322;6013,312;6017,326;6022,310;6026,324;6030,310;6035,324;6039,328;6044,314;6048,314;6052,312;6057,312;6061,318;6065,318;6070,302;6074,314;6078,314;6083,314;6087,320;6091,320;6096,318;6100,304;6104,316;6109,316;6113,322;6118,308;6122,322;6126,320;6131,320;6135,326;6139,310;6144,310;6148,296;6152,308;6157,308;6161,328;6165,312;6170,326;6174,312;6178,324;6183,302;6187,286;6192,286;6196,284;6200,284;6205,270;6209,304;6213,288;6218,288;6222,300;6226,300;6231,276;6235,276;6239,274;6244,274;6248,274;6252,258;6257,294;6261,292;6266,290;6270,290;6274,274;6279,274;6283,266;6287,278;6292,278;6296,276;6300,262;6305,276;6309,294;6313,280;6318,292;6322,292;6326,290;6331,282;6335,296;6340,280;6344,280;6348,264;6353,278;6357,298;6361,284;6366,296;6370,296;6374,294;6379,272;6383,286;6387,272;6392,284;6396,270;6400,282;6405,288;6409,288;6414,288;6418,302;6422,286;6427,286;6431,276;6435,276;6440,274;6444,260;6448,288;6453,286;6457,292;6461,292;6466,276;6470,290;6475,288;6479,294;6483,294;6488,292;6492,278;6496,276;6501,276;6505,282;6509,294;6514,294;6518,294;6522,278;6527,284;6531,270;6535,282;6540,266;6544,280;6549,266;6553,286;6557,286;6562,298;6566,284;6570,284;6575,282;6579,274;6583,272;6588,258;6592,286;6596,284;\r\nBuffer sent in 0.973 secondsreturn;buffer;965\r\n'), 10:45:26
bytearray(b'received from UR: home -> home (0,1)\r\nSTEPPER: Moving to mstep: 0 with speed [msteps/sec]: 4000 in SpreadCycle.\r\n'), 10:45:27
bytearray(b'STEPPER: Moved 2400.00 msteps (ramp: 35%) in 813.424 ms -> average speed [msteps/sec]: 2950.49\r\nreturn;home;1\r\n'), 10:45:28
