bytearray(b'received from UR: home -> home (0,1)\r\nreturn;home;1\r\n'), 10:41:50
bytearray(b'STEPPER: Moving to mstep: 2400 with speed [msteps/sec]: 4000 in SpreadCycle.\r\n'), 10:42:00
bytearray(b'STEPPER: Moved 2400.00 msteps (ramp: 35%) in 812.832 ms -> average speed [msteps/sec]: 2952.64\r\n'), 10:42:01
bytearray(b'received from UR: status -> status (0,1)\r\n*** STATUS ***\r\nid        :         3 -\r\nstep      :      2400 steps\r\nspeed     :      1500 msteps/s\r\nmspeed    :      1000 msteps/s\r\nsg-thrs   :        80 -\r\ndefault   :     12000 \xc2\xb5m\r\ndispense  :     30350 \xc2\xb5m\r\nblowout   :     33000 \xc2\xb5m\r\nd-offset  :        20 \xc2\xb5m\r\nur0       :         0 -\r\nur1       :         1 -\r\nhomed     :         1 -\r\nreturn;status;2400\r\n'), 10:42:03
bytearray(b'received from UR: measure -> measure (0,1)\r\nSTEPPER: Moving to mstep: 6600 with speed [msteps/sec]: 1000 in StealthChop.\r\n'), 10:42:04
bytearray(b'STEPPER: Moving to mstep: 2400 with speed [msteps/sec]: 4000 in SpreadCycle.\r\n'), 10:42:08
bytearray(b'STEPPER: Moved 4200.00 msteps (ramp: 35%) in 1324.888 ms -> average speed [msteps/sec]: 3170.08\r\nreturn;measure;965\r\n'), 10:42:09
bytearray(b'received from UR: buffer -> buffer (0,1)\r\nSending buffer of size 965data;2400,126;2404,480;2408,162;2413,276;2417,318;2421,324;2426,338;2430,322;2434,336;2439,320;2443,312;2447,326;2452,326;2456,324;2460,322;2465,322;2469,328;2474,328;2478,326;2482,326;2487,324;2491,330;2495,330;2500,328;2504,328;2508,314;2513,326;2517,330;2521,330;2526,330;2530,328;2534,328;2539,340;2543,332;2548,316;2552,328;2556,314;2561,328;2565,334;2569,334;2574,332;2578,332;2582,330;2587,330;2591,320;2595,320;2600,334;2604,318;2608,318;2613,316;2617,336;2622,320;2626,334;2630,320;2635,332;2639,324;2643,324;2648,322;2652,322;2656,320;2661,320;2665,340;2669,324;2674,338;2678,322;2683,336;2687,320;2691,312;2696,326;2700,312;2704,324;2709,310;2713,328;2717,328;2722,328;2726,326;2730,326;2735,324;2739,318;2743,330;2748,314;2752,328;2757,312;2761,340;2765,316;2770,332;2774,330;2778,330;2783,314;2787,320;2791,320;2796,306;2800,332;2804,330;2809,332;2813,322;2817,336;2822,334;2826,336;2831,320;2835,312;2839,324;2844,324;2848,322;2852,322;2857,322;2861,326;2865,340;2870,324;2874,338;2878,322;2883,324;2887,328;2891,314;2896,326;2900,326;2905,324;2909,324;2913,330;2918,328;2922,328;2926,326;2931,340;2935,330;2939,316;2944,330;2948,328;2952,328;2957,314;2961,334;2965,318;2970,332;2974,316;2979,330;2983,322;2987,320;2992,334;2996,306;3000,318;3005,318;3009,338;3013,324;3018,336;3022,322;3026,336;3031,320;3035,326;3039,326;3044,324;3048,324;3053,324;3057,330;3061,328;3066,328;3070,312;3074,326;3079,312;3083,318;3087,318;3092,316;3096,316;3100,314;3105,328;3109,320;3113,332;3118,320;3122,332;3127,330;3131,308;3135,322;3140,306;3144,334;3148,320;3153,332;3157,324;3161,338;3166,324;3170,336;3174,322;3179,334;3183,326;3188,326;3192,326;3196,324;3201,322;3205,328;3209,342;3214,314;3218,340;3222,326;3227,326;3231,330;3235,330;3240,328;3244,314;3248,328;3253,326;3257,332;3262,318;3266,332;3270,330;3275,330;3279,320;3283,306;3288,320;3292,320;3296,332;3301,318;3305,324;3309,322;3314,336;3318,322;3323,334;3327,320;3331,326;3336,324;3340,310;3344,322;3349,308;3353,328;3357,326;3362,326;3366,326;3370,338;3375,322;3379,314;3383,328;3388,312;3392,326;3397,310;3401,338;3405,316;3410,328;3414,314;3418,328;3423,326;3427,318;3431,318;3436,318;3440,330;3444,316;3449,328;3453,322;3457,334;3462,320;3466,334;3471,318;3475,332;3479,324;3484,322;3488,322;3492,320;3497,320;3501,324;3505,338;3510,322;3514,322;3518,322;3523,334;3527,326;3531,310;3536,322;3540,322;3545,336;3549,320;3553,326;3558,324;3562,338;3566,322;3571,336;3575,328;3579,312;3584,340;3588,324;3592,324;3597,322;3601,342;3605,314;3610,326;3614,324;3619,338;3623,324;3627,314;3632,314;3636,312;3640,326;3645,324;3649,344;3653,330;3658,344;3662,328;3666,342;3671,314;3675,334;3679,332;3684,318;3688,316;3693,316;3697,322;3701,334;3706,334;3710,320;3714,332;3719,318;3723,322;3727,322;3732,308;3736,320;3740,306;3745,334;3749,322;3753,324;3758,322;3762,336;3767,320;3771,328;3775,326;3780,312;3784,326;3788,310;3793,338;3797,316;3801,330;3806,316;3810,328;3814,314;3819,326;3823,332;3828,318;3832,318;3836,316;3841,316;3845,322;3849,336;3854,320;3858,334;3862,318;3867,332;3871,324;3875,324;3880,322;3884,322;3888,322;3893,320;3897,328;3902,326;3906,326;3910,324;3915,326;3919,330;3923,316;3928,314;3932,314;3936,340;3941,326;3945,332;3949,318;3954,332;3958,330;3962,330;3967,330;3971,306;3976,334;3980,320;3984,332;3989,316;3993,336;3997,322;4002,336;4006,320;4010,334;4015,318;4019,324;4023,324;4028,322;4032,322;4036,320;4041,320;4045,324;4050,340;4054,324;4058,338;4063,322;4067,328;4071,328;4076,314;4080,326;4084,310;4089,324;4093,330;4097,330;4102,328;4106,328;4110,326;4115,326;4119,332;4124,316;4128,330;4132,330;4137,330;4141,320;4145,334;4150,318;4154,332;4158,316;4163,330;4167,322;4171,322;4176,322;4180,306;4184,320;4189,306;4193,340;4198,324;4202,338;4206,322;4211,336;4215,328;4219,326;4224,326;4228,326;4232,324;4237,324;4241,330;4245,316;4250,328;4254,328;4258,328;4263,326;4267,304;4272,318;4276,316;4280,330;4285,316;4289,336;4293,334;4298,334;4302,318;4306,330;4311,316;4315,322;4319,322;4324,320;4328,334;4333,318;4337,318;4341,324;4346,336;4350,322;4354,322;4359,318;4363,310;4367,338;4372,324;4376,336;4380,322;4385,336;4389,326;4393,328;4398,326;4402,338;4407,324;4411,316;4415,330;4420,314;4424,328;4428,314;4433,326;4437,318;4441,332;4446,330;4450,332;4454,328;4459,330;4463,306;4467,306;4472,320;4476,318;4481,316;4485,310;4489,322;4494,322;4498,322;4502,320;4507,322;4511,326;4515,326;4520,322;4524,310;4528,322;4533,322;4537,330;4542,328;4546,328;4550,312;4555,326;4559,318;4563,304;4568,318;4572,316;4576,316;4581,302;4585,322;4589,320;4594,320;4598,306;4602,332;4607,318;4611,324;4616,322;4620,308;4624,322;4629,320;4633,326;4637,312;4642,324;4646,310;4650,324;4655,310;4659,314;4663,314;4668,312;4672,312;4676,298;4681,326;4685,302;4690,316;4694,314;4698,314;4703,314;4707,304;4711,318;4716,316;4720,316;4724,302;4729,314;4733,320;4737,320;4742,306;4746,320;4750,318;4755,332;4759,324;4764,310;4768,322;4772,308;4777,308;4781,312;4785,326;4790,310;4794,324;4798,310;4803,336;4807,328;4811,314;4816,326;4820,312;4824,324;4829,308;4833,330;4838,316;4842,328;4846,314;4851,326;4855,318;4859,318;4864,316;4868,316;4872,314;4877,314;4881,318;4885,318;4890,318;4894,330;4898,330;4903,306;4907,306;4912,304;4916,318;4920,316;4925,316;4929,322;4933,320;4938,332;4942,316;4946,330;4951,316;4955,306;4959,320;4964,304;4968,304;4973,304;4977,316;4981,322;4986,322;4990,318;4994,332;4999,316;5003,308;5007,322;5012,306;5016,320;5020,306;5025,318;5029,310;5033,324;5038,322;5042,322;5047,320;5051,298;5055,310;5060,310;5064,310;5068,308;5073,308;5077,314;5081,312;5086,312;5090,312;5094,310;5099,324;5103,314;5107,314;5112,314;5116,312;5121,326;5125,304;5129,316;5134,316;5138,316;5142,314;5147,328;5151,320;5155,306;5160,318;5164,302;5168,330;5173,316;5177,322;5181,320;5186,320;5190,318;5195,332;5199,324;5203,308;5208,322;5212,320;5216,320;5221,306;5225,326;5229,310;5234,324;5238,308;5242,322;5247,320;5251,312;5256,310;5260,310;5264,308;5269,308;5273,328;5277,314;5282,326;5286,326;5290,322;5295,324;5299,316;5303,314;5308,314;5312,312;5316,312;5321,326;5325,318;5330,316;5334,316;5338,316;5343,314;5347,318;5351,318;5356,304;5360,316;5364,300;5369,302;5373,320;5377,334;5382,318;5386,332;5390,316;5395,296;5399,308;5404,292;5408,306;5412,306;5417,318;5421,310;5425,322;5430,308;5434,322;5438,306;5443,320;5447,310;5451,310;5456,308;5460,306;5464,320;5469,306;5473,326;5478,310;5482,324;5486,310;5491,308;5495,314;5499,314;5504,312;5508,312;5512,310;5517,310;5521,330;5525,314;5530,316;5534,314;5538,328;5543,312;5547,318;5552,318;5556,304;5560,316;5565,316;5569,322;5573,320;5578,334;5582,318;5586,332;5591,316;5595,308;5599,322;5604,306;5608,306;5613,306;5617,318;5621,324;5626,324;5630,322;5634,336;5639,322;5643,298;5647,312;5652,312;5656,310;5660,310;5665,310;5669,314;5673,328;5678,312;5682,326;5687,310;5691,316;5695,316;5700,314;5704,300;5708,298;5713,312;5717,316;5721,330;5726,314;5730,328;5734,312;5739,326;5743,316;5747,302;5752,302;5756,300;5761,326;5765,304;5769,318;5774,316;5778,330;5782,314;5787,314;5791,318;5795,304;5800,318;5804,316;5808,316;5813,314;5817,320;5821,318;5826,318;5830,316;5835,316;5839,308;5843,306;5848,320;5852,304;5856,304;5861,318;5865,322;5869,308;5874,308;5878,306;5882,320;5887,320;5891,312;5895,310;5900,308;5904,308;5909,308;5913,314;5917,312;5922,326;5926,310;5930,324;5935,322;5939,314;5943,326;5948,312;5952,310;5956,310;5961,324;5965,314;5969,328;5974,312;5978,326;5983,312;5987,318;5991,316;5996,316;6000,314;6004,314;6009,314;6013,318;6017,332;6022,316;6026,330;6030,314;6035,328;6039,318;6044,304;6048,316;6052,316;6057,314;6061,308;6065,320;6070,304;6074,304;6078,302;6083,288;6087,292;6091,292;6096,276;6100,276;6104,276;6109,294;6113,294;6118,294;6122,278;6126,292;6131,292;6135,284;6139,284;6144,282;6148,282;6152,280;6157,286;6161,286;6165,284;6170,298;6174,284;6179,282;6183,274;6187,274;6192,286;6196,286;6200,284;6205,270;6209,292;6213,290;6218,290;6222,288;6226,258;6231,294;6235,292;6239,292;6244,276;6248,276;6253,274;6257,296;6261,294;6266,280;6270,278;6274,292;6279,292;6283,282;6287,282;6292,280;6296,266;6300,266;6305,272;6309,284;6313,298;6318,298;6322,296;6327,296;6331,274;6335,286;6340,272;6344,286;6348,270;6353,298;6357,290;6361,304;6366,288;6370,302;6374,286;6379,278;6383,276;6387,276;6392,290;6396,288;6401,272;6405,280;6409,278;6414,276;6418,304;6422,290;6427,302;6431,280;6435,280;6440,264;6444,264;6448,276;6453,282;6457,282;6461,282;6466,294;6470,280;6475,278;6479,298;6483,284;6488,282;6492,282;6496,280;6501,280;6505,270;6509,282;6514,282;6518,296;6522,296;6527,272;6531,272;6535,270;6540,270;6544,284;6549,282;6553,272;6557,286;6562,286;6566,270;6570,284;6575,282;6579,274;6583,286;6588,286;6592,286;6596,284;\r\nBuffer sent in 0.973 secondsreturn;buffer;965\r\n'), 10:42:11
bytearray(b'received from UR: measure -> measure (0,1)\r\nSTEPPER: Moving to mstep: 6600 with speed [msteps/sec]: 1000 in StealthChop.\r\n'), 10:42:13
bytearray(b'STEPPER: Moving to mstep: 2400 with speed [msteps/sec]: 4000 in SpreadCycle.\r\n'), 10:42:17
bytearray(b'STEPPER: Moved 4200.00 msteps (ramp: 35%) in 1324.892 ms -> average speed [msteps/sec]: 3170.07\r\nreturn;measure;965\r\n'), 10:42:18
bytearray(b'received from UR: buffer -> buffer (0,1)\r\nSending buffer of size 965data;2400,302;2404,448;2408,160;2413,274;2417,316;2421,320;2426,334;2430,320;2434,332;2439,318;2443,324;2447,322;2452,320;2456,320;2460,320;2465,332;2469,324;2474,324;2478,322;2482,336;2487,320;2491,326;2495,326;2500,326;2504,324;2508,310;2513,324;2517,316;2521,330;2526,328;2530,328;2534,326;2539,326;2543,332;2548,316;2552,316;2556,316;2561,330;2565,320;2569,334;2574,320;2578,332;2582,318;2587,332;2591,324;2595,322;2600,334;2604,320;2608,320;2613,318;2617,338;2622,322;2626,336;2630,320;2635,334;2639,324;2643,324;2648,324;2652,322;2656,322;2661,320;2665,328;2669,326;2674,340;2678,324;2682,324;2687,322;2691,328;2696,326;2700,312;2704,312;2709,310;2713,330;2717,330;2722,328;2726,328;2730,328;2735,326;2739,318;2743,332;2748,316;2752,328;2757,314;2761,342;2765,318;2770,332;2774,318;2778,332;2783,316;2787,322;2791,336;2796,320;2800,334;2804,320;2809,332;2813,324;2817,338;2822,324;2826,336;2831,322;2835,314;2839,314;2844,326;2848,326;2852,326;2857,324;2861,330;2865,330;2870,316;2874,328;2878,328;2883,342;2887,332;2891,316;2896,332;2900,330;2905,316;2909,322;2913,336;2918,320;2922,334;2926,320;2931,334;2935,326;2939,310;2944,338;2948,322;2952,322;2957,308;2961,328;2965,326;2970,340;2974,326;2979,338;2983,324;2987,330;2992,330;2996,314;3000,328;3005,326;3009,334;3013,318;3018,332;3022,316;3026,330;3031,316;3035,322;3039,334;3044,320;3048,318;3053,318;3057,330;3061,322;3066,324;3070,320;3074,334;3079,320;3083,326;3087,324;3092,324;3096,324;3100,322;3105,322;3109,328;3113,328;3118,326;3122,340;3127,324;3131,316;3135,330;3140,316;3144,328;3148,312;3153,326;3157,318;3161,346;3166,330;3170,330;3174,328;3179,330;3183,334;3187,318;3192,332;3196,316;3201,330;3205,322;3209,336;3214,320;3218,334;3222,320;3227,332;3231,324;3235,322;3240,322;3244,320;3248,320;3253,320;3257,340;3262,324;3266,336;3270,322;3275,336;3279,328;3283,326;3288,326;3292,326;3296,324;3301,322;3305,328;3309,328;3314,328;3318,326;3322,340;3327,324;3331,316;3336,314;3340,314;3344,328;3349,326;3353,332;3357,332;3362,332;3366,330;3370,330;3375,314;3379,320;3383,334;3388,318;3392,332;3397,318;3401,330;3405,322;3410,336;3414,322;3418,336;3423,320;3427,312;3431,324;3436,310;3440,338;3444,322;3449,322;3453,326;3457,328;3462,326;3466,324;3471,324;3475,316;3479,330;3484,328;3488,326;3492,314;3497,326;3501,318;3505,330;3510,330;3514,330;3518,328;3523,328;3527,334;3531,318;3536,332;3540,316;3545,330;3549,314;3553,336;3558,334;3562,332;3566,318;3571,330;3575,322;3579,322;3584,334;3588,320;3592,318;3597,318;3601,338;3605,322;3610,336;3614,320;3619,334;3623,318;3627,326;3632,324;3636,324;3640,322;3645,308;3649,342;3653,314;3658,328;3662,326;3666,338;3671,324;3675,316;3679,328;3684,328;3688,326;3693,326;3697,326;3701,332;3706,330;3710,316;3714,330;3719,328;3723,320;3727,320;3732,318;3736,332;3740,332;3745,330;3749,322;3753,336;3758,322;3762,334;3767,320;3771,310;3775,324;3780,324;3784,324;3788,322;3793,322;3797,328;3801,342;3806,326;3810,326;3814,324;3819,338;3823,316;3827,316;3832,314;3836,314;3841,314;3845,320;3849,332;3854,332;3858,332;3862,330;3867,330;3871,336;3875,334;3880,334;3884,320;3888,320;3893,320;3897,324;3901,322;3906,336;3910,322;3915,334;3919,326;3923,312;3928,326;3932,310;3936,324;3941,322;3945,328;3949,328;3954,328;3958,326;3962,340;3967,324;3971,316;3976,330;3980,314;3984,342;3989,328;3993,334;3997,318;4002,332;4006,316;4010,330;4015,330;4019,320;4023,322;4028,320;4032,320;4036,304;4041,318;4045,324;4050,338;4054,322;4058,336;4063,320;4067,312;4071,326;4076,326;4080,324;4084,324;4089,322;4093,328;4097,328;4102,326;4106,326;4110,326;4115,326;4119,330;4124,330;4128,328;4132,314;4137,314;4141,318;4145,332;4150,330;4154,330;4158,330;4163,330;4167,320;4171,306;4176,334;4180,320;4184,332;4189,318;4193,338;4198,324;4202,336;4206,322;4211,336;4215,328;4219,324;4224,326;4228,324;4232,324;4237,322;4241,330;4245,328;4250,328;4254,326;4258,326;4263,324;4267,316;4272,328;4276,328;4280,326;4285,326;4289,332;4293,330;4298,330;4302,328;4306,326;4311,326;4315,318;4319,330;4324,330;4328,330;4332,314;4337,328;4341,320;4346,334;4350,318;4354,330;4359,316;4363,322;4367,334;4372,320;4376,332;4380,304;4385,318;4389,322;4393,336;4398,320;4402,334;4407,318;4411,310;4415,324;4420,322;4424,322;4428,320;4433,320;4437,326;4441,338;4446,324;4450,336;4454,322;4459,334;4463,312;4467,312;4472,324;4476,324;4481,322;4485,314;4489,328;4494,314;4498,326;4502,312;4507,324;4511,330;4515,330;4520,328;4524,314;4528,328;4533,312;4537,320;4542,318;4546,318;4550,318;4555,318;4559,322;4563,308;4568,320;4572,306;4576,306;4581,306;4585,324;4589,324;4594,324;4598,322;4602,322;4607,308;4611,314;4616,312;4620,312;4624,310;4629,310;4633,330;4637,314;4642,328;4646,314;4650,328;4655,312;4659,304;4663,304;4668,316;4672,316;4676,314;4681,300;4685,320;4690,320;4694,318;4698,318;4703,318;4707,310;4711,324;4716,308;4720,308;4724,306;4729,320;4733,312;4737,312;4742,310;4746,324;4750,308;4755,322;4759,326;4764,312;4768,326;4772,310;4777,322;4781,316;4785,330;4790,316;4794,328;4798,314;4803,328;4807,320;4811,306;4816,318;4820,304;4824,316;4829,316;4833,336;4838,322;4842,322;4846,320;4851,334;4855,312;4859,310;4864,324;4868,322;4872,322;4877,308;4881,328;4885,312;4890,326;4894,312;4898,324;4903,310;4907,302;4912,314;4916,314;4920,314;4925,314;4929,320;4933,318;4938,318;4942,316;4946,330;4951,316;4955,308;4959,320;4964,306;4968,320;4973,318;4977,304;4981,310;4986,324;4990,308;4994,324;4999,308;5003,314;5007,314;5012,312;5016,312;5020,298;5025,312;5029,318;5033,330;5038,316;5042,316;5047,314;5051,320;5055,320;5060,306;5064,304;5068,304;5073,304;5077,310;5081,322;5086,308;5090,308;5094,308;5099,300;5103,326;5108,312;5112,312;5116,310;5121,324;5125,316;5129,316;5134,314;5138,328;5142,314;5147,314;5151,332;5155,318;5160,318;5164,316;5168,316;5173,316;5177,322;5182,320;5186,334;5190,318;5195,332;5199,324;5203,308;5208,310;5212,308;5216,308;5221,294;5225,328;5229,314;5234,326;5238,312;5242,326;5247,310;5251,316;5256,316;5260,314;5264,314;5269,314;5273,320;5277,318;5282,320;5286,318;5290,318;5295,318;5299,310;5303,322;5308,308;5312,322;5316,322;5321,320;5325,312;5330,326;5334,312;5338,326;5343,310;5347,302;5351,316;5356,316;5360,314;5364,314;5369,314;5373,306;5377,320;5382,318;5386,318;5390,316;5395,330;5399,322;5404,308;5408,306;5412,306;5417,320;5421,312;5425,326;5430,310;5434,324;5438,308;5443,322;5447,314;5451,300;5456,312;5460,312;5464,312;5469,312;5473,318;5478,318;5482,318;5486,316;5491,316;5495,308;5499,308;5504,322;5508,308;5512,320;5517,306;5521,326;5525,312;5530,326;5534,310;5539,324;5543,316;5547,302;5552,328;5556,314;5560,326;5565,312;5569,332;5573,316;5578,330;5582,314;5586,328;5591,314;5595,318;5599,318;5604,304;5608,316;5613,302;5617,302;5621,308;5626,334;5630,304;5634,318;5639,316;5643,308;5647,308;5652,322;5656,320;5660,320;5665,318;5669,310;5673,324;5678,310;5682,322;5687,308;5691,314;5695,314;5700,312;5704,312;5708,298;5713,310;5717,318;5721,330;5726,316;5730,330;5734,314;5739,328;5743,320;5747,304;5752,318;5756,304;5761,328;5765,308;5769,322;5774,306;5778,320;5782,320;5787,318;5791,310;5795,310;5800,322;5804,308;5808,322;5813,320;5817,326;5821,312;5826,324;5830,310;5835,322;5839,314;5843,314;5848,314;5852,312;5856,312;5861,298;5865,330;5869,316;5874,316;5878,314;5882,314;5887,314;5891,320;5895,304;5900,304;5904,318;5909,316;5913,310;5917,308;5922,322;5926,320;5930,334;5935,320;5939,310;5943,310;5948,296;5952,308;5956,308;5961,322;5965,314;5969,326;5974,310;5978,326;5983,310;5987,316;5991,316;5996,302;6000,314;6004,298;6009,312;6013,318;6017,332;6022,316;6026,330;6030,314;6035,328;6039,320;6043,318;6048,318;6052,316;6057,316;6061,306;6065,320;6070,304;6074,304;6078,302;6083,302;6087,280;6091,292;6096,292;6100,276;6104,290;6109,296;6113,282;6118,294;6122,278;6126,292;6131,292;6135,282;6139,282;6144,280;6148,266;6152,292;6157,278;6161,298;6165,284;6170,254;6174,282;6178,296;6183,288;6187,286;6192,286;6196,286;6200,270;6205,270;6209,304;6213,288;6218,288;6222,286;6226,300;6231,278;6235,278;6239,290;6244,276;6248,288;6253,288;6257,296;6261,280;6266,266;6270,264;6274,266;6279,278;6283,284;6287,298;6292,282;6296,268;6300,280;6305,272;6309,272;6313,270;6318,282;6322,296;6327,282;6331,258;6335,286;6340,270;6344,284;6348,282;6353,282;6357,274;6361,288;6366,286;6370,286;6374,284;6379,276;6383,290;6387,274;6392,272;6396,272;6401,286;6405,278;6409,262;6414,290;6418,302;6422,288;6427,300;6431,278;6435,262;6440,276;6444,288;6448,288;6453,280;6457,264;6461,290;6466,290;6470,290;6475,288;6479,280;6483,264;6488,278;6492,278;6496,290;6501,290;6505,252;6509,266;6514,266;6518,278;6522,278;6527,282;6531,268;6535,280;6540,280;6544,278;6549,278;6553,282;6557,296;6562,296;6566,280;6570,280;6575,278;6579,284;6583,282;6588,282;6592,296;6596,280;\r\nBuffer sent in 0.973 secondsreturn;buffer;965\r\n'), 10:42:20
bytearray(b'received from UR: measure -> measure (0,1)\r\nSTEPPER: Moving to mstep: 6600 with speed [msteps/sec]: 1000 in StealthChop.\r\n'), 10:42:21
bytearray(b'STEPPER: Moving to mstep: 2400 with speed [msteps/sec]: 4000 in SpreadCycle.\r\n'), 10:42:25
bytearray(b'STEPPER: Moved 4200.00 msteps (ramp: 35%) in 1324.888 ms -> average speed [msteps/sec]: 3170.08\r\nreturn;measure;965\r\n'), 10:42:27
bytearray(b'received from UR: buffer -> buffer (0,1)\r\nSending buffer of size 965data;2400,306;2404,472;2408,140;2413,282;2417,310;2421,316;2426,344;2430,314;2434,328;2439,328;2443,318;2447,332;2452,316;2456,316;2460,330;2465,330;2469,320;2474,334;2478,320;2482,332;2487,332;2491,324;2495,322;2500,322;2504,320;2508,320;2513,334;2517,326;2521,338;2526,324;2530,336;2534,322;2539,338;2543,328;2548,328;2552,342;2556,326;2561,326;2565,318;2569,332;2574,316;2578,344;2582,326;2587,342;2591,320;2595,318;2600,332;2604,318;2608,330;2613,316;2617,336;2622,322;2626,334;2630,318;2635,332;2639,324;2643,324;2648,336;2652,322;2656,322;2661,320;2665,340;2669,324;2674,338;2678,322;2682,336;2687,322;2691,326;2696,324;2700,310;2704,324;2709,324;2713,330;2717,314;2722,326;2726,326;2730,340;2735,324;2739,316;2743,328;2748,300;2752,326;2756,312;2761,336;2765,330;2770,344;2774,328;2778,328;2783,326;2787,318;2791,330;2796,316;2800,328;2804,314;2809,328;2813,318;2817,332;2822,318;2826,346;2830,330;2835,344;2839,320;2844,320;2848,318;2852,332;2857,332;2861,324;2865,336;2870,322;2874,336;2878,334;2883,334;2887,326;2891,324;2896,336;2900,322;2905,320;2909,320;2913,340;2918,324;2922,338;2926,322;2931,336;2935,328;2939,326;2944,326;2948,310;2952,324;2957,324;2961,330;2965,328;2970,328;2974,326;2979,326;2983,324;2987,316;2992,330;2996,314;3000,328;3005,312;3009,334;3013,318;3018,346;3022,330;3026,344;3031,328;3035,320;3039,318;3044,332;3048,330;3053,330;3057,328;3061,320;3066,334;3070,318;3074,332;3079,330;3083,322;3087,322;3092,306;3096,320;3100,320;3105,332;3109,324;3114,336;3118,322;3122,334;3127,320;3131,310;3135,324;3140,308;3144,336;3148,322;3153,334;3157,326;3161,326;3166,324;3170,324;3174,322;3179,334;3183,326;3188,310;3192,324;3196,322;3201,336;3205,328;3209,340;3214,326;3218,338;3222,322;3227,338;3231,328;3235,312;3240,326;3244,310;3248,324;3253,322;3257,344;3262,328;3266,328;3270,312;3275,326;3279,330;3283,330;3288,330;3292,328;3296,326;3301,312;3305,332;3309,330;3314,330;3318,314;3322,328;3327,314;3331,320;3336,332;3340,318;3344,330;3349,302;3353,322;3357,320;3362,334;3366,332;3370,346;3375,316;3379,308;3383,322;3388,320;3392,334;3396,318;3401,318;3405,322;3410,336;3414,322;3418,334;3423,318;3427,310;3431,324;3436,322;3440,336;3444,320;3449,320;3453,312;3457,324;3462,322;3466,334;3470,320;3475,334;3479,324;3484,324;3488,338;3492,322;3497,322;3501,326;3505,326;3510,324;3514,338;3518,322;3523,336;3527,328;3531,312;3536,326;3540,312;3544,338;3549,322;3553,328;3558,328;3562,326;3566,326;3571,338;3575,330;3579,314;3584,328;3588,298;3592,326;3597,310;3601,344;3605,330;3610,344;3614,328;3619,342;3623,320;3627,332;3632,332;3636,318;3640,330;3645,314;3649,334;3653,320;3658,334;3662,318;3666,330;3671,316;3675,322;3679,334;3684,320;3688,332;3693,316;3697,322;3701,322;3706,334;3710,320;3714,332;3719,318;3723,324;3727,336;3732,320;3736,334;3740,318;3745,318;3749,338;3753,336;3758,322;3762,334;3767,318;3771,310;3775,324;3780,322;3784,336;3788,320;3793,320;3797,326;3801,326;3806,324;3810,336;3814,322;3819,334;3823,326;3828,324;3832,338;3836,322;3841,336;3845,314;3849,326;3854,324;3858,338;3862,322;3867,322;3871,328;3875,326;3880,340;3884,326;3888,324;3893,310;3897,330;3902,328;3906,328;3910,326;3915,326;3919,318;3923,316;3928,330;3932,314;3936,326;3941,312;3945,332;3949,330;3954,344;3958,328;3962,328;3967,312;3971,318;3976,330;3980,316;3984,342;3989,314;3993,326;3997,318;4002,332;4006,316;4010,344;4015,328;4019,320;4023,318;4028,304;4032,316;4036,316;4041,328;4045,320;4050,334;4054,318;4058,332;4063,316;4067,322;4071,334;4076,320;4080,320;4084,318;4089,318;4093,322;4097,336;4102,320;4106,334;4110,318;4115,332;4119,338;4124,322;4128,322;4132,306;4137,320;4141,326;4145,340;4150,324;4154,338;4158,322;4163,336;4167,326;4171,326;4176,340;4180,324;4184,324;4189,308;4193,328;4198,326;4202,340;4206,324;4211,338;4215,328;4219,314;4224,326;4228,326;4232,324;4237,310;4241,330;4245,328;4250,328;4254,312;4258,326;4263,318;4267,330;4272,330;4276,328;4280,328;4285,312;4289,332;4293,330;4298,330;4302,316;4306,328;4311,328;4315,318;4319,332;4324,316;4328,330;4333,314;4337,328;4341,320;4346,334;4350,332;4354,332;4359,318;4363,308;4367,322;4372,322;4376,334;4380,318;4385,332;4389,324;4393,338;4398,322;4402,336;4407,320;4411,334;4415,324;4420,310;4424,322;4428,322;4433,322;4437,326;4441,340;4446,324;4450,338;4454,322;4459,336;4463,326;4467,314;4472,326;4476,310;4481,310;4485,316;4489,316;4494,314;4498,326;4502,312;4507,326;4511,318;4515,316;4520,316;4524,314;4528,314;4533,312;4537,318;4541,316;4546,316;4550,314;4555,328;4559,318;4563,318;4568,318;4572,302;4576,314;4581,314;4585,318;4589,304;4594,318;4598,316;4602,330;4607,314;4611,306;4615,318;4620,316;4624,316;4629,302;4633,320;4637,318;4642,318;4646,302;4650,316;4655,302;4659,320;4663,320;4668,318;4672,316;4676,302;4681,314;4685,322;4689,320;4694,304;4698,318;4703,316;4707,308;4711,322;4716,306;4720,320;4724,304;4729,320;4733,324;4737,324;4742,322;4746,322;4750,320;4755,320;4759,324;4764,296;4768,308;4772,308;4777,322;4781,312;4785,328;4790,312;4794,326;4798,310;4803,324;4807,330;4811,314;4816,328;4820,312;4824,326;4829,310;4833,330;4838,316;4842,330;4846,314;4851,328;4855,318;4859,318;4864,318;4868,316;4872,316;4877,302;4881,322;4885,320;4890,334;4894,320;4898,332;4903,310;4907,324;4912,322;4916,322;4920,322;4925,306;4929,326;4933,326;4938,326;4942,310;4946,324;4951,324;4955,316;4959,328;4964,314;4968,314;4973,298;4977,318;4981,316;4986,316;4990,302;4994,330;4999,314;5003,306;5007,320;5012,306;5016,318;5020,304;5025,302;5029,308;5033,322;5038,308;5042,320;5047,320;5051,312;5055,310;5060,296;5064,308;5068,308;5073,308;5077,314;5081,326;5086,312;5090,324;5094,310;5099,324;5103,314;5107,314;5112,312;5116,298;5121,310;5125,316;5129,330;5134,316;5138,314;5142,314;5147,326;5151,318;5155,318;5160,332;5164,316;5168,316;5173,300;5177,322;5181,320;5186,334;5190,320;5195,334;5199,310;5203,310;5208,324;5212,310;5216,322;5221,308;5225,328;5229,314;5234,328;5238,312;5242,326;5247,310;5251,318;5255,316;5260,316;5264,328;5269,314;5273,320;5277,320;5282,318;5286,304;5290,318;5295,316;5299,322;5303,322;5308,322;5312,320;5316,306;5321,320;5325,312;5329,324;5334,310;5338,324;5343,308;5347,314;5351,328;5356,312;5360,314;5364,298;5369,312;5373,318;5377,316;5382,302;5386,316;5390,314;5395,306;5399,320;5404,304;5408,318;5412,316;5417,316;5421,308;5425,322;5430,320;5434,320;5438,306;5443,320;5447,312;5451,324;5456,324;5460,308;5464,308;5469,314;5473,314;5478,312;5482,312;5486,310;5491,310;5495,316;5499,316;5504,314;5508,314;5512,314;5517,298;5521,318;5525,316;5530,330;5534,316;5538,330;5543,314;5547,306;5552,318;5556,318;5560,332;5565,316;5569,322;5573,308;5578,322;5582,320;5586,320;5591,318;5595,296;5599,310;5604,308;5608,322;5612,308;5617,320;5621,312;5626,324;5630,310;5634,324;5639,310;5643,316;5647,328;5652,312;5656,312;5660,326;5665,324;5669,302;5673,316;5678,314;5682,314;5687,314;5691,312;5695,318;5700,316;5704,316;5708,316;5713,326;5717,306;5721,320;5726,318;5730,332;5734,318;5739,316;5743,322;5747,308;5752,320;5756,320;5761,320;5765,310;5769,310;5774,308;5778,322;5782,308;5787,320;5791,314;5795,298;5800,310;5804,296;5808,324;5813,310;5817,316;5821,314;5826,328;5830,312;5835,326;5839,314;5843,302;5848,302;5852,314;5856,312;5861,298;5865,318;5869,316;5874,316;5878,314;5882,314;5887,314;5891,318;5895,318;5900,304;5904,316;5909,316;5913,322;5917,306;5922,320;5926,306;5930,318;5935,318;5939,310;5943,322;5948,294;5952,308;5956,306;5961,320;5965,310;5970,324;5974,310;5978,324;5983,308;5987,314;5991,328;5996,312;6000,326;6004,312;6009,324;6013,316;6017,330;6022,316;6026,328;6030,314;6035,306;6039,318;6044,318;6048,318;6052,318;6057,316;6061,308;6065,322;6070,308;6074,292;6078,292;6083,306;6087,282;6091,282;6096,280;6100,280;6104,280;6109,300;6113,284;6118,298;6122,298;6126,296;6131,296;6135,288;6139,274;6144,286;6148,272;6152,284;6157,284;6161,290;6165,290;6170,304;6174,288;6178,288;6183,280;6187,280;6192,278;6196,278;6200,278;6205,278;6209,284;6213,296;6218,296;6222,296;6226,282;6231,272;6235,272;6239,270;6244,256;6248,282;6252,282;6257,288;6261,288;6266,272;6270,286;6274,298;6279,298;6283,276;6287,276;6292,288;6296,288;6300,286;6305,278;6309,278;6313,276;6318,290;6322,290;6326,274;6331,280;6335,294;6340,280;6344,292;6348,292;6353,292;6357,282;6361,282;6366,296;6370,296;6374,294;6379,272;6383,272;6387,272;6392,284;6396,268;6401,282;6405,288;6409,288;6414,286;6418,300;6422,284;6427,284;6431,276;6435,276;6440,274;6444,260;6448,288;6453,280;6457,292;6461,278;6466,262;6470,276;6475,246;6479,282;6483,280;6488,280;6492,280;6496,278;6501,264;6505,284;6509,284;6514,282;6518,268;6522,266;6527,286;6531,272;6536,284;6540,270;6544,284;6549,268;6553,274;6557,288;6562,288;6566,286;6570,286;6575,276;6579,276;6583,276;6588,262;6592,274;6596,274;\r\nBuffer sent in 0.973 secondsreturn;buffer;965\r\n'), 10:42:29
bytearray(b'received from UR: measure -> measure (0,1)\r\nSTEPPER: Moving to mstep: 6600 with speed [msteps/sec]: 1000 in StealthChop.\r\n'), 10:42:30
bytearray(b'STEPPER: Moving to mstep: 2400 with speed [msteps/sec]: 4000 in SpreadCycle.\r\n'), 10:42:34
bytearray(b'STEPPER: Moved 4200.00 msteps (ramp: 35%) in 1324.888 ms -> average speed [msteps/sec]: 3170.08\r\nreturn;measure;965\r\n'), 10:42:35
bytearray(b'received from UR: buffer -> buffer (0,1)\r\nSending buffer of size 965data;2400,294;2404,464;2408,148;2413,276;2417,318;2421,324;2426,338;2430,324;2434,336;2439,322;2443,328;2447,328;2452,314;2456,314;2460,312;2465,326;2469,332;2474,346;2478,330;2482,330;2487,328;2491,322;2495,322;2500,318;2504,320;2508,318;2513,332;2517,324;2521,338;2526,322;2530,334;2534,320;2539,334;2543,324;2547,324;2552,338;2556,324;2561,336;2565,314;2569,328;2574,326;2578,326;2582,324;2587,338;2591,330;2595,330;2600,330;2604,316;2608,328;2613,300;2617,334;2622,320;2626,334;2630,318;2635,332;2639,324;2643,310;2648,322;2652,308;2656,336;2661,322;2665,342;2669,326;2674,326;2678,326;2682,326;2687,324;2691,330;2696,330;2700,314;2704,328;2709,326;2713,334;2717,318;2722,332;2726,318;2730,332;2735,330;2739,322;2743,334;2748,308;2752,320;2756,320;2761,334;2765,326;2770,326;2774,324;2778,338;2783,322;2787,314;2791,328;2796,314;2800,324;2804,312;2809,324;2813,330;2817,332;2822,316;2826,330;2831,314;2835,320;2839,334;2844,320;2848,318;2852,304;2857,318;2861,324;2865,338;2870,322;2874,336;2878,320;2883,334;2887,326;2891,326;2896,326;2900,310;2905,324;2909,324;2913,330;2918,314;2922,330;2926,328;2931,328;2935,334;2939,318;2944,332;2948,316;2952,330;2957,328;2961,336;2965,320;2970,334;2974,318;2979,332;2983,318;2987,322;2992,322;2996,308;3000,320;3005,306;3009,340;3013,326;3018,340;3022,324;3026,338;3031,324;3035,330;3039,330;3044,328;3048,326;3053,314;3057,326;3061,318;3066,332;3070,318;3074,330;3079,316;3083,322;3087,336;3092,320;3096,320;3100,320;3105,320;3109,326;3113,326;3118,324;3122,338;3127,322;3131,316;3135,328;3140,314;3144,326;3148,312;3153,324;3157,330;3161,330;3166,316;3170,330;3174,314;3179,328;3183,334;3187,320;3192,332;3196,318;3201,332;3205,322;3209,338;3214,322;3218,336;3222,320;3227,334;3231,326;3235,326;3240,324;3244,310;3248,322;3253,322;3257,342;3261,314;3266,328;3270,326;3275,340;3279,326;3283,316;3288,318;3292,316;3296,330;3301,314;3305,336;3309,322;3314,334;3318,320;3322,332;3327,318;3331,310;3336,336;3340,322;3344,336;3349,322;3353,328;3357,326;3362,328;3366,326;3370,340;3375,324;3379,318;3383,330;3388,316;3392,330;3396,316;3401,330;3405,320;3410,334;3414,320;3418,334;3423,318;3427,324;3431,324;3436,324;3440,322;3444,308;3449,322;3453,328;3457,328;3462,314;3466,328;3470,326;3475,326;3479,332;3484,318;3488,318;3492,318;3497,330;3501,322;3505,336;3510,322;3514,332;3518,334;3523,334;3527,326;3531,312;3536,324;3540,324;3544,338;3549,310;3553,330;3558,328;3562,328;3566,328;3571,342;3575,320;3579,318;3584,332;3588,304;3592,318;3597,316;3601,338;3605,322;3610,336;3614,322;3618,336;3623,320;3627,326;3632,326;3636,312;3640,326;3645,324;3649,332;3653,316;3658,330;3662,316;3666,328;3671,328;3675,320;3679,334;3684,320;3688,318;3692,316;3697,318;3701,324;3706,336;3710,322;3714,336;3719,320;3723,312;3727,322;3732,310;3736,326;3740,322;3745,336;3749,328;3753,328;3758,326;3762,328;3767,326;3771,304;3775,318;3780,316;3784,330;3788,314;3793,326;3797,318;3801,332;3806,316;3810,344;3814,330;3819,330;3823,322;3827,320;3832,320;3836,318;3841,332;3845,316;3849,338;3854,322;3858,336;3862,320;3867,334;3871,326;3875,326;3880,338;3884,324;3888,322;3893,310;3897,328;3901,328;3906,328;3910,326;3915,326;3919,324;3923,330;3928,332;3932,314;3936,328;3941,314;3945,334;3949,334;3954,334;3958,318;3962,332;3967,318;3971,324;3976,336;3980,308;3984,322;3989,306;3993,326;3997,326;4002,338;4006,324;4010,338;4015,322;4019,328;4023,328;4028,328;4032,326;4036,312;4041,326;4045,318;4050,332;4054,316;4058,330;4063,314;4067,322;4071,334;4076,320;4080,320;4084,318;4089,318;4093,326;4097,338;4102,322;4106,336;4110,322;4115,334;4119,328;4124,326;4128,326;4132,310;4137,324;4141,316;4145,330;4150,328;4154,328;4158,328;4163,328;4167,320;4171,306;4176,332;4180,316;4184,330;4189,316;4193,336;4198,320;4202,334;4206,318;4211,332;4215,338;4219,324;4224,322;4228,308;4232,322;4237,308;4241,342;4245,326;4250,340;4254,312;4258,340;4263,324;4267,330;4272,330;4276,330;4280,330;4285,314;4289,336;4293,322;4298,336;4302,320;4306,334;4311,320;4315,326;4319,340;4324,326;4328,324;4332,310;4337,324;4341,328;4346,330;4350,314;4354,328;4359,328;4363,306;4367,320;4372,320;4376,332;4380,318;4385,332;4389,322;4393,336;4398,322;4402,336;4406,320;4411,334;4415,326;4420,310;4424,324;4428,310;4433,324;4437,328;4441,342;4446,312;4450,328;4454,312;4459,326;4463,316;4467,302;4472,316;4476,314;4480,328;4485,306;4489,334;4494,320;4498,330;4502,320;4507,318;4511,324;4515,310;4520,324;4524,322;4528,322;4533,322;4537,328;4541,312;4546,326;4550,312;4555,326;4559,318;4563,316;4568,316;4572,302;4576,314;4581,314;4585,320;4589,306;4594,320;4598,304;4602,318;4607,318;4611,310;4615,308;4620,294;4624,308;4629,308;4633,320;4637,312;4642,326;4646,312;4650,326;4655,310;4659,302;4663,302;4668,316;4672,316;4676,314;4681,314;4685,306;4689,320;4694,320;4698,318;4703,304;4707,310;4711,310;4716,322;4720,322;4724,308;4729,320;4733,314;4737,326;4742,326;4746,326;4750,312;4755,326;4759,318;4763,302;4768,316;4772,316;4777,328;4781,306;4785,334;4790,320;4794,334;4798,318;4803,332;4807,324;4811,296;4816,310;4820,308;4824,308;4829,308;4833,328;4838,314;4842,328;4846,312;4851,328;4855,318;4859,304;4864,318;4868,318;4872,316;4877,302;4881,324;4885,322;4890,322;4894,308;4898,320;4903,320;4907,326;4912,324;4916,312;4920,324;4925,308;4929,330;4933,316;4938,314;4942,312;4946,326;4951,312;4955,304;4959,318;4964,302;4968,316;4972,302;4977,316;4981,322;4986,322;4990,320;4994,322;4999,320;5003,312;5007,312;5012,298;5016,310;5020,310;5025,310;5029,316;5033,330;5038,316;5042,330;5046,314;5051,308;5055,306;5060,292;5064,306;5068,304;5073,318;5077,310;5081,324;5086,322;5090,322;5094,320;5099,320;5103,312;5107,312;5112,312;5116,296;5120,310;5125,316;5129,330;5134,316;5138,316;5142,314;5147,328;5151,320;5155,320;5160,332;5164,318;5168,318;5173,302;5177,324;5181,310;5186,336;5190,308;5195,322;5199,306;5203,298;5208,312;5212,312;5216,326;5221,312;5225,332;5229,316;5234,330;5238,316;5242,330;5247,314;5251,320;5255,320;5260,306;5264,306;5269,318;5273,326;5277,310;5282,310;5286,310;5290,322;5295,322;5299,314;5303,314;5308,314;5312,312;5316,312;5321,326;5325,318;5329,318;5334,316;5338,330;5343,316;5347,308;5351,320;5356,294;5360,306;5364,306;5369,320;5373,312;5377,326;5382,310;5386,324;5390,310;5395,324;5399,316;5403,300;5408,314;5412,300;5417,312;5421,318;5425,332;5430,318;5434,332;5438,316;5443,330;5447,322;5451,308;5456,320;5460,308;5464,308;5469,320;5473,312;5477,312;5482,312;5486,310;5491,310;5495,316;5499,316;5504,314;5508,300;5512,312;5517,300;5521,320;5525,318;5530,320;5534,318;5538,332;5543,316;5547,310;5551,324;5556,308;5560,322;5565,306;5569,328;5573,312;5578,326;5582,312;5586,326;5591,310;5595,302;5599,316;5604,316;5608,328;5612,314;5617,314;5621,306;5626,320;5630,320;5634,320;5639,304;5643,310;5647,310;5652,324;5656,324;5660,322;5665,322;5669,314;5673,328;5678,312;5682,312;5686,312;5691,304;5695,316;5700,316;5704,316;5708,316;5713,316;5717,322;5721,322;5726,320;5730,320;5734,306;5739,320;5743,312;5747,312;5752,324;5756,308;5761,322;5765,314;5769,328;5774,314;5778,328;5782,312;5787,326;5791,304;5795,304;5800,318;5804,316;5808,316;5813,302;5817,322;5821,308;5826,322;5830,320;5835,320;5839,326;5843,310;5848,310;5852,294;5856,308;5861,308;5865,328;5869,314;5874,314;5878,312;5882,326;5887,312;5891,302;5895,302;5900,314;5904,314;5909,314;5913,320;5917,306;5922,318;5926,318;5930,318;5935,316;5939,308;5943,322;5948,322;5952,322;5956,306;5961,320;5965,312;5969,324;5974,310;5978,338;5983,322;5987,300;5991,314;5996,300;6000,312;6004,312;6009,326;6013,318;6017,332;6022,302;6026,316;6030,316;6035,328;6039,322;6043,320;6048,320;6052,304;6057,318;6061,310;6065,310;6070,296;6074,296;6078,294;6083,294;6087,286;6091,286;6096,298;6100,284;6104,298;6109,288;6113,288;6118,274;6122,258;6126,286;6131,300;6135,292;6139,278;6144,290;6148,290;6152,290;6157,288;6161,294;6165,292;6170,294;6174,292;6178,290;6183,284;6187,268;6192,282;6196,282;6200,282;6205,266;6209,302;6213,288;6218,286;6222,300;6226,298;6231,276;6235,262;6239,288;6244,288;6248,288;6252,288;6257,280;6261,278;6266,278;6270,292;6274,292;6279,290;6283,268;6287,282;6292,282;6296,268;6300,268;6305,288;6309,288;6313,288;6318,288;6322,300;6327,286;6331,264;6335,278;6340,276;6344,276;6348,260;6353,290;6357,282;6361,294;6366,280;6370,278;6374,264;6379,284;6383,298;6387,284;6392,296;6396,282;6401,296;6405,274;6409,286;6414,286;6418,300;6422,286;6427,284;6431,276;6435,276;6440,274;6444,260;6448,288;6453,280;6457,294;6461,280;6466,264;6470,278;6475,276;6479,270;6483,282;6488,268;6492,268;6496,268;6501,280;6505,272;6509,286;6514,300;6518,286;6522,284;6527,292;6531,290;6535,290;6540,274;6544,274;6549,274;6553,280;6557,294;6562,292;6566,292;6570,278;6575,292;6579,270;6583,268;6588,268;6592,268;6596,268;\r\nBuffer sent in 0.973 secondsreturn;buffer;965\r\n'), 10:42:37
bytearray(b'received from UR: measure -> measure (0,1)\r\nSTEPPER: Moving to mstep: 6600 with speed [msteps/sec]: 1000 in StealthChop.\r\n'), 10:42:38
bytearray(b'STEPPER: Moving to mstep: 2400 with speed [msteps/sec]: 4000 in SpreadCycle.\r\n'), 10:42:43
bytearray(b'STEPPER: Moved 4200.00 msteps (ramp: 35%) in 1324.880 ms -> average speed [msteps/sec]: 3170.10\r\nreturn;measure;965\r\n'), 10:42:44
bytearray(b'received from UR: buffer -> buffer (0,1)\r\nSending buffer of size 965data;2400,304;2404,452;2408,162;2413,276;2417,318;2421,324;2426,338;2430,322;2434,336;2439,320;2443,312;2447,326;2452,326;2456,326;2460,324;2465,322;2469,328;2474,328;2478,326;2482,326;2487,326;2491,330;2495,330;2500,314;2504,314;2508,314;2513,326;2517,332;2521,332;2526,316;2530,330;2534,328;2539,328;2543,332;2548,318;2552,330;2556,316;2561,328;2565,334;2569,334;2574,316;2578,332;2582,330;2587,344;2591,320;2595,320;2600,334;2604,318;2608,332;2613,316;2617,336;2622,322;2626,334;2630,320;2635,334;2639,324;2643,324;2648,324;2652,308;2656,322;2661,322;2665,328;2669,326;2674,326;2678,324;2682,324;2687,336;2691,314;2696,328;2700,328;2704,328;2709,312;2713,332;2717,330;2722,344;2726,316;2730,330;2735,328;2739,306;2743,320;2748,318;2752,332;2756,316;2761,344;2765,322;2770,334;2774,320;2778,334;2783,318;2787,324;2791,338;2796,310;2800,336;2804,322;2809,336;2813,314;2817,340;2822,326;2826,338;2830,324;2835,338;2839,330;2844,328;2848,328;2852,314;2857,326;2861,318;2865,332;2870,316;2874,330;2878,328;2883,342;2887,320;2891,318;2896,320;2900,332;2904,330;2909,316;2913,336;2918,322;2922,334;2926,320;2931,334;2935,324;2939,324;2944,324;2948,322;2952,336;2957,308;2961,328;2965,326;2970,326;2974,326;2979,338;2983,324;2987,316;2992,330;2996,314;3000,328;3005,326;3009,348;3013,316;3018,332;3022,330;3026,344;3031,314;3035,320;3039,334;3044,318;3048,332;3053,332;3057,330;3061,322;3066,338;3070,322;3074,336;3079,322;3083,328;3087,326;3092,326;3096,326;3100,310;3105,324;3109,330;3113,328;3118,328;3122,328;3127,326;3131,318;3135,332;3140,318;3144,330;3148,316;3153,328;3157,320;3161,334;3166,318;3170,332;3174,318;3179,328;3183,336;3187,308;3192,322;3196,320;3201,334;3205,324;3209,338;3214,324;3218,338;3222,322;3227,334;3231,326;3235,326;3240,324;3244,324;3248,322;3253,322;3257,342;3262,326;3266,340;3270,326;3275,340;3279,330;3283,316;3288,330;3292,328;3296,328;3301,314;3305,332;3309,332;3314,330;3318,316;3322,328;3327,328;3331,306;3336,318;3340,316;3344,330;3349,316;3353,342;3357,320;3362,320;3366,318;3370,332;3375,332;3379,308;3383,322;3388,322;3392,334;3396,320;3401,334;3405,324;3410,338;3414,324;3418,336;3423,322;3427,328;3431,326;3436,312;3440,326;3444,326;3449,326;3453,316;3457,330;3462,328;3466,328;3470,314;3475,326;3479,332;3484,318;3488,332;3492,330;3497,330;3501,322;3505,336;3510,320;3514,334;3518,318;3523,332;3527,338;3531,310;3536,324;3540,322;3544,336;3549,320;3553,326;3558,326;3562,326;3566,322;3571,338;3575,328;3579,314;3584,340;3588,312;3592,326;3597,310;3601,332;3605,328;3610,328;3614,326;3618,340;3623,312;3627,332;3632,330;3636,316;3640,330;3645,328;3649,334;3653,320;3658,332;3662,318;3666,330;3671,330;3675,322;3679,334;3684,320;3688,332;3693,332;3697,332;3701,322;3706,336;3710,322;3714,336;3719,322;3723,312;3727,324;3732,324;3736,336;3740,322;3745,334;3749,326;3753,340;3758,324;3762,338;3767,322;3771,314;3775,328;3780,326;3784,338;3788,310;3793,322;3797,328;3801,328;3806,326;3810,340;3814,324;3819,338;3823,330;3827,314;3832,328;3836,328;3841,328;3845,318;3849,332;3854,330;3858,344;3862,314;3867,328;3871,318;3875,318;3880,330;3884,316;3888,330;3893,328;3897,334;3901,320;3906,332;3910,318;3915,330;3919,322;3923,322;3928,334;3932,320;3936,332;3941,318;3945,338;3949,322;3954,336;3958,320;3962,334;3967,320;3971,324;3975,338;3980,310;3984,336;3989,322;3993,334;3997,326;4002,338;4006,324;4010,338;4015,322;4019,316;4023,328;4028,312;4032,326;4036,324;4041,326;4045,316;4049,330;4054,328;4058,328;4063,326;4067,320;4071,330;4076,316;4080,328;4084,328;4089,328;4093,320;4097,332;4102,332;4106,332;4110,316;4115,330;4119,322;4123,322;4128,334;4132,320;4137,332;4141,326;4145,338;4150,322;4154,336;4158,336;4163,334;4167,326;4171,324;4176,338;4180,322;4184,336;4189,320;4193,328;4198,326;4202,338;4206,324;4211,336;4215,328;4219,314;4224,326;4228,312;4232,324;4237,324;4241,330;4245,314;4250,328;4254,326;4258,338;4263,324;4267,314;4272,328;4276,326;4280,326;4285,310;4289,330;4293,328;4298,342;4302,326;4306,326;4311,324;4315,316;4319,330;4324,316;4328,328;4332,312;4337,328;4341,332;4346,332;4350,330;4354,330;4359,330;4363,320;4367,320;4372,320;4376,320;4380,304;4385,330;4389,322;4393,336;4398,322;4402,334;4406,320;4411,332;4415,338;4420,310;4424,322;4428,322;4433,336;4437,314;4441,340;4446,326;4450,340;4454,324;4459,308;4463,314;4467,314;4472,312;4476,312;4480,324;4485,324;4489,330;4494,316;4498,316;4502,314;4507,326;4511,306;4515,318;4520,318;4524,316;4528,330;4533,300;4537,320;4541,320;4546,332;4550,318;4554,316;4559,316;4563,308;4568,320;4572,306;4576,318;4581,304;4585,324;4589,308;4594,322;4598,320;4602,320;4607,306;4611,310;4615,324;4620,308;4624,320;4629,322;4633,314;4637,300;4642,326;4646,312;4650,310;4655,308;4659,316;4663,314;4668,314;4672,314;4676,312;4681,326;4685,304;4689,316;4694,314;4698,314;4703,312;4707,304;4711,318;4716,316;4720,302;4724,300;4729,314;4733,320;4737,320;4742,318;4746,318;4750,316;4755,302;4759,308;4763,306;4768,320;4772,306;4777,320;4781,324;4785,338;4790,324;4794,310;4798,308;4803,322;4807,314;4811,312;4816,324;4820,312;4824,324;4829,324;4833,330;4838,314;4842,328;4846,312;4851,326;4855,316;4859,316;4864,314;4868,314;4872,328;4877,312;4881,320;4885,318;4890,332;4894,316;4898,314;4903,314;4907,320;4912,318;4916,318;4920,330;4925,316;4929,322;4933,320;4938,332;4942,318;4946,318;4951,316;4955,308;4959,320;4964,320;4968,318;4972,304;4977,318;4981,322;4986,308;4990,306;4994,320;4999,306;5003,310;5007,324;5012,310;5016,308;5020,306;5025,306;5029,312;5033,324;5038,310;5042,322;5046,322;5051,320;5055,312;5060,312;5064,310;5068,310;5073,308;5077,314;5081,314;5086,314;5090,312;5094,312;5099,324;5103,316;5107,302;5112,314;5116,312;5120,312;5125,310;5129,316;5134,316;5138,302;5142,314;5147,328;5151,318;5155,304;5160,330;5164,316;5168,314;5173,314;5177,334;5181,318;5186,332;5190,318;5194,330;5199,316;5203,308;5208,320;5212,304;5216,318;5221,304;5225,338;5229,322;5234,336;5238,308;5242,334;5247,318;5251,312;5255,310;5260,308;5264,308;5268,308;5273,308;5277,312;5282,326;5286,310;5290,324;5295,322;5299,314;5303,312;5308,312;5312,326;5316,310;5321,310;5325,314;5329,328;5334,314;5338,326;5343,310;5347,316;5351,316;5356,300;5360,312;5364,298;5369,312;5373,318;5377,330;5382,316;5386,316;5390,314;5395,330;5399,320;5403,304;5408,318;5412,316;5417,316;5421,306;5425,322;5430,320;5434,320;5438,318;5443,318;5447,308;5451,308;5456,320;5460,306;5464,318;5469,318;5473,310;5478,308;5482,322;5486,308;5491,320;5495,298;5499,310;5504,310;5508,310;5512,322;5517,308;5521,314;5525,312;5530,326;5534,312;5538,324;5543,308;5547,302;5552,314;5556,312;5560,326;5565,312;5569,332;5573,316;5578,316;5582,314;5586,328;5591,314;5595,304;5599,318;5604,316;5608,316;5612,314;5617,328;5621,304;5626,332;5630,316;5634,318;5639,314;5643,306;5647,306;5652,318;5656,318;5660,318;5665,316;5669,308;5673,322;5678,320;5682,320;5686,318;5691,332;5695,324;5700,308;5704,322;5708,320;5713,306;5717,312;5721,326;5726,324;5730,322;5734,308;5739,322;5743,328;5747,312;5752,312;5756,310;5760,324;5765,308;5769,314;5774,300;5778,314;5782,312;5787,324;5791,318;5795,302;5800,314;5804,314;5808,312;5813,312;5817,318;5821,316;5826,330;5830,314;5834,328;5839,304;5843,304;5848,302;5852,316;5856,314;5861,314;5865,320;5869,306;5874,318;5878,316;5882,316;5887,314;5891,306;5895,304;5900,304;5904,316;5909,316;5913,322;5917,306;5922,320;5926,318;5930,318;5935,316;5939,306;5943,320;5948,318;5952,332;5956,302;5961,316;5965,320;5969,306;5974,318;5978,318;5983,316;5987,308;5991,320;5996,306;6000,318;6004,316;6009,330;6013,306;6017,320;6022,320;6026,318;6030,318;6035,330;6039,308;6043,306;6048,320;6052,318;6057,318;6061,310;6065,322;6070,306;6074,306;6078,304;6083,290;6087,282;6091,294;6096,294;6100,292;6104,292;6109,296;6113,296;6118,294;6122,294;6126,292;6131,292;6135,282;6139,282;6144,280;6148,280;6152,280;6157,278;6161,298;6165,298;6170,296;6174,296;6178,294;6183,286;6187,284;6192,270;6196,268;6200,282;6205,280;6209,300;6213,284;6218,256;6222,284;6226,296;6231,282;6235,288;6239,286;6244,286;6248,282;6252,284;6257,286;6261,274;6266,258;6270,286;6274,286;6279,284;6283,276;6287,288;6292,288;6296,286;6300,286;6305,278;6309,276;6313,276;6318,274;6322,274;6326,272;6331,278;6335,292;6340,278;6344,290;6348,276;6353,290;6357,282;6361,294;6366,280;6370,278;6374,278;6379,292;6383,282;6387,282;6392,280;6396,266;6400,280;6405,286;6409,298;6414,284;6418,298;6422,282;6427,296;6431,272;6435,272;6440,272;6444,270;6448,270;6453,284;6457,290;6461,274;6466,258;6470,286;6474,286;6479,278;6483,290;6488,274;6492,288;6496,272;6501,286;6505,278;6509,276;6514,290;6518,290;6522,288;6527,280;6531,280;6535,292;6540,278;6544,290;6549,276;6553,282;6557,280;6562,280;6566,292;6570,292;6575,292;6579,282;6583,282;6588,282;6592,294;6596,280;\r\nBuffer sent in 0.973 secondsreturn;buffer;965\r\n'), 10:42:46
bytearray(b'received from UR: measure -> measure (0,1)\r\nSTEPPER: Moving to mstep: 6600 with speed [msteps/sec]: 1000 in StealthChop.\r\n'), 10:42:47
bytearray(b'STEPPER: Moving to mstep: 2400 with speed [msteps/sec]: 4000 in SpreadCycle.\r\n'), 10:42:51
bytearray(b'STEPPER: Moved 4200.00 msteps (ramp: 35%) in 1324.888 ms -> average speed [msteps/sec]: 3170.08\r\nreturn;measure;965\r\n'), 10:42:52
bytearray(b'received from UR: buffer -> buffer (0,1)\r\nSending buffer of size 965data;2400,296;2404,450;2408,160;2413,274;2417,316;2421,322;2426,336;2430,320;2434,334;2439,318;2443,326;2447,324;2452,324;2456,322;2460,308;2465,320;2469,326;2474,340;2478,324;2482,338;2487,324;2491,316;2495,314;2500,328;2504,328;2508,326;2513,326;2517,318;2521,330;2526,316;2530,344;2534,328;2539,328;2543,334;2548,318;2552,330;2556,318;2561,330;2565,320;2569,334;2574,318;2578,332;2582,318;2587,330;2591,322;2595,306;2600,320;2604,318;2608,332;2613,304;2617,336;2622,322;2626,336;2630,320;2635,334;2639,326;2643,310;2648,324;2652,322;2656,336;2661,320;2665,328;2669,326;2674,324;2678,324;2683,336;2687,322;2691,328;2696,326;2700,312;2704,326;2709,324;2713,330;2717,328;2722,328;2726,326;2730,326;2735,324;2739,316;2743,330;2748,302;2752,328;2757,312;2761,326;2765,330;2770,344;2774,328;2778,342;2783,314;2787,304;2791,332;2796,316;2800,330;2804,314;2809,328;2813,318;2817,332;2822,316;2826,344;2831,328;2835,320;2839,318;2844,318;2848,318;2852,330;2857,330;2861,320;2865,334;2870,320;2874,332;2878,330;2883,332;2887,322;2891,322;2896,334;2900,320;2905,318;2909,318;2913,324;2918,322;2922,334;2926,334;2931,334;2935,338;2939,310;2944,336;2948,308;2952,322;2957,320;2961,326;2965,324;2970,326;2974,324;2979,336;2983,322;2987,314;2992,340;2996,326;3000,338;3005,310;3009,330;3013,328;3018,328;3022,312;3026,338;3031,324;3035,330;3039,330;3044,316;3048,328;3053,314;3057,326;3061,318;3066,332;3070,316;3074,330;3079,316;3083,306;3087,334;3092,318;3096,332;3100,316;3105,316;3109,320;3114,334;3118,332;3122,332;3127,318;3131,308;3135,336;3140,306;3144,334;3148,318;3153,332;3157,324;3161,336;3166,322;3170,336;3174,320;3179,334;3183,340;3188,310;3192,338;3196,308;3201,322;3205,326;3209,340;3214,324;3218,338;3222,322;3227,336;3231,328;3235,326;3240,326;3244,310;3248,324;3253,308;3257,342;3262,328;3266,340;3270,326;3275,324;3279,330;3283,330;3288,328;3292,328;3296,326;3301,312;3305,332;3309,330;3314,344;3318,328;3322,328;3327,328;3331,318;3336,330;3340,316;3344,330;3349,314;3353,334;3357,334;3362,332;3366,318;3370,332;3375,316;3379,320;3383,334;3388,320;3392,332;3396,302;3401,318;3405,322;3410,336;3414,320;3418,334;3423,318;3427,310;3431,322;3436,308;3440,322;3444,320;3449,334;3453,324;3457,338;3462,322;3466,336;3470,322;3475,334;3479,326;3484,312;3488,324;3492,324;3497,336;3501,314;3505,342;3510,326;3514,326;3518,324;3523,338;3527,328;3531,314;3536,328;3540,326;3544,340;3549,326;3553,330;3558,316;3562,328;3566,326;3571,326;3575,332;3579,302;3584,316;3588,314;3592,328;3597,312;3601,346;3605,318;3610,332;3614,316;3619,330;3623,328;3627,320;3632,320;3636,318;3640,318;3645,318;3649,338;3653,322;3658,336;3662,320;3666,334;3671,318;3675,310;3679,322;3684,322;3688,334;3693,320;3697,326;3701,324;3706,324;3710,322;3714,336;3719,320;3723,326;3727,326;3732,310;3736,322;3740,308;3745,334;3749,326;3754,326;3758,324;3762,338;3767,322;3771,328;3775,342;3780,326;3784,326;3788,310;3793,324;3797,316;3801,344;3806,328;3810,342;3814,326;3819,304;3823,316;3828,316;3832,330;3836,328;3841,326;3845,318;3849,332;3854,316;3858,330;3862,330;3867,328;3871,320;3875,320;3880,318;3884,318;3888,330;3893,316;3897,336;3902,334;3906,334;3910,318;3915,332;3919,324;3923,322;3928,336;3932,320;3936,334;3941,318;3945,338;3949,322;3954,336;3958,320;3962,334;3967,320;3971,326;3976,340;3980,324;3984,324;3989,308;3993,328;3997,314;4002,342;4006,326;4010,340;4015,324;4019,316;4023,328;4028,328;4032,328;4036,326;4041,326;4045,316;4050,330;4054,330;4058,330;4063,314;4067,320;4071,318;4076,332;4080,332;4084,330;4089,330;4093,320;4097,334;4102,332;4106,332;4110,316;4115,330;4119,322;4124,320;4128,334;4132,318;4137,318;4141,322;4145,322;4150,322;4154,334;4158,320;4163,334;4167,324;4171,324;4176,336;4180,322;4184,334;4189,306;4193,340;4198,324;4202,338;4206,324;4211,338;4215,328;4219,328;4224,328;4228,326;4232,324;4237,310;4241,330;4245,316;4250,342;4254,328;4258,342;4263,326;4267,318;4272,330;4276,316;4280,328;4285,314;4289,320;4293,332;4298,332;4302,316;4306,330;4311,314;4315,320;4319,332;4324,318;4328,330;4333,316;4337,328;4341,332;4346,332;4350,318;4354,330;4359,316;4363,322;4367,334;4372,318;4376,332;4380,316;4385,330;4389,322;4393,334;4398,318;4402,332;4407,316;4411,322;4415,334;4420,320;4424,318;4428,304;4433,316;4437,322;4441,336;4446,320;4450,332;4454,316;4459,330;4463,322;4467,320;4472,320;4476,318;4481,318;4485,322;4489,322;4494,320;4498,334;4502,318;4507,332;4511,324;4515,322;4520,320;4524,306;4528,318;4533,318;4537,322;4541,308;4546,320;4550,320;4555,318;4559,324;4563,308;4568,308;4572,292;4576,306;4581,304;4585,324;4589,322;4594,336;4598,306;4602,318;4607,304;4611,322;4615,322;4620,308;4624,320;4629,304;4633,326;4637,310;4642,322;4646,308;4650,320;4655,306;4659,312;4663,324;4668,308;4672,322;4676,306;4681,306;4685,310;4690,308;4694,308;4698,322;4703,306;4707,312;4711,326;4716,310;4720,324;4724,294;4729,308;4733,312;4737,326;4742,310;4746,324;4750,322;4755,322;4759,328;4764,312;4768,326;4772,310;4777,324;4781,314;4785,328;4790,312;4794,326;4798,310;4803,324;4807,316;4811,300;4816,328;4820,312;4824,326;4829,302;4833,330;4838,314;4842,328;4846,314;4851,326;4855,318;4859,302;4864,316;4868,314;4872,328;4877,314;4881,320;4885,318;4890,332;4894,316;4899,316;4903,320;4907,304;4912,318;4916,316;4920,316;4925,300;4929,322;4933,320;4938,318;4942,304;4946,318;4951,316;4955,322;4959,322;4964,308;4968,320;4973,304;4977,324;4981,310;4986,322;4990,322;4994,306;4999,306;5003,298;5007,310;5012,310;5016,322;5020,308;5025,322;5029,312;5033,326;5038,312;5042,326;5047,310;5051,316;5055,316;5060,300;5064,312;5068,312;5073,324;5077,302;5081,316;5086,314;5090,316;5094,314;5099,314;5103,318;5107,304;5112,302;5116,302;5121,314;5125,320;5129,320;5134,318;5138,318;5142,318;5147,316;5151,322;5155,322;5160,334;5164,320;5168,318;5173,304;5177,324;5181,308;5186,336;5190,320;5195,334;5199,312;5203,310;5208,324;5212,296;5216,308;5221,320;5225,326;5229,312;5234,324;5238,310;5242,322;5247,310;5251,314;5255,314;5260,314;5264,312;5269,312;5273,312;5277,318;5282,330;5286,316;5290,330;5295,316;5299,320;5303,320;5308,318;5312,318;5316,302;5321,316;5325,322;5330,320;5334,306;5338,320;5343,318;5347,312;5351,322;5356,308;5360,322;5364,306;5369,306;5373,312;5377,324;5382,310;5386,324;5390,308;5395,322;5399,314;5404,298;5408,310;5412,310;5417,324;5421,300;5425,314;5430,314;5434,314;5438,312;5443,312;5447,318;5451,304;5456,316;5460,316;5465,314;5469,306;5473,320;5478,318;5482,318;5486,318;5491,318;5495,308;5499,308;5504,322;5508,308;5512,320;5517,306;5521,324;5525,310;5530,324;5534,310;5539,324;5543,316;5547,300;5552,314;5556,298;5560,326;5565,312;5569,332;5573,316;5578,330;5582,314;5586,326;5591,312;5595,318;5599,332;5604,302;5608,316;5613,316;5617,328;5621,306;5626,320;5630,306;5634,318;5639,316;5643,322;5647,322;5652,306;5656,320;5660,320;5665,318;5669,310;5673,322;5678,320;5682,320;5687,320;5691,312;5695,324;5700,310;5704,322;5708,308;5713,306;5717,326;5721,326;5726,312;5730,324;5734,324;5739,308;5743,314;5747,300;5752,312;5756,312;5761,326;5765,316;5769,318;5774,316;5778,330;5782,314;5787,328;5791,306;5795,306;5800,318;5804,316;5808,316;5813,300;5817,322;5821,320;5826,332;5830,318;5835,316;5839,308;5843,306;5848,306;5852,304;5856,304;5861,302;5865,322;5869,322;5874,320;5878,320;5882,318;5887,318;5891,292;5895,308;5900,308;5904,320;5909,318;5913,324;5917,310;5922,322;5926,322;5930,320;5935,306;5939,298;5943,312;5948,310;5952,324;5956,308;5961,320;5965,312;5970,326;5974,310;5978,324;5983,308;5987,300;5991,314;5996,312;6000,326;6004,310;6009,324;6013,316;6017,330;6022,314;6026,328;6030,312;6035,326;6039,316;6044,300;6048,314;6052,300;6057,314;6061,304;6065,318;6070,302;6074,302;6078,300;6083,300;6087,290;6091,260;6096,288;6100,286;6104,300;6109,292;6113,276;6118,288;6122,288;6126,288;6131,300;6135,292;6139,276;6144,276;6148,274;6152,288;6157,258;6161,294;6165,292;6170,290;6174,290;6179,274;6183,280;6187,280;6192,278;6196,278;6200,276;6205,276;6209,296;6213,296;6218,294;6222,294;6226,294;6231,272;6235,270;6239,270;6244,282;6248,268;6253,252;6257,300;6261,286;6266,284;6270,284;6274,268;6279,268;6283,274;6287,272;6292,272;6296,270;6300,268;6305,290;6309,288;6313,286;6318,286;6322,298;6327,284;6331,260;6335,274;6340,272;6344,284;6348,270;6353,282;6357,288;6361,288;6366,286;6370,300;6374,284;6379,262;6383,288;6387,288;6392,288;6396,286;6401,298;6405,274;6409,260;6414,288;6418,302;6422,286;6427,298;6431,276;6435,290;6440,288;6444,288;6448,286;6453,292;6457,292;6462,276;6466,276;6470,288;6475,288;6479,278;6483,264;6488,276;6492,276;6496,274;6501,282;6505,294;6509,278;6514,292;6518,290;6522,276;6527,296;6531,280;6536,294;6540,264;6544,276;6549,290;6553,254;6557,282;6562,294;6566,294;6570,294;6575,284;6579,270;6583,282;6588,282;6592,282;6596,266;\r\nBuffer sent in 0.973 secondsreturn;buffer;965\r\n'), 10:42:54
bytearray(b'received from UR: measure -> measure (0,1)\r\nSTEPPER: Moving to mstep: 6600 with speed [msteps/sec]: 1000 in StealthChop.\r\n'), 10:42:55
bytearray(b'STEPPER: Moving to mstep: 2400 with speed [msteps/sec]: 4000 in SpreadCycle.\r\n'), 10:43:00
bytearray(b'STEPPER: Moved 4200.00 msteps (ramp: 35%) in 1324.888 ms -> average speed [msteps/sec]: 3170.08\r\nreturn;measure;965\r\n'), 10:43:01
bytearray(b'received from UR: buffer -> buffer (0,1)\r\nSending buffer of size 965data;2400,304;2404,452;2408,164;2413,278;2417,306;2421,324;2426,338;2430,324;2434,338;2439,324;2443,314;2447,312;2452,312;2456,326;2460,310;2465,324;2469,330;2474,332;2478,328;2482,328;2487,314;2491,320;2495,332;2500,318;2504,330;2508,316;2513,330;2517,334;2521,334;2526,334;2530,332;2534,318;2539,332;2543,336;2548,322;2552,322;2556,306;2561,334;2565,324;2569,338;2574,322;2578,322;2582,320;2587,334;2591,326;2595,310;2600,324;2604,308;2608,336;2613,320;2617,328;2622,326;2626,326;2630,324;2635,338;2639,330;2643,328;2648,326;2652,312;2656,326;2661,324;2665,330;2669,316;2674,328;2678,326;2683,326;2687,324;2691,330;2696,330;2700,314;2704,328;2709,314;2713,332;2717,332;2722,330;2726,316;2730,328;2735,328;2739,318;2743,332;2748,316;2752,330;2756,314;2761,342;2765,318;2770,332;2774,316;2778,332;2783,316;2787,320;2791,334;2796,320;2800,332;2804,318;2809,344;2813,324;2817,322;2822,320;2826,334;2830,318;2835,330;2839,322;2844,322;2848,320;2852,320;2857,332;2861,324;2865,338;2870,322;2874,336;2878,320;2883,334;2887,326;2891,324;2896,324;2900,322;2904,336;2909,314;2913,326;2918,326;2922,326;2926,324;2931,338;2935,328;2939,314;2944,328;2948,312;2952,338;2957,310;2961,330;2965,314;2970,328;2974,326;2979,342;2983,326;2987,316;2992,330;2996,316;3000,342;3005,328;3009,320;3013,318;3018,332;3022,316;3026,330;3031,316;3035,320;3039,334;3044,320;3048,334;3053,332;3057,324;3061,322;3066,336;3070,320;3074,334;3079,320;3083,312;3087,324;3092,324;3096,322;3100,322;3105,320;3109,326;3114,340;3118,324;3122,326;3127,322;3131,314;3135,328;3140,314;3144,326;3148,312;3153,326;3157,316;3161,330;3166,328;3170,342;3174,328;3179,304;3183,332;3188,316;3192,330;3196,314;3201,330;3205,320;3209,334;3214,318;3218,346;3222,318;3227,330;3231,322;3235,320;3240,334;3244,332;3248,318;3253,316;3257,338;3262,322;3266,334;3270,320;3275,332;3279,324;3283,322;3288,322;3292,320;3296,320;3301,318;3305,338;3309,336;3314,334;3318,320;3322,332;3327,316;3331,322;3336,336;3340,320;3344,320;3349,318;3353,338;3357,322;3362,336;3366,320;3370,334;3375,318;3379,322;3383,324;3388,322;3392,336;3396,320;3401,318;3405,324;3410,338;3414,322;3418,336;3423,320;3427,310;3431,324;3436,322;3440,322;3444,320;3449,334;3453,312;3457,338;3462,324;3466,338;3470,322;3475,334;3479,326;3484,326;3488,338;3492,324;3497,322;3501,328;3505,328;3510,326;3514,340;3518,324;3523,336;3527,328;3531,312;3536,340;3540,310;3544,324;3549,308;3553,328;3558,326;3562,338;3566,324;3571,336;3575,328;3579,312;3584,342;3588,324;3592,324;3597,308;3601,342;3605,326;3610,340;3614,312;3619,324;3623,322;3627,314;3632,328;3636,312;3640,326;3645,324;3649,332;3653,316;3658,330;3662,326;3666,328;3671,324;3675,316;3679,330;3684,328;3688,328;3693,326;3697,326;3701,316;3706,330;3710,328;3714,326;3719,326;3723,318;3727,332;3732,330;3736,328;3740,314;3745,328;3749,332;3753,330;3758,330;3762,330;3767,314;3771,318;3775,334;3780,332;3784,330;3788,314;3793,328;3797,320;3801,334;3806,320;3810,332;3814,316;3819,332;3823,336;3827,322;3832,320;3836,318;3841,332;3845,322;3849,336;3854,320;3858,320;3862,318;3867,332;3871,336;3875,322;3880,320;3884,320;3888,334;3893,318;3897,324;3901,322;3906,322;3910,320;3915,334;3919,318;3923,324;3928,324;3932,308;3936,336;3941,320;3945,340;3949,324;3954,336;3958,322;3962,334;3967,320;3971,310;3975,324;3980,322;3984,336;3989,320;3993,334;3997,326;4002,338;4006,322;4010,336;4015,322;4019,312;4023,326;4028,310;4032,324;4036,308;4041,322;4045,326;4050,340;4054,324;4058,338;4063,322;4067,314;4071,326;4076,326;4080,324;4084,310;4089,322;4093,328;4097,340;4102,326;4106,324;4110,322;4115,336;4119,342;4124,326;4128,324;4132,310;4137,324;4141,328;4145,328;4150,326;4154,326;4158,324;4163,338;4167,328;4171,328;4176,340;4180,310;4184,324;4189,322;4193,342;4198,328;4202,340;4206,312;4211,338;4215,330;4219,330;4224,328;4228,314;4232,326;4237,326;4241,332;4245,316;4250,330;4254,314;4258,328;4263,326;4267,318;4272,318;4276,316;4280,330;4285,314;4289,334;4293,332;4298,330;4302,316;4306,328;4311,328;4315,332;4319,332;4324,316;4328,330;4333,314;4337,328;4341,320;4346,332;4350,318;4354,332;4359,328;4363,320;4367,320;4372,306;4376,332;4380,316;4385,344;4389,320;4393,334;4398,318;4402,332;4407,330;4411,308;4415,320;4420,306;4424,332;4428,318;4433,330;4437,320;4441,334;4446,318;4450,332;4454,316;4459,330;4463,322;4467,306;4472,320;4476,318;4481,330;4485,308;4489,320;4494,320;4498,318;4502,316;4507,316;4511,322;4515,306;4520,320;4524,316;4528,332;4533,302;4537,322;4541,320;4546,320;4550,318;4555,318;4559,322;4563,308;4568,320;4572,318;4576,318;4581,302;4585,322;4589,308;4594,320;4598,318;4602,318;4607,316;4611,308;4615,322;4620,320;4624,318;4629,304;4633,324;4637,308;4642,320;4646,304;4650,318;4655,302;4659,308;4663,322;4668,320;4672,306;4676,304;4681,318;4685,322;4689,322;4694,320;4698,320;4703,318;4707,310;4711,322;4716,308;4720,320;4724,306;4729,318;4733,310;4737,320;4742,322;4746,322;4750,320;4755,334;4759,324;4763,308;4768,322;4772,306;4777,320;4781,310;4785,324;4790,322;4794,336;4798,320;4803,334;4807,324;4811,310;4816,322;4820,322;4824,320;4829,306;4833,326;4838,310;4842,336;4846,322;4851,334;4855,310;4859,310;4864,310;4868,308;4872,320;4877,320;4881,326;4885,310;4890,322;4894,308;4898,320;4903,318;4907,324;4912,310;4916,308;4920,322;4925,306;4929,326;4933,324;4938,324;4942,308;4946,322;4951,320;4955,310;4959,310;4964,296;4968,322;4972,306;4977,320;4981,312;4986,324;4990,308;4994,322;4999,320;5003,298;5007,312;5012,298;5016,324;5020,308;5025,322;5029,312;5033,312;5038,310;5042,324;5046,308;5051,314;5055,312;5060,310;5064,310;5068,308;5073,322;5077,298;5081,310;5086,308;5090,322;5094,308;5099,306;5103,312;5107,310;5112,324;5116,310;5121,322;5125,314;5129,326;5134,326;5138,324;5142,322;5147,322;5151,328;5155,312;5160,326;5164,324;5168,322;5173,306;5177,326;5181,310;5186,324;5190,308;5195,322;5199,306;5203,312;5208,324;5212,322;5216,320;5221,306;5225,326;5229,310;5234,324;5238,308;5242,320;5247,320;5251,310;5255,324;5260,322;5264,320;5269,306;5273,318;5277,310;5282,324;5286,308;5290,322;5295,318;5299,312;5303,324;5308,324;5312,310;5316,308;5321,320;5325,312;5329,324;5334,324;5338,324;5343,322;5347,312;5351,312;5356,312;5360,324;5364,308;5369,308;5373,314;5377,326;5382,310;5386,324;5390,308;5395,322;5399,314;5404,312;5408,326;5412,310;5417,322;5421,314;5425,328;5430,312;5434,326;5438,310;5443,326;5447,316;5451,300;5456,314;5460,298;5464,312;5469,304;5473,316;5478,302;5482,314;5486,314;5491,312;5495,318;5499,302;5504,316;5508,298;5512,314;5517,312;5521,318;5525,304;5530,316;5534,316;5538,328;5543,314;5547,304;5552,318;5556,302;5560,330;5565,314;5569,320;5573,306;5578,318;5582,318;5586,332;5591,316;5595,306;5599,320;5604,304;5608,318;5612,302;5617,316;5621,320;5626,334;5630,318;5634,320;5639,316;5643,308;5647,322;5652,320;5656,318;5660,304;5665,316;5669,308;5673,322;5678,306;5682,318;5686,318;5691,310;5695,322;5700,308;5704,306;5708,306;5713,318;5717,310;5721,322;5726,308;5730,320;5734,320;5739,318;5743,324;5747,308;5752,308;5756,306;5760,320;5765,312;5769,310;5774,310;5778,322;5782,308;5787,322;5791,326;5795,312;5800,310;5804,294;5808,308;5813,306;5817,326;5821,310;5826,324;5830,308;5834,322;5839,312;5843,312;5848,324;5852,308;5856,308;5861,322;5865,312;5869,310;5874,324;5878,322;5882,322;5887,322;5891,298;5895,312;5900,310;5904,324;5909,322;5913,314;5917,312;5922,326;5926,310;5930,324;5935,308;5939,302;5943,326;5948,312;5952,324;5956,310;5961,322;5965,312;5969,326;5974,312;5978,324;5983,308;5987,300;5991,326;5996,312;6000,326;6004,310;6009,324;6013,314;6017,328;6022,312;6026,326;6030,310;6035,302;6039,316;6044,314;6048,314;6052,312;6057,312;6061,304;6065,316;6070,300;6074,300;6078,300;6083,298;6087,288;6091,290;6096,288;6100,288;6104,300;6109,292;6113,290;6118,290;6122,288;6126,288;6131,286;6135,292;6139,276;6144,290;6148,274;6152,274;6157,274;6161,294;6165,292;6170,292;6174,290;6178,290;6183,282;6187,280;6192,280;6196,278;6200,292;6205,276;6209,296;6213,282;6218,280;6222,280;6226,292;6231,292;6235,282;6239,268;6244,280;6248,280;6252,278;6257,284;6261,282;6266,296;6270,280;6274,278;6279,290;6283,270;6287,282;6292,282;6296,280;6300,266;6305,278;6309,284;6313,284;6318,296;6322,296;6326,280;6331,270;6335,284;6340,284;6344,296;6348,282;6353,294;6357,286;6361,286;6366,270;6370,284;6374,282;6379,282;6383,288;6387,286;6392,286;6396,284;6400,282;6405,276;6409,274;6414,286;6418,300;6422,286;6427,298;6431,274;6435,274;6440,274;6444,274;6448,286;6453,278;6457,292;6461,290;6466,290;6470,288;6475,288;6479,278;6483,264;6488,290;6492,290;6496,288;6501,288;6505,266;6509,278;6514,278;6518,292;6522,290;6527,282;6531,268;6535,280;6540,264;6544,278;6549,278;6553,282;6557,282;6562,296;6566,280;6570,294;6575,278;6579,284;6583,268;6588,268;6592,280;6596,266;\r\nBuffer sent in 0.973 secondsreturn;buffer;965\r\n'), 10:43:03
bytearray(b'received from UR: measure -> measure (0,1)\r\nSTEPPER: Moving to mstep: 6600 with speed [msteps/sec]: 1000 in StealthChop.\r\n'), 10:43:04
bytearray(b'STEPPER: Moving to mstep: 2400 with speed [msteps/sec]: 4000 in SpreadCycle.\r\n'), 10:43:08
bytearray(b'STEPPER: Moved 4200.00 msteps (ramp: 35%) in 1324.888 ms -> average speed [msteps/sec]: 3170.08\r\nreturn;measure;965\r\n'), 10:43:10
bytearray(b'received from UR: buffer -> buffer (0,1)\r\nSending buffer of size 965data;2400,298;2404,472;2408,140;2413,282;2417,310;2421,330;2426,344;2430,314;2434,342;2439,326;2443,332;2447,318;2452,318;2456,330;2460,316;2465,330;2469,320;2473,320;2478,320;2482,334;2487,318;2491,326;2495,322;2500,322;2504,336;2508,320;2513,334;2517,326;2521,338;2526,324;2530,338;2534,322;2539,336;2543,328;2547,312;2552,326;2556,312;2561,338;2565,316;2569,330;2574,314;2578,328;2582,326;2587,340;2591,332;2595,316;2600,330;2604,302;2608,330;2613,314;2617,336;2621,320;2626,334;2630,332;2635,332;2639,324;2643,322;2648,324;2652,322;2656,336;2661,320;2665,342;2669,326;2674,340;2678,324;2682,338;2687,322;2691,314;2696,328;2700,312;2704,326;2709,310;2713,332;2717,330;2722,330;2726,326;2730,342;2735,326;2739,304;2743,332;2748,318;2752,330;2756,302;2761,330;2765,322;2770,334;2774,320;2778,334;2783,318;2787,310;2791,324;2796,308;2800,324;2804,308;2809,334;2813,326;2817,342;2822,326;2826,340;2830,324;2835,338;2839,330;2844,316;2848,328;2852,314;2857,328;2861,320;2865,334;2870,318;2874,332;2878,330;2883,330;2887,322;2891,320;2896,334;2900,318;2905,332;2909,318;2913,338;2918,322;2922,336;2926,322;2931,336;2935,326;2939,312;2944,326;2948,310;2952,324;2957,310;2961,330;2965,328;2970,342;2974,328;2979,340;2983,326;2987,318;2992,332;2996,304;3000,328;3005,316;3009,336;3013,320;3018,334;3022,320;3026,332;3031,318;3035,322;3039,322;3044,308;3048,322;3053,320;3057,332;3061,324;3066,338;3070,324;3074,336;3079,322;3083,314;3087,326;3092,312;3096,326;3100,310;3105,324;3109,328;3113,342;3118,326;3122,340;3127,326;3131,318;3135,332;3140,304;3144,330;3148,314;3153,330;3157,320;3161,334;3166,320;3170,334;3174,318;3179,346;3183,324;3187,308;3192,336;3196,322;3201,336;3205,306;3209,342;3214,326;3218,340;3222,324;3227,338;3231,328;3235,314;3240,328;3244,314;3248,326;3253,312;3257,346;3261,330;3266,344;3270,328;3275,342;3279,328;3283,318;3288,332;3292,318;3296,330;3301,316;3305,336;3309,322;3314,336;3318,320;3322,334;3327,332;3331,310;3335,324;3340,308;3344,336;3349,306;3353,334;3357,326;3362,338;3366,324;3370,336;3375,322;3379,314;3383,328;3388,312;3392,326;3396,310;3401,324;3405,328;3409,342;3414,326;3418,340;3423,324;3427,330;3431,328;3436,314;3440,326;3444,326;3449,326;3453,316;3457,344;3462,328;3466,342;3470,326;3475,340;3479,332;3484,316;3488,330;3492,314;3497,328;3501,320;3505,332;3510,332;3514,330;3518,330;3523,342;3527,334;3531,304;3536,332;3540,316;3544,330;3549,302;3553,336;3558,322;3562,334;3566,320;3571,334;3575,324;3579,308;3584,336;3588,306;3592,334;3597,304;3601,340;3605,324;3610,338;3614,322;3618,336;3623,320;3627,312;3632,324;3636,310;3640,322;3645,308;3649,342;3653,326;3658,340;3662,324;3666,338;3671,322;3675,314;3679,328;3684,312;3688,326;3692,310;3697,324;3701,328;3706,342;3710,326;3714,340;3719,324;3723,316;3727,328;3732,314;3736,328;3740,312;3745,324;3749,330;3753,330;3758,328;3762,340;3766,326;3771,304;3775,330;3780,314;3784,328;3788,312;3793,326;3797,332;3801,344;3806,316;3810,344;3814,328;3819,342;3823,334;3827,318;3832,332;3836,316;3840,330;3845,316;3849,336;3854,320;3858,334;3862,320;3867,332;3871,324;3875,310;3880,322;3884,308;3888,322;3893,320;3897,328;3901,326;3906,338;3910,324;3914,338;3919,324;3923,314;3928,328;3932,312;3936,326;3941,310;3945,332;3949,330;3954,344;3958,328;3962,342;3967,326;3971,318;3975,330;3980,302;3984,326;3989,314;3993,328;3997,320;4002,346;4006,318;4010,346;4015,316;4019,308;4023,336;4028,322;4032,320;4036,306;4041,320;4045,312;4049,340;4054,324;4058,338;4063,322;4067,314;4071,328;4076,314;4080,326;4084,312;4089,326;4093,318;4097,332;4102,330;4106,330;4110,330;4115,330;4119,334;4123,306;4128,334;4132,318;4137,332;4141,324;4145,338;4150,322;4154,336;4158,320;4163,334;4167,326;4171,310;4176,324;4180,308;4184,322;4189,306;4193,342;4198,326;4202,340;4206,324;4211,340;4215,330;4219,314;4224,330;4228,314;4232,328;4237,312;4241,334;4245,318;4250,332;4254,316;4258,344;4263,328;4267,306;4272,334;4276,320;4280,332;4285,318;4289,332;4293,322;4298,336;4302,322;4306,334;4311,334;4315,310;4319,324;4324,308;4328,336;4332,306;4337,334;4341,326;4346,338;4350,322;4354,322;4359,320;4363,312;4367,340;4372,310;4376,338;4380,308;4385,336;4389,326;4393,340;4398,324;4402,338;4406,322;4411,336;4415,328;4420,312;4424,326;4428,310;4433,324;4437,316;4441,344;4446,328;4450,340;4454,312;4459,338;4463,316;4467,300;4472,314;4476,312;4480,326;4485,310;4489,330;4494,316;4498,328;4502,314;4507,326;4511,318;4515,302;4520,316;4524,302;4528,328;4533,300;4537,334;4541,318;4546,330;4550,316;4554,328;4559,314;4563,292;4568,318;4572,304;4576,316;4581,302;4585,336;4589,320;4594,320;4598,318;4602,332;4607,316;4611,294;4615,322;4620,306;4624,320;4628,304;4633,318;4637,322;4642,322;4646,320;4650,334;4655,318;4659,296;4663,310;4668,308;4672,306;4676,304;4681,318;4685,310;4689,322;4694,308;4698,322;4703,320;4707,296;4711,312;4716,296;4720,308;4724,292;4729,320;4733,312;4737,326;4742,310;4746,324;4750,322;4755,300;4759,326;4763,312;4768,324;4772,296;4777,322;4781,314;4785,328;4790,312;4794,340;4798,324;4803,338;4807,314;4811,312;4816,326;4820,310;4824,322;4829,308;4833,328;4837,312;4842,340;4846,310;4851,338;4855,316;4859,314;4864,314;4868,298;4872,312;4877,310;4881,330;4885,316;4890,330;4894,328;4898,326;4903,312;4907,316;4911,316;4916,300;4920,314;4925,312;4929,318;4933,304;4938,316;4942,316;4946,316;4951,314;4955,304;4959,318;4964,302;4968,316;4972,300;4977,314;4981,320;4986,332;4990,316;4994,330;4999,314;5003,292;5007,318;5012,302;5016,316;5020,300;5025,314;5029,318;5033,320;5038,316;5042,330;5046,316;5051,328;5055,320;5060,304;5064,318;5068,302;5073,314;5077,320;5081,320;5086,318;5090,318;5094,316;5099,316;5103,308;5107,306;5112,318;5116,304;5120,316;5125,302;5129,322;5134,320;5138,332;5142,318;5147,330;5151,322;5155,306;5160,320;5164,304;5168,318;5173,302;5177,336;5181,320;5186,334;5190,318;5194,332;5199,316;5203,308;5208,320;5212,304;5216,318;5221,304;5225,338;5229,322;5234,336;5238,320;5242,334;5247,318;5251,308;5255,310;5260,308;5264,322;5269,306;5273,318;5277,310;5282,324;5286,322;5290,322;5295,320;5299,312;5303,310;5308,310;5312,322;5316,306;5321,320;5325,312;5329,324;5334,322;5338,322;5343,320;5347,298;5351,312;5356,296;5360,310;5364,296;5369,308;5373,314;5377,328;5382,312;5386,326;5390,310;5395,324;5399,314;5403,300;5408,312;5412,298;5417,310;5421,316;5425,330;5430,314;5434,326;5438,310;5443,324;5447,316;5451,300;5456,314;5460,298;5464,310;5469,296;5473,330;5477,314;5482,314;5486,312;5491,324;5495,316;5499,300;5504,314;5508,300;5512,310;5517,296;5521,330;5525,316;5530,328;5534,312;5538,326;5543,324;5547,300;5551,314;5556,298;5560,326;5565,298;5569,324;5573,316;5578,330;5582,314;5586,328;5591,312;5595,302;5599,316;5604,300;5608,314;5612,298;5617,312;5621,318;5625,330;5630,314;5634,314;5639,312;5643,318;5647,318;5652,318;5656,316;5660,314;5665,314;5669,318;5673,318;5678,316;5682,314;5686,314;5691,326;5695,332;5700,318;5704,316;5708,314;5713,328;5717,318;5721,318;5726,304;5730,316;5734,314;5739,328;5743,320;5747,304;5752,318;5756,302;5760,316;5765,300;5769,334;5774,318;5778,332;5782,316;5787,330;5791,322;5795,292;5800,320;5804,304;5808,318;5813,302;5817,322;5821,320;5826,320;5830,318;5834,332;5839,310;5843,294;5848,308;5852,306;5856,306;5861,304;5865,322;5869,310;5874,322;5878,308;5882,322;5887,320;5891,298;5895,310;5900,310;5904,308;5909,294;5913,320;5917,312;5922,326;5926,310;5930,324;5935,322;5939,298;5943,314;5948,298;5952,324;5956,296;5961,322;5965,314;5969,326;5974,312;5978,338;5983,310;5987,300;5991,314;5996,298;6000,312;6004,296;6009,322;6013,314;6017,328;6022,312;6026,326;6030,308;6035,324;6039,314;6043,312;6048,312;6052,298;6057,310;6061,314;6065,328;6070,312;6074,312;6078,310;6083,294;6087,284;6091,284;6096,284;6100,268;6104,296;6109,288;6113,288;6117,286;6122,284;6126,284;6131,296;6135,288;6139,272;6144,286;6148,270;6152,284;6157,254;6161,302;6165,288;6170,300;6174,284;6178,270;6183,290;6187,274;6191,286;6196,272;6200,284;6205,256;6209,304;6213,288;6218,288;6222,286;6226,270;6231,284;6235,276;6239,288;6244,288;6248,286;6252,272;6257,290;6261,290;6265,288;6270,288;6274,258;6279,286;6283,276;6287,276;6292,276;6296,274;6300,272;6305,272;6309,292;6313,290;6318,288;6322,288;6326,286;6331,278;6335,290;6339,276;6344,288;6348,274;6353,286;6357,292;6361,292;6366,290;6370,288;6374,288;6379,278;6383,278;6387,276;6392,288;6396,274;6400,272;6405,292;6409,292;6414,290;6418,288;6422,288;6427,288;6431,278;6435,276;6440,276;6444,274;6448,274;6453,278;6457,292;6461,290;6466,290;6470,276;6474,260;6479,280;6483,278;6488,276;6492,290;6496,274;6501,274;6505,264;6509,292;6514,292;6518,290;6522,290;6527,280;6531,278;6535,278;6540,276;6544,274;6549,260;6553,294;6557,292;6562,292;6566,276;6570,276;6575,276;6579,266;6583,278;6588,264;6592,276;6596,262;\r\nBuffer sent in 0.973 secondsreturn;buffer;965\r\n'), 10:43:12
bytearray(b'received from UR: measure -> measure (0,1)\r\nSTEPPER: Moving to mstep: 6600 with speed [msteps/sec]: 1000 in StealthChop.\r\n'), 10:43:13
bytearray(b'STEPPER: Moving to mstep: 2400 with speed [msteps/sec]: 4000 in SpreadCycle.\r\n'), 10:43:17
bytearray(b'STEPPER: Moved 4200.00 msteps (ramp: 35%) in 1324.888 ms -> average speed [msteps/sec]: 3170.08\r\nreturn;measure;965\r\n'), 10:43:18
bytearray(b'received from UR: buffer -> buffer (0,1)\r\nSending buffer of size 965data;2400,306;2404,458;2408,170;2413,270;2417,312;2421,318;2426,344;2430,318;2434,346;2439,332;2443,308;2447,322;2452,320;2456,334;2460,320;2465,320;2469,324;2474,338;2478,322;2482,336;2487,322;2491,328;2495,328;2500,314;2504,326;2508,326;2513,338;2517,316;2521,330;2526,330;2530,342;2534,328;2539,328;2543,334;2548,320;2552,332;2556,318;2561,332;2565,324;2569,338;2574,322;2578,338;2582,322;2587,336;2591,328;2595,328;2600,340;2604,312;2609,326;2613,318;2617,332;2622,330;2626,328;2630,328;2635,328;2639,320;2643,320;2648,320;2652,318;2656,330;2661,316;2665,338;2669,322;2674,336;2678,322;2683,334;2687,320;2691,326;2696,326;2700,310;2704,324;2709,322;2713,342;2717,328;2722,328;2726,326;2730,326;2735,326;2739,318;2743,332;2748,318;2752,330;2757,316;2761,328;2765,320;2770,334;2774,320;2778,334;2783,318;2787,324;2791,324;2796,322;2800,336;2804,306;2809,320;2813,326;2817,340;2822,324;2826,338;2831,322;2835,314;2839,314;2844,326;2848,326;2852,326;2857,324;2861,316;2865,330;2870,328;2874,328;2878,326;2883,340;2887,330;2891,330;2896,330;2900,314;2905,314;2909,318;2913,332;2918,330;2922,330;2926,316;2931,328;2935,334;2939,320;2944,332;2948,318;2952,330;2957,316;2961,336;2965,322;2970,334;2974,320;2979,332;2983,316;2987,324;2992,336;2996,308;3000,320;3005,320;3009,340;3013,324;3018,338;3022,322;3026,338;3031,320;3035,312;3039,326;3044,326;3048,338;3053,324;3057,322;3061,328;3066,342;3070,326;3074,326;3079,324;3083,318;3087,330;3092,314;3096,314;3100,314;3105,328;3109,332;3113,334;3118,318;3122,330;3127,328;3131,308;3135,320;3140,318;3144,320;3148,318;3153,332;3157,322;3161,336;3166,334;3170,336;3174,320;3179,334;3183,324;3188,324;3192,324;3196,320;3201,336;3205,314;3209,342;3214,326;3218,340;3222,326;3227,340;3231,316;3235,316;3240,330;3244,314;3248,328;3253,328;3257,334;3262,318;3266,332;3270,332;3275,332;3279,322;3283,322;3288,336;3292,320;3296,320;3301,320;3305,340;3309,324;3314,338;3318,324;3322,338;3327,336;3331,314;3336,314;3340,314;3344,328;3349,326;3353,334;3357,318;3362,332;3366,330;3370,344;3375,330;3379,322;3383,334;3388,320;3392,334;3396,318;3401,332;3405,324;3410,334;3414,322;3418,336;3423,320;3427,312;3431,326;3436,324;3440,324;3444,322;3449,322;3453,328;3457,328;3462,312;3466,326;3470,324;3475,338;3479,330;3484,330;3488,328;3492,314;3497,326;3501,332;3505,332;3510,318;3514,330;3518,330;3523,330;3527,336;3531,320;3536,320;3540,318;3544,332;3549,318;3553,338;3558,322;3562,336;3566,320;3571,334;3575,340;3579,310;3584,338;3588,322;3592,336;3597,308;3601,340;3605,326;3610,340;3614,324;3618,336;3623,322;3627,314;3632,328;3636,326;3640,326;3645,310;3649,332;3653,330;3658,342;3662,314;3666,328;3671,326;3675,332;3679,332;3684,316;3688,330;3693,328;3697,328;3701,320;3706,332;3710,318;3714,332;3719,318;3723,322;3727,322;3732,320;3736,334;3740,320;3745,332;3749,324;3753,324;3758,322;3762,336;3767,322;3771,326;3775,340;3780,312;3784,324;3788,322;3793,336;3797,314;3801,340;3806,326;3810,338;3814,322;3819,336;3823,328;3828,312;3832,326;3836,312;3841,324;3845,330;3849,330;3854,328;3858,328;3862,312;3867,340;3871,330;3875,316;3880,328;3884,314;3888,326;3893,326;3897,332;3902,330;3906,342;3910,328;3915,326;3919,332;3923,330;3928,344;3932,300;3936,314;3941,314;3945,332;3949,318;3954,344;3958,330;3962,328;3967,326;3971,320;3976,332;3980,318;3984,332;3989,316;3993,342;3997,320;4002,334;4006,318;4010,332;4015,330;4019,322;4023,334;4028,320;4032,320;4036,318;4041,332;4045,322;4050,336;4054,322;4058,336;4063,320;4067,324;4071,324;4076,324;4080,324;4084,310;4089,322;4093,328;4097,326;4102,326;4106,326;4110,324;4115,324;4119,330;4124,330;4128,328;4132,314;4137,326;4141,320;4145,334;4150,332;4154,332;4158,330;4163,330;4167,336;4171,322;4176,334;4180,318;4184,334;4189,318;4193,338;4198,324;4202,338;4206,322;4211,336;4215,326;4219,314;4224,326;4228,324;4232,324;4237,310;4241,330;4245,328;4250,328;4254,312;4258,340;4263,324;4267,332;4272,330;4276,316;4280,330;4285,314;4289,334;4293,320;4298,334;4302,332;4306,332;4311,332;4315,310;4319,324;4324,322;4328,336;4332,320;4337,320;4341,326;4346,326;4350,324;4354,324;4359,324;4363,316;4367,342;4372,314;4376,328;4380,326;4385,340;4389,318;4393,332;4398,330;4402,344;4406,314;4411,342;4415,320;4420,318;4424,332;4428,316;4433,330;4437,322;4441,336;4446,320;4450,334;4454,318;4459,332;4463,310;4467,308;4472,308;4476,320;4481,320;4485,312;4489,324;4494,310;4498,322;4502,322;4507,320;4511,312;4515,312;4520,324;4524,308;4528,322;4533,306;4537,326;4541,312;4546,324;4550,324;4555,308;4559,314;4563,300;4568,312;4572,298;4576,324;4581,310;4585,330;4589,314;4594,314;4598,312;4602,326;4607,312;4611,316;4615,314;4620,314;4624,328;4629,312;4633,318;4637,316;4642,316;4646,316;4650,328;4655,314;4659,306;4663,318;4668,304;4672,316;4676,316;4681,316;4685,306;4689,320;4694,318;4698,318;4703,316;4707,308;4711,308;4716,308;4720,320;4724,306;4729,318;4733,310;4737,324;4742,322;4746,322;4750,320;4755,320;4759,312;4763,310;4768,310;4772,310;4777,322;4781,314;4785,328;4790,312;4794,326;4798,310;4803,324;4807,330;4811,314;4816,316;4820,314;4824,312;4829,312;4833,332;4838,316;4842,330;4846,314;4851,328;4855,318;4859,318;4864,318;4868,316;4872,316;4877,314;4881,320;4885,320;4890,318;4894,318;4898,318;4903,316;4907,308;4912,322;4916,320;4920,320;4925,304;4929,324;4933,324;4938,322;4942,322;4946,322;4951,316;4955,310;4959,310;4964,308;4968,322;4972,306;4977,320;4981,312;4986,326;4990,324;4994,308;4999,308;5003,314;5007,312;5012,310;5016,326;5020,310;5025,310;5029,314;5033,314;5038,298;5042,324;5047,310;5051,316;5055,316;5060,302;5064,314;5068,312;5073,312;5077,318;5081,304;5086,302;5090,316;5094,314;5099,314;5103,320;5107,304;5112,318;5116,302;5121,316;5125,320;5129,320;5134,318;5138,318;5142,316;5147,316;5151,322;5155,306;5160,318;5164,304;5168,316;5173,316;5177,322;5181,320;5186,320;5190,304;5195,318;5199,316;5203,310;5208,322;5212,308;5216,320;5221,306;5225,326;5229,324;5234,310;5238,308;5242,322;5247,306;5251,326;5255,312;5260,324;5264,322;5269,308;5273,308;5277,326;5282,326;5286,312;5290,324;5295,324;5299,316;5303,328;5308,314;5312,312;5316,312;5321,312;5325,318;5329,318;5334,316;5338,316;5343,314;5347,306;5351,320;5356,318;5360,318;5364,304;5369,316;5373,308;5377,322;5382,308;5386,320;5390,304;5395,318;5399,310;5403,310;5408,308;5412,308;5417,322;5421,312;5425,326;5430,312;5434,324;5438,310;5443,324;5447,316;5451,314;5456,314;5460,312;5464,312;5469,310;5473,316;5478,314;5482,314;5486,312;5491,312;5495,318;5499,302;5504,316;5508,300;5512,314;5517,314;5521,318;5525,318;5530,316;5534,316;5538,330;5543,314;5547,306;5552,320;5556,304;5560,318;5565,316;5569,322;5573,308;5578,322;5582,320;5586,334;5591,320;5595,298;5599,310;5604,310;5608,322;5612,308;5617,322;5621,312;5626,326;5630,312;5634,324;5639,310;5643,316;5647,316;5652,314;5656,314;5660,314;5665,312;5669,318;5673,332;5678,318;5682,316;5686,316;5691,316;5695,322;5700,308;5704,320;5708,306;5713,306;5717,324;5721,324;5726,322;5730,322;5734,320;5739,322;5743,312;5747,312;5752,326;5756,310;5761,324;5765,316;5769,330;5774,316;5778,316;5782,314;5787,314;5791,320;5795,318;5800,318;5804,304;5808,316;5813,302;5817,322;5821,322;5826,306;5830,304;5835,318;5839,310;5843,322;5848,308;5852,322;5856,306;5861,306;5865,326;5869,310;5874,310;5878,308;5882,322;5887,308;5891,314;5895,312;5900,312;5904,310;5909,308;5913,310;5917,314;5922,314;5926,312;5930,312;5935,312;5939,316;5943,330;5948,302;5952,316;5956,314;5961,328;5965,306;5969,318;5974,318;5978,332;5983,316;5987,308;5991,308;5996,308;6000,320;6004,306;6009,318;6013,310;6017,326;6022,324;6026,310;6030,308;6035,322;6039,314;6043,314;6048,312;6052,312;6057,324;6061,302;6065,316;6070,314;6074,314;6078,298;6083,298;6087,290;6091,290;6096,288;6100,286;6104,300;6109,292;6113,292;6117,290;6122,290;6126,290;6131,290;6135,280;6139,280;6144,280;6148,278;6152,292;6157,292;6161,298;6165,284;6170,296;6174,282;6178,282;6183,286;6187,286;6192,270;6196,284;6200,282;6205,280;6209,288;6213,288;6218,300;6222,286;6226,286;6231,276;6235,290;6239,288;6244,288;6248,274;6252,286;6257,292;6261,292;6266,292;6270,290;6274,288;6279,274;6283,280;6287,292;6292,292;6296,290;6300,276;6305,282;6309,280;6313,280;6318,292;6322,292;6326,290;6331,268;6335,282;6340,266;6344,280;6348,278;6353,292;6357,284;6361,298;6366,296;6370,296;6374,294;6379,272;6383,284;6387,284;6392,270;6396,282;6400,282;6405,288;6409,288;6414,286;6418,258;6422,284;6427,298;6431,276;6435,276;6440,274;6444,288;6448,274;6453,280;6457,294;6461,292;6466,290;6470,276;6474,274;6479,266;6483,280;6488,278;6492,278;6496,264;6501,276;6505,296;6509,294;6514,280;6518,294;6522,292;6527,270;6531,270;6535,282;6540,268;6544,280;6548,280;6553,256;6557,284;6562,284;6566,282;6570,296;6575,280;6579,286;6583,270;6588,270;6592,268;6596,268;\r\nBuffer sent in 0.973 secondsreturn;buffer;965\r\n'), 10:43:20
bytearray(b'received from UR: measure -> measure (0,1)\r\nSTEPPER: Moving to mstep: 6600 with speed [msteps/sec]: 1000 in StealthChop.\r\n'), 10:43:21
bytearray(b'STEPPER: Moving to mstep: 2400 with speed [msteps/sec]: 4000 in SpreadCycle.\r\n'), 10:43:26
bytearray(b'STEPPER: Moved 4200.00 msteps (ramp: 35%) in 1324.888 ms -> average speed [msteps/sec]: 3170.08\r\nreturn;measure;965\r\n'), 10:43:27
bytearray(b'received from UR: buffer -> buffer (0,1)\r\nSending buffer of size 965data;2400,298;2404,468;2408,138;2413,280;2417,322;2421,328;2426,342;2430,326;2434,340;2439,324;2443,316;2447,328;2452,328;2456,328;2460,326;2465,326;2469,318;2474,332;2478,330;2482,330;2487,316;2491,320;2495,320;2500,320;2504,334;2508,318;2513,332;2517,322;2521,324;2526,322;2530,336;2534,320;2539,334;2543,326;2548,324;2552,338;2556,324;2561,324;2565,328;2569,328;2574,328;2578,340;2582,326;2587,340;2591,316;2595,316;2600,330;2604,314;2608,340;2613,326;2617,332;2622,318;2626,332;2630,330;2635,330;2639,322;2643,306;2648,320;2652,318;2656,330;2661,320;2665,338;2669,322;2674,336;2678,320;2682,322;2687,334;2691,326;2696,326;2700,312;2704,324;2709,324;2713,330;2717,314;2722,342;2726,326;2730,328;2735,326;2739,304;2743,330;2748,316;2752,330;2756,316;2761,328;2765,320;2770,334;2774,318;2778,346;2783,330;2787,308;2791,322;2796,306;2800,320;2804,318;2809,332;2813,322;2817,336;2822,320;2826,334;2830,320;2835,348;2839,324;2844,324;2848,322;2852,308;2857,322;2861,328;2865,328;2870,312;2874,326;2878,324;2883,324;2887,330;2891,330;2896,328;2900,314;2905,328;2909,328;2913,334;2918,318;2922,332;2926,330;2931,330;2935,336;2939,320;2944,334;2948,318;2952,332;2957,318;2961,336;2965,322;2970,334;2974,320;2979,332;2983,318;2987,324;2992,336;2996,322;3000,322;3005,306;3009,326;3013,324;3018,338;3022,322;3026,336;3031,322;3035,314;3039,326;3044,326;3048,326;3053,324;3057,336;3061,314;3066,328;3070,326;3074,326;3079,312;3083,316;3087,330;3092,330;3096,328;3100,326;3105,326;3109,318;3113,330;3118,330;3122,328;3127,328;3131,306;3135,318;3140,318;3144,330;3148,316;3153,328;3157,320;3161,334;3166,318;3170,344;3174,316;3179,330;3183,334;3187,306;3192,332;3196,318;3201,332;3205,322;3209,336;3214,320;3218,334;3222,318;3227,346;3231,324;3235,322;3240,320;3244,306;3248,318;3253,316;3257,338;3261,334;3266,348;3270,320;3275,332;3279,324;3283,324;3288,336;3292,322;3296,320;3301,318;3305,338;3309,324;3314,336;3318,322;3322,334;3327,320;3331,310;3335,324;3340,324;3344,336;3349,322;3353,328;3357,326;3362,326;3366,324;3370,326;3375,324;3379,314;3383,330;3388,312;3392,326;3396,324;3401,338;3405,328;3410,328;3414,314;3418,326;3423,326;3427,318;3431,330;3436,328;3440,328;3444,314;3449,312;3453,318;3457,332;3462,330;3466,344;3470,328;3475,306;3479,320;3484,320;3488,332;3492,318;3497,316;3501,322;3505,322;3510,334;3514,334;3518,318;3523,332;3527,322;3531,322;3536,336;3540,320;3544,334;3549,306;3553,326;3558,324;3562,338;3566,324;3571,336;3575,328;3579,312;3584,326;3588,310;3592,326;3597,322;3601,344;3605,328;3610,342;3614,314;3619,326;3623,326;3627,318;3632,318;3636,316;3640,316;3645,330;3649,336;3653,322;3658,334;3662,320;3666,334;3671,332;3675,324;3679,324;3684,310;3688,322;3693,322;3697,336;3701,314;3706,340;3710,326;3714,328;3719,326;3723,318;3727,330;3732,316;3736,330;3740,328;3745,342;3749,320;3753,334;3758,318;3762,332;3767,330;3771,332;3775,324;3780,308;3784,322;3788,322;3793,334;3797,326;3801,340;3806,324;3810,338;3814,322;3819,336;3823,328;3827,314;3832,326;3836,312;3841,324;3845,318;3849,330;3854,316;3858,330;3862,314;3867,328;3871,334;3875,320;3880,332;3884,318;3888,318;3893,330;3897,336;3901,322;3906,334;3910,320;3915,334;3919,318;3923,324;3928,338;3932,308;3936,336;3941,308;3945,342;3949,326;3954,340;3958,324;3962,338;3967,322;3971,328;3975,342;3980,314;3984,340;3989,310;3993,338;3997,316;4002,328;4006,328;4010,342;4015,326;4019,304;4023,316;4028,316;4032,328;4036,328;4041,328;4045,318;4049,332;4054,316;4058,330;4063,330;4067,322;4071,334;4076,318;4080,318;4084,330;4089,330;4093,322;4097,336;4102,320;4106,334;4110,332;4115,332;4119,324;4124,308;4128,322;4132,322;4137,334;4141,326;4145,326;4150,324;4154,324;4158,322;4163,336;4167,326;4171,312;4176,324;4180,324;4184,338;4189,322;4193,328;4198,314;4202,326;4206,326;4211,338;4215,330;4219,316;4224,316;4228,314;4232,328;4237,328;4241,334;4245,318;4250,332;4254,318;4258,332;4263,330;4267,322;4272,322;4276,306;4280,318;4285,318;4289,338;4293,324;4298,338;4302,322;4306,334;4311,320;4315,326;4319,338;4324,324;4328,324;4332,308;4337,322;4341,326;4346,340;4350,326;4354,326;4359,324;4363,316;4367,330;4372,328;4376,342;4380,314;4385,326;4389,318;4393,332;4398,330;4402,344;4406,330;4411,306;4415,320;4420,320;4424,332;4428,318;4433,330;4437,322;4441,336;4446,320;4450,334;4454,318;4459,332;4463,310;4467,322;4472,322;4476,320;4480,320;4485,312;4489,324;4494,322;4498,322;4502,308;4507,334;4511,312;4515,310;4520,324;4524,308;4528,322;4533,320;4537,326;4541,312;4546,326;4550,310;4554,324;4559,308;4563,314;4568,314;4572,298;4576,310;4581,310;4585,316;4589,314;4594,328;4598,314;4602,326;4607,312;4611,304;4615,316;4620,300;4624,314;4629,300;4633,318;4637,318;4642,318;4646,302;4650,314;4655,300;4659,306;4663,304;4668,304;4672,316;4676,302;4681,302;4685,322;4689,308;4694,306;4698,320;4703,304;4707,312;4711,322;4716,308;4720,322;4724,292;4729,306;4733,310;4737,324;4742,324;4746,324;4750,322;4755,300;4759,312;4763,312;4768,324;4772,310;4777,322;4781,314;4785,328;4790,312;4794,340;4798,324;4803,310;4807,316;4811,316;4816,328;4820,314;4824,314;4829,298;4833,332;4838,318;4842,332;4846,316;4851,330;4855,322;4859,320;4864,320;4868,304;4872,318;4877,318;4881,324;4885,322;4890,322;4894,322;4898,320;4903,306;4907,312;4912,312;4916,324;4920,324;4925,310;4929,328;4933,314;4938,328;4942,312;4946,326;4951,312;4955,316;4959,316;4964,302;4968,314;4972,300;4977,314;4981,320;4986,334;4990,318;4994,332;4999,316;5003,308;5007,322;5012,306;5016,320;5020,304;5025,304;5029,324;5033,324;5038,308;5042,322;5046,320;5051,320;5055,312;5060,310;5064,310;5068,322;5073,322;5077,300;5081,312;5086,310;5090,310;5094,308;5099,308;5103,314;5107,298;5112,312;5116,310;5120,310;5125,294;5129,330;5134,316;5138,328;5142,314;5147,326;5151,318;5155,302;5160,316;5164,316;5168,330;5173,314;5177,322;5181,320;5186,334;5190,318;5194,332;5199,316;5203,308;5208,322;5212,306;5216,306;5221,306;5225,326;5229,310;5234,324;5238,308;5242,322;5247,308;5251,312;5255,312;5260,312;5264,312;5269,310;5273,318;5277,316;5282,316;5286,328;5290,314;5295,314;5299,306;5303,318;5308,318;5312,318;5316,316;5321,316;5325,308;5329,322;5334,320;5338,320;5343,306;5347,312;5351,312;5356,310;5360,324;5364,310;5369,308;5373,314;5377,328;5382,312;5386,314;5390,310;5395,302;5399,316;5403,316;5408,328;5412,314;5417,312;5421,304;5425,318;5430,316;5434,316;5438,302;5443,316;5447,308;5451,320;5456,320;5460,320;5464,320;5469,304;5473,310;5478,310;5482,308;5486,308;5491,308;5495,314;5499,312;5504,326;5508,312;5512,310;5517,310;5521,328;5525,316;5530,314;5534,314;5538,328;5543,312;5547,304;5552,318;5556,316;5560,316;5565,302;5569,322;5573,320;5578,320;5582,318;5586,332;5591,316;5595,310;5599,322;5604,294;5608,306;5612,306;5617,318;5621,310;5626,324;5630,308;5634,322;5639,308;5643,300;5647,314;5652,312;5656,324;5660,310;5665,310;5669,314;5673,328;5678,312;5682,326;5686,312;5691,312;5695,316;5700,314;5704,314;5708,316;5713,328;5717,304;5721,318;5726,318;5730,318;5734,316;5739,316;5743,322;5747,306;5752,306;5756,306;5761,318;5765,310;5769,324;5774,308;5778,322;5782,308;5787,322;5791,312;5795,312;5800,326;5804,312;5808,310;5813,296;5817,330;5821,316;5826,330;5830,314;5835,314;5839,320;5843,304;5848,318;5852,318;5856,316;5861,316;5865,308;5869,308;5874,320;5878,320;5882,306;5887,304;5891,296;5895,310;5900,308;5904,322;5909,308;5913,312;5917,310;5922,324;5926,310;5930,324;5935,310;5939,314;5943,314;5948,298;5952,312;5956,298;5961,324;5965,316;5970,316;5974,314;5978,316;5983,314;5987,306;5991,334;5996,320;6000,318;6004,304;6009,318;6013,324;6017,324;6022,308;6026,336;6030,322;6035,300;6039,312;6044,312;6048,312;6052,310;6057,310;6061,316;6065,316;6070,300;6074,314;6078,298;6083,298;6087,290;6091,290;6096,288;6100,274;6104,286;6109,294;6113,292;6118,292;6122,306;6126,290;6131,288;6135,280;6139,278;6144,278;6148,276;6152,276;6157,276;6161,294;6165,294;6170,306;6174,290;6178,290;6183,282;6187,280;6192,280;6196,266;6200,278;6205,278;6209,284;6213,296;6218,296;6222,294;6226,280;6231,292;6235,284;6239,284;6244,298;6248,296;6252,268;6257,288;6261,286;6266,286;6270,270;6274,268;6279,282;6283,288;6287,286;6292,286;6296,286;6300,272;6305,284;6309,290;6313,276;6318,274;6322,276;6326,288;6331,266;6335,278;6340,250;6344,292;6348,278;6353,290;6357,282;6361,282;6366,280;6370,280;6374,294;6379,272;6383,286;6387,270;6392,284;6396,270;6401,282;6405,288;6409,302;6414,288;6418,288;6422,286;6427,300;6431,276;6435,262;6440,290;6444,288;6448,286;6453,280;6457,264;6461,278;6466,292;6470,292;6475,290;6479,270;6483,268;6488,268;6492,280;6496,280;6501,252;6505,300;6509,286;6514,284;6518,284;6522,270;6527,290;6531,288;6535,288;6540,274;6544,286;6549,272;6553,278;6557,292;6562,290;6566,290;6570,288;6575,288;6579,280;6583,278;6588,264;6592,276;6596,276;\r\nBuffer sent in 0.973 secondsreturn;buffer;965\r\n'), 10:43:29
bytearray(b'received from UR: home -> home (0,1)\r\nSTEPPER: Moving to mstep: 0 with speed [msteps/sec]: 4000 in SpreadCycle.\r\n'), 10:43:30
bytearray(b'STEPPER: Moved 2400.00 msteps (ramp: 35%) in 813.416 ms -> average speed [msteps/sec]: 2950.52\r\nreturn;home;1\r\n'), 10:43:31
