bytearray(b'STEPPER: Moving to mstep: 2400 with speed [msteps/sec]: 4000 in SpreadCycle.\r\n'), 10:45:56
bytearray(b'STEPPER: Moved 2400.00 msteps (ramp: 35%) in 812.836 ms -> average speed [msteps/sec]: 2952.63\r\n'), 10:45:57
bytearray(b'received from UR: status -> status (0,1)\r\n*** STATUS ***\r\nid        :         3 -\r\nstep      :      2400 steps\r\nspeed     :      1500 msteps/s\r\nmspeed    :      1000 msteps/s\r\nsg-thrs   :        80 -\r\ndefault   :     12000 \xc2\xb5m\r\ndispense  :     30350 \xc2\xb5m\r\nblowout   :     33000 \xc2\xb5m\r\nd-offset  :        20 \xc2\xb5m\r\nur0       :         0 -\r\nur1       :         1 -\r\nhomed     :         1 -\r\nreturn;status;2400\r\n'), 10:45:59
bytearray(b'received from UR: measure -> measure (0,1)\r\nSTEPPER: Moving to mstep: 6600 with speed [msteps/sec]: 1000 in StealthChop.\r\n'), 10:46:00
bytearray(b'STEPPER: Moving to mstep: 2400 with speed [msteps/sec]: 4000 in SpreadCycle.\r\n'), 10:46:04
bytearray(b'STEPPER: Moved 4200.00 msteps (ramp: 35%) in 1324.888 ms -> average speed [msteps/sec]: 3170.08\r\nreturn;measure;965\r\n'), 10:46:05
bytearray(b'received from UR: buffer -> buffer (0,1)\r\nSending buffer of size 965data;2400,126;2404,452;2408,236;2413,292;2417,334;2421,324;2426,338;2430,324;2434,336;2439,322;2443,328;2447,326;2452,312;2456,324;2460,324;2465,338;2469,314;2474,342;2478,326;2482,328;2487,326;2491,316;2495,316;2500,316;2504,328;2508,312;2513,326;2517,332;2521,332;2526,330;2530,330;2534,328;2539,328;2543,332;2548,318;2552,318;2556,316;2561,330;2565,320;2569,334;2574,316;2578,332;2582,318;2587,344;2591,336;2595,320;2600,320;2604,304;2608,332;2613,332;2617,336;2622,322;2626,334;2630,320;2635,332;2639,324;2643,324;2648,322;2652,308;2656,320;2661,306;2665,340;2669,324;2674,338;2678,324;2682,322;2687,314;2691,328;2696,326;2700,326;2704,326;2709,310;2713,330;2717,328;2722,328;2726,312;2730,326;2735,324;2739,316;2743,328;2748,314;2752,326;2757,312;2761,324;2765,316;2770,344;2774,328;2778,342;2783,326;2787,304;2791,316;2796,316;2800,330;2804,314;2809,340;2813,318;2817,332;2822,318;2826,330;2831,316;2835,322;2839,334;2844,320;2848,320;2852,318;2857,318;2861,322;2865,336;2870,320;2874,334;2878,318;2883,332;2887,324;2891,322;2896,336;2900,320;2905,318;2909,318;2913,338;2918,336;2922,336;2926,320;2931,334;2935,324;2939,310;2944,338;2948,322;2952,336;2957,320;2961,326;2965,326;2970,338;2974,324;2979,336;2983,322;2987,300;2992,326;2996,310;3000,324;3005,322;3009,328;3013,314;3018,326;3022,312;3026,324;3031,322;3035,328;3039,326;3044,312;3048,324;3053,324;3057,324;3061,314;3066,326;3070,326;3074,324;3079,324;3083,302;3087,314;3092,314;3096,326;3100,312;3105,322;3109,316;3113,330;3118,328;3122,326;3127,326;3131,318;3135,330;3140,316;3144,328;3148,298;3153,314;3157,318;3161,332;3166,316;3170,330;3174,328;3179,330;3183,320;3187,304;3192,330;3196,316;3201,330;3205,322;3209,334;3214,318;3218,332;3222,316;3227,330;3231,336;3235,320;3240,320;3244,318;3248,318;3253,330;3257,336;3262,320;3266,334;3270,318;3275,332;3279,332;3283,322;3288,322;3292,306;3296,318;3301,318;3305,338;3309,322;3314,336;3318,320;3322,334;3327,318;3331,324;3336,336;3340,322;3344,332;3349,306;3353,326;3357,324;3362,338;3366,322;3370,336;3375,320;3379,326;3383,340;3388,324;3392,322;3396,308;3401,320;3405,312;3410,338;3414,324;3418,336;3423,320;3427,312;3431,324;3436,324;3440,324;3444,322;3449,320;3453,326;3457,326;3462,324;3466,322;3471,320;3475,312;3479,324;3484,324;3488,324;3492,322;3497,322;3501,312;3505,326;3510,324;3514,322;3518,310;3523,322;3527,328;3531,312;3536,326;3540,310;3545,324;3549,316;3553,328;3558,326;3562,326;3566,324;3571,324;3575,328;3579,316;3584,342;3588,312;3592,338;3597,310;3601,330;3605,314;3610,328;3614,326;3619,338;3623,324;3627,314;3632,328;3636,326;3640,326;3645,324;3649,330;3653,314;3658,328;3662,326;3666,340;3671,324;3675,330;3679,328;3684,312;3688,314;3693,312;3697,324;3701,330;3706,330;3710,314;3714,326;3719,326;3723,332;3727,330;3732,316;3736,328;3740,312;3745,326;3749,330;3753,330;3758,316;3762,328;3767,326;3771,320;3775,332;3780,318;3784,330;3788,316;3793,328;3797,320;3801,334;3806,318;3810,332;3814,316;3819,330;3823,334;3827,320;3832,334;3836,318;3841,316;3845,322;3849,336;3854,320;3858,334;3862,318;3867,332;3871,324;3875,322;3880,320;3884,306;3888,318;3893,304;3897,338;3902,322;3906,336;3910,320;3915,334;3919,326;3923,324;3928,338;3932,322;3936,322;3941,306;3945,326;3949,326;3954,338;3958,324;3962,336;3967,322;3971,314;3976,326;3980,310;3984,324;3989,310;3993,336;3997,328;4002,342;4006,326;4010,340;4015,324;4019,316;4023,328;4028,328;4032,328;4036,326;4041,324;4045,316;4050,344;4054,328;4058,342;4063,326;4067,318;4071,332;4076,316;4080,316;4084,328;4089,328;4093,320;4097,332;4102,318;4106,330;4110,330;4115,326;4119,322;4124,306;4128,320;4132,318;4137,332;4141,322;4145,336;4150,320;4154,334;4158,332;4163,332;4167,338;4171,308;4176,322;4180,320;4184,334;4189,310;4193,324;4198,322;4202,336;4206,320;4211,334;4215,326;4219,310;4224,324;4228,308;4232,322;4237,320;4241,340;4245,326;4250,338;4254,324;4258,338;4263,322;4267,328;4272,326;4276,324;4280,324;4285,308;4289,328;4293,326;4298,326;4302,310;4306,324;4311,310;4315,328;4319,328;4324,312;4328,324;4332,310;4337,324;4341,328;4346,328;4350,314;4354,326;4359,326;4363,318;4367,330;4372,316;4376,330;4380,300;4385,328;4389,318;4393,346;4398,332;4402,344;4407,316;4411,308;4415,320;4420,320;4424,332;4428,318;4433,318;4437,324;4441,336;4446,322;4450,336;4454,320;4459,334;4463,326;4467,310;4472,324;4476,324;4481,336;4485,314;4489,328;4494,326;4498,326;4502,324;4507,338;4511,328;4515,314;4520,326;4524,326;4528,338;4533,324;4537,330;4541,328;4546,328;4550,326;4555,326;4559,316;4563,316;4568,328;4572,314;4576,314;4581,298;4585,318;4589,316;4594,330;4598,314;4602,314;4607,300;4611,304;4616,318;4620,316;4624,316;4629,314;4633,320;4637,306;4642,318;4646,304;4650,318;4655,302;4659,308;4663,308;4668,320;4672,320;4676,306;4681,318;4685,310;4690,310;4694,308;4698,308;4703,306;4707,298;4711,310;4716,310;4720,322;4724,308;4729,322;4733,314;4737,326;4742,310;4746,310;4750,308;4755,300;4759,314;4764,312;4768,324;4772,310;4777,322;4781,314;4785,328;4790,312;4794,326;4798,310;4803,324;4807,314;4811,300;4816,312;4820,298;4824,324;4829,310;4833,330;4838,314;4842,328;4846,312;4851,326;4855,318;4859,316;4864,316;4868,314;4872,314;4877,326;4881,318;4885,304;4890,316;4894,314;4898,314;4903,312;4907,318;4912,318;4916,302;4920,314;4925,314;4929,320;4933,304;4938,318;4942,318;4946,330;4951,316;4955,306;4959,320;4964,304;4968,304;4972,302;4977,316;4981,308;4986,320;4990,318;4994,318;4999,316;5003,308;5007,308;5012,292;5016,306;5020,318;5025,318;5029,308;5033,322;5038,308;5042,320;5047,318;5051,296;5055,310;5060,308;5064,308;5068,292;5073,306;5077,312;5081,310;5086,310;5090,322;5094,308;5099,306;5103,310;5107,296;5112,308;5116,308;5121,322;5125,314;5129,326;5134,312;5138,326;5142,324;5147,324;5151,314;5155,314;5160,326;5164,310;5168,324;5173,296;5177,328;5181,312;5186,326;5190,310;5195,324;5199,314;5203,300;5208,326;5212,312;5216,324;5221,310;5225,314;5229,312;5234,326;5238,312;5242,324;5247,308;5251,300;5256,314;5260,298;5264,312;5269,310;5273,316;5277,314;5282,314;5286,312;5290,326;5295,312;5299,316;5303,316;5308,314;5312,314;5316,300;5321,312;5325,318;5330,318;5334,302;5338,316;5343,316;5347,322;5351,320;5356,306;5360,318;5364,304;5369,316;5373,308;5377,322;5382,306;5386,320;5390,304;5395,296;5399,322;5404,308;5408,320;5412,306;5417,318;5421,308;5425,322;5430,308;5434,318;5438,304;5443,316;5447,308;5451,320;5456,320;5460,306;5464,318;5469,308;5473,308;5478,308;5482,306;5486,304;5491,318;5495,308;5499,308;5504,320;5508,306;5512,318;5517,302;5521,322;5525,322;5530,320;5534,318;5538,318;5543,310;5547,294;5552,308;5556,306;5560,320;5565,306;5569,324;5573,308;5578,322;5582,308;5586,320;5591,304;5595,312;5599,310;5604,310;5608,322;5613,308;5617,308;5621,312;5626,326;5630,312;5634,324;5639,310;5643,300;5647,314;5652,312;5656,312;5660,312;5665,324;5669,302;5673,314;5678,312;5682,312;5687,310;5691,316;5695,316;5700,314;5704,314;5708,326;5713,324;5717,302;5721,316;5726,314;5730,314;5734,312;5739,312;5743,316;5747,300;5752,314;5756,300;5761,312;5765,316;5769,330;5774,314;5778,314;5782,298;5787,326;5791,304;5795,302;5800,316;5804,314;5808,326;5813,312;5817,318;5821,316;5826,318;5830,314;5835,328;5839,306;5843,306;5848,304;5852,304;5856,304;5861,302;5865,322;5869,320;5874,320;5878,306;5882,318;5887,318;5891,294;5895,308;5900,306;5904,306;5909,292;5913,324;5917,310;5922,308;5926,306;5930,320;5935,306;5939,312;5943,324;5948,310;5952,308;5956,294;5961,306;5965,312;5969,326;5974,312;5978,324;5983,310;5987,302;5991,314;5996,314;6000,326;6004,312;6009,326;6013,302;6017,316;6022,314;6026,314;6030,300;6035,306;6039,306;6044,318;6048,316;6052,316;6057,314;6061,306;6065,320;6070,318;6074,332;6078,316;6083,316;6087,308;6091,320;6096,320;6100,318;6104,316;6109,308;6113,322;6118,320;6122,320;6126,304;6131,318;6135,310;6139,310;6144,322;6148,306;6152,320;6157,304;6161,310;6165,294;6170,266;6174,292;6179,292;6183,296;6187,296;6192,294;6196,280;6200,280;6205,278;6209,296;6213,296;6218,282;6222,294;6226,294;6231,270;6235,268;6239,282;6244,280;6248,280;6253,264;6257,298;6261,296;6266,282;6270,280;6274,266;6279,278;6283,270;6287,282;6292,268;6296,280;6300,278;6305,284;6309,284;6313,282;6318,282;6322,296;6327,280;6331,286;6335,284;6340,270;6344,282;6348,268;6353,280;6357,286;6361,300;6366,284;6370,284;6374,282;6379,274;6383,274;6387,272;6392,272;6396,270;6401,270;6405,288;6409,302;6414,286;6418,286;6422,270;6427,270;6431,276;6435,274;6440,274;6444,272;6448,270;6453,292;6457,276;6461,288;6466,290;6470,288;6475,272;6479,278;6483,262;6488,276;6492,274;6496,274;6501,258;6505,294;6509,278;6514,278;6518,276;6522,274;6527,274;6531,266;6535,278;6540,266;6544,276;6549,262;6553,296;6557,282;6562,280;6566,294;6570,294;6575,292;6579,270;6583,270;6588,268;6592,266;6596,266;\r\nBuffer sent in 0.973 secondsreturn;buffer;965\r\n'), 10:46:07
bytearray(b'received from UR: measure -> measure (0,1)\r\nSTEPPER: Moving to mstep: 6600 with speed [msteps/sec]: 1000 in StealthChop.\r\n'), 10:46:08
bytearray(b'STEPPER: Moving to mstep: 2400 with speed [msteps/sec]: 4000 in SpreadCycle.\r\n'), 10:46:13
bytearray(b'STEPPER: Moved 4200.00 msteps (ramp: 35%) in 1324.880 ms -> average speed [msteps/sec]: 3170.10\r\nreturn;measure;965\r\n'), 10:46:14
bytearray(b'received from UR: buffer -> buffer (0,1)\r\nSending buffer of size 965data;2400,304;2404,450;2408,162;2413,274;2417,316;2421,322;2426,336;2430,320;2434,334;2439,318;2443,324;2447,324;2452,322;2456,322;2460,320;2465,332;2469,324;2474,338;2478,338;2482,336;2487,322;2491,312;2495,328;2500,326;2504,324;2508,324;2513,324;2517,328;2521,328;2526,326;2530,328;2534,326;2539,340;2543,330;2548,316;2552,328;2556,326;2561,326;2565,318;2569,330;2574,330;2578,328;2582,328;2587,328;2591,318;2595,318;2600,330;2604,316;2608,328;2613,314;2617,334;2622,318;2626,332;2630,316;2635,330;2639,322;2643,320;2648,334;2652,318;2656,332;2661,332;2665,336;2669,322;2674,334;2678,334;2682,332;2687,318;2691,324;2696,322;2700,320;2704,320;2709,320;2713,340;2717,324;2722,324;2726,322;2730,336;2735,322;2739,312;2743,326;2748,310;2752,324;2756,322;2761,336;2765,328;2770,328;2774,326;2778,340;2783,324;2787,316;2791,328;2796,314;2800,326;2804,312;2809,324;2813,330;2817,330;2822,328;2826,340;2831,326;2835,318;2839,330;2844,328;2848,328;2852,314;2857,326;2861,318;2865,330;2870,330;2874,342;2878,326;2883,326;2887,332;2891,330;2896,330;2900,314;2905,314;2909,320;2913,332;2918,318;2922,330;2926,316;2931,330;2935,334;2939,320;2944,332;2948,318;2952,332;2957,330;2961,322;2965,322;2970,334;2974,320;2979,334;2983,324;2987,324;2992,322;2996,308;3000,320;3005,306;3009,340;3013,324;3018,324;3022,322;3026,336;3031,320;3035,312;3040,324;3044,310;3048,336;3053,336;3057,328;3061,326;3066,338;3070,324;3074,324;3079,322;3083,328;3087,326;3092,312;3096,324;3100,324;3105,322;3109,328;3114,328;3118,326;3122,340;3127,324;3131,316;3135,326;3140,328;3144,326;3148,310;3153,338;3157,330;3161,328;3166,326;3170,340;3174,312;3179,338;3183,330;3188,314;3192,328;3196,312;3201,326;3205,330;3209,344;3214,328;3218,342;3222,328;3227,340;3231,316;3235,316;3240,328;3244,328;3248,328;3253,312;3257,332;3262,318;3266,330;3270,328;3275,328;3279,334;3283,318;3288,320;3292,332;3296,330;3301,316;3305,336;3309,334;3314,334;3318,332;3322,332;3327,330;3331,322;3336,334;3340,318;3344,332;3349,318;3353,324;3357,322;3362,334;3366,320;3370,332;3375,318;3379,310;3383,322;3388,320;3392,332;3396,318;3401,316;3405,322;3410,336;3414,320;3418,332;3423,316;3427,324;3431,322;3436,320;3440,320;3444,320;3449,332;3453,324;3457,336;3462,320;3466,334;3470,318;3475,332;3479,336;3484,322;3488,320;3492,320;3497,318;3501,324;3505,336;3510,322;3514,334;3518,318;3523,332;3527,322;3531,322;3536,334;3540,320;3544,332;3549,318;3553,338;3558,322;3562,336;3566,320;3571,334;3575,324;3579,324;3584,336;3588,320;3592,320;3597,306;3601,338;3605,322;3610,336;3614,320;3619,334;3623,318;3627,324;3632,322;3636,322;3640,322;3645,320;3649,340;3653,312;3658,338;3662,322;3666,336;3671,322;3675,326;3679,326;3684,324;3688,324;3693,322;3697,322;3701,326;3706,328;3710,324;3714,338;3719,322;3723,314;3727,326;3732,312;3736,340;3740,324;3745,336;3749,328;3753,328;3758,326;3762,340;3767,324;3771,316;3775,330;3780,328;3784,328;3788,312;3793,326;3797,316;3801,330;3806,328;3810,342;3814,326;3819,338;3823,330;3827,328;3832,326;3836,312;3841,326;3845,316;3849,330;3854,328;3858,342;3862,326;3867,340;3871,332;3875,330;3880,328;3884,314;3888,326;3893,326;3897,332;3901,318;3906,328;3910,328;3915,328;3919,320;3923,318;3928,332;3932,318;3936,330;3941,314;3945,334;3949,320;3954,332;3958,318;3962,330;3967,316;3971,322;3975,334;3980,318;3984,332;3989,318;3993,330;3997,322;4002,336;4006,320;4010,334;4015,334;4019,326;4023,324;4028,310;4032,308;4036,308;4041,322;4045,328;4049,340;4054,326;4058,338;4063,324;4067,330;4071,328;4076,314;4080,326;4084,312;4089,340;4093,318;4097,330;4102,316;4106,328;4110,328;4115,342;4119,316;4124,304;4128,316;4132,316;4137,328;4141,320;4145,332;4150,318;4154,330;4158,330;4163,328;4167,334;4171,318;4176,332;4180,316;4184,330;4189,314;4193,334;4198,320;4202,332;4206,316;4211,332;4215,324;4219,308;4224,322;4228,306;4232,320;4237,318;4241,338;4245,324;4250,336;4254,320;4258,334;4263,320;4267,326;4272,324;4276,324;4280,322;4285,322;4289,328;4293,326;4298,326;4302,322;4306,324;4311,336;4315,314;4319,326;4324,312;4328,324;4332,310;4337,336;4341,328;4346,328;4350,326;4354,326;4359,324;4363,316;4367,330;4372,314;4376,328;4380,312;4385,326;4389,316;4393,344;4398,314;4402,328;4407,314;4411,304;4415,318;4420,316;4424,330;4428,314;4433,328;4437,320;4441,332;4446,318;4450,332;4454,330;4459,344;4463,320;4467,320;4472,318;4476,332;4481,330;4485,316;4489,336;4494,320;4498,334;4502,320;4507,334;4511,324;4515,322;4520,322;4524,320;4528,334;4533,318;4537,324;4541,324;4546,322;4550,308;4555,320;4559,312;4563,298;4568,324;4572,310;4576,322;4581,308;4585,326;4589,312;4594,324;4598,310;4602,322;4607,322;4611,298;4615,312;4620,296;4624,310;4629,308;4633,308;4637,312;4642,326;4646,312;4650,324;4655,308;4659,302;4663,314;4668,312;4672,298;4676,294;4681,324;4685,300;4689,314;4694,312;4698,312;4703,312;4707,304;4711,316;4716,302;4720,314;4724,298;4729,312;4733,318;4737,318;4742,316;4746,330;4750,314;4755,306;4759,318;4764,304;4768,318;4772,316;4777,330;4781,308;4785,320;4790,320;4794,334;4798,318;4803,332;4807,322;4811,308;4816,308;4820,306;4824,320;4829,310;4833,324;4838,308;4842,322;4846,320;4851,320;4855,312;4859,310;4864,308;4868,310;4872,322;4877,320;4881,326;4885,310;4890,322;4894,308;4898,322;4903,312;4907,326;4912,310;4916,310;4920,322;4925,320;4929,326;4933,310;4938,324;4942,308;4946,322;4951,308;4955,298;4959,310;4964,310;4968,310;4972,308;4977,314;4981,312;4986,326;4990,310;4994,324;4999,308;5003,302;5007,328;5012,314;5016,312;5020,312;5025,310;5029,316;5033,316;5038,314;5042,314;5046,312;5051,304;5055,304;5060,302;5064,316;5068,300;5073,300;5077,306;5081,318;5086,304;5090,304;5094,302;5099,316;5103,308;5107,306;5112,320;5116,306;5120,318;5125,310;5129,324;5134,322;5138,322;5142,322;5147,320;5151,326;5155,310;5160,324;5164,308;5168,322;5173,308;5177,328;5181,312;5186,324;5190,310;5195,322;5199,314;5203,298;5208,312;5212,310;5216,310;5221,308;5225,328;5229,314;5234,326;5238,312;5242,324;5247,324;5251,314;5255,314;5260,312;5264,310;5269,310;5273,316;5277,314;5282,314;5286,312;5290,326;5295,310;5299,316;5303,314;5308,312;5312,312;5316,310;5321,324;5325,314;5329,314;5334,314;5338,312;5343,310;5347,316;5351,316;5356,302;5360,314;5364,298;5369,326;5373,304;5377,316;5382,302;5386,316;5390,312;5395,306;5399,318;5404,302;5408,302;5412,300;5417,300;5421,318;5425,318;5430,318;5434,316;5438,314;5443,314;5447,306;5451,304;5456,302;5460,302;5464,316;5469,306;5473,320;5478,304;5482,318;5486,302;5491,316;5495,306;5499,306;5504,318;5508,318;5512,316;5517,302;5521,322;5525,306;5530,320;5534,318;5538,318;5543,316;5547,308;5552,320;5556,306;5560,318;5565,304;5569,324;5573,308;5578,322;5582,320;5586,334;5591,318;5595,296;5599,310;5604,294;5608,308;5612,308;5617,320;5621,312;5626,326;5630,310;5634,324;5639,308;5643,314;5647,314;5652,312;5656,298;5660,308;5665,324;5669,302;5673,314;5678,314;5682,314;5686,312;5691,312;5695,316;5700,316;5704,314;5708,314;5713,314;5717,318;5721,318;5726,318;5730,330;5734,314;5739,314;5743,320;5747,318;5752,318;5756,302;5760,316;5765,306;5769,320;5774,304;5778,318;5782,304;5787,316;5791,322;5795,306;5800,320;5804,290;5808,304;5813,304;5817,322;5821,308;5826,320;5830,306;5835,318;5839,310;5843,308;5848,308;5852,308;5856,306;5861,304;5865,310;5869,308;5874,322;5878,320;5882,320;5887,306;5891,310;5895,310;5900,310;5904,308;5909,294;5913,328;5917,312;5922,326;5926,312;5930,324;5935,324;5939,302;5943,302;5948,300;5952,328;5956,314;5961,326;5965,304;5970,318;5974,316;5978,316;5983,314;5987,306;5991,320;5996,320;6000,318;6004,304;6009,316;6013,308;6017,322;6022,322;6026,322;6030,306;6035,318;6039,310;6044,310;6048,308;6052,308;6057,308;6061,312;6065,326;6070,310;6074,324;6078,322;6083,322;6087,298;6091,298;6096,324;6100,324;6104,310;6109,308;6113,314;6118,314;6122,312;6126,312;6131,324;6135,316;6139,302;6144,314;6148,314;6152,300;6157,298;6161,304;6165,290;6170,302;6174,288;6178,286;6183,292;6187,290;6192,290;6196,276;6200,288;6205,274;6209,294;6213,292;6218,292;6222,290;6226,290;6231,288;6235,280;6239,280;6244,280;6248,278;6252,278;6257,284;6261,282;6266,282;6270,282;6274,280;6279,278;6283,286;6287,284;6292,284;6296,282;6300,282;6305,266;6309,288;6313,272;6318,286;6322,286;6326,284;6331,276;6335,274;6340,260;6344,274;6348,272;6353,274;6357,278;6361,278;6366,276;6370,276;6374,290;6379,280;6383,280;6387,280;6392,278;6396,278;6401,278;6405,284;6409,310;6414,282;6418,282;6422,280;6427,294;6431,272;6435,286;6440,270;6444,270;6448,282;6453,288;6457,288;6461,272;6466,258;6470,270;6475,254;6479,274;6483,274;6488,272;6492,286;6496,270;6501,270;6505,290;6509,288;6514,286;6518,286;6522,242;6527,290;6531,274;6535,288;6540,272;6544,272;6549,270;6553,290;6557,288;6562,302;6566,286;6570,286;6575,262;6579,276;6583,288;6588,260;6592,272;6596,272;\r\nBuffer sent in 0.973 secondsreturn;buffer;965\r\n'), 10:46:16
bytearray(b'received from UR: measure -> measure (0,1)\r\nSTEPPER: Moving to mstep: 6600 with speed [msteps/sec]: 1000 in StealthChop.\r\n'), 10:46:17
bytearray(b'STEPPER: Moving to mstep: 2400 with speed [msteps/sec]: 4000 in SpreadCycle.\r\n'), 10:46:21
bytearray(b'STEPPER: Moved 4200.00 msteps (ramp: 35%) in 1324.880 ms -> average speed [msteps/sec]: 3170.10\r\nreturn;measure;965\r\n'), 10:46:23
bytearray(b'received from UR: buffer -> buffer (0,1)\r\nSending buffer of size 965data;2400,296;2404,454;2408,164;2413,278;2417,320;2421,328;2426,340;2430,326;2434,338;2439,324;2443,330;2447,328;2452,314;2456,326;2460,312;2465,324;2469,330;2474,330;2478,328;2482,328;2487,326;2491,332;2495,328;2500,316;2504,328;2508,328;2513,328;2517,332;2521,332;2526,330;2530,330;2534,328;2539,328;2543,320;2548,318;2552,332;2556,330;2561,330;2565,322;2569,334;2574,320;2578,334;2582,318;2587,332;2591,324;2595,322;2600,336;2604,320;2608,334;2613,320;2617,340;2622,324;2626,326;2630,324;2635,336;2639,328;2643,314;2648,326;2652,326;2656,324;2661,324;2665,330;2669,330;2674,328;2678,328;2682,328;2687,326;2691,332;2696,332;2700,318;2704,330;2709,330;2713,336;2717,322;2722,334;2726,334;2730,334;2735,318;2739,310;2743,324;2748,322;2752,336;2756,320;2761,334;2765,326;2770,328;2774,324;2778,326;2783,324;2787,316;2791,328;2796,314;2800,328;2804,312;2809,340;2813,318;2817,332;2822,318;2826,332;2831,330;2835,330;2839,320;2844,320;2848,334;2852,320;2857,332;2861,324;2865,338;2870,322;2874,336;2878,322;2883,336;2887,326;2891,312;2896,312;2900,310;2905,324;2909,324;2913,330;2918,330;2922,330;2926,328;2931,328;2935,334;2939,320;2944,332;2948,318;2952,330;2957,316;2961,336;2965,320;2970,334;2974,320;2979,332;2983,324;2987,310;2992,322;2996,308;3000,336;3005,320;3009,326;3013,326;3018,340;3022,324;3026,338;3031,324;3035,316;3039,328;3044,314;3048,314;3053,310;3057,340;3061,318;3066,332;3070,316;3074,330;3079,330;3083,322;3087,320;3092,320;3096,334;3100,332;3105,332;3109,324;3113,338;3118,336;3122,336;3127,334;3131,312;3135,340;3140,324;3144,324;3148,310;3153,336;3157,328;3161,330;3166,326;3170,340;3174,312;3179,340;3183,330;3187,316;3192,330;3196,316;3201,328;3205,320;3209,334;3214,318;3218,332;3222,330;3227,344;3231,322;3235,320;3240,320;3244,304;3248,318;3253,318;3257,338;3261,322;3266,334;3270,334;3275,334;3279,326;3283,324;3288,324;3292,324;3296,322;3301,322;3305,328;3309,326;3314,326;3318,326;3322,338;3327,324;3331,314;3335,314;3340,314;3344,340;3349,326;3353,326;3357,316;3362,330;3366,330;3370,328;3375,328;3379,320;3383,332;3388,318;3392,330;3396,316;3401,328;3405,322;3409,334;3414,320;3418,332;3423,330;3427,324;3431,322;3436,322;3440,320;3444,306;3449,318;3453,324;3457,338;3462,324;3466,336;3470,322;3475,334;3479,340;3484,324;3488,324;3492,322;3497,322;3501,328;3505,326;3510,326;3514,326;3518,324;3523,324;3527,330;3531,314;3536,328;3540,314;3544,326;3549,312;3553,332;3558,316;3562,330;3566,316;3571,330;3575,334;3579,308;3584,320;3588,304;3592,318;3597,318;3601,338;3605,322;3610,336;3614,322;3618,336;3623,320;3627,326;3632,326;3636,324;3640,324;3645,324;3649,344;3653,328;3658,342;3662,314;3666,326;3671,326;3675,318;3679,316;3684,316;3688,314;3692,314;3697,328;3701,318;3706,332;3710,318;3714,330;3719,330;3723,308;3727,320;3732,306;3736,334;3740,332;3745,332;3749,324;3753,338;3758,336;3762,336;3767,322;3771,312;3775,324;3780,324;3784,324;3788,322;3793,322;3797,326;3801,340;3806,326;3810,326;3814,324;3819,336;3823,328;3827,314;3832,312;3836,312;3841,326;3845,324;3849,332;3854,330;3858,330;3862,328;3867,328;3871,334;3875,334;3880,332;3884,318;3888,330;3893,330;3897,336;3901,322;3906,334;3910,320;3915,334;3919,318;3923,310;3928,324;3932,322;3936,334;3941,306;3945,326;3949,324;3954,338;3958,322;3962,322;3967,322;3971,326;3975,326;3980,312;3984,324;3989,308;3993,336;3997,314;4002,328;4006,326;4010,340;4015,324;4019,316;4023,328;4028,314;4032,326;4036,310;4041,312;4045,318;4049,332;4054,330;4058,344;4063,328;4067,320;4071,320;4076,304;4080,318;4084,330;4089,328;4093,336;4097,334;4102,334;4106,332;4110,318;4115,330;4119,322;4123,322;4128,334;4132,320;4137,320;4141,324;4145,338;4150,324;4154,322;4158,320;4163,334;4167,326;4171,312;4176,324;4180,310;4184,324;4189,322;4193,342;4198,328;4202,328;4206,326;4211,340;4215,316;4219,314;4224,328;4228,314;4232,326;4237,312;4241,332;4245,318;4250,332;4254,316;4258,330;4263,328;4267,320;4272,332;4276,318;4280,332;4285,330;4289,336;4293,322;4298,334;4302,320;4306,334;4311,332;4315,324;4319,322;4324,308;4328,322;4332,306;4337,320;4341,326;4346,338;4350,324;4354,338;4359,322;4363,314;4367,342;4372,328;4376,326;4380,312;4385,326;4389,316;4393,330;4398,330;4402,344;4406,328;4411,306;4415,320;4420,320;4424,332;4428,332;4433,332;4437,324;4441,336;4446,322;4450,336;4454,320;4459,334;4463,326;4467,326;4472,324;4476,324;4480,322;4485,320;4489,328;4494,326;4498,326;4502,324;4507,324;4511,330;4515,328;4520,328;4524,314;4528,326;4533,312;4537,332;4541,316;4546,316;4550,314;4554,314;4559,306;4563,306;4568,318;4572,304;4576,304;4581,302;4585,322;4589,308;4594,320;4598,320;4602,320;4607,318;4611,296;4615,308;4620,294;4624,308;4629,308;4633,306;4637,312;4642,312;4646,310;4650,324;4655,308;4659,302;4663,314;4668,314;4672,312;4676,312;4681,312;4685,304;4689,316;4694,316;4698,316;4703,314;4707,320;4711,318;4716,304;4720,318;4724,302;4729,316;4733,308;4737,320;4742,320;4746,318;4750,318;4755,318;4759,324;4763,308;4768,308;4772,306;4777,322;4781,312;4785,326;4790,310;4794,324;4798,324;4803,336;4807,302;4811,300;4816,328;4820,312;4824,312;4829,312;4833,332;4838,316;4842,330;4846,316;4851,328;4855,320;4859,306;4864,318;4868,318;4872,316;4877,316;4881,322;4885,308;4890,322;4894,306;4898,318;4903,318;4907,324;4912,322;4916,310;4920,322;4925,322;4929,314;4933,312;4938,326;4942,312;4946,324;4951,324;4955,302;4959,316;4964,300;4968,300;4972,298;4977,312;4981,304;4986,318;4990,302;4994,316;4999,314;5003,306;5007,318;5012,304;5016,318;5020,302;5025,302;5029,322;5033,322;5038,308;5042,320;5046,306;5051,320;5055,310;5060,310;5064,310;5068,308;5073,308;5077,316;5081,314;5086,314;5090,314;5094,312;5099,326;5103,318;5107,316;5112,316;5116,300;5120,314;5125,306;5129,320;5134,304;5138,318;5142,316;5147,316;5151,320;5155,306;5160,320;5164,304;5168,332;5173,316;5177,324;5181,308;5186,322;5190,306;5194,322;5199,312;5203,312;5208,310;5212,296;5216,308;5221,308;5225,328;5229,314;5234,328;5238,312;5242,326;5247,310;5251,318;5255,316;5260,316;5264,314;5269,300;5273,300;5277,318;5282,318;5286,316;5290,318;5295,316;5299,308;5303,306;5308,306;5312,318;5316,318;5321,316;5325,308;5329,322;5334,320;5338,320;5343,320;5347,312;5351,310;5356,310;5360,308;5364,294;5369,322;5373,298;5377,312;5382,310;5386,324;5390,308;5395,324;5399,314;5403,312;5408,312;5412,296;5417,310;5421,314;5425,328;5430,312;5434,326;5438,310;5443,324;5447,316;5451,314;5456,314;5460,298;5464,312;5469,312;5473,304;5477,302;5482,314;5486,312;5491,312;5495,304;5499,302;5504,316;5508,300;5512,314;5517,312;5521,318;5525,318;5530,318;5534,316;5538,316;5543,314;5547,306;5551,318;5556,318;5560,318;5565,302;5569,322;5573,308;5578,334;5582,306;5586,332;5591,304;5595,308;5599,322;5604,308;5608,320;5612,306;5617,318;5621,310;5625,324;5630,322;5634,322;5639,306;5643,312;5647,312;5652,310;5656,310;5660,308;5665,308;5669,314;5673,314;5678,312;5682,326;5686,310;5691,324;5695,316;5700,316;5704,316;5708,314;5713,314;5717,320;5721,320;5726,318;5730,318;5734,302;5739,316;5743,320;5747,308;5752,320;5756,306;5760,318;5765,318;5769,310;5774,308;5778,322;5782,306;5787,320;5791,312;5795,310;5800,310;5804,308;5808,310;5813,308;5817,314;5821,312;5826,326;5830,310;5834,310;5839,314;5843,314;5848,314;5852,312;5856,312;5861,310;5865,316;5869,302;5874,314;5878,314;5882,314;5887,312;5891,318;5895,318;5900,302;5904,316;5909,314;5913,306;5917,304;5922,318;5926,318;5930,318;5935,316;5939,308;5943,308;5948,306;5952,306;5956,304;5961,318;5965,310;5969,322;5974,308;5978,322;5983,306;5987,312;5991,312;5996,310;6000,310;6004,296;6009,308;6013,314;6017,328;6022,312;6026,326;6030,310;6035,324;6039,314;6043,314;6048,314;6052,312;6057,312;6061,316;6065,316;6070,316;6074,328;6078,314;6083,314;6087,318;6091,316;6096,316;6100,316;6104,314;6109,314;6113,320;6117,318;6122,318;6126,316;6131,316;6135,320;6139,306;6144,320;6148,304;6152,318;6157,302;6161,308;6165,294;6170,292;6174,278;6178,292;6183,282;6187,282;6191,282;6196,280;6200,280;6205,280;6209,286;6213,284;6218,298;6222,298;6226,298;6231,296;6235,274;6239,272;6244,272;6248,270;6252,284;6257,276;6261,288;6265,288;6270,288;6274,286;6279,286;6283,292;6287,278;6292,276;6296,290;6300,274;6305,274;6309,280;6313,294;6318,292;6322,292;6326,290;6331,268;6335,282;6340,280;6344,280;6348,264;6353,278;6357,284;6361,284;6366,282;6370,280;6374,280;6379,292;6383,284;6387,284;6392,282;6396,266;6400,280;6405,286;6409,286;6414,284;6418,298;6422,282;6427,296;6431,272;6435,272;6440,272;6444,270;6448,270;6453,270;6457,276;6461,274;6466,288;6470,288;6474,288;6479,278;6483,278;6488,262;6492,262;6496,276;6501,276;6505,280;6509,280;6514,294;6518,294;6522,292;6527,282;6531,268;6535,282;6540,282;6544,280;6549,280;6553,272;6557,284;6562,284;6566,284;6570,282;6575,268;6579,272;6583,286;6588,286;6592,284;6596,284;\r\nBuffer sent in 0.973 secondsreturn;buffer;965\r\n'), 10:46:24
bytearray(b'received from UR: measure -> measure (0,1)\r\nSTEPPER: Moving to mstep: 6600 with speed [msteps/sec]: 1000 in StealthChop.\r\n'), 10:46:26
bytearray(b'STEPPER: Moving to mstep: 2400 with speed [msteps/sec]: 4000 in SpreadCycle.\r\n'), 10:46:30
bytearray(b'STEPPER: Moved 4200.00 msteps (ramp: 35%) in 1324.880 ms -> average speed [msteps/sec]: 3170.10\r\nreturn;measure;965\r\n'), 10:46:31
bytearray(b'received from UR: buffer -> buffer (0,1)\r\nSending buffer of size 965data;2400,292;2404,438;2408,192;2413,278;2417,318;2421,326;2426,340;2430,324;2434,338;2439,322;2443,328;2447,328;2452,326;2456,326;2460,310;2465,324;2469,316;2474,344;2478,328;2482,328;2487,314;2491,318;2495,318;2500,318;2504,328;2508,314;2513,328;2517,334;2521,334;2526,318;2530,332;2534,316;2539,330;2543,334;2547,320;2552,334;2556,318;2561,318;2565,324;2569,338;2574,322;2578,336;2582,322;2587,334;2591,340;2595,324;2600,324;2604,310;2608,322;2613,322;2617,342;2622,328;2626,340;2630,326;2635,326;2639,330;2643,330;2648,330;2652,314;2656,326;2661,312;2665,332;2669,332;2674,332;2678,316;2682,330;2687,314;2691,322;2696,334;2700,318;2704,332;2709,316;2713,328;2717,334;2722,334;2726,320;2730,332;2735,332;2739,324;2743,336;2748,320;2752,322;2756,306;2761,320;2765,324;2770,338;2774,324;2778,338;2783,322;2787,314;2791,328;2796,326;2800,340;2804,324;2809,338;2813,316;2817,330;2822,328;2826,342;2830,312;2835,340;2839,318;2844,318;2848,330;2852,330;2857,328;2861,320;2865,334;2870,318;2874,332;2878,330;2883,328;2887,322;2891,320;2896,320;2900,334;2905,332;2909,332;2913,324;2918,322;2922,322;2926,322;2931,334;2935,326;2939,310;2944,324;2948,310;2952,336;2957,322;2961,342;2965,326;2970,340;2974,324;2979,338;2983,322;2987,316;2992,328;2996,312;3000,326;3005,312;3009,346;3013,332;3018,344;3022,330;3026,344;3031,328;3035,320;3039,334;3044,318;3048,318;3053,316;3057,316;3061,322;3066,334;3070,320;3074,334;3079,318;3083,310;3087,322;3092,322;3096,334;3100,320;3105,320;3109,326;3113,338;3118,324;3122,338;3127,322;3131,314;3135,326;3140,326;3144,338;3148,324;3153,324;3157,314;3161,328;3166,326;3170,326;3174,324;3179,338;3183,330;3187,328;3192,342;3196,314;3201,326;3205,316;3209,330;3214,316;3218,342;3222,328;3227,340;3231,318;3235,304;3240,316;3244,316;3248,328;3253,328;3257,334;3261,318;3266,334;3270,318;3275,332;3279,322;3283,322;3288,334;3292,320;3296,320;3301,318;3305,336;3309,322;3314,336;3318,320;3322,334;3327,318;3331,324;3335,336;3340,320;3344,320;3349,318;3353,324;3357,324;3362,336;3366,322;3370,334;3375,318;3379,324;3383,338;3388,322;3392,320;3396,306;3401,320;3405,324;3409,338;3414,324;3418,336;3423,322;3427,312;3431,326;3436,326;3440,326;3444,324;3449,324;3453,314;3457,328;3462,328;3466,326;3470,312;3475,324;3479,316;3484,328;3488,328;3492,328;3497,326;3501,318;3505,330;3510,330;3514,328;3518,314;3523,342;3527,318;3531,318;3536,330;3540,316;3544,330;3549,300;3553,334;3558,318;3562,332;3566,330;3571,344;3575,322;3579,306;3584,320;3588,318;3592,332;3597,316;3601,336;3605,320;3610,334;3614,320;3618,332;3623,316;3627,308;3632,322;3636,320;3640,334;3645,318;3649,338;3653,322;3658,336;3662,320;3666,334;3671,334;3675,324;3679,322;3684,308;3688,322;3692,334;3697,334;3701,326;3706,326;3710,324;3714,324;3719,322;3723,328;3727,340;3732,326;3736,324;3740,310;3745,324;3749,328;3753,328;3758,314;3762,326;3766,324;3771,338;3775,330;3780,314;3784,326;3788,312;3793,324;3797,316;3801,344;3806,328;3810,342;3814,312;3819,340;3823,318;3827,330;3832,330;3836,328;3840,328;3845,312;3849,334;3854,318;3858,332;3862,316;3867,330;3871,320;3875,306;3880,332;3884,318;3888,330;3893,318;3897,336;3901,320;3906,334;3910,334;3914,332;3919,318;3923,308;3928,322;3932,322;3936,336;3941,320;3945,328;3949,326;3954,326;3958,324;3962,338;3967,322;3971,300;3975,328;3980,312;3984,326;3989,324;3993,324;3997,328;4002,342;4006,314;4010,328;4015,312;4019,330;4023,330;4028,328;4032,328;4036,314;4041,326;4045,318;4049,346;4054,316;4058,344;4063,328;4067,306;4071,318;4076,318;4080,330;4084,328;4089,328;4093,320;4097,334;4102,320;4106,332;4110,332;4115,330;4119,322;4123,306;4128,320;4132,306;4137,332;4141,324;4145,338;4150,322;4154,334;4158,320;4163,334;4167,338;4171,324;4176,322;4180,308;4184,320;4189,306;4193,340;4198,324;4202,338;4206,324;4211,336;4215,328;4219,314;4224,326;4228,326;4232,326;4237,324;4241,330;4245,316;4250,328;4254,314;4258,340;4263,326;4267,316;4272,330;4276,314;4280,328;4285,312;4289,332;4293,332;4298,332;4302,316;4306,330;4311,328;4315,320;4319,334;4324,304;4328,318;4332,318;4337,330;4341,322;4346,336;4350,322;4354,334;4359,320;4363,310;4367,324;4372,310;4376,336;4380,322;4385,334;4389,326;4393,340;4398,324;4402,336;4406,322;4411,336;4415,340;4420,324;4424,326;4428,310;4433,322;4437,328;4441,342;4446,326;4450,340;4454,326;4459,338;4463,316;4467,316;4472,328;4476,312;4480,326;4485,324;4489,330;4494,316;4498,330;4502,328;4507,328;4511,332;4515,316;4520,316;4524,328;4528,342;4533,326;4537,332;4541,316;4546,316;4550,316;4554,314;4559,312;4563,304;4568,318;4572,302;4576,316;4581,300;4585,320;4589,320;4594,320;4598,302;4602,332;4607,316;4611,306;4615,320;4620,304;4624,304;4629,302;4633,316;4637,308;4642,320;4646,318;4650,318;4655,316;4659,308;4663,306;4668,292;4672,304;4676,302;4681,302;4685,308;4689,320;4694,320;4698,304;4703,304;4707,294;4711,308;4716,306;4720,318;4724,304;4729,316;4733,308;4737,322;4742,306;4746,320;4750,318;4755,318;4759,322;4763,308;4768,320;4772,304;4777,318;4781,324;4785,338;4790,308;4794,336;4798,320;4803,334;4807,326;4811,308;4816,322;4820,306;4824,318;4829,318;4833,324;4838,308;4842,322;4846,306;4851,320;4855,324;4859,310;4864,308;4868,308;4872,306;4877,306;4881,324;4885,310;4890,322;4894,308;4898,320;4903,320;4907,312;4912,324;4916,310;4920,322;4925,306;4929,326;4933,324;4938,324;4942,322;4946,322;4951,320;4955,310;4959,310;4964,296;4968,308;4972,322;4977,320;4981,300;4986,326;4990,312;4994,326;4999,310;5003,316;5007,316;5012,300;5016,314;5020,314;5025,326;5029,304;5033,332;5038,316;5042,330;5046,314;5051,314;5055,318;5060,304;5064,316;5068,316;5073,314;5077,306;5081,320;5086,304;5090,318;5094,304;5099,302;5103,322;5107,306;5112,306;5116,318;5120,316;5125,308;5129,322;5134,320;5138,320;5142,318;5147,318;5151,310;5155,308;5160,322;5164,306;5168,320;5173,304;5177,324;5181,308;5186,322;5190,306;5194,320;5199,312;5203,296;5208,324;5212,310;5216,322;5221,308;5225,328;5229,310;5234,324;5238,308;5242,322;5247,306;5251,310;5255,310;5260,310;5264,322;5269,320;5273,326;5277,310;5282,324;5286,322;5290,322;5295,306;5299,312;5303,310;5308,324;5312,322;5316,322;5321,322;5325,312;5329,324;5334,324;5338,322;5343,322;5347,300;5351,312;5356,296;5360,310;5364,308;5369,320;5373,312;5377,326;5382,310;5386,324;5390,308;5395,322;5399,312;5403,296;5408,310;5412,308;5417,322;5421,300;5425,326;5430,310;5434,324;5438,310;5443,310;5447,314;5451,298;5456,312;5460,310;5464,310;5469,308;5473,300;5477,314;5482,312;5486,312;5491,310;5495,316;5499,300;5504,314;5508,312;5512,312;5517,310;5521,316;5525,314;5530,314;5534,326;5538,326;5543,324;5547,302;5551,314;5556,298;5560,312;5565,296;5569,330;5573,314;5578,314;5582,312;5586,324;5591,310;5595,316;5599,328;5604,312;5608,312;5612,296;5617,310;5621,314;5625,328;5630,312;5634,326;5639,310;5643,302;5647,314;5652,298;5656,312;5660,310;5665,310;5669,314;5673,328;5678,312;5682,324;5686,310;5691,322;5695,314;5700,312;5704,312;5708,310;5713,310;5717,316;5721,328;5726,312;5730,326;5734,326;5739,324;5743,316;5747,312;5752,328;5756,314;5760,312;5765,298;5769,318;5774,316;5778,328;5782,312;5787,312;5791,316;5795,302;5800,314;5804,298;5808,312;5813,308;5817,316;5821,300;5826,314;5830,310;5835,324;5839,316;5843,314;5848,314;5852,298;5856,310;5861,310;5865,316;5869,300;5874,314;5878,312;5882,312;5887,310;5891,314;5895,314;5900,298;5904,312;5909,312;5913,316;5917,300;5922,314;5926,312;5930,312;5935,310;5939,304;5943,314;5948,300;5952,314;5956,312;5961,324;5965,316;5969,316;5974,314;5978,328;5983,312;5987,304;5991,316;5996,300;6000,312;6004,300;6009,312;6013,318;6017,332;6022,316;6026,316;6030,300;6035,328;6039,304;6043,304;6048,302;6052,302;6057,302;6061,308;6065,320;6070,304;6074,318;6078,316;6083,316;6087,322;6091,320;6096,320;6100,304;6104,304;6109,316;6113,310;6117,306;6122,320;6126,318;6131,316;6135,322;6139,306;6144,320;6148,304;6152,316;6157,302;6161,306;6165,292;6170,290;6174,276;6178,288;6183,280;6187,278;6192,278;6196,262;6200,290;6205,288;6209,294;6213,280;6218,278;6222,278;6226,278;6231,290;6235,280;6239,280;6244,264;6248,292;6252,276;6257,282;6261,280;6266,264;6270,278;6274,276;6279,290;6283,268;6287,266;6292,266;6296,278;6300,278;6305,270;6309,284;6313,296;6318,282;6322,280;6327,294;6331,270;6335,284;6340,270;6344,282;6348,268;6353,280;6357,286;6361,286;6366,284;6370,256;6374,282;6379,288;6383,288;6387,286;6392,286;6396,284;6401,284;6405,288;6409,290;6414,288;6418,272;6422,272;6427,262;6431,274;6435,274;6440,272;6444,258;6448,286;6453,278;6457,290;6461,276;6466,274;6470,288;6475,286;6479,278;6483,276;6488,276;6492,274;6496,274;6501,272;6505,278;6509,290;6514,290;6518,288;6522,288;6527,294;6531,280;6535,278;6540,264;6544,276;6549,276;6553,252;6557,280;6562,292;6566,292;6570,278;6575,276;6579,266;6583,266;6588,266;6592,278;6596,262;\r\nBuffer sent in 0.973 secondsreturn;buffer;965\r\n'), 10:46:33
bytearray(b'received from UR: measure -> measure (0,1)\r\nSTEPPER: Moving to mstep: 6600 with speed [msteps/sec]: 1000 in StealthChop.\r\n'), 10:46:34
bytearray(b'STEPPER: Moving to mstep: 2400 with speed [msteps/sec]: 4000 in SpreadCycle.\r\n'), 10:46:38
bytearray(b'STEPPER: Moved 4200.00 msteps (ramp: 35%) in 1324.888 ms -> average speed [msteps/sec]: 3170.08\r\nreturn;measure;965\r\n'), 10:46:40
bytearray(b'received from UR: buffer -> buffer (0,1)\r\nSending buffer of size 965data;2400,302;2404,456;2408,168;2413,280;2417,322;2421,326;2426,340;2430,324;2434,338;2439,322;2443,314;2447,312;2452,312;2456,324;2460,322;2465,336;2469,326;2474,326;2478,324;2482,338;2487,322;2491,328;2495,326;2500,326;2504,324;2508,324;2513,336;2517,326;2521,326;2526,324;2530,336;2534,322;2539,334;2543,326;2548,310;2552,336;2556,320;2561,334;2565,324;2569,338;2574,320;2578,334;2582,318;2587,332;2591,322;2595,308;2600,332;2604,318;2608,332;2613,330;2617,322;2622,320;2626,332;2630,316;2635,330;2639,320;2643,318;2648,332;2652,316;2656,344;2661,328;2665,320;2669,318;2674,330;2678,328;2682,328;2687,328;2691,318;2696,330;2700,316;2704,342;2709,328;2713,320;2717,316;2722,330;2726,328;2730,342;2735,326;2739,316;2743,330;2748,314;2752,328;2757,312;2761,326;2765,316;2770,330;2774,314;2778,328;2783,312;2787,316;2791,330;2796,314;2800,326;2804,310;2809,322;2813,316;2817,342;2822,326;2826,340;2831,324;2835,336;2839,328;2844,312;2848,324;2852,324;2857,336;2861,314;2865,342;2870,326;2874,338;2878,324;2883,336;2887,328;2891,326;2896,326;2900,324;2905,324;2909,322;2913,342;2918,326;2922,326;2926,324;2931,338;2935,342;2939,326;2944,326;2948,310;2952,336;2957,322;2961,340;2965,326;2970,324;2974,322;2979,336;2983,320;2987,326;2992,324;2996,310;3000,336;3005,320;3009,340;3013,324;3018,336;3022,320;3026,336;3031,334;3035,312;3039,310;3044,310;3048,322;3053,322;3057,334;3061,324;3066,338;3070,324;3074,336;3079,320;3083,312;3087,324;3092,322;3096,322;3100,320;3105,320;3109,324;3113,338;3118,322;3122,336;3127,334;3131,312;3135,324;3140,310;3144,336;3148,320;3153,334;3157,324;3161,338;3166,322;3170,336;3174,320;3179,334;3183,324;3187,308;3192,336;3196,320;3201,334;3205,324;3209,338;3214,322;3218,348;3222,318;3227,332;3231,322;3235,318;3240,320;3244,318;3248,330;3253,316;3257,334;3262,318;3266,332;3270,316;3275,330;3279,320;3283,318;3288,330;3292,316;3296,328;3301,314;3305,332;3309,316;3314,330;3318,328;3322,328;3327,324;3331,316;3336,330;3340,314;3344,326;3349,312;3353,332;3357,330;3362,342;3366,328;3370,328;3375,324;3379,316;3383,330;3388,312;3392,326;3397,310;3401,324;3405,328;3410,342;3414,326;3418,338;3423,322;3427,314;3431,326;3436,312;3440,324;3444,310;3449,336;3453,326;3457,326;3462,310;3466,322;3471,320;3475,314;3479,324;3484,324;3488,322;3492,306;3497,334;3501,324;3505,324;3510,322;3514,320;3518,320;3523,332;3527,338;3531,322;3536,334;3540,318;3545,332;3549,316;3553,336;3558,334;3562,332;3566,318;3571,330;3575,336;3579,320;3584,334;3588,316;3592,328;3597,314;3601,346;3605,330;3610,330;3614,314;3619,342;3623,328;3627,318;3632,330;3636,314;3640,328;3645,312;3649,332;3653,316;3658,330;3662,314;3666,340;3671,324;3675,330;3679,328;3684,314;3688,326;3693,324;3697,338;3701,314;3706,328;3710,326;3714,326;3719,324;3723,330;3727,328;3732,312;3736,326;3740,312;3745,338;3749,316;3753,328;3758,326;3762,326;3767,324;3771,338;3775,328;3780,312;3784,326;3788,310;3793,336;3797,314;3801,328;3806,326;3810,340;3814,324;3819,336;3823,328;3827,312;3832,324;3836,324;3841,336;3845,312;3849,326;3854,324;3858,338;3862,322;3867,336;3871,326;3875,312;3880,324;3884,322;3888,336;3893,318;3897,324;3901,322;3906,336;3910,320;3915,332;3919,324;3923,308;3928,334;3932,318;3936,332;3941,328;3945,322;3949,320;3954,332;3958,316;3962,330;3967,314;3971,318;3976,332;3980,316;3984,344;3989,328;3993,334;3997,318;4002,330;4006,312;4010,342;4015,312;4019,318;4023,330;4028,316;4032,328;4036,312;4041,326;4045,316;4050,344;4054,314;4058,340;4063,312;4067,316;4071,328;4076,314;4080,326;4084,312;4089,324;4093,316;4097,328;4102,326;4106,326;4110,324;4115,338;4119,330;4124,328;4128,326;4132,312;4137,324;4141,330;4145,328;4150,328;4154,326;4158,324;4163,338;4167,342;4171,328;4176,326;4180,312;4184,324;4189,322;4193,342;4198,326;4202,340;4206,324;4211,338;4215,328;4219,328;4224,326;4228,312;4232,324;4237,324;4241,328;4245,314;4250,328;4254,324;4258,338;4263,322;4267,328;4272,328;4276,312;4280,312;4285,310;4289,330;4293,328;4298,326;4302,326;4306,326;4311,324;4315,314;4319,328;4324,312;4328,326;4332,310;4337,324;4341,328;4346,328;4350,326;4354,326;4359,324;4363,330;4367,328;4372,314;4376,328;4380,312;4385,338;4389,316;4393,328;4398,314;4402,342;4406,326;4411,340;4415,330;4420,314;4424,328;4428,314;4433,340;4437,316;4441,330;4446,314;4450,342;4454,326;4459,340;4463,318;4467,316;4472,330;4476,314;4481,328;4485,320;4489,332;4494,316;4498,330;4502,328;4507,328;4511,334;4515,318;4520,332;4524,316;4528,330;4533,314;4537,334;4541,318;4546,318;4550,316;4555,314;4559,308;4563,306;4568,304;4572,304;4576,316;4581,302;4585,320;4589,306;4594,318;4598,304;4602,318;4607,316;4611,308;4615,306;4620,304;4624,318;4629,304;4633,310;4637,308;4642,322;4646,306;4650,320;4655,304;4659,310;4663,310;4668,294;4672,308;4676,306;4681,320;4685,296;4689,310;4694,308;4698,322;4703,306;4707,300;4711,312;4716,296;4720,310;4724,294;4729,322;4733,314;4737,326;4742,312;4746,324;4750,310;4755,300;4759,328;4764,312;4768,326;4772,310;4777,320;4781,314;4785,328;4790,312;4794,324;4798,310;4803,338;4807,314;4811,298;4816,310;4820,310;4824,308;4829,308;4833,326;4838,310;4842,322;4846,308;4851,322;4855,312;4859,312;4864,324;4868,310;4872,308;4877,306;4881,326;4885,312;4890,324;4894,322;4898,322;4903,306;4907,312;4912,326;4916,310;4920,324;4925,308;4929,328;4933,312;4938,326;4942,310;4946,324;4951,310;4955,314;4959,312;4964,296;4968,310;4972,310;4977,308;4981,314;4986,298;4990,312;4994,324;4999,308;5003,314;5007,314;5012,312;5016,324;5020,308;5025,308;5029,314;5033,312;5038,310;5042,324;5046,308;5051,300;5055,312;5060,312;5064,310;5068,310;5073,308;5077,312;5081,312;5086,310;5090,308;5094,308;5099,306;5103,312;5107,310;5112,324;5116,310;5121,308;5125,312;5129,326;5134,310;5138,310;5142,308;5147,308;5151,326;5155,312;5160,324;5164,324;5168,322;5173,308;5177,326;5181,312;5186,324;5190,308;5195,322;5199,328;5203,312;5208,326;5212,310;5216,310;5221,308;5225,328;5229,312;5234,326;5238,310;5242,324;5247,310;5251,314;5255,314;5260,298;5264,312;5269,310;5273,316;5277,316;5282,314;5286,314;5290,326;5295,312;5299,316;5303,316;5308,314;5312,314;5316,312;5321,312;5325,316;5330,316;5334,314;5338,314;5343,312;5347,304;5351,318;5356,302;5360,316;5364,300;5369,314;5373,318;5377,318;5382,302;5386,316;5390,314;5395,314;5399,318;5404,304;5408,316;5412,302;5417,330;5421,306;5425,320;5430,304;5434,318;5438,304;5443,316;5447,308;5451,306;5456,320;5460,306;5464,318;5469,296;5473,308;5478,306;5482,320;5486,306;5491,318;5495,308;5499,294;5504,320;5508,306;5512,318;5517,302;5521,322;5525,308;5530,320;5534,316;5538,318;5543,316;5547,292;5552,320;5556,304;5560,318;5565,302;5569,322;5573,306;5578,320;5582,304;5586,318;5591,302;5595,306;5599,320;5604,304;5608,332;5612,316;5617,314;5621,306;5626,320;5630,304;5634,318;5639,302;5643,308;5647,320;5652,306;5656,318;5660,318;5665,316;5669,308;5673,322;5678,320;5682,320;5687,304;5691,310;5695,322;5700,308;5704,320;5708,306;5713,318;5717,310;5721,322;5726,308;5730,320;5734,320;5739,318;5743,324;5747,310;5752,308;5756,306;5761,320;5765,312;5769,324;5774,310;5778,322;5782,308;5787,320;5791,326;5795,310;5800,310;5804,294;5808,322;5813,306;5817,326;5821,310;5826,324;5830,308;5835,320;5839,326;5843,312;5848,310;5852,308;5856,308;5861,306;5865,312;5869,298;5874,310;5878,310;5882,308;5887,308;5891,300;5895,312;5900,298;5904,312;5909,310;5913,316;5917,314;5922,314;5926,312;5930,326;5935,310;5939,302;5943,314;5948,300;5952,326;5956,298;5961,326;5965,316;5969,302;5974,300;5978,314;5983,312;5987,302;5991,316;5996,314;6000,314;6004,312;6009,326;6013,302;6017,330;6022,314;6026,326;6030,310;6035,326;6039,316;6043,314;6048,312;6052,312;6057,310;6061,314;6065,314;6070,312;6074,326;6078,310;6083,324;6087,314;6091,298;6096,312;6100,310;6104,310;6109,308;6113,314;6117,312;6122,310;6126,310;6131,324;6135,328;6139,314;6144,312;6148,310;6152,310;6157,296;6161,300;6165,298;6170,312;6174,296;6178,296;6183,286;6187,284;6192,298;6196,284;6200,294;6205,280;6209,286;6213,270;6218,284;6222,296;6226,296;6231,286;6235,284;6239,284;6244,282;6248,280;6253,280;6257,272;6261,284;6266,282;6270,280;6274,280;6279,292;6283,270;6287,282;6292,268;6296,266;6300,264;6305,286;6309,284;6313,282;6318,280;6322,280;6327,278;6331,284;6335,296;6340,282;6344,282;6348,280;6353,292;6357,270;6361,282;6366,282;6370,294;6374,294;6379,270;6383,284;6387,268;6392,280;6396,266;6401,266;6405,284;6409,284;6414,282;6418,266;6422,280;6427,292;6431,270;6435,270;6440,268;6444,266;6448,266;6453,284;6457,298;6461,282;6466,282;6470,280;6475,252;6479,284;6483,270;6488,284;6492,282;6496,266;6501,264;6505,284;6509,284;6514,268;6518,268;6522,280;6527,272;6531,270;6535,284;6540,270;6544,282;6549,282;6553,258;6557,272;6562,272;6566,284;6570,282;6575,282;6579,272;6583,272;6588,270;6592,284;6596,268;\r\nBuffer sent in 0.973 secondsreturn;buffer;965\r\n'), 10:46:42
bytearray(b'received from UR: measure -> measure (0,1)\r\nSTEPPER: Moving to mstep: 6600 with speed [msteps/sec]: 1000 in StealthChop.\r\n'), 10:46:43
bytearray(b'STEPPER: Moving to mstep: 2400 with speed [msteps/sec]: 4000 in SpreadCycle.\r\n'), 10:46:47
bytearray(b'STEPPER: Moved 4200.00 msteps (ramp: 35%) in 1324.888 ms -> average speed [msteps/sec]: 3170.08\r\nreturn;measure;965\r\n'), 10:46:48
bytearray(b'received from UR: buffer -> buffer (0,1)\r\nSending buffer of size 965data;2400,300;2404,466;2408,134;2413,276;2417,318;2421,324;2426,338;2430,322;2434,336;2439,322;2443,314;2447,326;2452,326;2456,326;2460,324;2465,324;2469,328;2474,328;2478,326;2482,326;2487,324;2491,330;2495,330;2500,314;2504,328;2508,326;2513,312;2517,318;2521,330;2526,330;2530,328;2535,326;2539,326;2543,332;2548,316;2552,328;2556,328;2561,328;2565,318;2569,332;2574,330;2578,330;2582,328;2587,328;2591,334;2595,318;2600,330;2604,316;2609,328;2613,320;2617,334;2622,318;2626,332;2630,316;2635,330;2639,320;2643,318;2648,318;2652,318;2656,330;2661,316;2665,336;2669,320;2674,334;2678,318;2683,332;2687,322;2691,320;2696,334;2700,318;2704,318;2709,316;2713,336;2717,320;2722,334;2726,332;2730,332;2735,330;2739,308;2743,334;2748,320;2752,332;2757,316;2761,330;2765,322;2770,336;2774,318;2778,332;2783,318;2787,308;2791,336;2796,320;2800,334;2804,318;2809,332;2813,322;2817,336;2822,320;2826,334;2831,318;2835,332;2839,324;2844,324;2848,336;2852,320;2857,320;2861,324;2865,338;2870,322;2874,336;2878,320;2883,334;2887,326;2891,324;2896,322;2900,322;2905,336;2909,320;2913,326;2918,324;2922,338;2926,336;2931,336;2935,326;2939,310;2944,326;2948,324;2952,336;2957,308;2961,326;2965,326;2970,324;2974,322;2979,336;2983,328;2987,326;2992,340;2996,310;3000,324;3005,322;3009,342;3013,326;3018,340;3022,324;3026,338;3031,324;3035,314;3040,314;3044,314;3048,326;3053,324;3057,324;3061,314;3066,328;3070,326;3074,326;3079,324;3083,330;3087,328;3092,312;3096,326;3100,324;3105,324;3109,328;3114,328;3118,326;3122,326;3127,324;3131,316;3135,328;3140,328;3144,340;3148,310;3153,324;3157,330;3161,344;3166,328;3170,326;3174,326;3179,326;3183,330;3188,314;3192,328;3196,326;3201,340;3205,316;3209,330;3214,328;3218,342;3222,312;3227,340;3231,318;3235,316;3240,328;3244,314;3248,326;3253,326;3257,344;3262,330;3266,328;3270,314;3275,340;3279,332;3283,330;3288,330;3292,314;3296,326;3301,324;3305,330;3309,314;3314,328;3318,326;3322,326;3327,324;3331,328;3336,330;3340,314;3344,326;3349,312;3353,330;3357,330;3362,328;3366,314;3370,326;3375,324;3379,316;3383,328;3388,328;3392,340;3396,312;3401,324;3405,330;3410,328;3414,314;3418,340;3423,326;3427,316;3431,316;3436,316;3440,328;3444,326;3449,326;3453,318;3457,330;3462,330;3466,342;3470,326;3475,326;3479,332;3484,316;3488,316;3492,314;3497,326;3501,332;3505,332;3510,316;3514,328;3518,328;3523,340;3527,332;3531,316;3536,330;3540,314;3544,326;3549,318;3553,332;3558,330;3562,342;3566,328;3571,340;3575,332;3579,316;3584,330;3588,314;3592,314;3597,312;3601,346;3605,330;3610,346;3614,330;3619,342;3623,320;3627,320;3632,332;3636,318;3640,330;3645,316;3649,336;3653,320;3658,334;3662,320;3666,332;3671,316;3675,322;3679,334;3684,320;3688,320;3693,318;3697,324;3701,322;3706,336;3710,318;3714,334;3719,332;3723,324;3727,324;3732,308;3736,320;3740,320;3745,334;3749,324;3754,324;3758,322;3762,336;3767,322;3771,326;3775,340;3780,310;3784,324;3788,322;3793,336;3797,314;3801,328;3806,326;3810,340;3814,324;3819,338;3823,330;3828,314;3832,328;3836,326;3841,326;3845,318;3849,330;3854,328;3858,330;3862,328;3867,326;3871,332;3875,316;3880,330;3884,328;3888,328;3893,314;3897,332;3902,318;3906,332;3910,330;3915,330;3919,320;3923,316;3928,318;3932,318;3936,330;3941,314;3945,334;3949,334;3954,332;3958,330;3962,330;3967,328;3971,320;3976,334;3980,316;3984,330;3989,316;3993,336;3997,320;4002,334;4006,318;4010,332;4015,330;4019,322;4023,334;4028,306;4032,318;4036,318;4041,318;4045,322;4050,336;4054,320;4058,334;4063,318;4067,324;4071,338;4076,322;4080,322;4084,320;4089,320;4093,324;4097,338;4102,322;4106,322;4110,320;4115,334;4119,340;4124,310;4128,324;4132,322;4137,336;4141,328;4145,328;4150,326;4154,326;4158,324;4163,324;4167,328;4171,328;4176,328;4180,312;4184,324;4189,310;4193,330;4198,328;4202,330;4206,314;4211,340;4215,332;4219,316;4224,330;4228,328;4232,328;4237,312;4241,332;4245,318;4250,330;4254,314;4258,328;4263,326;4267,318;4272,332;4276,316;4280,328;4285,328;4289,334;4293,318;4298,332;4302,332;4306,330;4311,316;4315,322;4319,334;4324,320;4328,320;4333,318;4337,330;4341,336;4346,336;4350,320;4354,334;4359,318;4363,324;4367,338;4372,308;4376,322;4380,320;4385,334;4389,326;4393,338;4398,322;4402,336;4407,322;4411,334;4415,326;4420,310;4424,324;4428,322;4433,336;4437,314;4441,340;4446,324;4450,338;4454,322;4459,336;4463,328;4467,312;4472,326;4476,324;4481,336;4485,314;4489,328;4494,326;4498,326;4502,324;4507,338;4511,328;4515,328;4520,328;4524,312;4528,326;4533,324;4537,330;4541,314;4546,328;4550,312;4555,326;4559,318;4563,302;4568,316;4572,314;4576,326;4581,312;4585,318;4589,316;4594,316;4598,314;4602,314;4607,312;4611,304;4615,302;4620,316;4624,314;4629,314;4633,320;4637,318;4642,332;4646,316;4650,314;4655,314;4659,304;4663,304;4668,316;4672,316;4676,302;4681,314;4685,306;4689,320;4694,316;4698,318;4703,316;4707,308;4711,306;4716,306;4720,304;4724,302;4729,316;4733,308;4737,322;4742,320;4746,320;4750,318;4755,318;4759,324;4763,308;4768,322;4772,306;4777,320;4781,312;4785,324;4790,310;4794,322;4798,306;4803,334;4807,326;4811,310;4816,310;4820,308;4824,320;4829,320;4833,326;4838,310;4842,324;4846,308;4851,322;4855,312;4859,312;4864,310;4868,310;4872,322;4877,308;4881,328;4885,312;4890,312;4894,310;4898,324;4903,314;4907,312;4912,326;4916,312;4920,310;4925,310;4929,330;4933,314;4938,328;4942,312;4946,312;4951,310;4955,302;4959,314;4964,314;4968,312;4973,298;4977,310;4981,316;4986,316;4990,314;4994,312;4999,310;5003,302;5007,314;5012,314;5016,312;5020,312;5025,324;5029,302;5033,316;5038,314;5042,312;5047,310;5051,302;5055,316;5060,314;5064,314;5068,312;5073,312;5077,318;5081,316;5086,316;5090,314;5094,314;5099,312;5103,304;5107,304;5112,316;5116,300;5121,314;5125,306;5129,318;5134,318;5138,316;5142,316;5147,316;5151,320;5155,306;5160,318;5164,304;5168,316;5173,300;5177,320;5181,318;5186,318;5190,316;5195,328;5199,320;5203,318;5208,318;5212,302;5216,314;5221,314;5225,334;5229,318;5234,318;5238,302;5242,330;5247,314;5251,320;5255,318;5260,304;5264,316;5269,314;5273,320;5277,306;5282,318;5286,316;5290,330;5295,314;5299,306;5303,318;5308,318;5312,316;5316,302;5321,314;5325,320;5330,318;5334,318;5338,318;5343,316;5347,308;5351,320;5356,304;5360,318;5364,302;5369,316;5373,308;5377,320;5382,304;5386,318;5390,318;5395,308;5399,308;5404,308;5408,320;5412,304;5417,318;5421,310;5425,322;5430,308;5434,322;5438,306;5443,320;5447,310;5451,310;5456,308;5460,306;5464,304;5469,312;5473,326;5478,310;5482,310;5486,308;5491,308;5495,312;5499,312;5504,312;5508,310;5512,310;5517,308;5521,314;5525,314;5530,314;5534,326;5539,296;5543,316;5547,302;5552,314;5556,300;5560,326;5565,312;5569,332;5573,316;5578,314;5582,300;5586,326;5591,312;5595,302;5599,330;5604,314;5608,314;5613,312;5617,318;5621,304;5626,330;5630,314;5634,326;5639,298;5643,318;5647,316;5652,316;5656,314;5660,314;5665,312;5669,318;5673,330;5678,312;5682,316;5687,314;5691,306;5695,318;5700,318;5704,316;5708,314;5713,314;5717,318;5721,318;5726,316;5730,316;5734,314;5739,312;5743,318;5747,302;5752,314;5756,298;5761,312;5765,318;5769,316;5774,316;5778,314;5782,312;5787,326;5791,304;5795,316;5800,314;5804,314;5808,326;5813,310;5817,316;5821,314;5826,314;5830,312;5835,326;5839,302;5843,316;5848,314;5852,314;5856,298;5861,312;5865,316;5869,316;5874,314;5878,298;5882,312;5887,312;5891,316;5895,314;5900,300;5904,312;5909,298;5913,318;5917,316;5922,314;5926,312;5930,312;5935,310;5939,302;5943,314;5948,298;5952,312;5956,310;5961,324;5965,314;5970,314;5974,312;5978,326;5983,310;5987,314;5991,314;5996,312;6000,326;6004,310;6009,322;6013,314;6017,326;6022,312;6026,324;6030,310;6035,322;6039,312;6044,312;6048,312;6052,310;6057,308;6061,314;6065,314;6070,312;6074,324;6078,310;6083,322;6087,314;6091,312;6096,312;6100,310;6104,322;6109,314;6113,328;6118,312;6122,326;6126,310;6131,310;6135,314;6139,314;6144,312;6148,296;6152,310;6157,308;6161,300;6165,298;6170,298;6174,282;6178,296;6183,286;6187,272;6192,270;6196,270;6200,282;6205,280;6209,286;6213,284;6218,256;6222,282;6226,282;6231,280;6235,286;6239,284;6244,284;6248,284;6252,270;6257,288;6261,288;6266,286;6270,284;6274,284;6279,282;6283,274;6287,286;6292,286;6296,286;6300,284;6305,284;6309,274;6313,274;6318,272;6322,286;6326,286;6331,276;6335,276;6340,274;6344,288;6348,288;6353,286;6357,292;6361,292;6366,290;6370,290;6374,274;6379,280;6383,278;6387,278;6392,276;6396,276;6401,274;6405,280;6409,294;6414,292;6418,292;6422,290;6427,290;6431,268;6435,280;6440,266;6444,278;6448,264;6453,284;6457,282;6461,280;6466,252;6470,278;6475,292;6479,282;6483,282;6488,280;6492,280;6496,264;6501,278;6505,282;6509,280;6514,252;6518,278;6522,292;6527,282;6531,282;6535,294;6540,280;6544,278;6549,278;6553,284;6557,282;6562,252;6566,280;6570,294;6575,292;6579,270;6583,268;6588,266;6592,266;6596,266;\r\nBuffer sent in 0.973 secondsreturn;buffer;965\r\n'), 10:46:50
bytearray(b'received from UR: measure -> measure (0,1)\r\nSTEPPER: Moving to mstep: 6600 with speed [msteps/sec]: 1000 in StealthChop.\r\n'), 10:46:51
bytearray(b'STEPPER: Moving to mstep: 2400 with speed [msteps/sec]: 4000 in SpreadCycle.\r\n'), 10:46:56
bytearray(b'STEPPER: Moved 4200.00 msteps (ramp: 35%) in 1324.888 ms -> average speed [msteps/sec]: 3170.08\r\nreturn;measure;965\r\n'), 10:46:57
bytearray(b'received from UR: buffer -> buffer (0,1)\r\nSending buffer of size 965data;2400,302;2404,460;2408,170;2413,284;2417,312;2421,332;2426,346;2430,316;2434,344;2439,328;2443,334;2447,318;2452,318;2456,330;2460,316;2465,344;2469,320;2474,320;2478,318;2482,332;2487,332;2491,322;2495,322;2500,322;2504,334;2508,318;2513,334;2517,324;2521,324;2526,322;2530,336;2534,336;2539,334;2543,326;2548,312;2552,324;2556,310;2561,324;2565,328;2569,328;2574,326;2578,340;2582,324;2587,338;2591,330;2595,314;2600,328;2604,314;2608,340;2613,326;2617,330;2622,314;2626,328;2630,326;2635,340;2639,318;2643,316;2648,328;2652,314;2656,328;2661,314;2665,332;2669,316;2674,330;2678,328;2682,342;2687,326;2691,318;2696,318;2700,316;2704,328;2709,312;2713,332;2717,316;2722,330;2726,328;2730,328;2735,326;2739,316;2743,330;2748,314;2752,326;2756,312;2761,326;2765,330;2770,342;2774,326;2778,340;2783,312;2787,316;2791,342;2796,328;2800,326;2804,312;2809,324;2813,330;2817,344;2822,326;2826,340;2830,326;2835,338;2839,328;2844,328;2848,328;2852,314;2857,312;2861,318;2865,344;2870,328;2874,342;2878,326;2883,340;2887,330;2891,316;2896,328;2900,314;2905,326;2909,312;2913,330;2918,316;2922,328;2926,328;2931,340;2935,318;2939,302;2944,330;2948,314;2952,328;2957,328;2961,332;2965,318;2970,330;2974,330;2979,328;2983,320;2987,316;2992,332;2996,330;3000,330;3005,314;3009,334;3013,320;3018,332;3022,316;3026,330;3031,316;3035,320;3039,334;3044,318;3048,318;3053,316;3057,330;3061,322;3066,336;3070,320;3074,334;3079,318;3083,324;3087,336;3092,322;3096,320;3100,320;3105,334;3109,324;3113,324;3118,322;3122,322;3127,318;3131,312;3135,338;3140,322;3144,322;3148,320;3153,334;3157,324;3161,338;3166,322;3170,336;3174,320;3179,334;3183,340;3187,324;3192,324;3196,308;3201,336;3205,326;3209,340;3214,324;3218,324;3222,322;3227,336;3231,340;3235,326;3240,324;3244,310;3248,322;3253,320;3257,340;3261,324;3266,338;3270,324;3275,336;3279,328;3283,326;3288,326;3292,324;3296,324;3301,322;3305,328;3309,326;3314,324;3318,324;3322,336;3327,322;3331,328;3335,326;3340,310;3344,324;3349,324;3353,330;3357,328;3362,328;3366,326;3370,340;3375,324;3379,330;3383,328;3388,314;3392,326;3396,312;3401,340;3405,318;3410,330;3414,314;3418,342;3423,328;3427,332;3431,318;3436,316;3440,330;3444,316;3449,342;3453,320;3457,320;3462,318;3466,332;3470,316;3475,330;3479,322;3484,320;3488,334;3492,320;3497,334;3501,324;3505,324;3510,322;3514,336;3518,322;3523,334;3527,340;3531,310;3536,324;3540,310;3545,336;3549,308;3553,342;3558,328;3562,328;3566,326;3571,340;3575,344;3579,330;3584,330;3588,316;3592,328;3597,312;3601,334;3605,318;3610,332;3614,316;3619,330;3623,316;3627,336;3632,320;3636,318;3640,332;3645,318;3649,338;3653,322;3658,322;3662,320;3666,334;3671,318;3675,324;3679,324;3684,322;3688,336;3693,320;3697,334;3701,324;3706,324;3710,322;3714,336;3719,320;3723,312;3727,324;3732,310;3736,322;3740,308;3745,334;3749,326;3753,326;3758,322;3762,326;3767,322;3771,314;3775,328;3780,312;3784,326;3788,310;3793,324;3797,316;3801,330;3806,314;3810,326;3814,326;3819,340;3823,332;3827,330;3832,330;3836,314;3841,328;3845,320;3849,332;3854,318;3858,330;3862,316;3867,330;3871,334;3875,320;3880,320;3884,318;3888,332;3893,330;3897,336;3901,322;3906,336;3910,320;3915,334;3919,318;3923,310;3928,336;3932,322;3936,334;3941,306;3945,326;3949,324;3954,338;3958,322;3962,336;3967,322;3971,310;3975,326;3980,310;3984,324;3989,308;3993,334;3997,314;4002,340;4006,326;4010,338;4015,310;4019,314;4023,328;4028,314;4032,326;4036,324;4041,324;4045,316;4050,342;4054,326;4058,340;4063,310;4067,316;4071,330;4076,314;4080,328;4084,326;4089,326;4093,318;4097,330;4102,316;4106,330;4110,314;4115,328;4119,332;4124,318;4128,344;4132,330;4137,328;4141,320;4145,334;4150,318;4154,332;4158,330;4163,330;4167,334;4171,320;4176,334;4180,332;4184,330;4189,316;4193,336;4198,320;4202,334;4206,320;4211,332;4215,324;4219,324;4224,322;4228,322;4232,322;4237,306;4241,340;4245,324;4250,326;4254,310;4258,322;4263,322;4267,314;4272,326;4276,312;4280,324;4285,308;4289,330;4293,328;4298,328;4302,326;4306,324;4311,324;4315,314;4319,342;4324,328;4328,326;4332,310;4337,326;4341,330;4346,328;4350,328;4354,328;4359,328;4363,318;4367,346;4372,330;4376,330;4380,314;4385,328;4389,318;4393,334;4398,318;4402,332;4406,316;4411,344;4415,334;4420,320;4424,318;4428,318;4433,332;4437,322;4441,336;4446,322;4450,322;4454,320;4459,334;4463,340;4467,326;4472,324;4476,310;4480,322;4485,322;4489,330;4494,326;4498,326;4502,326;4507,326;4511,330;4515,316;4520,328;4524,328;4528,340;4533,312;4537,332;4541,332;4546,332;4550,316;4555,328;4559,314;4563,306;4568,320;4572,304;4576,304;4581,302;4585,322;4589,308;4594,322;4598,320;4602,320;4607,318;4611,296;4615,310;4620,308;4624,308;4629,306;4633,312;4637,312;4642,326;4646,310;4650,310;4655,308;4659,314;4663,312;4668,296;4672,310;4676,296;4681,308;4685,312;4690,314;4694,312;4698,312;4703,310;4707,302;4711,328;4716,314;4720,312;4724,298;4729,326;4733,316;4737,316;4742,312;4746,328;4750,312;4755,304;4759,318;4764,316;4768,330;4772,302;4777,314;4781,318;4785,332;4790,316;4794,330;4798,316;4803,328;4807,320;4811,306;4816,318;4820,304;4824,318;4829,308;4833,322;4838,308;4842,320;4846,306;4851,334;4855,324;4859,324;4864,310;4868,308;4872,322;4877,308;4881,326;4885,312;4890,324;4894,310;4898,322;4903,322;4907,312;4912,312;4916,310;4920,324;4925,308;4929,314;4933,314;4938,312;4942,312;4946,324;4951,310;4955,300;4959,314;4964,314;4968,326;4972,312;4977,310;4981,316;4986,302;4990,300;4994,314;4999,312;5003,304;5007,318;5012,316;5016,302;5020,316;5025,314;5029,306;5033,320;5038,304;5042,318;5046,304;5051,310;5055,308;5060,308;5064,320;5068,306;5073,304;5077,310;5081,310;5086,308;5090,308;5094,308;5099,320;5103,326;5107,312;5112,310;5116,296;5121,308;5125,314;5129,326;5134,312;5138,312;5142,310;5147,324;5151,328;5155,300;5160,312;5164,298;5168,324;5173,310;5177,316;5182,300;5186,314;5190,312;5195,326;5199,318;5203,302;5208,316;5212,300;5216,314;5221,314;5225,320;5229,304;5234,318;5238,316;5242,330;5247,314;5251,306;5256,306;5260,304;5264,316;5269,316;5273,320;5277,306;5282,318;5286,318;5290,318;5295,316;5299,308;5303,306;5308,306;5312,306;5316,304;5321,318;5325,310;5330,322;5334,308;5338,308;5343,318;5347,312;5351,324;5356,310;5360,322;5364,308;5369,322;5373,312;5377,326;5382,310;5386,324;5390,308;5395,322;5399,312;5404,298;5408,312;5412,310;5417,324;5421,300;5425,314;5430,314;5434,314;5438,310;5443,312;5447,304;5451,302;5456,314;5460,300;5464,312;5469,298;5473,318;5478,316;5482,316;5486,314;5491,314;5495,320;5499,304;5504,304;5508,302;5512,314;5517,300;5521,320;5525,304;5530,318;5534,316;5538,316;5543,314;5547,306;5552,320;5556,304;5560,318;5565,302;5569,322;5573,308;5578,320;5582,306;5586,318;5591,304;5595,308;5599,322;5604,306;5608,320;5613,304;5617,318;5621,324;5626,324;5630,308;5634,320;5639,306;5643,312;5647,324;5652,310;5656,308;5660,308;5665,306;5669,312;5673,326;5678,310;5682,310;5687,308;5691,314;5695,312;5700,312;5704,324;5708,324;5713,308;5717,314;5721,314;5726,312;5730,326;5734,312;5739,302;5743,316;5748,302;5752,326;5756,298;5761,312;5765,316;5769,316;5774,314;5778,314;5782,298;5787,312;5791,318;5795,302;5800,330;5804,314;5808,314;5813,304;5817,318;5822,304;5826,316;5830,300;5835,314;5839,320;5843,304;5848,318;5852,302;5856,302;5861,300;5865,320;5869,306;5874,318;5878,318;5882,318;5887,316;5891,294;5896,308;5900,306;5904,306;5909,304;5913,312;5917,308;5922,322;5926,308;5930,320;5935,320;5939,296;5943,310;5948,310;5952,308;5956,308;5961,320;5965,312;5970,326;5974,310;5978,324;5983,308;5987,300;5991,314;5996,312;6000,312;6004,296;6009,308;6013,314;6017,328;6022,312;6026,326;6030,310;6035,302;6039,314;6044,300;6048,312;6052,312;6057,310;6061,302;6065,316;6070,314;6074,314;6078,312;6083,312;6087,316;6091,316;6096,314;6100,314;6105,312;6109,318;6113,332;6118,314;6122,328;6126,314;6131,326;6135,318;6139,302;6144,316;6148,300;6152,298;6157,298;6161,304;6165,302;6170,300;6174,284;6179,300;6183,290;6187,274;6192,288;6196,272;6200,272;6205,284;6209,290;6213,290;6218,288;6222,288;6226,286;6231,278;6235,278;6239,276;6244,274;6248,288;6253,286;6257,264;6261,290;6266,290;6270,290;6274,288;6279,288;6283,278;6287,278;6292,276;6296,290;6300,274;6305,266;6309,280;6314,292;6318,292;6322,290;6327,290;6331,268;6335,294;6340,266;6344,278;6348,278;6353,278;6357,284;6361,296;6366,282;6370,280;6374,292;6379,270;6383,284;6388,268;6392,282;6396,280;6401,280;6405,286;6409,284;6414,284;6418,298;6422,282;6427,274;6431,272;6435,258;6440,284;6444,284;6448,282;6453,274;6457,272;6462,272;6466,284;6470,284;6475,284;6479,274;6483,272;6488,272;6492,270;6496,270;6501,268;6505,288;6509,288;6514,244;6518,286;6522,284;6527,290;6531,274;6536,288;6540,286;6544,272;6549,270;6553,290;6557,274;6562,258;6566,286;6570,300;6575,276;6579,276;6583,288;6588,272;6592,272;6596,272;\r\nBuffer sent in 0.973 secondsreturn;buffer;965\r\n'), 10:46:59
bytearray(b'received from UR: measure -> measure (0,1)\r\nSTEPPER: Moving to mstep: 6600 with speed [msteps/sec]: 1000 in StealthChop.\r\n'), 10:47:00
bytearray(b'STEPPER: Moving to mstep: 2400 with speed [msteps/sec]: 4000 in SpreadCycle.\r\n'), 10:47:04
bytearray(b'STEPPER: Moved 4200.00 msteps (ramp: 35%) in 1324.892 ms -> average speed [msteps/sec]: 3170.07\r\nreturn;measure;965\r\n'), 10:47:06
bytearray(b'received from UR: buffer -> buffer (0,1)\r\nSending buffer of size 965data;2400,308;2404,466;2408,136;2413,278;2417,320;2421,326;2426,340;2430,326;2434,340;2439,324;2443,332;2447,318;2452,316;2456,330;2460,314;2465,342;2469,320;2474,320;2478,318;2482,332;2487,318;2491,332;2495,322;2500,322;2504,336;2508,320;2513,334;2517,326;2521,326;2526,324;2530,338;2534,324;2539,336;2543,328;2548,312;2552,326;2556,312;2561,324;2565,330;2569,332;2574,330;2578,344;2582,328;2587,342;2591,332;2595,318;2600,330;2604,302;2609,330;2613,316;2617,336;2622,320;2626,334;2630,318;2635,332;2639,324;2643,322;2648,322;2652,308;2656,336;2661,320;2665,342;2669,326;2674,340;2678,326;2683,340;2687,324;2691,316;2696,330;2700,316;2704,330;2709,314;2713,336;2717,320;2722,334;2726,334;2730,334;2735,318;2739,310;2743,324;2748,308;2752,324;2757,308;2761,336;2765,328;2770,340;2774,326;2778,340;2783,324;2787,316;2791,330;2796,302;2800,328;2804,314;2809,328;2813,318;2817,346;2822,332;2826,346;2831,316;2835,322;2839,322;2844,306;2848,334;2852,320;2857,332;2861,324;2865,338;2870,324;2874,336;2878,322;2883,336;2887,328;2891,312;2896,326;2900,324;2905,324;2909,308;2913,344;2918,330;2922,340;2926,326;2931,340;2935,332;2939,304;2944,330;2948,314;2952,328;2957,314;2961,334;2965,332;2970,332;2974,318;2979,344;2983,322;2987,308;2992,334;2996,306;3000,334;3005,304;3009,338;3013,324;3018,338;3022,322;3026,336;3031,320;3035,312;3039,324;3044,310;3048,324;3053,308;3057,322;3061,326;3066,340;3070,324;3074,338;3079,324;3083,314;3087,326;3092,314;3096,326;3100,312;3105,324;3109,330;3113,330;3118,328;3122,342;3127,326;3131,304;3135,330;3140,316;3144,328;3148,314;3153,328;3157,332;3161,332;3166,316;3170,344;3174,328;3179,304;3183,332;3188,318;3192,330;3196,302;3201,328;3205,320;3209,334;3214,318;3218,348;3222,318;3227,346;3231,322;3235,322;3240,322;3244,306;3248,320;3253,318;3257,338;3262,322;3266,336;3270,322;3275,334;3279,326;3283,324;3288,324;3292,308;3296,322;3301,322;3305,342;3309,326;3314,326;3318,324;3322,338;3327,322;3331,314;3336,326;3340,312;3344,338;3349,324;3353,330;3357,316;3362,328;3366,326;3370,340;3375,324;3379,316;3383,330;3388,302;3392,328;3396,314;3401,328;3405,318;3410,346;3414,330;3418,344;3423,328;3427,320;3431,320;3436,306;3440,332;3444,316;3449,330;3453,322;3457,336;3462,320;3466,334;3470,318;3475,310;3479,324;3484,308;3488,322;3492,320;3497,334;3501,326;3505,338;3510,324;3514,338;3518,322;3523,336;3527,328;3531,312;3536,326;3540,312;3544,326;3549,310;3553,330;3558,328;3562,342;3566,326;3571,340;3575,332;3579,304;3584,330;3588,316;3592,328;3597,314;3601,336;3605,320;3610,346;3614,316;3619,344;3623,330;3627,306;3632,322;3636,320;3640,332;3645,316;3649,338;3653,322;3658,336;3662,320;3666,334;3671,320;3675,310;3679,324;3684,322;3688,324;3693,308;3697,320;3701,326;3706,338;3710,324;3714,336;3719,322;3723,312;3727,326;3732,310;3736,324;3740,308;3745,322;3749,328;3753,328;3758,326;3762,340;3767,324;3771,304;3775,330;3780,314;3784,328;3788,312;3793,326;3797,318;3801,332;3806,316;3810,344;3814,328;3819,342;3823,334;3827,320;3832,332;3836,318;3841,330;3845,322;3849,336;3854,320;3858,332;3862,320;3867,332;3871,324;3875,322;3880,322;3884,320;3888,334;3893,318;3897,338;3902,324;3906,338;3910,322;3915,336;3919,328;3923,312;3928,326;3932,310;3936,324;3941,308;3945,344;3949,328;3954,342;3958,326;3962,340;3967,326;3971,302;3976,330;3980,316;3984,330;3989,300;3993,336;3997,320;4002,334;4006,318;4010,346;4015,330;4019,308;4023,322;4028,322;4032,322;4036,306;4041,320;4045,326;4050,340;4054,324;4058,338;4063,322;4067,328;4071,326;4076,314;4080,326;4084,326;4089,340;4093,316;4097,330;4102,316;4106,328;4110,328;4115,340;4119,332;4124,318;4128,330;4132,314;4137,328;4141,334;4145,334;4150,318;4154,332;4158,332;4163,332;4167,322;4171,308;4176,336;4180,306;4184,334;4189,318;4193,338;4198,324;4202,338;4206,322;4211,336;4215,328;4219,312;4224,326;4228,310;4232,324;4237,310;4241,344;4245,316;4250,342;4254,328;4258,342;4263,326;4267,318;4272,332;4276,318;4280,330;4285,316;4289,336;4293,320;4298,334;4302,334;4306,332;4311,318;4315,310;4319,324;4324,308;4328,336;4332,306;4337,334;4341,326;4346,338;4350,324;4354,336;4359,322;4363,312;4367,326;4372,310;4376,324;4380,310;4385,324;4389,328;4393,342;4398,326;4402,340;4407,324;4411,316;4415,330;4420,314;4424,328;4428,314;4433,326;4437,318;4441,346;4446,330;4450,344;4454,316;4459,344;4463,334;4467,318;4472,332;4476,316;4481,330;4485,322;4489,336;4494,320;4498,334;4502,318;4507,332;4511,324;4515,308;4520,322;4524,322;4528,334;4533,306;4537,340;4541,324;4546,324;4550,322;4555,322;4559,314;4563,298;4568,312;4572,298;4576,310;4581,296;4585,330;4589,314;4594,328;4598,314;4602,326;4607,312;4611,302;4615,316;4620,302;4624,314;4629,298;4633,320;4637,318;4642,318;4646,316;4650,330;4655,316;4659,292;4663,306;4668,304;4672,304;4676,302;4681,316;4685,322;4689,320;4694,318;4698,318;4703,316;4707,294;4711,308;4716,306;4720,318;4724,290;4729,316;4733,322;4737,322;4742,320;4746,320;4750,318;4755,296;4759,324;4763,308;4768,322;4772,306;4777,318;4781,310;4785,324;4790,308;4794,336;4798,320;4803,334;4807,324;4811,310;4816,310;4820,308;4824,322;4829,306;4833,328;4838,312;4842,336;4846,310;4851,338;4855,314;4859,314;4864,312;4868,298;4872,312;4877,310;4881,330;4885,316;4890,328;4894,314;4898,328;4903,312;4907,304;4912,318;4916,302;4920,316;4925,300;4929,320;4933,320;4938,332;4942,318;4946,318;4951,316;4955,306;4959,320;4964,292;4968,318;4972,304;4977,316;4981,308;4986,322;4990,320;4994,320;4999,306;5003,296;5007,310;5012,294;5016,322;5020,306;5025,320;5029,310;5033,324;5038,310;5042,322;5047,308;5051,300;5055,312;5060,298;5064,310;5068,296;5073,308;5077,314;5081,314;5086,312;5090,312;5094,310;5099,324;5103,302;5107,300;5112,314;5116,300;5121,312;5125,318;5129,332;5134,316;5138,330;5142,314;5147,328;5151,320;5155,292;5160,318;5164,304;5168,316;5173,302;5177,336;5181,320;5186,334;5190,318;5195,332;5199,310;5203,294;5208,322;5212,306;5216,320;5221,304;5225,326;5229,310;5234,324;5238,308;5242,336;5247,320;5251,298;5255,312;5260,310;5264,308;5269,308;5273,328;5277,312;5282,326;5286,310;5290,324;5295,324;5299,300;5303,314;5308,312;5312,312;5316,296;5321,310;5325,316;5329,328;5334,314;5338,326;5343,312;5347,302;5351,316;5356,300;5360,314;5364,298;5369,312;5373,316;5377,330;5382,316;5386,330;5390,314;5395,292;5399,318;5403,304;5408,316;5412,302;5417,316;5421,320;5425,320;5430,306;5434,320;5438,318;5443,318;5447,308;5451,308;5456,306;5460,292;5464,306;5469,304;5473,312;5478,310;5482,324;5486,308;5491,322;5495,314;5499,298;5504,312;5508,298;5512,312;5517,296;5521,316;5525,316;5530,330;5534,314;5539,328;5543,318;5547,304;5552,316;5556,300;5560,314;5565,300;5569,334;5573,318;5578,330;5582,316;5586,330;5591,314;5595,304;5599,318;5604,302;5608,316;5613,298;5617,314;5621,318;5626,332;5630,316;5634,330;5639,316;5643,306;5647,306;5652,304;5656,318;5660,302;5665,316;5669,320;5673,320;5678,320;5682,318;5687,316;5691,308;5695,308;5700,306;5704,320;5708,306;5713,318;5717,310;5721,324;5726,322;5730,322;5734,320;5739,320;5743,312;5747,296;5752,310;5756,296;5761,310;5765,314;5769,328;5774,312;5778,326;5782,312;5787,324;5791,316;5795,300;5800,314;5804,298;5808,312;5813,298;5817,330;5821,314;5826,328;5830,312;5835,326;5839,304;5843,302;5848,314;5852,300;5856,312;5861,298;5865,318;5869,316;5874,314;5878,314;5882,314;5887,312;5891,302;5895,316;5900,302;5904,314;5909,298;5913,318;5917,316;5922,316;5926,314;5930,328;5935,312;5939,290;5943,318;5948,302;5952,316;5956,300;5961,314;5965,320;5969,318;5974,316;5978,330;5983,316;5987,294;5991,320;5996,306;6000,318;6004,304;6009,318;6013,308;6017,322;6022,320;6026,334;6030,318;6035,296;6039,310;6044,308;6048,308;6052,306;6057,306;6061,312;6065,326;6070,310;6074,324;6078,322;6083,322;6087,314;6091,312;6096,310;6100,296;6104,310;6109,308;6113,328;6118,314;6122,328;6126,312;6131,326;6135,316;6139,302;6144,316;6148,300;6152,314;6157,298;6161,304;6165,304;6170,304;6174,288;6178,288;6183,280;6187,278;6192,278;6196,276;6200,290;6205,274;6209,294;6213,294;6218,294;6222,292;6226,290;6231,282;6235,268;6239,266;6244,264;6248,278;6252,278;6257,282;6261,282;6266,282;6270,282;6274,280;6279,294;6283,270;6287,270;6292,270;6296,282;6300,268;6305,274;6309,286;6313,286;6318,286;6322,284;6327,284;6331,260;6335,274;6340,246;6344,288;6348,272;6353,284;6357,276;6361,276;6366,288;6370,288;6374,286;6379,278;6383,292;6387,290;6392,290;6396,276;6401,288;6405,280;6409,294;6414,292;6418,292;6422,290;6427,290;6431,268;6435,266;6440,280;6444,278;6448,278;6453,284;6457,240;6461,282;6466,282;6470,282;6475,280;6479,286;6483,286;6488,284;6492,284;6496,296;6501,296;6505,246;6509,286;6514,286;6518,286;6522,284;6527,276;6531,274;6535,274;6540,260;6544,274;6549,258;6553,278;6557,290;6562,290;6566,288;6570,288;6575,274;6579,278;6583,292;6588,262;6592,276;6596,262;\r\nBuffer sent in 0.973 secondsreturn;buffer;965\r\n'), 10:47:07
bytearray(b'received from UR: measure -> measure (0,1)\r\nSTEPPER: Moving to mstep: 6600 with speed [msteps/sec]: 1000 in StealthChop.\r\n'), 10:47:09
bytearray(b'STEPPER: Moving to mstep: 2400 with speed [msteps/sec]: 4000 in SpreadCycle.\r\n'), 10:47:13
bytearray(b'STEPPER: Moved 4200.00 msteps (ramp: 35%) in 1324.892 ms -> average speed [msteps/sec]: 3170.07\r\nreturn;measure;965\r\n'), 10:47:14
bytearray(b'received from UR: buffer -> buffer (0,1)\r\nSending buffer of size 965data;2400,296;2404,460;2408,170;2413,270;2417,312;2421,318;2426,346;2430,316;2434,344;2439,314;2443,318;2447,332;2452,318;2456,330;2460,330;2465,328;2469,320;2473,332;2478,316;2482,330;2487,314;2491,320;2495,332;2500,318;2504,330;2508,314;2513,328;2517,320;2521,332;2526,318;2530,330;2534,328;2539,328;2543,332;2548,318;2552,330;2556,316;2561,328;2565,320;2569,332;2574,318;2578,344;2582,328;2587,344;2591,320;2595,306;2600,330;2604,316;2608,344;2613,328;2617,320;2622,318;2626,332;2630,330;2635,330;2639,322;2643,320;2648,332;2652,318;2656,332;2661,328;2665,320;2669,320;2674,332;2678,318;2683,330;2687,316;2691,320;2696,334;2700,318;2704,334;2709,330;2713,322;2717,320;2722,334;2726,318;2730,332;2735,316;2739,308;2743,334;2748,320;2752,332;2757,316;2761,330;2765,322;2770,334;2774,332;2778,346;2783,316;2787,308;2791,334;2796,318;2800,346;2804,330;2809,328;2813,320;2817,334;2822,318;2826,330;2831,314;2835,320;2839,332;2844,316;2848,330;2852,328;2857,326;2861,318;2865,330;2870,328;2874,326;2878,326;2883,326;2887,332;2891,316;2896,340;2900,326;2905,324;2909,316;2913,328;2918,328;2922,340;2926,324;2931,338;2935,328;2939,314;2944,340;2948,326;2952,324;2957,310;2961,344;2965,328;2970,328;2974,324;2979,340;2983,324;2987,328;2992,328;2996,314;3000,326;3005,312;3009,332;3013,316;3018,328;3022,314;3026,340;3031,324;3035,330;3039,328;3044,314;3048,328;3053,326;3057,340;3061,316;3066,330;3070,314;3074,328;3079,326;3083,332;3087,328;3092,316;3096,328;3100,314;3105,326;3109,332;3113,332;3118,316;3122,330;3127,328;3131,320;3135,332;3140,304;3144,330;3148,316;3153,328;3157,320;3161,332;3166,318;3170,330;3174,316;3179,330;3183,334;3188,318;3192,332;3196,316;3201,330;3205,320;3209,334;3214,318;3218,332;3222,316;3227,330;3231,320;3235,318;3240,332;3244,316;3248,330;3253,328;3257,332;3262,318;3266,332;3270,316;3275,328;3279,320;3283,318;3288,330;3292,316;3296,330;3301,328;3305,320;3309,318;3314,330;3318,330;3322,328;3327,326;3331,318;3336,330;3340,316;3344,330;3349,314;3353,334;3357,320;3362,332;3366,318;3370,330;3375,316;3379,320;3383,334;3388,318;3392,332;3396,330;3401,328;3405,320;3410,334;3414,318;3418,332;3423,316;3427,320;3431,322;3436,320;3440,332;3444,330;3449,318;3453,320;3457,334;3462,320;3466,332;3471,316;3475,318;3479,336;3484,320;3488,334;3492,332;3497,318;3501,322;3505,336;3510,320;3514,334;3518,320;3523,332;3527,336;3531,322;3536,334;3540,306;3545,332;3549,318;3553,336;3558,322;3562,334;3566,320;3571,320;3575,324;3579,322;3584,336;3588,322;3592,334;3597,318;3601,338;3605,322;3610,336;3614,320;3619,334;3623,318;3627,324;3632,336;3636,322;3640,320;3645,318;3649,338;3653,322;3658,336;3662,320;3666,332;3671,318;3675,324;3679,336;3684,334;3688,320;3693,320;3697,332;3701,324;3706,336;3710,320;3714,320;3719,320;3723,312;3727,324;3732,308;3736,322;3740,306;3745,332;3749,326;3753,338;3758,322;3762,336;3767,320;3771,312;3775,338;3780,324;3784,322;3788,308;3793,334;3797,326;3801,338;3806,322;3810,336;3814,320;3819,334;3823,324;3827,322;3832,322;3836,320;3841,320;3845,324;3849,338;3854,322;3858,332;3862,320;3867,320;3871,324;3875,324;3880,336;3884,334;3888,318;3893,318;3897,336;3902,322;3906,334;3910,320;3915,318;3919,336;3923,320;3928,334;3932,318;3936,318;3941,304;3945,336;3949,334;3954,334;3958,318;3962,332;3967,330;3971,322;3976,334;3980,318;3984,318;3989,304;3993,336;3997,320;4002,334;4006,332;4010,346;4015,316;4019,306;4023,334;4028,318;4032,332;4036,316;4041,328;4045,320;4050,334;4054,318;4058,332;4063,316;4067,322;4071,336;4076,320;4080,332;4084,318;4089,330;4093,322;4097,334;4102,320;4106,332;4110,318;4115,330;4119,336;4124,320;4128,334;4132,318;4137,318;4141,322;4145,336;4150,320;4154,332;4158,332;4163,330;4167,336;4171,320;4176,334;4180,318;4184,330;4189,316;4193,336;4198,322;4202,334;4206,318;4211,330;4215,336;4219,320;4224,332;4228,332;4232,318;4237,314;4241,334;4245,318;4250,332;4254,314;4258,328;4263,314;4267,318;4272,332;4276,330;4280,328;4285,314;4289,332;4293,318;4298,330;4302,314;4306,328;4311,326;4315,318;4319,332;4324,330;4328,328;4332,314;4337,326;4341,332;4346,332;4350,330;4354,328;4359,326;4363,318;4367,332;4372,316;4376,330;4380,314;4385,326;4389,316;4393,332;4398,316;4402,330;4407,312;4411,318;4415,330;4420,314;4424,328;4428,312;4433,326;4437,316;4441,344;4446,328;4450,340;4454,326;4459,338;4463,330;4467,314;4472,328;4476,312;4481,326;4485,316;4489,330;4494,328;4498,328;4502,326;4507,326;4511,330;4515,314;4520,328;4524,312;4528,326;4533,310;4537,330;4541,328;4546,328;4550,326;4555,324;4559,316;4563,300;4568,314;4572,312;4576,324;4581,310;4585,316;4589,314;4594,314;4598,298;4602,326;4607,310;4611,316;4615,316;4620,314;4624,312;4629,310;4633,316;4637,300;4642,314;4646,312;4650,326;4655,310;4659,314;4663,314;4668,300;4672,310;4676,310;4681,300;4685,298;4689,312;4694,310;4698,310;4703,308;4707,314;4711,312;4716,310;4720,324;4724,308;4729,322;4733,314;4737,326;4742,310;4746,324;4750,308;4755,322;4759,328;4764,310;4768,324;4772,308;4777,322;4781,314;4785,326;4790,310;4794,324;4798,308;4803,336;4807,328;4811,312;4816,326;4820,310;4824,310;4829,310;4833,314;4838,312;4842,326;4846,310;4851,324;4855,316;4859,314;4864,312;4868,312;4872,310;4877,310;4881,316;4885,314;4890,326;4894,312;4898,324;4903,324;4907,302;4912,328;4916,314;4920,326;4925,310;4929,318;4933,316;4938,316;4942,314;4946,326;4951,312;4955,304;4959,316;4964,302;4968,316;4972,300;4977,314;4981,306;4986,320;4990,316;4994,330;4999,316;5003,306;5007,306;5012,304;5016,318;5020,304;5025,318;5029,308;5033,322;5038,306;5042,320;5047,304;5051,324;5055,308;5060,306;5064,320;5068,306;5073,318;5077,296;5081,310;5086,308;5090,308;5094,306;5099,318;5103,310;5107,294;5112,308;5116,308;5121,320;5125,312;5129,324;5134,310;5138,324;5142,308;5147,320;5151,326;5155,310;5160,324;5164,308;5168,322;5173,306;5177,326;5181,310;5186,324;5190,322;5195,306;5199,312;5203,310;5208,310;5212,308;5216,322;5221,320;5225,326;5229,310;5234,338;5238,322;5242,308;5247,308;5251,312;5255,310;5260,310;5264,324;5269,322;5273,328;5277,312;5282,326;5286,310;5290,324;5295,308;5299,314;5303,326;5308,312;5312,312;5316,310;5321,324;5325,316;5329,328;5334,314;5338,328;5343,312;5347,318;5351,318;5356,302;5360,316;5364,314;5369,312;5373,318;5377,318;5382,316;5386,314;5390,314;5395,314;5399,318;5403,304;5408,316;5412,300;5417,312;5421,306;5425,318;5430,318;5434,330;5438,314;5443,328;5447,306;5451,304;5456,304;5460,302;5464,314;5469,300;5473,320;5478,304;5482,316;5486,316;5491,316;5495,306;5499,292;5504,304;5508,304;5512,316;5517,302;5521,322;5525,320;5530,320;5534,318;5538,318;5543,316;5547,308;5552,308;5556,304;5560,318;5565,304;5569,324;5573,308;5578,320;5582,306;5586,320;5591,304;5595,310;5599,322;5604,308;5608,320;5612,306;5617,318;5621,310;5626,322;5630,308;5634,322;5639,306;5643,326;5647,310;5652,310;5656,310;5660,308;5665,320;5669,312;5673,312;5678,310;5682,324;5687,322;5691,314;5695,312;5700,312;5704,312;5708,310;5713,322;5717,314;5721,314;5726,312;5730,326;5734,310;5739,310;5743,316;5747,302;5752,314;5756,312;5761,326;5765,318;5769,318;5774,302;5778,316;5782,314;5787,326;5791,304;5795,302;5800,316;5804,300;5808,314;5813,300;5817,320;5821,318;5826,318;5830,316;5835,316;5839,320;5843,320;5848,306;5852,304;5856,318;5861,302;5865,322;5869,308;5874,320;5878,306;5882,318;5887,304;5891,310;5895,308;5900,306;5904,320;5909,306;5913,312;5917,296;5922,310;5926,308;5930,320;5935,306;5939,298;5943,310;5948,296;5952,308;5956,306;5961,320;5965,312;5969,312;5974,308;5978,322;5983,308;5987,312;5991,326;5996,310;6000,322;6004,294;6009,322;6013,312;6017,326;6022,310;6026,324;6030,308;6035,322;6039,312;6043,310;6048,310;6052,308;6057,308;6061,312;6065,326;6070,310;6074,310;6078,308;6083,308;6087,312;6091,312;6096,324;6100,324;6104,308;6109,306;6113,326;6118,310;6122,310;6126,308;6131,308;6135,314;6139,312;6144,324;6148,310;6152,308;6157,306;6161,312;6165,296;6170,282;6174,294;6178,308;6183,284;6187,270;6192,282;6196,266;6200,280;6205,264;6209,298;6213,282;6218,296;6222,280;6226,280;6231,284;6235,282;6239,282;6244,282;6248,280;6252,278;6257,284;6261,282;6266,282;6270,294;6274,294;6279,278;6283,284;6287,268;6292,268;6296,280;6300,266;6305,286;6309,284;6313,282;6318,282;6322,280;6326,294;6331,270;6335,284;6340,268;6344,282;6348,266;6353,278;6357,284;6361,284;6366,282;6370,282;6374,282;6379,272;6383,286;6387,270;6392,284;6396,268;6400,268;6405,288;6409,286;6414,286;6418,284;6422,282;6427,254;6431,302;6435,286;6440,286;6444,270;6448,282;6453,282;6457,288;6461,286;6466,286;6470,284;6474,284;6479,274;6483,288;6488,286;6492,284;6496,284;6501,282;6505,272;6509,270;6514,284;6518,284;6522,282;6527,272;6531,272;6535,286;6540,270;6544,282;6548,268;6553,288;6557,286;6562,284;6566,282;6570,268;6575,280;6579,272;6583,284;6588,268;6592,282;6596,266;\r\nBuffer sent in 0.973 secondsreturn;buffer;965\r\n'), 10:47:16
bytearray(b'received from UR: measure -> measure (0,1)\r\nSTEPPER: Moving to mstep: 6600 with speed [msteps/sec]: 1000 in StealthChop.\r\n'), 10:47:17
bytearray(b'STEPPER: Moving to mstep: 2400 with speed [msteps/sec]: 4000 in SpreadCycle.\r\n'), 10:47:21
bytearray(b'STEPPER: Moved 4200.00 msteps (ramp: 35%) in 1324.884 ms -> average speed [msteps/sec]: 3170.09\r\nreturn;measure;965\r\n'), 10:47:23
bytearray(b'received from UR: buffer -> buffer (0,1)\r\nSending buffer of size 965data;2400,302;2404,462;2408,144;2413,274;2417,314;2421,320;2426,334;2430,318;2434,332;2439,316;2443,322;2447,336;2452,320;2456,320;2460,320;2465,332;2469,322;2474,336;2478,322;2482,334;2487,318;2491,324;2495,338;2500,322;2504,322;2508,322;2513,334;2517,326;2521,326;2526,324;2530,338;2534,322;2539,336;2543,326;2548,312;2552,340;2556,310;2561,324;2565,328;2569,342;2574,328;2578,340;2582,326;2587,338;2591,330;2595,314;2600,314;2604,312;2609,326;2613,318;2617,332;2622,316;2626,330;2630,314;2635,342;2639,332;2643,332;2648,330;2652,314;2656,328;2661,314;2665,334;2669,332;2674,332;2678,316;2683,328;2687,328;2691,320;2696,332;2700,330;2704,330;2709,314;2713,334;2717,334;2722,332;2726,318;2730,330;2735,330;2739,320;2743,320;2748,306;2752,332;2757,316;2761,330;2765,320;2770,334;2774,318;2778,332;2783,316;2787,322;2791,336;2796,320;2800,318;2804,318;2809,332;2813,322;2817,336;2822,320;2826,334;2831,318;2835,332;2839,338;2844,324;2848,322;2852,320;2857,332;2861,324;2865,338;2870,322;2874,322;2878,320;2883,334;2887,340;2891,326;2896,324;2900,322;2905,336;2909,320;2913,340;2918,324;2922,338;2926,324;2931,336;2935,342;2939,328;2944,326;2948,310;2952,324;2957,324;2961,330;2965,328;2970,328;2974,326;2979,338;2983,324;2987,314;2992,328;2996,314;3000,340;3005,308;3009,330;3013,316;3018,328;3022,314;3026,326;3031,326;3035,318;3039,330;3044,330;3048,328;3053,314;3057,326;3061,318;3066,332;3070,316;3074,330;3079,314;3083,320;3087,334;3092,332;3096,318;3100,316;3105,330;3109,322;3113,334;3118,334;3122,332;3127,318;3131,308;3135,324;3140,306;3144,334;3148,318;3153,332;3157,322;3161,336;3166,322;3170,334;3174,318;3179,332;3183,338;3188,310;3192,336;3196,320;3201,332;3205,324;3209,336;3214,322;3218,334;3222,320;3227,346;3231,322;3235,308;3240,334;3244,320;3248,332;3253,310;3257,322;3262,320;3266,334;3270,318;3275,332;3279,324;3283,320;3288,334;3292,318;3296,330;3301,330;3305,320;3309,320;3314,332;3318,318;3322,330;3327,316;3331,320;3336,334;3340,318;3344,332;3349,330;3353,322;3357,320;3362,334;3366,318;3370,332;3375,316;3379,320;3383,334;3388,318;3392,332;3396,316;3401,330;3405,320;3410,334;3414,320;3418,332;3423,318;3427,322;3431,322;3436,320;3440,334;3444,320;3449,332;3453,324;3457,338;3462,322;3466,336;3470,320;3475,320;3479,326;3484,324;3488,324;3492,310;3497,322;3501,328;3505,342;3510,326;3514,340;3518,324;3523,338;3527,328;3531,314;3536,328;3540,312;3544,340;3549,310;3553,330;3558,316;3562,330;3566,328;3571,342;3575,332;3579,316;3584,330;3588,314;3592,328;3597,312;3601,332;3605,316;3610,342;3614,328;3618,340;3623,324;3627,316;3632,330;3636,314;3640,342;3645,326;3649,330;3653,316;3658,330;3662,328;3666,340;3671,326;3675,318;3679,330;3684,316;3688,328;3693,314;3697,326;3701,318;3706,330;3710,330;3714,330;3719,328;3723,318;3727,318;3732,318;3736,330;3740,316;3745,328;3749,320;3753,332;3758,318;3762,330;3767,314;3771,320;3775,334;3780,318;3784,332;3788,330;3793,330;3797,320;3801,334;3806,318;3810,332;3814,316;3819,330;3823,334;3827,320;3832,332;3836,332;3841,316;3845,320;3849,334;3854,318;3858,332;3862,318;3867,330;3871,322;3875,320;3880,334;3884,334;3888,318;3893,318;3897,338;3901,322;3906,336;3910,334;3915,332;3919,324;3923,310;3928,324;3932,308;3936,320;3941,306;3945,340;3949,324;3954,338;3958,322;3962,322;3967,320;3971,312;3976,340;3980,324;3984,324;3989,310;3993,330;3997,314;4002,340;4006,324;4010,338;4015,322;4019,314;4023,328;4028,312;4032,326;4036,310;4041,324;4045,316;4050,330;4054,314;4058,326;4063,326;4067,318;4071,330;4076,330;4080,328;4084,314;4089,328;4093,318;4097,332;4102,330;4106,330;4110,316;4115,328;4119,334;4124,318;4128,318;4132,318;4137,330;4141,320;4145,334;4150,320;4154,332;4158,318;4163,332;4167,322;4171,322;4176,334;4180,320;4184,332;4189,316;4193,338;4198,322;4202,336;4206,320;4211,334;4215,324;4219,322;4224,336;4228,322;4232,320;4237,320;4241,340;4245,324;4250,336;4254,322;4258,320;4263,320;4267,326;4272,326;4276,310;4280,322;4285,308;4289,320;4293,326;4298,326;4302,324;4306,326;4311,322;4315,328;4319,328;4324,312;4328,326;4332,312;4337,324;4341,330;4346,328;4350,326;4354,328;4359,326;4363,318;4367,330;4372,302;4376,328;4380,314;4385,326;4389,332;4393,346;4398,316;4402,330;4407,328;4411,320;4415,332;4420,318;4424,316;4428,302;4433,328;4437,320;4441,348;4446,318;4450,332;4454,316;4459,330;4463,334;4467,318;4472,332;4476,332;4481,330;4485,322;4489,334;4494,320;4498,332;4502,318;4507,330;4511,322;4515,322;4520,334;4524,318;4528,332;4533,318;4537,336;4541,320;4546,320;4550,318;4555,318;4559,322;4563,306;4568,320;4572,318;4576,316;4581,302;4585,320;4589,318;4594,332;4598,316;4602,316;4607,314;4611,306;4615,320;4620,304;4624,316;4629,316;4633,322;4637,306;4642,320;4646,304;4650,318;4655,302;4659,308;4663,320;4668,306;4672,304;4676,304;4681,316;4685,308;4689,308;4694,306;4698,320;4703,304;4707,310;4711,310;4716,296;4720,322;4724,306;4729,320;4733,312;4737,324;4742,310;4746,324;4750,308;4755,322;4759,326;4763,312;4768,324;4772,310;4777,322;4781,314;4785,314;4790,312;4794,326;4798,310;4803,324;4807,316;4811,314;4816,326;4820,312;4824,324;4829,322;4833,328;4838,312;4842,326;4846,310;4851,324;4855,314;4859,314;4864,314;4868,312;4872,312;4877,296;4881,330;4885,314;4890,328;4894,314;4898,328;4903,312;4907,304;4912,318;4916,316;4920,330;4925,314;4929,320;4933,320;4938,320;4942,318;4946,318;4951,316;4955,294;4959,308;4964,306;4968,320;4972,306;4977,312;4981,310;4986,324;4990,310;4994,322;4999,308;5003,314;5007,326;5012,312;5016,310;5020,310;5025,308;5029,314;5033,328;5038,312;5042,326;5047,310;5051,316;5055,316;5060,300;5064,314;5068,312;5073,326;5077,302;5081,302;5086,302;5090,314;5094,314;5099,312;5103,304;5107,302;5112,316;5116,300;5121,314;5125,320;5129,318;5134,316;5138,316;5142,314;5147,328;5151,320;5155,304;5160,316;5164,302;5168,316;5173,300;5177,322;5181,320;5186,332;5190,318;5195,332;5199,320;5203,306;5208,320;5212,304;5216,318;5221,304;5225,322;5229,308;5234,320;5238,306;5242,334;5247,318;5251,324;5255,308;5260,308;5264,320;5269,306;5273,312;5277,310;5282,310;5286,308;5290,322;5295,320;5299,312;5303,310;5308,310;5312,308;5316,308;5321,308;5325,312;5329,326;5334,310;5338,324;5343,322;5347,300;5351,312;5356,298;5360,310;5364,296;5369,308;5373,314;5377,328;5382,312;5386,326;5390,310;5395,310;5399,316;5403,300;5408,314;5412,312;5417,312;5421,316;5425,316;5430,314;5434,314;5438,312;5443,314;5447,304;5451,304;5456,316;5460,302;5464,316;5469,314;5473,306;5478,306;5482,318;5486,304;5491,318;5495,308;5499,294;5504,306;5508,292;5512,306;5517,304;5521,324;5525,308;5530,322;5534,322;5538,320;5543,312;5547,298;5552,310;5556,296;5560,322;5565,308;5569,328;5573,312;5578,326;5582,310;5586,324;5591,308;5595,302;5599,316;5604,314;5608,326;5612,312;5617,312;5621,302;5626,330;5630,314;5634,314;5639,300;5643,304;5647,318;5652,304;5656,330;5660,316;5665,314;5669,306;5673,320;5678,318;5682,318;5686,302;5691,308;5695,322;5700,308;5704,320;5708,306;5713,318;5717,310;5721,322;5726,308;5730,320;5734,320;5739,318;5743,324;5747,308;5752,308;5756,292;5761,320;5765,312;5769,324;5774,310;5778,322;5782,308;5787,320;5791,312;5795,296;5800,310;5804,294;5808,308;5813,306;5817,326;5821,310;5826,324;5830,308;5835,322;5839,314;5843,312;5848,312;5852,310;5856,310;5861,308;5865,314;5869,296;5874,312;5878,310;5882,310;5887,310;5891,300;5895,312;5900,298;5904,310;5909,310;5913,316;5917,314;5922,312;5926,312;5930,324;5935,324;5939,300;5943,314;5948,300;5952,312;5956,310;5961,322;5965,314;5969,314;5974,312;5978,326;5983,310;5987,302;5991,314;5996,300;6000,312;6004,298;6009,310;6013,316;6017,330;6022,314;6026,328;6030,312;6035,304;6039,304;6044,302;6048,314;6052,314;6057,312;6061,318;6065,330;6070,314;6074,328;6078,312;6083,326;6087,304;6091,302;6096,302;6100,300;6104,312;6109,298;6113,318;6118,316;6122,316;6126,314;6131,314;6135,318;6139,302;6144,316;6148,300;6152,312;6157,298;6161,304;6165,302;6170,286;6174,284;6178,298;6183,288;6187,274;6192,286;6196,272;6200,284;6205,270;6209,288;6213,288;6218,286;6222,286;6226,270;6231,276;6235,274;6239,286;6244,272;6248,272;6252,284;6257,260;6261,286;6266,286;6270,286;6274,284;6279,284;6283,260;6287,274;6292,258;6296,284;6300,284;6305,276;6309,274;6313,272;6318,272;6322,284;6326,298;6331,262;6335,274;6340,258;6344,272;6348,256;6353,282;6357,288;6361,286;6366,284;6370,284;6374,282;6379,254;6383,300;6387,286;6392,284;6396,284;6400,282;6405,272;6409,256;6414,284;6418,298;6422,282;6427,294;6431,286;6435,286;6440,284;6444,282;6448,268;6453,286;6457,286;6461,284;6466,284;6470,282;6474,280;6479,286;6483,284;6488,282;6492,282;6496,280;6501,280;6505,284;6509,284;6514,284;6518,294;6522,294;6527,270;6531,270;6535,268;6540,266;6544,280;6549,264;6553,284;6557,282;6562,282;6566,280;6570,294;6575,292;6579,284;6583,268;6588,268;6592,280;6596,266;\r\nBuffer sent in 0.973 secondsreturn;buffer;965\r\n'), 10:47:25
bytearray(b'received from UR: home -> home (0,1)\r\nSTEPPER: Moving to mstep: 0 with speed [msteps/sec]: 4000 in SpreadCycle.\r\n'), 10:47:26
bytearray(b'STEPPER: Moved 2400.00 msteps (ramp: 35%) in 813.416 ms -> average speed [msteps/sec]: 2950.52\r\nreturn;home;1\r\n'), 10:47:27
