bytearray(b'STEPPER: Moving to mstep: 2400 with speed [msteps/sec]: 4000 in SpreadCycle.\r\n'), 10:49:56
bytearray(b'STEPPER: Moved 2400.00 msteps (ramp: 35%) in 812.836 ms -> average speed [msteps/sec]: 2952.63\r\n'), 10:49:57
bytearray(b'received from UR: status -> status (0,1)\r\n*** STATUS ***\r\nid        :         3 -\r\nstep      :      2400 steps\r\nspeed     :      1500 msteps/s\r\nmspeed    :      1000 msteps/s\r\nsg-thrs   :        80 -\r\ndefault   :     12000 \xc2\xb5m\r\ndispense  :     30350 \xc2\xb5m\r\nblowout   :     33000 \xc2\xb5m\r\nd-offset  :        20 \xc2\xb5m\r\nur0       :         0 -\r\nur1       :         1 -\r\nhomed     :         1 -\r\nreturn;status;2400\r\n'), 10:49:59
bytearray(b'received from UR: measure -> measure (0,1)\r\nSTEPPER: Moving to mstep: 6600 with speed [msteps/sec]: 1000 in StealthChop.\r\n'), 10:50:00
bytearray(b'STEPPER: Moving to mstep: 2400 with speed [msteps/sec]: 4000 in SpreadCycle.\r\n'), 10:50:04
bytearray(b'STEPPER: Moved 4200.00 msteps (ramp: 35%) in 1324.880 ms -> average speed [msteps/sec]: 3170.10\r\nreturn;measure;965\r\n'), 10:50:05
bytearray(b'received from UR: buffer -> buffer (0,1)\r\nSending buffer of size 965data;2400,126;2404,464;2408,190;2413,290;2417,324;2421,324;2426,338;2430,324;2434,338;2439,322;2443,328;2447,328;2452,314;2456,328;2460,312;2465,326;2469,318;2474,332;2478,330;2482,330;2487,316;2491,322;2495,322;2500,308;2504,334;2508,318;2513,332;2517,324;2521,324;2526,324;2530,338;2534,322;2539,336;2543,328;2548,314;2552,328;2556,312;2561,326;2565,332;2569,332;2574,318;2578,344;2582,330;2587,344;2591,322;2595,308;2600,334;2604,306;2608,334;2613,318;2617,338;2622,322;2626,338;2630,322;2635,336;2639,326;2643,312;2648,326;2652,310;2656,324;2661,310;2665,330;2669,328;2674,328;2678,326;2682,326;2687,312;2691,316;2696,330;2700,316;2704,328;2709,314;2713,334;2717,320;2722,332;2726,318;2730,332;2735,332;2739,310;2743,324;2748,308;2752,334;2756,306;2761,334;2765,326;2770,340;2774,324;2778,338;2783,322;2787,314;2791,328;2796,312;2800,326;2804,312;2809,326;2813,330;2817,344;2822,316;2826,342;2830,328;2835,306;2839,320;2844,318;2848,332;2852,330;2857,330;2861,320;2865,334;2870,320;2874,332;2878,318;2883,318;2887,324;2891,322;2896,336;2900,336;2904,320;2909,318;2913,326;2918,324;2922,338;2926,322;2931,322;2935,328;2939,314;2944,342;2948,326;2952,326;2957,312;2961,332;2965,316;2970,330;2974,314;2978,328;2983,314;2987,320;2992,334;2996,318;3000,318;3005,316;3009,336;3013,322;3018,336;3022,320;3026,320;3031,318;3035,310;3039,338;3044,324;3048,322;3052,322;3057,320;3061,312;3066,326;3070,310;3074,324;3079,324;3083,314;3087,328;3092,300;3096,326;3100,312;3105,326;3109,318;3113,332;3118,330;3122,330;3127,316;3131,306;3135,320;3140,306;3144,320;3148,304;3153,332;3157,322;3161,336;3166,322;3170,336;3174,320;3179,334;3183,340;3187,326;3192,324;3196,310;3201,324;3205,328;3209,342;3214,328;3218,342;3222,326;3227,340;3231,332;3235,330;3240,316;3244,314;3248,328;3253,314;3257,334;3262,318;3266,332;3270,318;3275,332;3279,322;3283,308;3288,322;3292,320;3296,320;3301,320;3305,338;3309,324;3314,338;3318,322;3322,336;3327,322;3331,312;3336,326;3340,312;3344,324;3349,310;3353,330;3357,328;3362,330;3366,328;3370,340;3375,326;3379,304;3383,330;3388,316;3392,330;3396,302;3401,328;3405,320;3410,334;3414,318;3418,332;3423,318;3427,308;3431,322;3436,308;3440,322;3444,306;3449,320;3453,326;3457,326;3462,310;3466,324;3470,322;3475,322;3479,328;3484,314;3488,328;3492,312;3497,326;3501,318;3505,330;3510,328;3514,328;3518,328;3523,328;3527,320;3531,304;3536,318;3540,302;3544,330;3549,300;3553,336;3558,322;3562,334;3566,320;3571,334;3575,326;3579,310;3584,324;3588,310;3592,324;3597,308;3601,344;3605,328;3610,342;3614,328;3618,342;3623,326;3627,332;3632,318;3636,316;3640,330;3645,314;3649,336;3653,318;3658,334;3662,318;3666,332;3671,318;3675,324;3679,336;3684,336;3688,322;3692,320;3697,334;3701,326;3706,326;3710,324;3714,322;3719,322;3723,314;3727,328;3732,312;3736,326;3740,310;3745,324;3749,330;3753,330;3758,328;3762,328;3767,326;3771,340;3775,332;3780,304;3784,330;3788,316;3793,330;3797,320;3801,336;3806,320;3810,334;3814,318;3819,332;3823,324;3827,308;3832,322;3836,308;3841,322;3845,306;3849,340;3854,326;3858,338;3862,324;3867,338;3871,328;3875,300;3880,328;3884,312;3888,326;3893,326;3897,330;3901,316;3906,330;3910,314;3915,328;3919,320;3923,304;3928,318;3932,302;3936,330;3941,314;3945,336;3949,320;3954,334;3958,318;3962,332;3967,318;3971,308;3975,322;3980,308;3984,334;3989,306;3993,334;3997,326;4002,340;4006,324;4010,338;4015,322;4019,314;4023,328;4028,314;4032,328;4036,312;4041,326;4045,318;4049,346;4054,330;4058,344;4063,328;4067,322;4071,334;4076,306;4080,334;4084,318;4089,332;4093,324;4097,338;4102,324;4106,338;4110,322;4115,336;4119,328;4123,314;4128,328;4132,312;4137,326;4141,318;4145,332;4150,332;4154,330;4158,316;4163,330;4167,336;4171,306;4176,334;4180,320;4184,334;4189,304;4193,340;4198,324;4202,338;4206,322;4211,336;4215,328;4219,314;4224,326;4228,312;4232,324;4237,310;4241,332;4245,330;4250,330;4254,314;4258,342;4263,326;4267,304;4272,318;4276,316;4280,316;4285,302;4289,336;4293,320;4298,334;4302,320;4306,332;4311,318;4315,310;4319,322;4324,308;4328,322;4332,306;4337,320;4341,324;4346,326;4350,324;4354,338;4359,324;4363,300;4367,328;4372,314;4376,326;4380,312;4385,326;4389,318;4393,330;4398,316;4402,316;4406,314;4411,306;4415,318;4420,304;4424,318;4428,304;4433,316;4437,308;4441,336;4446,322;4450,336;4454,320;4459,334;4463,310;4467,310;4472,310;4476,308;4481,322;4485,314;4489,328;4494,314;4498,326;4502,310;4507,324;4511,316;4515,300;4520,314;4524,314;4528,326;4533,298;4537,318;4541,316;4546,316;4550,302;4555,314;4559,320;4563,306;4568,320;4572,318;4576,318;4581,302;4585,322;4589,308;4594,322;4598,308;4602,322;4607,320;4611,298;4615,310;4620,296;4624,310;4629,294;4633,308;4637,316;4642,328;4646,314;4650,326;4655,312;4659,304;4663,304;4668,302;4672,302;4676,300;4681,314;4685,320;4689,320;4694,306;4698,318;4703,318;4707,296;4711,308;4716,294;4720,308;4724,292;4729,320;4733,312;4737,326;4742,310;4746,324;4750,322;4755,322;4759,314;4763,300;4768,314;4772,298;4777,326;4781,318;4785,332;4790,316;4794,330;4798,316;4803,330;4807,322;4811,306;4816,320;4820,304;4824,318;4829,304;4833,326;4838,310;4842,338;4846,310;4851,324;4855,314;4859,300;4864,312;4868,298;4872,312;4877,310;4881,318;4885,316;4890,330;4894,316;4898,330;4903,314;4907,306;4912,320;4916,304;4920,318;4925,304;4929,324;4933,310;4938,322;4942,322;4946,322;4951,320;4955,298;4959,312;4964,298;4968,312;4972,296;4977,310;4981,316;4986,328;4990,314;4994,328;4999,314;5003,306;5007,318;5012,290;5016,318;5020,302;5025,302;5029,308;5033,322;5038,308;5042,320;5046,306;5051,298;5055,312;5060,298;5064,310;5068,296;5073,310;5077,316;5081,316;5086,314;5090,314;5094,314;5099,314;5103,318;5107,318;5112,302;5116,302;5121,316;5125,308;5129,320;5134,320;5138,320;5142,320;5147,318;5151,312;5155,296;5160,310;5164,294;5168,322;5173,306;5177,326;5181,312;5186,324;5190,312;5195,324;5199,316;5203,302;5208,314;5212,300;5216,314;5221,312;5225,332;5229,318;5234,332;5238,316;5242,330;5247,314;5251,306;5255,306;5260,304;5264,318;5269,304;5273,316;5277,308;5282,322;5286,320;5290,320;5295,320;5299,312;5303,310;5308,296;5312,310;5316,308;5321,308;5325,314;5329,328;5334,312;5338,326;5343,310;5347,302;5351,316;5356,300;5360,314;5364,300;5369,312;5373,306;5377,332;5382,316;5386,330;5390,316;5395,328;5399,306;5403,292;5408,318;5412,304;5417,304;5421,310;5425,324;5430,308;5434,322;5438,306;5443,320;5447,312;5451,296;5456,310;5460,296;5464,308;5469,294;5473,314;5477,312;5482,312;5486,310;5491,324;5495,302;5499,300;5504,314;5508,298;5512,312;5517,298;5521,318;5525,304;5530,316;5534,316;5538,328;5543,314;5547,292;5552,320;5556,304;5560,318;5565,302;5569,324;5573,310;5578,322;5582,308;5586,334;5591,320;5595,298;5599,312;5604,296;5608,310;5612,294;5617,322;5621,314;5626,326;5630,310;5634,324;5639,310;5643,300;5647,314;5652,300;5656,312;5660,298;5665,312;5669,318;5673,318;5678,316;5682,328;5686,314;5691,306;5695,318;5700,304;5704,316;5708,302;5713,316;5717,320;5721,320;5726,318;5730,332;5734,316;5739,318;5743,308;5747,306;5752,320;5756,292;5760,318;5765,310;5769,324;5774,310;5778,322;5782,308;5787,322;5791,312;5795,298;5800,310;5804,296;5808,310;5813,296;5817,330;5821,314;5826,328;5830,314;5834,328;5839,304;5843,304;5848,304;5852,302;5856,302;5861,300;5865,320;5869,306;5874,320;5878,318;5882,318;5887,304;5891,294;5895,308;5900,294;5904,306;5909,306;5913,312;5917,310;5922,310;5926,308;5930,322;5935,308;5939,298;5943,310;5948,296;5952,310;5956,292;5961,308;5965,314;5969,328;5974,312;5978,326;5983,310;5987,302;5991,314;5996,300;6000,314;6004,298;6009,312;6013,304;6017,316;6022,302;6026,316;6030,300;6035,278;6039,278;6043,276;6048,276;6052,274;6057,274;6061,294;6065,280;6070,292;6074,292;6078,290;6083,290;6087,296;6091,266;6096,280;6100,280;6104,278;6109,286;6113,284;6118,284;6122,282;6126,296;6131,294;6135,274;6139,270;6144,284;6148,270;6152,282;6157,268;6161,288;6165,288;6170,284;6174,286;6178,300;6183,278;6187,262;6192,276;6196,274;6200,274;6205,258;6209,294;6213,280;6218,292;6222,278;6226,276;6231,276;6235,268;6239,280;6244,280;6248,278;6252,264;6257,298;6261,284;6266,270;6270,282;6274,252;6279,280;6283,272;6287,272;6292,272;6296,270;6300,270;6305,276;6309,290;6313,290;6318,288;6322,288;6326,272;6331,264;6335,276;6340,262;6344,276;6348,276;6353,288;6357,280;6361,294;6366,292;6370,278;6374,292;6379,270;6383,270;6387,268;6392,282;6396,266;6400,266;6405,286;6409,286;6414,286;6418,284;6422,284;6427,298;6431,276;6435,288;6440,288;6444,286;6448,286;6453,278;6457,248;6461,276;6466,290;6470,274;6474,274;6479,280;6483,294;6488,278;6492,278;6496,278;6501,276;6505,268;6509,280;6514,280;6518,280;6522,292;6527,284;6531,284;6535,284;6540,282;6544,282;6549,268;6553,288;6557,272;6562,272;6566,284;6570,284;6575,284;6579,262;6583,274;6588,260;6592,274;6596,258;\r\nBuffer sent in 0.973 secondsreturn;buffer;965\r\n'), 10:50:07
bytearray(b'received from UR: measure -> measure (0,1)\r\nSTEPPER: Moving to mstep: 6600 with speed [msteps/sec]: 1000 in StealthChop.\r\n'), 10:50:08
bytearray(b'STEPPER: Moving to mstep: 2400 with speed [msteps/sec]: 4000 in SpreadCycle.\r\n'), 10:50:12
bytearray(b'STEPPER: Moved 4200.00 msteps (ramp: 35%) in 1324.888 ms -> average speed [msteps/sec]: 3170.08\r\nreturn;measure;965\r\n'), 10:50:14
bytearray(b'received from UR: buffer -> buffer (0,1)\r\nSending buffer of size 965data;2400,300;2404,464;2408,146;2413,276;2417,318;2421,324;2426,338;2430,322;2434,336;2439,322;2443,328;2447,326;2452,312;2456,326;2460,326;2465,326;2469,316;2474,330;2478,328;2482,328;2487,314;2491,320;2495,320;2500,318;2504,332;2508,316;2513,330;2517,322;2521,336;2526,320;2530,334;2534,320;2539,332;2543,340;2548,310;2552,324;2556,322;2561,336;2565,314;2569,328;2574,328;2578,328;2582,312;2587,340;2591,318;2595,318;2600,330;2604,316;2609,330;2613,320;2617,334;2622,320;2626,334;2630,318;2635,332;2639,324;2643,322;2648,322;2652,322;2656,336;2661,320;2665,328;2669,326;2674,326;2678,324;2683,324;2687,324;2691,314;2696,328;2700,328;2704,328;2709,312;2713,332;2717,332;2722,344;2726,316;2730,330;2735,328;2739,322;2743,336;2748,320;2752,334;2757,320;2761,332;2765,324;2770,338;2774,322;2778,336;2783,322;2787,314;2791,328;2796,312;2800,326;2804,324;2809,324;2813,330;2817,330;2822,316;2826,330;2831,328;2835,320;2839,318;2844,318;2848,332;2852,318;2857,330;2861,322;2865,336;2870,322;2874,336;2878,320;2883,334;2887,326;2891,326;2896,326;2900,324;2905,324;2909,324;2913,344;2918,316;2922,328;2926,328;2931,328;2935,332;2939,318;2944,332;2948,318;2952,330;2957,314;2961,334;2965,320;2970,334;2974,318;2979,332;2983,318;2987,310;2992,322;2996,322;3000,336;3005,308;3009,326;3013,326;3018,340;3022,324;3026,338;3031,324;3035,330;3039,330;3044,314;3048,328;3053,326;3057,326;3061,318;3066,332;3070,330;3074,330;3079,316;3083,322;3087,334;3092,320;3096,320;3100,318;3105,332;3109,324;3114,324;3118,338;3122,336;3127,322;3131,314;3135,326;3140,326;3144,326;3148,310;3153,324;3157,330;3161,330;3166,330;3170,330;3174,314;3179,328;3183,334;3188,320;3192,332;3196,318;3201,332;3205,320;3209,336;3214,322;3218,336;3222,320;3227,334;3231,326;3235,312;3240,324;3244,324;3248,336;3253,314;3257,340;3262,328;3266,328;3270,326;3275,326;3279,330;3283,316;3288,330;3292,328;3296,328;3301,314;3305,332;3309,318;3314,330;3318,330;3322,330;3327,328;3331,320;3336,332;3340,318;3344,332;3349,316;3353,336;3357,322;3362,336;3366,320;3370,334;3375,318;3379,310;3383,324;3388,324;3392,322;3396,322;3401,334;3405,312;3410,340;3414,324;3418,338;3423,322;3427,328;3431,326;3436,314;3440,326;3444,326;3449,326;3453,316;3457,330;3462,328;3466,328;3470,314;3475,318;3479,332;3484,318;3488,330;3492,316;3497,314;3501,322;3505,334;3510,334;3514,332;3518,318;3523,332;3527,338;3531,308;3536,322;3540,320;3545,334;3549,320;3553,326;3558,324;3562,338;3566,322;3571,338;3575,314;3579,314;3584,326;3588,326;3592,342;3597,312;3601,332;3605,316;3610,346;3614,328;3619,342;3623,314;3627,320;3632,332;3636,318;3640,332;3645,330;3649,338;3653,322;3658,336;3662,320;3666,334;3671,320;3675,326;3679,326;3684,324;3688,324;3693,324;3697,322;3701,316;3706,328;3710,328;3714,328;3719,326;3723,318;3727,332;3732,316;3736,330;3740,330;3745,330;3749,320;3753,334;3758,320;3762,332;3767,334;3771,312;3775,324;3780,310;3784,324;3788,324;3793,324;3797,330;3801,330;3806,330;3810,328;3814,328;3819,328;3823,320;3828,320;3832,332;3836,318;3841,318;3845,324;3849,338;3854,322;3858,336;3862,322;3867,336;3871,312;3875,314;3880,326;3884,326;3888,326;3893,310;3897,330;3902,330;3906,330;3910,316;3915,328;3919,334;3923,320;3928,334;3932,318;3936,332;3941,318;3945,338;3949,322;3954,336;3958,322;3962,334;3967,320;3971,326;3976,338;3980,312;3984,326;3989,310;3993,332;3997,318;4002,330;4006,328;4010,330;4015,314;4019,320;4023,334;4028,320;4032,320;4036,318;4041,332;4045,324;4050,338;4054,322;4058,336;4063,322;4067,328;4071,312;4076,326;4080,326;4084,326;4089,326;4093,316;4097,330;4102,328;4106,328;4110,326;4115,326;4119,332;4124,318;4128,332;4132,316;4137,330;4141,320;4145,334;4150,320;4154,334;4158,318;4163,332;4167,338;4171,310;4176,322;4180,322;4184,334;4189,320;4193,340;4198,326;4202,340;4206,324;4211,338;4215,330;4219,328;4224,328;4228,314;4232,326;4237,314;4241,332;4245,332;4250,346;4254,316;4258,330;4263,328;4267,320;4272,320;4276,320;4280,318;4285,318;4289,324;4293,322;4298,324;4302,322;4306,334;4311,320;4315,326;4319,326;4324,310;4328,324;4332,324;4337,336;4341,316;4346,328;4350,328;4354,326;4359,326;4363,318;4367,332;4372,316;4376,342;4380,314;4385,328;4389,318;4393,332;4398,318;4402,332;4407,316;4411,310;4415,322;4420,320;4424,320;4428,306;4433,318;4437,310;4441,324;4446,322;4450,322;4454,320;4459,320;4463,312;4467,312;4472,310;4476,310;4481,324;4485,314;4489,314;4494,314;4498,326;4502,310;4507,324;4511,316;4515,300;4520,314;4524,300;4528,312;4533,310;4537,316;4541,316;4546,314;4550,312;4555,312;4559,318;4563,304;4568,316;4572,300;4576,314;4581,300;4585,320;4589,304;4594,318;4598,316;4602,316;4607,314;4611,306;4616,318;4620,304;4624,304;4629,302;4633,322;4637,306;4642,320;4646,304;4650,316;4655,302;4659,308;4663,308;4668,306;4672,304;4676,304;4681,316;4685,308;4690,294;4694,306;4698,306;4703,304;4707,310;4711,324;4716,310;4720,308;4724,308;4729,322;4733,312;4737,326;4742,310;4746,322;4750,324;4755,300;4759,314;4764,314;4768,314;4772,312;4777,326;4781,318;4785,318;4790,316;4794,330;4798,314;4803,328;4807,320;4811,304;4816,318;4820,318;4824,316;4829,316;4833,322;4838,320;4842,334;4846,320;4851,332;4855,324;4859,310;4864,310;4868,322;4872,322;4877,306;4881,326;4885,312;4890,312;4894,310;4898,324;4903,314;4907,314;4912,328;4916,312;4920,312;4925,310;4929,318;4933,316;4938,330;4942,316;4946,328;4951,312;4955,304;4959,302;4964,302;4968,302;4973,302;4977,320;4981,306;4986,320;4990,304;4994,318;4999,302;5003,308;5007,322;5012,306;5016,306;5020,306;5025,304;5029,310;5033,322;5038,308;5042,308;5047,306;5051,296;5055,310;5060,308;5064,308;5068,306;5073,320;5077,298;5081,312;5086,310;5090,310;5094,308;5099,322;5103,314;5107,300;5112,312;5116,296;5121,310;5125,314;5129,314;5134,312;5138,312;5142,312;5147,324;5151,316;5155,314;5160,328;5164,300;5168,312;5173,310;5177,330;5181,316;5186,314;5190,314;5195,314;5199,318;5203,304;5208,330;5212,316;5216,314;5221,314;5225,320;5229,318;5234,318;5238,316;5242,316;5247,314;5251,306;5256,304;5260,304;5264,304;5269,316;5273,322;5277,306;5282,320;5286,318;5290,318;5295,316;5299,308;5303,306;5308,306;5312,306;5316,318;5321,316;5325,310;5330,310;5334,308;5338,322;5343,320;5347,312;5351,324;5356,310;5360,310;5364,308;5369,322;5373,312;5377,312;5382,310;5386,324;5390,310;5395,300;5399,312;5404,298;5408,312;5412,310;5417,324;5421,314;5425,314;5430,312;5434,312;5438,310;5443,324;5447,314;5451,300;5456,312;5460,310;5464,310;5469,302;5473,314;5478,300;5482,312;5486,312;5491,312;5495,302;5499,302;5504,302;5508,300;5512,312;5517,308;5521,316;5525,314;5530,314;5534,312;5539,312;5543,318;5547,302;5552,316;5556,314;5560,314;5565,312;5569,320;5573,304;5578,318;5582,316;5586,316;5591,314;5595,306;5599,320;5604,304;5608,318;5613,302;5617,322;5621,308;5626,320;5630,304;5634,332;5639,316;5643,308;5647,308;5652,308;5656,320;5660,306;5665,304;5669,310;5673,324;5678,308;5682,322;5687,320;5691,312;5695,312;5700,310;5704,310;5708,310;5713,322;5717,314;5721,328;5726,312;5730,322;5734,310;5739,310;5743,314;5747,314;5752,312;5756,298;5761,310;5765,316;5769,316;5774,314;5778,314;5782,312;5787,312;5791,318;5795,304;5800,316;5804,300;5808,314;5813,300;5817,318;5821,304;5826,316;5830,314;5835,314;5839,306;5843,304;5848,302;5852,302;5856,316;5861,300;5865,320;5869,306;5874,318;5878,304;5882,302;5887,300;5891,306;5895,306;5900,304;5904,318;5909,302;5913,322;5917,320;5922,320;5926,304;5930,318;5935,316;5939,308;5943,306;5948,304;5952,318;5956,304;5961,316;5965,308;5970,322;5974,320;5978,320;5983,318;5987,296;5991,310;5996,308;6000,306;6004,306;6009,318;6013,310;6017,310;6022,306;6026,292;6030,290;6035,282;6039,282;6044,280;6048,266;6052,280;6057,256;6061,282;6065,296;6070,294;6074,294;6078,294;6083,270;6087,284;6091,282;6096,296;6100,282;6105,280;6109,286;6113,286;6118,284;6122,254;6126,282;6131,294;6135,286;6139,284;6144,284;6148,282;6152,280;6157,286;6161,286;6165,284;6170,256;6174,282;6179,296;6183,274;6187,274;6192,272;6196,272;6200,284;6205,284;6209,290;6213,288;6218,288;6222,286;6226,286;6231,278;6235,276;6239,276;6244,274;6248,274;6253,286;6257,250;6261,278;6266,290;6270,276;6274,288;6279,288;6283,280;6287,278;6292,278;6296,276;6300,276;6305,282;6309,282;6313,294;6318,280;6322,280;6327,292;6331,270;6335,268;6340,268;6344,268;6348,280;6353,266;6357,286;6361,298;6366,284;6370,284;6374,282;6379,274;6383,272;6387,270;6392,270;6396,270;6401,268;6405,288;6409,288;6414,286;6418,286;6422,270;6427,242;6431,288;6435,274;6440,272;6444,272;6448,258;6453,292;6457,290;6461,288;6466,288;6470,288;6475,288;6479,264;6483,264;6488,278;6492,276;6496,276;6501,268;6505,266;6509,280;6514,238;6518,278;6522,292;6527,270;6531,268;6536,282;6540,266;6544,280;6549,280;6553,284;6557,284;6562,282;6566,268;6570,252;6575,280;6579,286;6583,284;6588,284;6592,268;6596,282;\r\nBuffer sent in 0.973 secondsreturn;buffer;965\r\n'), 10:50:16
bytearray(b'received from UR: measure -> measure (0,1)\r\nSTEPPER: Moving to mstep: 6600 with speed [msteps/sec]: 1000 in StealthChop.\r\n'), 10:50:17
bytearray(b'STEPPER: Moving to mstep: 2400 with speed [msteps/sec]: 4000 in SpreadCycle.\r\n'), 10:50:21
bytearray(b'STEPPER: Moved 4200.00 msteps (ramp: 35%) in 1324.888 ms -> average speed [msteps/sec]: 3170.08\r\nreturn;measure;964\r\n'), 10:50:22
bytearray(b'received from UR: buffer -> buffer (0,1)\r\nSending buffer of size 964data;2400,298;2404,458;2408,168;2413,268;2417,310;2421,318;2426,344;2430,314;2434,328;2439,326;2443,318;2447,318;2452,316;2456,316;2460,328;2465,328;2469,320;2474,334;2478,318;2482,332;2487,330;2491,322;2495,336;2500,320;2504,320;2508,334;2513,334;2517,312;2521,324;2526,322;2530,322;2534,322;2539,334;2543,326;2548,310;2552,324;2556,324;2561,336;2565,314;2569,328;2574,326;2578,340;2582,324;2587,338;2591,330;2595,314;2600,328;2604,326;2608,340;2613,326;2617,332;2622,316;2626,330;2630,328;2635,342;2639,320;2643,318;2648,318;2652,316;2656,316;2661,314;2665,334;2669,320;2674,332;2678,332;2682,332;2687,316;2691,320;2696,322;2700,306;2704,320;2709,318;2713,338;2717,324;2722,338;2726,322;2730,336;2735,318;2739,312;2743,326;2748,324;2752,338;2757,322;2761,322;2765,314;2770,326;2774,326;2778,340;2783,324;2787,316;2791,328;2796,328;2800,342;2804,326;2809,326;2813,318;2817,330;2822,316;2826,344;2831,328;2835,318;2839,318;2844,316;2848,316;2852,330;2857,328;2861,320;2865,334;2870,318;2874,332;2878,330;2883,342;2887,320;2891,320;2896,318;2900,318;2905,330;2909,322;2913,336;2918,334;2922,334;2926,318;2931,332;2935,322;2939,322;2944,336;2948,320;2952,332;2957,318;2961,338;2965,322;2970,336;2974,320;2979,334;2983,318;2987,324;2992,338;2996,322;3000,336;3005,308;3009,326;3013,326;3018,340;3022,324;3026,336;3031,322;3035,328;3039,326;3044,326;3048,324;3053,310;3057,322;3061,328;3066,328;3070,312;3074,326;3079,326;3083,318;3087,330;3092,316;3096,328;3100,314;3105,312;3109,318;3113,332;3118,330;3122,330;3127,328;3131,306;3135,320;3140,304;3144,332;3148,316;3153,330;3157,322;3161,334;3166,320;3170,332;3174,318;3179,332;3183,322;3187,306;3192,320;3196,306;3201,334;3205,324;3209,338;3214,324;3218,336;3222,322;3227,336;3231,326;3235,312;3240,324;3244,310;3248,322;3253,322;3257,342;3262,314;3266,328;3270,312;3275,326;3279,330;3283,330;3288,328;3292,314;3296,326;3301,326;3305,332;3309,316;3314,330;3318,316;3322,330;3327,328;3331,320;3336,334;3340,318;3344,318;3349,318;3353,324;3357,322;3362,336;3366,322;3370,334;3375,320;3379,326;3383,324;3388,310;3392,322;3396,322;3401,334;3405,312;3410,328;3414,324;3418,324;3423,324;3427,328;3431,328;3436,314;3440,326;3444,326;3449,326;3453,316;3457,330;3462,314;3466,328;3470,312;3475,318;3479,330;3484,316;3488,316;3492,314;3497,328;3501,334;3505,332;3510,316;3514,330;3518,316;3523,328;3527,334;3531,318;3536,318;3540,302;3545,316;3549,316;3553,336;3558,320;3562,334;3566,320;3571,332;3575,322;3579,324;3584,336;3588,322;3592,322;3597,304;3601,338;3605,324;3610,338;3614,322;3619,320;3627,312;3632,324;3636,324;3640,336;3645,322;3649,328;3653,312;3658,338;3662,324;3666,338;3671,322;3675,314;3679,326;3684,326;3688,326;3692,324;3697,324;3701,316;3706,330;3710,316;3714,342;3719,324;3723,318;3727,318;3732,304;3736,316;3740,316;3745,330;3749,336;3753,336;3758,320;3762,334;3766,318;3771,332;3775,338;3780,322;3784,322;3788,306;3793,320;3797,326;3801,340;3806,324;3810,338;3814,322;3819,336;3823,328;3827,312;3832,326;3836,324;3840,324;3845,324;3849,330;3854,314;3858,328;3862,328;3867,342;3871,332;3875,318;3880,318;3884,316;3888,316;3893,330;3897,336;3901,320;3906,334;3910,318;3914,332;3919,332;3923,322;3928,322;3932,308;3936,320;3941,320;3945,326;3949,324;3954,338;3958,322;3962,324;3967,322;3971,326;3975,326;3980,312;3984,324;3989,324;3993,336;3997,314;4002,342;4006,312;4010,326;4015,324;4019,316;4023,328;4028,314;4032,326;4036,326;4041,326;4045,318;4049,330;4054,314;4058,328;4063,326;4067,318;4071,318;4076,316;4080,330;4084,328;4089,328;4093,318;4097,332;4102,318;4106,330;4110,330;4115,330;4119,334;4123,306;4128,320;4132,318;4137,330;4141,322;4145,336;4150,320;4154,320;4158,334;4163,332;4167,324;4171,308;4176,322;4180,306;4184,334;4189,318;4193,338;4197,324;4202,336;4206,322;4211,334;4215,326;4219,324;4224,338;4228,322;4232,322;4237,308;4241,328;4245,326;4250,326;4254,310;4258,336;4263,322;4267,328;4271,326;4276,326;4280,324;4285,310;4289,330;4293,328;4298,328;4302,312;4306,326;4311,326;4315,330;4319,330;4324,314;4328,328;4332,298;4337,326;4341,318;4345,332;4350,330;4354,344;4359,328;4363,306;4367,320;4372,318;4376,332;4380,316;4385,330;4389,322;4393,336;4398,320;4402,334;4406,318;4411,296;4415,308;4419,308;4424,322;4428,320;4433,318;4437,310;4441,324;4446,310;4450,324;4454,308;4459,322;4463,312;4467,312;4472,324;4476,310;4480,324;4485,322;4489,314;4493,314;4498,326;4502,312;4507,310;4511,316;4515,300;4520,314;4524,314;4528,326;4533,312;4537,318;4541,316;4546,316;4550,314;4554,314;4559,312;4563,304;4568,318;4572,316;4576,316;4581,314;4585,308;4589,306;4594,318;4598,304;4602,316;4607,302;4611,308;4615,306;4620,306;4624,318;4628,318;4633,318;4637,308;4642,322;4646,306;4650,320;4655,306;4659,298;4663,310;4668,310;4672,310;4676,308;4681,308;4685,312;4689,312;4694,310;4698,324;4703,308;4707,300;4711,312;4716,298;4720,312;4724,296;4729,308;4733,314;4737,328;4742,312;4746,324;4750,310;4755,322;4759,314;4763,298;4768,312;4772,312;4777,324;4781,316;4785,330;4790,314;4794,328;4798,312;4803,326;4807,318;4811,302;4816,316;4820,302;4824,314;4829,300;4833,334;4837,318;4842,332;4846,316;4851,330;4855,308;4859,308;4864,306;4868,306;4872,318;4877,304;4881,324;4885,310;4890,322;4894,308;4898,320;4903,320;4907,312;4911,310;4916,296;4920,308;4925,308;4929,326;4933,312;4938,324;4942,324;4946,322;4951,308;4955,312;4959,326;4964,310;4968,310;4972,294;4977,308;4981,314;4985,312;4990,298;4994,324;4999,308;5003,314;5007,314;5012,312;5016,312;5020,298;5025,310;5029,316;5033,316;5038,300;5042,314;5046,312;5051,312;5055,318;5059,318;5064,316;5068,302;5073,314;5077,306;5081,306;5086,304;5090,318;5094,302;5099,316;5103,308;5107,308;5112,308;5116,292;5120,304;5125,304;5129,324;5134,322;5138,322;5142,322;5147,320;5151,312;5155,298;5160,324;5164,310;5168,322;5173,308;5177,328;5181,312;5186,326;5190,312;5195,324;5199,316;5203,300;5208,314;5212,300;5216,312;5221,312;5225,332;5229,302;5234,316;5238,300;5242,328;5247,314;5251,320;5255,318;5260,318;5264,316;5269,302;5273,302;5277,322;5282,320;5286,306;5290,320;5295,304;5299,324;5303,322;5308,308;5312,322;5316,306;5321,306;5325,326;5329,326;5334,310;5338,324;5343,310;5347,314;5351,314;5356,300;5360,312;5364,298;5369,310;5373,304;5377,316;5382,300;5386,314;5390,314;5395,314;5399,318;5403,304;5408,316;5412,302;5417,300;5421,320;5425,320;5430,306;5434,318;5438,316;5443,316;5447,306;5451,306;5456,304;5460,290;5464,304;5469,302;5473,308;5477,306;5482,320;5486,306;5491,318;5495,308;5499,308;5504,308;5508,306;5512,318;5517,304;5521,310;5525,308;5530,308;5534,306;5538,320;5543,318;5547,310;5551,322;5556,308;5560,320;5565,306;5569,324;5573,310;5578,322;5582,308;5586,322;5591,320;5595,312;5599,310;5604,294;5608,308;5612,306;5617,320;5621,312;5625,326;5630,310;5634,324;5639,308;5643,316;5647,314;5652,314;5656,312;5660,312;5665,310;5669,316;5673,316;5678,302;5682,314;5686,312;5691,312;5695,318;5700,318;5704,316;5708,302;5713,314;5717,320;5721,320;5726,304;5730,318;5734,304;5739,318;5743,322;5747,308;5752,308;5756,292;5760,304;5765,310;5769,324;5774,308;5778,322;5782,306;5787,320;5791,312;5795,310;5800,324;5804,308;5808,308;5813,292;5817,326;5821,312;5826,326;5830,310;5834,310;5839,314;5843,300;5848,314;5852,312;5856,312;5861,310;5865,302;5869,302;5874,314;5878,314;5882,298;5887,298;5891,304;5895,302;5900,302;5904,316;5908,314;5913,312;5917,318;5922,318;5926,316;5930,316;5935,316;5939,306;5943,306;5948,290;5952,304;5956,304;5961,316;5965,308;5969,322;5974,320;5978,320;5983,306;5987,310;5991,310;5996,294;6000,308;6004,308;6009,308;6013,312;6017,326;6022,310;6026,310;6030,294;6035,286;6039,272;6043,270;6048,270;6052,284;6057,282;6061,288;6065,300;6070,286;6074,286;6078,286;6083,284;6087,276;6091,274;6096,274;6100,274;6104,272;6109,292;6113,292;6117,290;6122,290;6126,288;6131,274;6135,280;6139,266;6144,278;6148,278;6152,278;6157,248;6161,298;6165,282;6170,296;6174,280;6178,280;6183,286;6187,258;6192,284;6196,284;6200,284;6205,284;6209,274;6213,274;6218,244;6222,286;6226,286;6231,278;6235,290;6239,276;6244,276;6248,274;6252,258;6257,294;6261,280;6266,278;6270,278;6274,262;6279,262;6283,282;6287,280;6292,266;6296,264;6300,278;6305,270;6309,282;6313,296;6318,282;6322,280;6326,278;6331,286;6335,284;6340,268;6344,270;6348,282;6353,280;6357,286;6361,286;6366,284;6370,284;6374,284;6379,276;6383,288;6387,288;6392,288;6396,286;6400,286;6405,278;6409,304;6414,290;6418,290;6422,288;6427,272;6431,278;6435,278;6440,290;6444,288;6448,274;6453,280;6457,294;6461,278;6466,278;6470,278;6474,290;6479,282;6483,280;6488,280;6492,264;6496,276;6501,276;6505,282;6509,280;6514,266;6518,280;6522,294;6527,270;6531,256;6535,284;6540,268;6544,282;6548,280;6553,258;6557,270;6562,270;6566,282;6570,282;6575,266;6579,286;6583,284;6588,284;6592,284;6596,282;\r\nBuffer sent in 0.972 secondsreturn;buffer;964\r\n'), 10:50:24
bytearray(b'received from UR: measure -> measure (0,1)\r\nSTEPPER: Moving to mstep: 6600 with speed [msteps/sec]: 1000 in StealthChop.\r\n'), 10:50:25
bytearray(b'STEPPER: Moving to mstep: 2400 with speed [msteps/sec]: 4000 in SpreadCycle.\r\n'), 10:50:30
bytearray(b'STEPPER: Moved 4200.00 msteps (ramp: 35%) in 1324.892 ms -> average speed [msteps/sec]: 3170.07\r\nreturn;measure;965\r\n'), 10:50:31
bytearray(b'received from UR: buffer -> buffer (0,1)\r\nSending buffer of size 965data;2400,304;2404,450;2408,160;2413,274;2417,316;2421,324;2426,336;2430,322;2434,336;2439,320;2443,328;2447,326;2452,312;2456,324;2460,324;2465,338;2469,316;2474,330;2478,316;2482,328;2487,328;2491,334;2495,318;2500,318;2504,330;2508,316;2513,330;2517,322;2521,320;2526,318;2530,332;2534,318;2539,332;2543,324;2548,310;2552,336;2556,322;2561,336;2565,328;2569,328;2574,326;2578,340;2582,326;2587,340;2591,330;2595,316;2600,328;2604,314;2608,328;2613,312;2617,332;2622,318;2626,332;2630,316;2635,330;2639,322;2643,320;2648,334;2652,320;2656,332;2661,318;2665,326;2669,324;2674,324;2678,322;2682,336;2687,334;2691,314;2696,312;2700,310;2704,324;2709,324;2713,330;2717,328;2722,328;2726,328;2730,328;2735,326;2739,332;2743,330;2748,316;2752,328;2756,314;2761,340;2765,318;2770,332;2774,316;2778,330;2783,328;2787,320;2791,320;2796,318;2800,332;2804,318;2809,344;2813,322;2817,336;2822,320;2826,334;2831,318;2835,332;2839,324;2844,322;2848,322;2852,320;2857,334;2861,312;2865,324;2870,324;2874,336;2878,322;2883,334;2887,326;2891,326;2896,324;2900,322;2905,336;2909,314;2913,326;2918,324;2922,326;2926,324;2931,336;2935,328;2939,314;2944,328;2948,312;2952,340;2957,326;2961,330;2965,316;2970,330;2974,328;2979,342;2983,326;2987,318;2992,330;2996,316;3000,342;3005,328;3009,320;3013,318;3018,332;3022,318;3026,330;3031,316;3035,320;3039,322;3044,320;3048,332;3053,332;3057,324;3061,322;3066,336;3070,322;3074,334;3079,320;3083,312;3087,324;3092,324;3096,336;3100,322;3105,320;3109,326;3113,326;3118,324;3122,324;3127,322;3131,314;3135,328;3140,314;3144,328;3148,312;3153,326;3157,318;3161,332;3166,330;3170,344;3174,328;3179,330;3183,334;3187,320;3192,332;3196,318;3201,332;3205,322;3209,336;3214,322;3218,336;3222,318;3227,334;3231,326;3235,312;3240,324;3244,324;3248,336;3253,324;3257,328;3261,314;3266,342;3270,326;3275,326;3279,318;3283,318;3288,332;3292,316;3296,330;3301,328;3305,322;3309,320;3314,334;3318,332;3322,332;3327,318;3331,310;3335,336;3340,322;3344,334;3349,320;3353,326;3357,324;3362,326;3366,324;3370,336;3375,322;3379,300;3383,326;3388,312;3392,326;3396,326;3401,324;3405,316;3410,330;3414,316;3418,328;3423,326;3427,334;3431,318;3436,318;3440,330;3444,316;3449,330;3453,322;3457,322;3462,320;3466,334;3470,318;3475,330;3479,322;3484,322;3488,322;3492,320;3497,334;3501,326;3505,324;3510,324;3514,324;3518,324;3523,336;3527,328;3531,314;3536,328;3540,314;3545,328;3549,320;3553,332;3558,318;3562,332;3566,330;3571,332;3575,322;3579,306;3584,336;3588,320;3592,334;3597,318;3601,338;3605,324;3610,338;3614,322;3619,336;3623,320;3627,312;3632,326;3636,326;3640,338;3645,324;3649,330;3653,316;3658,344;3662,316;3666,328;3671,314;3675,320;3679,334;3684,318;3688,332;3693,332;3697,330;3701,322;3706,336;3710,322;3714,336;3719,320;3723,312;3727,326;3732,312;3736,324;3740,308;3745,324;3749,316;3753,328;3758,328;3762,328;3767,326;3771,318;3775,332;3780,316;3784,330;3788,316;3793,330;3797,320;3801,334;3806,320;3810,334;3814,318;3819,332;3823,324;3827,322;3832,336;3836,336;3841,322;3845,314;3849,340;3854,326;3858,326;3862,310;3867,322;3871,330;3875,314;3880,342;3884,328;3888,326;3893,312;3897,330;3901,330;3906,330;3910,328;3915,328;3919,326;3923,318;3928,332;3932,318;3936,330;3941,314;3945,334;3949,320;3954,334;3958,318;3962,332;3967,316;3971,322;3975,336;3980,320;3984,320;3989,318;3993,332;3997,324;4002,338;4006,322;4010,336;4015,320;4019,312;4023,326;4028,324;4032,324;4036,322;4041,320;4045,312;4050,340;4054,324;4058,338;4063,322;4067,314;4071,326;4076,326;4080,326;4084,324;4089,322;4093,314;4097,328;4102,326;4106,326;4110,324;4115,322;4119,328;4124,314;4128,340;4132,324;4137,324;4141,330;4145,330;4150,328;4154,328;4158,326;4163,326;4167,330;4171,316;4176,328;4180,328;4184,340;4189,312;4193,332;4198,316;4202,330;4206,314;4211,328;4215,334;4219,318;4224,332;4228,318;4232,330;4237,316;4241,336;4245,320;4250,334;4254,318;4258,332;4263,316;4267,322;4272,336;4276,320;4280,320;4285,318;4289,324;4293,322;4298,322;4302,320;4306,334;4311,318;4315,310;4319,338;4324,322;4328,322;4332,306;4337,334;4341,324;4346,324;4350,322;4354,322;4359,320;4363,312;4367,326;4372,310;4376,324;4380,308;4385,322;4389,328;4393,342;4398,326;4402,340;4406,310;4411,300;4415,328;4420,312;4424,326;4428,324;4433,310;4437,314;4441,326;4446,312;4450,326;4454,310;4459,324;4463,314;4467,314;4472,326;4476,312;4480,310;4485,318;4489,328;4494,314;4498,328;4502,312;4507,312;4511,316;4515,316;4520,314;4524,312;4528,312;4533,296;4537,330;4541,316;4546,330;4550,314;4554,314;4559,312;4563,304;4568,316;4572,300;4576,314;4581,298;4585,318;4589,302;4594,316;4598,302;4602,314;4607,298;4611,304;4615,318;4620,302;4624,314;4629,300;4633,320;4637,304;4642,318;4646,316;4650,330;4655,314;4659,306;4663,304;4668,304;4672,316;4676,300;4681,300;4685,306;4690,304;4694,302;4698,316;4703,314;4707,306;4711,318;4716,304;4720,316;4724,302;4729,314;4733,320;4737,320;4742,304;4746,318;4750,316;4755,308;4759,320;4764,306;4768,320;4772,304;4777,330;4781,308;4785,322;4790,306;4794,320;4798,304;4803,318;4807,322;4811,306;4816,320;4820,306;4824,320;4829,310;4833,324;4838,308;4842,322;4846,306;4851,320;4855,310;4859,310;4864,322;4868,308;4872,322;4877,320;4881,312;4885,310;4890,324;4894,310;4898,310;4903,308;4907,314;4912,314;4916,312;4920,326;4925,310;4929,316;4933,314;4938,314;4942,314;4946,314;4951,312;4955,290;4959,316;4964,300;4968,314;4972,312;4977,312;4981,304;4986,318;4990,314;4994,330;4999,314;5003,306;5007,304;5012,290;5016,316;5020,302;5025,314;5029,320;5033,318;5038,318;5042,318;5046,316;5051,294;5055,306;5060,306;5064,304;5068,304;5073,304;5077,308;5081,308;5086,306;5090,320;5094,304;5099,318;5103,308;5107,294;5112,320;5116,306;5121,318;5125,296;5129,310;5134,308;5138,322;5142,306;5147,320;5151,310;5155,296;5160,322;5164,306;5168,320;5173,304;5177,324;5181,308;5186,322;5190,306;5195,320;5199,312;5203,308;5208,322;5212,306;5216,304;5221,304;5225,324;5229,310;5234,336;5238,320;5242,336;5247,320;5251,298;5256,312;5260,310;5264,310;5269,308;5273,328;5277,314;5282,326;5286,310;5290,324;5295,324;5299,314;5303,312;5308,298;5312,310;5316,310;5321,322;5325,314;5330,314;5334,312;5338,326;5343,310;5347,316;5351,314;5356,300;5360,314;5364,312;5369,326;5373,304;5377,318;5382,302;5386,316;5390,314;5395,306;5399,318;5404,304;5408,316;5412,302;5417,316;5421,306;5425,318;5430,304;5434,318;5438,302;5443,316;5447,308;5451,306;5456,304;5460,290;5464,302;5469,302;5473,322;5478,308;5482,320;5486,318;5491,318;5495,310;5499,308;5504,308;5508,306;5512,306;5517,304;5521,312;5525,310;5530,322;5534,306;5538,320;5543,306;5547,296;5552,310;5556,294;5560,322;5565,306;5569,328;5573,312;5578,324;5582,310;5586,324;5591,308;5595,300;5599,314;5604,298;5608,310;5612,296;5617,310;5621,316;5626,328;5630,314;5634,326;5639,310;5643,304;5647,316;5652,316;5656,314;5660,314;5665,312;5669,304;5673,318;5678,302;5682,316;5686,314;5691,306;5695,320;5700,318;5704,318;5708,302;5713,316;5717,322;5721,322;5726,320;5730,320;5734,318;5739,318;5743,322;5747,306;5752,320;5756,306;5761,320;5765,310;5769,310;5774,296;5778,308;5782,306;5787,320;5791,312;5795,298;5800,310;5804,294;5808,322;5813,308;5817,314;5821,312;5826,312;5830,310;5835,322;5839,314;5843,314;5848,312;5852,296;5856,310;5861,296;5865,316;5869,314;5874,314;5878,312;5882,310;5887,310;5891,302;5895,314;5900,300;5904,300;5909,298;5913,304;5917,304;5922,316;5926,302;5930,314;5935,300;5939,304;5943,318;5948,302;5952,316;5956,300;5961,314;5965,306;5969,320;5974,318;5978,330;5983,314;5987,306;5991,306;5996,292;6000,318;6004,304;6009,318;6013,294;6017,308;6022,306;6026,306;6030,290;6035,282;6039,280;6043,280;6048,278;6052,278;6057,278;6061,284;6065,282;6070,282;6074,294;6078,280;6083,280;6087,284;6091,284;6096,282;6100,282;6104,280;6109,272;6113,272;6117,286;6122,284;6126,282;6131,254;6135,288;6139,274;6144,286;6148,272;6152,270;6157,270;6161,290;6165,276;6170,260;6174,288;6178,302;6183,280;6187,264;6192,278;6196,260;6200,290;6205,290;6209,282;6213,280;6218,280;6222,278;6226,278;6231,292;6235,268;6239,268;6244,268;6248,266;6252,266;6257,286;6261,284;6266,284;6270,268;6274,268;6279,280;6283,286;6287,286;6292,272;6296,270;6300,268;6305,274;6309,288;6313,286;6318,286;6322,286;6326,284;6331,262;6335,274;6340,274;6344,286;6348,272;6353,286;6357,292;6361,292;6366,290;6370,276;6374,274;6379,266;6383,278;6387,278;6392,276;6396,276;6400,274;6405,280;6409,280;6414,278;6418,292;6422,290;6427,290;6431,268;6435,266;6440,266;6444,264;6448,278;6453,284;6457,284;6461,268;6466,268;6470,266;6475,280;6479,272;6483,270;6488,270;6492,268;6496,282;6501,266;6505,286;6509,286;6514,286;6518,284;6522,282;6527,274;6531,258;6535,272;6540,256;6544,270;6549,268;6553,276;6557,274;6562,258;6566,286;6570,286;6575,284;6579,262;6583,274;6588,258;6592,272;6596,256;\r\nBuffer sent in 0.973 secondsreturn;buffer;965\r\n'), 10:50:33
bytearray(b'received from UR: measure -> measure (0,1)\r\nSTEPPER: Moving to mstep: 6600 with speed [msteps/sec]: 1000 in StealthChop.\r\n'), 10:50:34
bytearray(b'STEPPER: Moving to mstep: 2400 with speed [msteps/sec]: 4000 in SpreadCycle.\r\n'), 10:50:38
bytearray(b'STEPPER: Moved 4200.00 msteps (ramp: 35%) in 1324.888 ms -> average speed [msteps/sec]: 3170.08\r\nreturn;measure;965\r\n'), 10:50:39
bytearray(b'received from UR: buffer -> buffer (0,1)\r\nSending buffer of size 965data;2400,304;2404,466;2408,134;2413,276;2417,318;2421,324;2426,338;2430,322;2434,336;2439,320;2443,312;2447,324;2452,324;2456,336;2460,320;2465,334;2469,326;2474,338;2478,322;2482,336;2487,322;2491,312;2495,324;2500,310;2504,322;2508,322;2513,334;2517,324;2521,324;2526,336;2530,336;2534,320;2539,334;2543,324;2548,310;2552,322;2556,308;2561,320;2565,324;2569,338;2574,322;2578,334;2582,320;2587,334;2591,324;2595,310;2600,324;2604,306;2608,320;2613,306;2617,338;2622,324;2626,336;2630,320;2635,320;2639,326;2643,324;2648,338;2652,336;2656,320;2661,320;2665,326;2669,324;2674,324;2678,322;2682,322;2687,320;2691,314;2696,326;2700,310;2704,322;2709,308;2713,322;2717,326;2722,328;2726,326;2730,338;2735,324;2739,314;2743,328;2748,312;2752,326;2756,312;2761,338;2765,316;2770,330;2774,316;2778,330;2783,314;2787,320;2791,332;2796,318;2800,332;2804,316;2809,344;2813,320;2817,334;2822,318;2826,334;2830,316;2835,332;2839,322;2844,320;2848,334;2852,318;2857,332;2861,312;2865,324;2870,322;2874,336;2878,334;2883,334;2887,324;2891,324;2896,322;2900,322;2905,336;2909,334;2913,326;2918,324;2922,338;2926,324;2931,336;2935,328;2939,312;2944,326;2948,312;2952,338;2957,308;2961,328;2965,314;2970,340;2974,324;2979,338;2983,310;2987,314;2992,328;2996,312;3000,340;3005,324;3009,330;3013,316;3018,328;3022,328;3026,326;3031,312;3035,316;3039,330;3044,314;3048,328;3053,312;3057,324;3061,316;3066,330;3070,328;3074,328;3079,326;3083,318;3087,330;3092,330;3096,328;3100,314;3105,312;3109,318;3113,330;3118,330;3122,328;3127,328;3131,304;3135,332;3140,316;3144,330;3148,316;3153,328;3157,320;3161,332;3166,316;3170,330;3174,328;3179,342;3183,332;3187,318;3192,330;3196,314;3201,328;3205,320;3209,332;3214,316;3218,344;3222,328;3227,342;3231,334;3235,332;3240,318;3244,316;3248,328;3253,314;3257,334;3261,318;3266,332;3270,316;3275,330;3279,320;3283,320;3288,332;3292,316;3296,316;3301,316;3305,334;3309,334;3314,332;3318,332;3322,330;3327,330;3331,306;3335,320;3340,318;3344,332;3349,316;3353,342;3357,320;3362,320;3366,318;3370,332;3375,330;3379,322;3383,320;3388,318;3392,332;3396,316;3401,344;3405,322;3410,320;3414,320;3418,332;3423,318;3427,324;3431,322;3436,320;3440,334;3444,320;3449,332;3453,310;3457,324;3462,322;3466,336;3470,320;3475,332;3479,324;3484,322;3488,336;3492,322;3497,334;3501,326;3505,324;3510,322;3514,336;3518,322;3523,334;3527,326;3531,310;3536,324;3540,310;3544,336;3549,320;3553,326;3558,326;3562,338;3566,324;3571,336;3575,328;3579,312;3584,324;3588,310;3592,324;3597,322;3601,342;3605,326;3610,340;3614,324;3618,336;3623,322;3627,326;3632,326;3636,310;3640,322;3645,322;3649,342;3653,312;3658,340;3662,326;3666,338;3671,322;3675,328;3679,328;3684,326;3688,312;3693,310;3697,324;3701,328;3706,328;3710,314;3714,326;3719,324;3723,316;3727,328;3732,314;3736,326;3740,312;3745,324;3749,316;3753,330;3758,328;3762,326;3767,326;3771,316;3775,330;3780,314;3784,328;3788,298;3793,326;3797,318;3801,344;3806,328;3810,342;3814,326;3819,338;3823,330;3827,314;3832,328;3836,312;3841,326;3845,316;3849,330;3854,314;3858,326;3862,312;3867,324;3871,330;3875,314;3880,328;3884,312;3888,324;3893,310;3897,330;3901,328;3906,328;3910,326;3915,326;3919,324;3923,314;3928,328;3932,312;3936,326;3941,310;3945,330;3949,328;3954,328;3958,326;3962,340;3967,324;3971,316;3975,330;3980,314;3984,340;3989,312;3993,338;3997,330;4002,342;4006,326;4010,340;4015,324;4019,316;4023,330;4028,316;4032,328;4036,314;4041,312;4045,318;4049,332;4054,316;4058,330;4063,314;4067,318;4071,332;4076,318;4080,330;4084,316;4089,328;4093,320;4097,334;4102,318;4106,332;4110,330;4115,308;4119,322;4124,308;4128,320;4132,306;4137,332;4141,324;4145,338;4150,322;4154,336;4158,320;4163,334;4167,326;4171,324;4176,324;4180,308;4184,322;4189,320;4193,328;4198,326;4202,338;4206,322;4211,336;4215,328;4219,312;4224,326;4228,324;4232,324;4237,322;4241,328;4245,314;4250,338;4254,324;4258,324;4263,322;4267,314;4272,326;4276,312;4280,324;4285,324;4289,316;4293,314;4298,328;4302,326;4306,326;4311,312;4315,316;4319,328;4324,314;4328,326;4332,312;4337,324;4341,316;4346,330;4350,328;4354,328;4359,326;4363,316;4367,330;4372,316;4376,342;4380,328;4385,326;4389,318;4393,332;4398,316;4402,328;4406,314;4411,304;4415,318;4420,316;4424,328;4428,328;4433,312;4437,318;4441,332;4446,316;4450,328;4454,314;4459,326;4463,318;4467,316;4472,316;4476,316;4480,314;4485,314;4489,320;4494,318;4498,318;4502,316;4507,316;4511,320;4515,306;4520,318;4524,304;4528,316;4533,302;4537,322;4541,306;4546,320;4550,318;4555,318;4559,308;4563,294;4568,306;4572,304;4576,318;4581,302;4585,310;4589,306;4594,308;4598,306;4602,320;4607,304;4611,310;4615,308;4620,306;4624,320;4629,304;4633,310;4637,296;4642,308;4646,306;4650,320;4655,304;4659,310;4663,308;4668,294;4672,320;4676,304;4681,318;4685,308;4690,308;4694,306;4698,318;4703,304;4707,308;4711,308;4716,306;4720,320;4724,304;4729,318;4733,308;4737,308;4742,306;4746,320;4750,318;4755,318;4759,308;4764,294;4768,320;4772,306;4777,318;4781,310;4785,324;4790,322;4794,322;4798,306;4803,332;4807,324;4811,308;4816,308;4820,306;4824,318;4829,304;4833,324;4838,308;4842,320;4846,306;4851,332;4855,324;4859,320;4864,308;4868,306;4872,318;4877,318;4881,310;4885,308;4890,308;4894,318;4898,318;4903,316;4907,322;4912,308;4916,306;4920,320;4925,304;4929,310;4933,308;4938,308;4942,306;4946,320;4951,306;4955,310;4959,310;4964,308;4968,322;4972,306;4977,320;4981,312;4986,324;4990,310;4994,322;4999,308;5003,298;5007,312;5012,296;5016,310;5020,296;5025,308;5029,314;5033,314;5038,312;5042,326;5046,310;5051,302;5055,300;5060,300;5064,312;5068,312;5073,310;5077,302;5081,316;5086,314;5090,300;5094,298;5099,310;5103,316;5107,314;5112,314;5116,298;5121,312;5125,316;5129,316;5134,314;5138,314;5142,312;5147,314;5151,318;5155,302;5160,316;5164,300;5168,314;5173,312;5177,318;5181,304;5186,330;5190,314;5195,316;5199,318;5203,318;5208,318;5212,302;5216,316;5221,314;5225,320;5229,304;5234,320;5238,304;5242,316;5247,302;5251,306;5255,320;5260,304;5264,316;5269,304;5273,322;5277,308;5282,320;5286,320;5290,318;5295,302;5299,308;5303,322;5308,306;5312,320;5316,304;5321,318;5325,310;5329,322;5334,322;5338,320;5343,318;5347,296;5351,310;5356,294;5360,308;5364,306;5369,304;5373,310;5377,322;5382,306;5386,320;5390,306;5395,296;5399,308;5404,294;5408,308;5412,306;5417,304;5421,310;5425,322;5430,308;5434,322;5438,306;5443,320;5447,310;5451,296;5456,310;5460,308;5464,322;5469,300;5473,312;5478,310;5482,310;5486,308;5491,322;5495,300;5499,298;5504,312;5508,310;5512,324;5517,308;5521,314;5525,314;5530,312;5534,312;5538,310;5543,308;5547,300;5552,328;5556,298;5560,310;5565,296;5569,330;5573,314;5578,328;5582,312;5586,326;5591,310;5595,314;5599,328;5604,300;5608,312;5612,312;5617,324;5621,302;5626,330;5630,312;5634,326;5639,312;5643,304;5647,316;5652,302;5656,314;5660,300;5665,312;5669,304;5673,318;5678,302;5682,316;5687,314;5691,306;5695,318;5700,318;5704,316;5708,302;5713,316;5717,308;5721,320;5726,320;5730,318;5734,316;5739,318;5743,322;5747,306;5752,306;5756,304;5761,318;5765,310;5769,310;5774,308;5778,308;5782,306;5787,320;5791,312;5795,296;5800,308;5804,294;5808,320;5813,306;5817,310;5821,296;5826,308;5830,308;5835,320;5839,312;5843,308;5848,310;5852,294;5856,308;5861,292;5865,326;5869,310;5874,310;5878,308;5882,308;5887,306;5891,298;5895,312;5900,296;5904,308;5909,294;5913,314;5917,312;5922,312;5926,310;5930,324;5935,308;5939,300;5943,314;5948,298;5952,326;5956,310;5961,324;5965,300;5970,314;5974,314;5978,326;5983,310;5987,316;5991,316;5996,300;6000,314;6004,312;6009,326;6013,302;6017,316;6022,300;6026,300;6030,296;6035,274;6039,286;6044,272;6048,284;6052,270;6057,282;6061,288;6065,288;6070,286;6074,286;6078,298;6083,276;6087,274;6091,274;6096,272;6100,272;6104,270;6109,290;6113,290;6118,288;6122,288;6126,286;6131,300;6135,276;6139,262;6144,272;6148,260;6152,272;6157,270;6161,290;6165,276;6170,274;6174,286;6179,286;6183,278;6187,276;6192,290;6196,288;6200,288;6205,286;6209,278;6213,276;6218,290;6222,288;6226,288;6231,280;6235,264;6239,276;6244,262;6248,288;6253,288;6257,278;6261,278;6266,264;6270,276;6274,290;6279,274;6283,266;6287,280;6292,278;6296,278;6300,276;6305,268;6309,266;6313,280;6318,278;6322,264;6327,276;6331,268;6335,294;6340,264;6344,278;6348,264;6353,276;6357,282;6361,294;6366,280;6370,278;6374,278;6379,282;6383,282;6387,282;6392,280;6396,278;6401,276;6405,284;6409,296;6414,280;6418,280;6422,278;6427,292;6431,282;6435,282;6440,280;6444,264;6448,278;6453,284;6457,282;6461,280;6466,280;6470,292;6475,276;6479,282;6483,282;6488,278;6492,292;6496,276;6501,276;6505,280;6509,294;6514,292;6518,290;6522,276;6527,280;6531,264;6535,264;6540,262;6544,262;6549,260;6553,280;6557,278;6562,264;6566,276;6570,290;6575,290;6579,266;6583,280;6588,264;6592,264;6596,248;\r\nBuffer sent in 0.973 secondsreturn;buffer;965\r\n'), 10:50:41
bytearray(b'received from UR: measure -> measure (0,1)\r\nSTEPPER: Moving to mstep: 6600 with speed [msteps/sec]: 1000 in StealthChop.\r\n'), 10:50:43
bytearray(b'STEPPER: Moving to mstep: 2400 with speed [msteps/sec]: 4000 in SpreadCycle.\r\n'), 10:50:47
bytearray(b'STEPPER: Moved 4200.00 msteps (ramp: 35%) in 1324.888 ms -> average speed [msteps/sec]: 3170.08\r\nreturn;measure;965\r\n'), 10:50:48
bytearray(b'received from UR: buffer -> buffer (0,1)\r\nSending buffer of size 965data;2400,298;2404,464;2408,146;2413,276;2417,316;2421,322;2426,336;2430,320;2434,334;2439,318;2443,324;2447,322;2452,322;2456,322;2460,320;2465,334;2469,326;2474,338;2478,324;2482,336;2487,322;2491,314;2495,326;2500,312;2504,324;2508,310;2513,336;2517,328;2521,328;2526,326;2530,326;2534,324;2539,336;2543,328;2548,314;2552,326;2556,312;2561,326;2565,330;2569,330;2574,328;2578,342;2582,326;2587,342;2591,332;2595,316;2600,330;2604,314;2608,328;2613,312;2617,332;2622,316;2626,330;2630,316;2635,330;2639,334;2643,318;2648,332;2652,316;2656,330;2661,314;2665,334;2669,320;2674,332;2678,318;2682,330;2687,328;2691,306;2696,334;2700,318;2704,332;2709,316;2713,336;2717,334;2722,334;2726,320;2730,332;2735,330;2739,308;2743,336;2748,306;2752,334;2756,304;2761,332;2765,324;2770,336;2774,320;2778,346;2783,318;2787,308;2791,336;2796,306;2800,332;2804,304;2809,330;2813,322;2817,336;2822,320;2826,346;2831,330;2835,308;2839,322;2844,320;2848,332;2852,318;2857,330;2861,320;2865,334;2870,318;2874,344;2878,330;2883,330;2887,334;2891,318;2896,330;2900,314;2905,328;2909,320;2913,332;2918,316;2922,330;2926,316;2931,328;2935,332;2939,304;2944,330;2948,314;2952,328;2957,312;2961,332;2965,330;2970,330;2974,328;2979,342;2983,326;2987,304;2992,332;2996,316;3000,330;3005,300;3009,334;3013,318;3018,332;3022,316;3026,342;3031,328;3035,306;3039,318;3044,316;3048,330;3053,314;3057,328;3061,320;3066,332;3070,316;3074,330;3079,328;3083,306;3087,332;3092,316;3096,330;3100,314;3105,328;3109,332;3113,332;3118,318;3122,330;3127,328;3131,306;3135,332;3140,316;3144,330;3148,302;3153,328;3157,332;3161,332;3166,316;3170,344;3174,328;3179,342;3183,332;3187,318;3192,332;3196,300;3201,328;3205,320;3209,346;3214,318;3218,346;3222,330;3227,344;3231,320;3235,318;3240,332;3244,316;3248,330;3253,316;3257,336;3261,320;3266,332;3270,318;3275,330;3279,322;3283,320;3288,334;3292,332;3296,318;3301,316;3305,336;3309,320;3314,334;3318,318;3322,318;3327,316;3331,322;3336,334;3340,306;3344,332;3349,318;3353,336;3357,322;3362,334;3366,320;3370,332;3375,318;3379,308;3383,336;3388,306;3392,332;3396,318;3401,330;3405,322;3410,336;3414,320;3418,334;3423,318;3427,310;3431,336;3436,320;3440,318;3444,318;3449,318;3453,322;3457,336;3462,320;3466,332;3471,316;3475,318;3479,322;3484,320;3488,334;3492,318;3497,332;3501,322;3505,336;3510,320;3514,334;3518,332;3523,332;3527,324;3531,308;3536,336;3540,306;3545,332;3549,318;3553,338;3558,322;3562,336;3566,320;3571,334;3575,326;3579,310;3584,324;3588,308;3592,336;3597,308;3601,340;3605,324;3610,340;3614,324;3619,336;3623,322;3627,312;3632,326;3636,310;3640,324;3645,310;3649,344;3653,328;3658,342;3662,326;3666,338;3671,324;3675,314;3679,328;3684,312;3688,326;3693,324;3697,324;3701,328;3706,340;3710,326;3714,340;3719,324;3723,316;3727,328;3732,312;3736,326;3740,310;3745,324;3749,330;3753,330;3758,328;3762,340;3767,324;3771,316;3775,330;3780,314;3784,326;3788,312;3793,324;3797,316;3801,342;3806,328;3810,340;3814,326;3819,340;3823,330;3827,314;3832,328;3836,314;3841,326;3845,318;3849,346;3854,318;3858,330;3862,328;3867,342;3871,332;3875,304;3880,330;3884,316;3888,328;3893,314;3897,334;3901,332;3906,332;3910,318;3915,330;3919,328;3923,306;3928,334;3932,306;3936,332;3941,302;3945,336;3949,334;3954,334;3958,318;3962,332;3967,330;3971,308;3975,334;3980,320;3984,332;3989,304;3993,332;3997,324;4002,336;4006,320;4010,336;4015,320;4019,310;4023,324;4028,310;4032,322;4036,308;4041,322;4045,326;4050,340;4054,324;4058,338;4063,322;4067,314;4071,328;4076,312;4080,326;4084,310;4089,324;4093,328;4097,328;4102,326;4106,340;4110,324;4115,338;4119,330;4124,314;4128,328;4132,312;4137,326;4141,330;4145,330;4150,328;4154,342;4158,326;4163,340;4167,330;4171,316;4176,328;4180,314;4184,326;4189,312;4193,332;4198,316;4202,342;4206,326;4211,340;4215,330;4219,316;4224,328;4228,314;4232,326;4237,312;4241,344;4245,316;4250,342;4254,326;4258,340;4263,324;4267,316;4272,328;4276,312;4280,326;4285,310;4289,330;4293,328;4298,328;4302,326;4306,340;4311,324;4315,314;4319,326;4324,298;4328,326;4332,310;4337,324;4341,328;4346,342;4350,326;4354,340;4359,324;4363,314;4367,328;4372,312;4376,326;4380,312;4385,324;4389,316;4393,342;4398,326;4402,340;4406,310;4411,302;4415,314;4420,298;4424,312;4428,310;4433,308;4437,314;4441,328;4446,312;4450,324;4454,310;4459,336;4463,314;4467,298;4472,312;4476,310;4480,310;4485,314;4489,328;4494,312;4498,326;4502,310;4507,322;4511,314;4515,300;4520,314;4524,310;4528,324;4533,296;4537,330;4541,314;4546,326;4550,312;4555,324;4559,316;4563,300;4568,314;4572,298;4576,312;4581,296;4585,332;4589,316;4594,328;4598,314;4602,326;4607,312;4611,302;4615,316;4620,300;4624,314;4629,298;4633,310;4637,316;4642,316;4646,314;4650,328;4655,312;4659,302;4663,302;4668,300;4672,314;4676,298;4681,312;4685,318;4690,314;4694,316;4698,314;4703,314;4707,290;4711,318;4716,302;4720,316;4724,300;4729,314;4733,320;4737,320;4742,318;4746,330;4750,316;4755,294;4759,320;4764,306;4768,318;4772,302;4777,316;4781,322;4785,334;4790,318;4794,332;4798,318;4803,332;4807,322;4811,306;4816,320;4820,304;4824,318;4829,302;4833,336;4838,308;4842,334;4846,318;4851,332;4855,310;4859,308;4864,320;4868,306;4872,318;4877,306;4881,324;4885,310;4890,322;4894,320;4898,320;4903,318;4907,310;4912,308;4916,294;4920,322;4925,306;4929,326;4933,312;4938,324;4942,324;4946,324;4951,322;4955,300;4959,312;4964,298;4968,310;4972,296;4977,308;4981,314;4986,328;4990,312;4994,326;4999,310;5003,302;5007,314;5012,300;5016,312;5020,298;5025,310;5029,316;5033,330;5038,314;5042,328;5046,312;5051,304;5055,302;5060,302;5064,314;5068,300;5073,312;5077,306;5081,318;5086,316;5090,314;5094,314;5099,314;5103,318;5107,318;5112,302;5116,302;5121,314;5125,306;5129,318;5134,318;5138,318;5142,316;5147,316;5151,320;5155,304;5160,318;5164,302;5168,316;5173,300;5177,322;5181,318;5186,332;5190,318;5195,330;5199,320;5203,306;5208,320;5212,304;5216,316;5221,302;5225,324;5229,320;5234,334;5238,318;5242,332;5247,316;5251,308;5255,308;5260,306;5264,318;5269,304;5273,324;5277,308;5282,320;5286,320;5290,320;5295,316;5299,308;5303,308;5308,306;5312,318;5316,304;5321,316;5325,310;5330,322;5334,320;5338,320;5343,318;5347,296;5351,310;5356,294;5360,320;5364,306;5369,318;5373,310;5377,324;5382,308;5386,320;5390,306;5395,298;5399,312;5404,296;5408,308;5412,294;5417,306;5421,312;5425,324;5430,310;5434,322;5438,308;5443,322;5447,312;5451,296;5456,310;5460,294;5464,308;5469,294;5473,314;5478,312;5482,312;5486,310;5491,324;5495,300;5499,300;5504,312;5508,298;5512,310;5517,296;5521,330;5525,314;5530,314;5534,312;5538,326;5543,310;5547,288;5552,314;5556,300;5560,312;5565,296;5569,332;5573,316;5578,328;5582,314;5586,326;5591,312;5595,302;5599,316;5604,300;5608,314;5613,298;5617,312;5621,318;5626,330;5630,316;5634,328;5639,314;5643,304;5647,318;5652,304;5656,316;5660,300;5665,314;5669,320;5673,316;5678,318;5682,332;5687,316;5691,294;5695,308;5700,306;5704,306;5708,304;5713,318;5717,310;5721,322;5726,322;5730,320;5734,320;5739,298;5743,310;5747,296;5752,308;5756,294;5761,320;5765,312;5769,326;5774,310;5778,324;5782,308;5787,322;5791,314;5795,298;5800,312;5804,296;5808,310;5813,294;5817,328;5821,314;5826,328;5830,312;5835,326;5839,304;5843,302;5848,302;5852,300;5856,314;5861,298;5865,318;5869,304;5874,318;5878,316;5882,316;5887,316;5891,294;5895,306;5900,292;5904,304;5909,304;5913,324;5917,310;5922,322;5926,322;5930,320;5935,320;5939,298;5943,310;5948,296;5952,308;5956,294;5961,320;5965,312;5970,326;5974,310;5978,324;5983,310;5987,300;5991,314;5996,300;6000,312;6004,298;6009,310;6013,304;6017,330;6022,302;6026,300;6030,298;6035,276;6039,274;6044,258;6048,288;6052,286;6057,286;6061,276;6065,262;6070,288;6074,288;6078,286;6083,288;6087,278;6091,276;6096,276;6100,260;6104,288;6109,280;6113,292;6118,278;6122,262;6126,274;6131,246;6135,294;6139,278;6144,276;6148,276;6152,276;6157,282;6161,280;6165,292;6170,292;6174,290;6179,290;6183,296;6187,280;6192,292;6196,292;6200,290;6205,290;6209,294;6213,278;6218,250;6222,278;6226,290;6231,282;6235,294;6239,280;6244,292;6248,290;6253,276;6257,282;6261,266;6266,250;6270,278;6274,278;6279,276;6283,282;6287,280;6292,278;6296,278;6300,276;6305,284;6309,282;6313,280;6318,280;6322,278;6327,290;6331,282;6335,280;6340,280;6344,292;6348,262;6353,288;6357,280;6361,294;6366,278;6370,292;6374,276;6379,280;6383,294;6387,294;6392,292;6396,262;6401,290;6405,280;6409,280;6414,278;6418,264;6422,276;6427,268;6431,268;6435,266;6440,264;6444,276;6448,262;6453,282;6457,282;6461,280;6466,264;6470,264;6475,262;6479,282;6483,282;6488,280;6492,280;6496,278;6501,292;6505,284;6509,282;6514,280;6518,280;6522,266;6527,270;6531,254;6535,282;6540,280;6544,280;6549,278;6553,270;6557,282;6562,268;6566,280;6570,280;6575,270;6579,256;6583,284;6588,270;6592,282;6596,280;\r\nBuffer sent in 0.973 secondsreturn;buffer;965\r\n'), 10:50:50
bytearray(b'received from UR: measure -> measure (0,1)\r\nSTEPPER: Moving to mstep: 6600 with speed [msteps/sec]: 1000 in StealthChop.\r\n'), 10:50:51
bytearray(b'STEPPER: Moving to mstep: 2400 with speed [msteps/sec]: 4000 in SpreadCycle.\r\n'), 10:50:55
bytearray(b'STEPPER: Moved 4200.00 msteps (ramp: 35%) in 1324.888 ms -> average speed [msteps/sec]: 3170.08\r\nreturn;measure;965\r\n'), 10:50:57
bytearray(b'received from UR: buffer -> buffer (0,1)\r\nSending buffer of size 965data;2400,298;2404,456;2408,168;2413,268;2417,322;2421,328;2426,342;2430,326;2434,340;2439,324;2443,316;2447,330;2452,328;2456,326;2460,312;2465,310;2469,316;2474,330;2478,328;2482,326;2487,326;2491,330;2495,330;2500,316;2504,314;2508,312;2513,340;2517,316;2521,330;2526,328;2530,328;2534,326;2539,324;2543,330;2548,328;2552,328;2556,312;2561,324;2565,326;2569,342;2574,328;2578,326;2582,324;2587,338;2591,330;2595,314;2600,314;2604,298;2609,324;2613,324;2617,344;2622,328;2626,328;2630,326;2635,340;2639,330;2643,316;2648,328;2652,328;2656,326;2661,324;2665,330;2669,330;2674,328;2678,326;2683,326;2687,324;2691,330;2696,330;2700,316;2704,328;2709,328;2713,334;2717,332;2722,332;2726,316;2730,330;2735,328;2739,320;2743,332;2748,304;2752,318;2757,316;2761,330;2765,334;2770,334;2774,320;2778,332;2783,318;2787,322;2791,322;2796,306;2800,318;2804,304;2809,316;2813,322;2817,336;2822,320;2826,334;2831,318;2835,332;2839,322;2844,322;2848,320;2852,306;2857,318;2861,324;2865,338;2870,336;2874,336;2878,322;2883,334;2887,338;2891,336;2896,322;2900,320;2905,334;2909,332;2913,324;2918,322;2922,336;2926,334;2931,334;2935,324;2939,310;2944,336;2948,322;2952,336;2957,318;2961,326;2965,324;2970,338;2974,322;2979,336;2983,328;2987,312;2992,326;2996,310;3000,338;3005,322;3009,328;3013,326;3018,338;3022,324;3026,336;3031,322;3035,312;3039,326;3044,326;3048,322;3053,322;3057,328;3061,312;3066,324;3070,324;3074,336;3079,324;3083,312;3087,312;3092,310;3096,324;3100,322;3105,322;3109,326;3114,326;3118,326;3122,336;3127,322;3131,312;3135,340;3140,324;3144,338;3148,322;3153,336;3157,326;3161,326;3166,324;3170,336;3174,322;3179,336;3183,340;3188,310;3192,324;3196,308;3201,336;3205,312;3209,326;3214,324;3218,338;3222,324;3227,336;3231,314;3235,312;3240,324;3244,324;3248,324;3253,322;3257,342;3262,326;3266,340;3270,324;3275,324;3279,328;3283,328;3288,326;3292,324;3296,324;3301,310;3305,330;3309,326;3314,326;3318,324;3322,324;3327,324;3331,314;3336,312;3340,312;3344,340;3349,324;3353,330;3357,316;3362,328;3366,328;3370,326;3375,324;3379,318;3383,330;3388,316;3392,314;3396,312;3401,340;3405,318;3410,332;3414,316;3418,330;3423,314;3427,320;3431,320;3436,318;3440,316;3444,316;3449,314;3453,320;3457,334;3462,318;3466,332;3470,330;3475,308;3479,334;3484,334;3488,332;3492,318;3497,330;3501,336;3505,336;3510,322;3514,334;3518,318;3523,332;3527,324;3531,308;3536,336;3540,320;3545,334;3549,320;3553,326;3558,324;3562,338;3566,322;3571,336;3575,328;3579,312;3584,326;3588,324;3592,324;3597,322;3601,342;3605,326;3610,340;3614,324;3619,338;3623,324;3627,316;3632,328;3636,312;3640,312;3645,312;3649,346;3653,316;3658,330;3662,328;3666,328;3671,326;3675,318;3679,330;3684,328;3688,328;3693,326;3697,332;3701,330;3706,330;3710,328;3714,328;3719,328;3723,318;3727,330;3732,316;3736,328;3740,312;3745,326;3749,318;3754,330;3758,316;3762,328;3767,326;3771,318;3775,332;3780,316;3784,330;3788,316;3793,328;3797,318;3801,332;3806,318;3810,330;3814,316;3819,328;3823,334;3828,320;3832,318;3836,318;3841,330;3845,322;3849,336;3854,320;3858,334;3862,332;3867,332;3871,324;3875,320;3880,322;3884,320;3888,320;3893,316;3897,324;3902,324;3906,336;3910,322;3915,334;3919,326;3923,324;3928,324;3932,308;3936,322;3941,306;3945,340;3949,324;3954,324;3958,322;3962,336;3967,334;3971,312;3976,324;3980,310;3984,336;3989,320;3993,328;3997,326;4002,338;4006,324;4010,336;4015,322;4019,312;4023,326;4028,324;4032,324;4036,322;4041,322;4045,326;4050,340;4054,324;4058,338;4063,324;4067,314;4071,312;4076,312;4080,324;4084,324;4089,322;4093,328;4097,326;4102,324;4106,336;4110,336;4115,312;4119,312;4124,312;4128,338;4132,324;4137,336;4141,326;4145,326;4150,324;4154,322;4158,322;4163,334;4167,326;4171,324;4176,324;4180,322;4185,320;4189,318;4193,338;4198,322;4202,336;4206,322;4211,334;4215,326;4219,324;4224,324;4228,322;4232,322;4237,320;4241,326;4245,324;4250,338;4254,322;4259,334;4263,326;4267,310;4272,322;4276,322;4280,322;4285,320;4289,324;4293,324;4298,324;4302,322;4306,320;4311,320;4315,324;4319,322;4324,308;4328,322;4333,306;4337,332;4341,324;4346,324;4350,322;4354,336;4359,334;4363,312;4367,324;4372,310;4376,336;4380,322;4385,322;4389,326;4394,338;4398,310;4402,322;4407,320;4411,312;4415,310;4420,310;4424,308;4428,308;4433,306;4437,312;4441,326;4446,310;4450,322;4454,308;4459,298;4463,310;4468,310;4472,322;4476,320;4481,320;4485,310;4489,324;4494,322;4498,320;4502,318;4507,318;4511,308;4515,308;4520,320;4524,306;4528,318;4533,302;4537,322;4542,306;4546,320;4550,304;4555,316;4559,308;4563,308;4568,320;4572,304;4576,316;4581,316;4585,322;4589,320;4594,320;4598,318;4602,316;4607,314;4611,306;4616,304;4620,304;4624,316;4629,316;4633,320;4637,304;4642,318;4646,304;4650,316;4655,300;4659,306;4663,304;4668,304;4672,316;4676,316;4681,306;4685,306;4690,318;4694,304;4698,316;4703,316;4707,308;4711,306;4716,306;4720,318;4724,290;4729,304;4733,322;4737,322;4742,320;4746,320;4750,318;4755,296;4759,322;4764,322;4768,320;4772,306;4777,318;4781,310;4785,324;4790,322;4794,322;4798,320;4803,320;4807,324;4811,310;4816,308;4820,306;4825,304;4829,310;4833,324;4838,308;4842,322;4846,306;4851,332;4855,324;4859,322;4864,322;4868,306;4872,320;4877,316;4881,310;4885,308;4890,322;4894,320;4899,320;4903,324;4907,324;4912,322;4916,308;4920,320;4925,320;4929,312;4933,310;4938,322;4942,322;4946,320;4951,320;4955,298;4959,324;4964,310;4968,310;4973,308;4977,328;4981,312;4986,324;4990,296;4994,310;4999,308;5003,298;5007,312;5012,310;5016,308;5020,308;5025,306;5029,310;5033,324;5038,308;5042,322;5047,320;5051,310;5055,296;5060,294;5064,294;5068,292;5073,306;5077,310;5081,310;5086,308;5090,306;5094,306;5099,296;5103,310;5107,308;5112,308;5116,306;5121,320;5125,312;5129,310;5134,310;5138,308;5142,308;5147,320;5151,312;5155,296;5160,324;5164,308;5168,320;5173,306;5177,326;5181,310;5186,322;5190,322;5195,322;5199,312;5203,310;5208,310;5212,308;5216,322;5221,308;5225,326;5229,312;5234,326;5238,310;5242,324;5247,302;5251,314;5256,314;5260,312;5264,312;5269,310;5273,316;5277,314;5282,314;5286,312;5290,326;5295,310;5299,316;5303,314;5308,314;5312,312;5316,298;5321,312;5325,316;5330,330;5334,314;5338,314;5343,312;5347,304;5351,318;5356,316;5360,314;5364,314;5369,312;5373,304;5377,316;5382,302;5386,314;5391,314;5395,304;5399,318;5404,318;5408,316;5412,302;5417,314;5421,306;5425,320;5430,318;5434,318;5438,302;5443,316;5447,308;5451,306;5456,306;5460,304;5465,304;5469,310;5473,322;5478,308;5482,306;5486,306;5491,318;5495,296;5499,308;5504,322;5508,308;5512,320;5517,304;5521,310;5525,310;5530,322;5534,322;5539,320;5543,312;5547,298;5552,310;5556,296;5560,308;5565,308;5569,328;5573,312;5578,326;5582,310;5586,324;5591,308;5595,314;5599,314;5604,312;5608,312;5613,310;5617,318;5621,316;5626,316;5630,314;5634,328;5639,312;5643,318;5647,302;5652,316;5656,302;5660,300;5665,298;5669,318;5673,318;5678,316;5682,316;5687,314;5691,306;5695,318;5700,318;5704,316;5708,316;5713,314;5717,320;5721,318;5726,318;5730,316;5734,316;5739,316;5743,320;5747,306;5752,304;5756,302;5761,302;5765,320;5769,320;5774,306;5778,318;5782,302;5787,316;5791,306;5795,306;5800,304;5804,290;5808,302;5813,302;5817,322;5821,306;5826,318;5830,304;5835,316;5839,308;5843,306;5848,292;5852,290;5856,304;5861,302;5865,322;5869,306;5874,306;5878,304;5882,304;5887,304;5891,308;5896,306;5900,306;5904,304;5909,290;5913,322;5917,310;5922,320;5926,306;5930,320;5935,304;5939,310;5943,322;5948,306;5952,306;5956,304;5961,318;5965,308;5970,322;5974,306;5978,320;5983,304;5987,310;5991,322;5996,308;6000,320;6004,292;6009,304;6013,310;6017,324;6022,308;6026,308;6031,292;6035,270;6039,282;6044,282;6048,280;6052,266;6057,278;6061,284;6065,282;6070,282;6074,252;6078,280;6083,286;6087,284;6091,282;6096,282;6100,280;6105,266;6109,284;6113,270;6118,284;6122,296;6126,294;6131,294;6135,284;6139,270;6144,268;6148,268;6152,280;6157,286;6161,284;6165,284;6170,296;6174,282;6179,280;6183,272;6187,270;6192,270;6196,270;6200,282;6205,280;6209,286;6213,284;6218,270;6222,282;6226,296;6231,272;6235,286;6239,270;6244,284;6248,268;6253,268;6257,288;6261,286;6266,272;6270,272;6274,284;6279,284;6283,274;6287,274;6292,258;6296,286;6300,272;6305,278;6309,276;6313,276;6318,274;6322,288;6327,286;6331,278;6335,278;6340,276;6344,276;6348,276;6353,274;6357,280;6361,278;6366,292;6370,292;6374,290;6379,268;6383,280;6387,280;6392,278;6396,264;6401,276;6405,282;6409,282;6414,280;6418,294;6422,280;6427,292;6431,284;6435,282;6440,282;6444,296;6448,280;6453,272;6457,270;6462,270;6466,284;6470,296;6475,294;6479,272;6483,270;6488,256;6492,268;6496,280;6501,266;6505,272;6509,284;6514,284;6518,282;6522,282;6527,286;6531,286;6536,284;6540,270;6544,282;6549,268;6553,272;6557,272;6562,270;6566,270;6570,282;6575,274;6579,272;6583,272;6588,272;6592,270;6596,256;\r\nBuffer sent in 0.973 secondsreturn;buffer;965\r\n'), 10:50:59
bytearray(b'received from UR: measure -> measure (0,1)\r\nSTEPPER: Moving to mstep: 6600 with speed [msteps/sec]: 1000 in StealthChop.\r\n'), 10:51:00
bytearray(b'STEPPER: Moving to mstep: 2400 with speed [msteps/sec]: 4000 in SpreadCycle.\r\n'), 10:51:04
bytearray(b'STEPPER: Moved 4200.00 msteps (ramp: 35%) in 1324.880 ms -> average speed [msteps/sec]: 3170.10\r\nreturn;measure;965\r\n'), 10:51:05
bytearray(b'received from UR: buffer -> buffer (0,1)\r\nSending buffer of size 965data;2400,296;2404,452;2408,164;2413,278;2417,320;2421,326;2426,340;2430,324;2434,338;2439,310;2443,316;2447,330;2452,314;2456,328;2460,314;2465,326;2469,318;2474,332;2478,318;2482,330;2487,316;2491,322;2495,336;2500,320;2504,332;2508,318;2513,332;2517,324;2521,336;2526,322;2530,336;2534,334;2539,332;2543,324;2548,310;2552,336;2556,322;2561,320;2565,326;2569,340;2574,324;2578,338;2582,310;2587,322;2591,328;2595,312;2600,340;2604,326;2608,324;2613,310;2617,330;2622,328;2626,328;2630,314;2635,326;2639,332;2643,316;2648,330;2652,330;2656,328;2661,314;2665,332;2669,332;2674,332;2678,332;2682,330;2687,316;2691,320;2696,336;2700,334;2704,320;2709,318;2713,338;2717,324;2722,338;2726,322;2730,322;2735,320;2739,312;2743,326;2748,310;2752,324;2756,308;2761,322;2765,314;2770,342;2774,326;2778,340;2783,324;2787,316;2791,330;2796,314;2800,342;2804,312;2809,326;2813,318;2817,332;2822,316;2826,330;2830,314;2835,328;2839,334;2844,318;2848,332;2852,330;2857,330;2861,320;2865,334;2870,320;2874,334;2878,318;2883,330;2887,322;2891,322;2896,334;2900,320;2905,332;2909,318;2913,338;2918,324;2922,336;2926,322;2931,336;2935,326;2939,312;2944,326;2948,310;2952,324;2957,310;2961,344;2965,328;2970,342;2974,326;2979,340;2983,324;2987,316;2992,344;2996,328;3000,328;3005,312;3009,332;3013,332;3018,332;3022,330;3026,330;3031,314;3035,320;3039,332;3044,330;3048,316;3053,316;3057,328;3061,320;3066,334;3070,318;3074,332;3079,316;3083,322;3087,334;3092,320;3096,320;3100,318;3105,332;3109,324;3113,336;3118,322;3122,334;3127,320;3131,310;3135,324;3140,310;3144,324;3148,308;3153,322;3157,328;3161,328;3166,326;3170,340;3174,324;3179,338;3183,330;3187,314;3192,328;3196,312;3201,340;3205,318;3209,330;3214,316;3218,342;3222,324;3227,340;3231,332;3235,318;3240,330;3244,330;3248,328;3253,314;3257,334;3261,318;3266,332;3270,316;3275,330;3279,328;3283,320;3288,320;3292,318;3296,332;3301,330;3305,322;3309,320;3314,334;3318,320;3322,332;3327,332;3331,308;3335,336;3340,320;3344,334;3349,320;3353,326;3357,324;3362,338;3366,322;3370,336;3375,320;3379,312;3383,326;3388,310;3392,324;3396,322;3401,336;3405,326;3409,340;3414,324;3418,338;3423,324;3427,314;3431,328;3436,310;3440,326;3444,324;3449,338;3453,316;3457,330;3462,314;3466,328;3470,326;3475,326;3479,318;3484,316;3488,330;3492,316;3497,330;3501,320;3505,320;3510,318;3514,332;3518,318;3523,330;3527,322;3531,308;3536,334;3540,318;3544,334;3549,318;3553,324;3558,322;3562,336;3566,322;3571,334;3575,326;3579,310;3584,324;3588,310;3592,324;3597,308;3601,342;3605,326;3610,340;3614,324;3618,338;3623,324;3627,328;3632,328;3636,312;3640,312;3645,310;3649,332;3653,316;3658,330;3662,314;3666,328;3671,326;3675,318;3679,332;3684,330;3688,330;3693,314;3697,328;3701,320;3706,334;3710,318;3714,318;3719,316;3723,322;3727,336;3732,320;3736,320;3740,306;3745,332;3749,324;3753,336;3758,322;3762,334;3767,320;3771,312;3775,340;3780,310;3784,324;3788,308;3793,334;3797,326;3801,338;3806,310;3810,322;3814,320;3819,334;3823,326;3827,310;3832,322;3836,322;3841,320;3845,312;3849,340;3854,324;3858,338;3862,322;3867,322;3871,326;3875,324;3880,338;3884,324;3888,322;3893,320;3897,326;3901,324;3906,324;3910,322;3915,322;3919,320;3923,312;3928,326;3932,310;3936,322;3941,308;3945,328;3949,326;3954,338;3958,324;3962,336;3967,320;3971,312;3975,338;3980,310;3984,324;3989,308;3993,332;3997,326;4002,340;4006,324;4010,338;4015,322;4019,314;4023,326;4028,326;4032,324;4036,324;4041,310;4045,314;4049,342;4054,326;4058,340;4063,310;4067,316;4071,328;4076,314;4080,326;4084,312;4089,324;4093,330;4097,330;4102,328;4106,328;4110,326;4115,324;4119,332;4124,330;4128,328;4132,314;4137,328;4141,332;4145,332;4150,330;4154,330;4158,314;4163,328;4167,334;4171,332;4176,330;4180,316;4184,328;4189,314;4193,334;4198,318;4202,332;4206,314;4211,330;4215,322;4219,320;4224,334;4228,318;4232,318;4237,330;4241,336;4245,322;4250,334;4254,318;4258,332;4263,318;4267,324;4272,322;4276,322;4280,322;4285,320;4289,326;4293,310;4298,324;4302,322;4306,336;4311,320;4315,312;4319,324;4324,310;4328,324;4332,308;4337,336;4341,326;4346,326;4350,324;4354,338;4359,322;4363,328;4367,326;4372,312;4376,324;4380,310;4385,336;4389,314;4393,328;4398,312;4402,326;4406,312;4411,324;4415,316;4420,316;4424,328;4428,314;4433,326;4437,304;4441,316;4446,316;4450,330;4454,314;4459,328;4463,318;4467,318;4472,318;4476,316;4480,316;4485,314;4489,320;4494,318;4498,318;4502,316;4507,316;4511,322;4515,320;4520,320;4524,304;4528,318;4533,316;4537,322;4541,308;4546,320;4550,318;4554,318;4559,310;4563,310;4568,322;4572,308;4576,306;4581,304;4585,326;4589,310;4594,324;4598,308;4602,322;4607,320;4611,300;4615,324;4620,312;4624,310;4629,308;4633,314;4637,314;4642,314;4646,312;4650,312;4655,310;4659,302;4663,316;4668,314;4672,314;4676,298;4681,312;4685,304;4689,316;4694,314;4698,314;4703,314;4707,292;4711,306;4716,304;4720,318;4724,302;4729,316;4733,322;4737,320;4742,320;4746,318;4750,316;4755,294;4759,322;4763,306;4768,320;4772,306;4777,318;4781,310;4785,324;4790,308;4794,322;4798,320;4803,334;4807,312;4811,310;4816,310;4820,308;4824,308;4829,308;4833,328;4838,312;4842,326;4846,310;4851,324;4855,316;4859,314;4864,314;4868,314;4872,326;4877,326;4881,316;4885,316;4890,316;4894,314;4898,314;4903,314;4907,306;4912,318;4916,304;4920,332;4925,316;4929,308;4933,308;4938,320;4942,318;4946,318;4951,318;4955,296;4959,308;4964,308;4968,320;4972,306;4977,316;4981,310;4986,324;4990,308;4994,308;4999,308;5003,300;5007,312;5012,298;5016,326;5020,310;5025,310;5029,316;5033,330;5038,314;5042,314;5046,312;5051,304;5055,304;5060,302;5064,302;5068,300;5073,314;5077,306;5081,304;5086,304;5090,316;5094,302;5099,302;5103,306;5107,292;5112,304;5116,302;5120,316;5125,308;5129,322;5134,320;5138,320;5142,306;5147,318;5151,322;5155,308;5160,308;5164,306;5168,320;5173,304;5177,324;5181,310;5186,322;5190,308;5194,320;5199,306;5203,310;5208,310;5212,308;5216,308;5221,306;5225,326;5229,312;5234,324;5238,310;5242,324;5247,308;5251,314;5255,312;5260,312;5264,310;5269,310;5273,316;5277,314;5282,314;5286,312;5290,326;5295,310;5299,316;5303,316;5308,314;5312,314;5316,312;5321,326;5325,304;5329,316;5334,316;5338,314;5343,314;5347,306;5351,320;5356,304;5360,318;5364,302;5369,316;5373,306;5377,320;5382,306;5386,318;5390,304;5395,316;5399,322;5404,308;5408,320;5412,306;5417,318;5421,310;5425,310;5430,294;5434,308;5438,306;5443,320;5447,326;5451,312;5456,310;5460,296;5464,308;5469,306;5473,314;5478,312;5482,310;5486,310;5491,308;5495,314;5499,298;5504,312;5508,296;5512,308;5517,308;5521,300;5525,300;5530,312;5534,310;5538,310;5543,308;5547,314;5552,314;5556,312;5560,326;5565,310;5569,316;5573,314;5578,328;5582,312;5586,326;5591,310;5595,302;5599,316;5604,300;5608,314;5612,312;5617,326;5621,316;5626,316;5630,314;5634,328;5639,312;5643,318;5647,316;5652,302;5656,314;5660,314;5665,326;5669,304;5673,318;5678,316;5682,314;5686,312;5691,304;5695,318;5700,302;5704,316;5708,314;5713,314;5717,306;5721,318;5726,316;5730,316;5734,314;5739,312;5743,318;5747,304;5752,316;5756,300;5760,314;5765,306;5769,318;5774,302;5778,316;5782,300;5787,312;5791,318;5795,304;5800,316;5804,316;5808,314;5813,300;5817,318;5821,304;5826,316;5830,302;5835,314;5839,320;5843,304;5848,316;5852,316;5856,302;5861,300;5865,320;5869,304;5874,318;5878,302;5882,316;5887,314;5891,306;5895,304;5900,304;5904,304;5909,302;5913,294;5917,308;5922,306;5926,304;5930,318;5935,304;5939,308;5943,322;5948,306;5952,306;5956,290;5961,318;5965,308;5969,322;5974,308;5978,320;5983,306;5987,296;5991,310;5996,308;6000,308;6004,292;6009,306;6013,312;6017,310;6022,296;6026,308;6030,292;6035,284;6039,284;6044,282;6048,282;6052,282;6057,294;6061,286;6065,284;6070,282;6074,268;6078,282;6083,274;6087,286;6091,272;6096,284;6100,270;6104,270;6109,288;6113,290;6118,288;6122,288;6126,286;6131,272;6135,276;6139,262;6144,288;6148,274;6152,286;6157,280;6161,278;6165,290;6170,290;6174,288;6178,288;6183,294;6187,264;6192,278;6196,278;6200,276;6205,276;6209,296;6213,282;6218,280;6222,280;6226,294;6231,278;6235,284;6239,268;6244,282;6248,266;6252,266;6257,286;6261,284;6266,284;6270,284;6274,268;6279,282;6283,274;6287,274;6292,286;6296,272;6300,284;6305,276;6309,290;6313,288;6318,288;6322,288;6327,286;6331,264;6335,276;6340,262;6344,274;6348,260;6353,272;6357,292;6361,278;6366,290;6370,290;6374,288;6379,266;6383,278;6387,264;6392,276;6396,262;6401,290;6405,280;6409,280;6414,278;6418,278;6422,276;6427,268;6431,282;6435,266;6440,266;6444,250;6448,278;6453,284;6457,268;6461,282;6466,294;6470,280;6475,280;6479,268;6483,268;6488,268;6492,280;6496,280;6501,278;6505,284;6509,284;6514,270;6518,268;6522,282;6527,274;6531,258;6535,286;6540,272;6544,284;6549,282;6553,260;6557,272;6562,272;6566,286;6570,284;6575,284;6579,260;6583,274;6588,258;6592,286;6596,286;\r\nBuffer sent in 0.973 secondsreturn;buffer;965\r\n'), 10:51:07
bytearray(b'received from UR: measure -> measure (0,1)\r\nSTEPPER: Moving to mstep: 6600 with speed [msteps/sec]: 1000 in StealthChop.\r\n'), 10:51:08
bytearray(b'STEPPER: Moving to mstep: 2400 with speed [msteps/sec]: 4000 in SpreadCycle.\r\n'), 10:51:13
bytearray(b'STEPPER: Moved 4200.00 msteps (ramp: 35%) in 1324.892 ms -> average speed [msteps/sec]: 3170.07\r\nreturn;measure;965\r\n'), 10:51:14
bytearray(b'received from UR: buffer -> buffer (0,1)\r\nSending buffer of size 965data;2400,316;2404,462;2408,144;2413,272;2417,328;2421,320;2426,332;2430,318;2434,330;2439,330;2443,320;2447,320;2452,318;2456,332;2460,316;2465,316;2469,322;2474,334;2478,332;2482,332;2487,316;2491,322;2495,334;2500,320;2504,332;2508,332;2513,330;2517,322;2521,334;2526,320;2530,332;2534,332;2539,310;2543,322;2548,322;2552,322;2556,320;2561,332;2565,324;2569,338;2574,322;2578,336;2582,320;2587,334;2591,324;2595,324;2600,324;2604,308;2608,322;2613,320;2617,340;2622,324;2626,338;2630,322;2635,336;2639,328;2643,312;2648,326;2652,310;2656,324;2661,322;2665,328;2669,328;2674,326;2678,324;2682,324;2687,338;2691,314;2696,314;2700,312;2704,326;2709,326;2713,332;2717,330;2722,330;2726,328;2730,326;2735,326;2739,318;2743,332;2748,316;2752,328;2756,328;2761,340;2765,318;2770,332;2774,330;2778,344;2783,328;2787,306;2791,320;2796,320;2800,332;2804,318;2809,332;2813,322;2817,336;2822,320;2826,334;2830,320;2835,310;2839,324;2844,324;2848,322;2852,322;2857,336;2861,314;2865,342;2870,324;2874,338;2878,324;2883,336;2887,328;2891,328;2896,326;2900,326;2905,324;2909,324;2913,344;2918,328;2922,328;2926,326;2931,326;2935,332;2939,318;2944,330;2948,314;2952,314;2957,314;2961,332;2965,318;2970,332;2974,314;2979,330;2983,322;2987,306;2992,318;2996,318;3000,332;3005,318;3009,338;3013,322;3018,336;3022,320;3026,334;3031,318;3035,324;3039,324;3044,310;3048,322;3053,320;3057,328;3061,312;3066,326;3070,324;3074,324;3079,322;3083,314;3087,326;3092,326;3096,326;3100,310;3105,324;3109,328;3114,328;3118,328;3122,328;3127,326;3131,318;3135,330;3140,314;3144,328;3148,328;3153,342;3157,318;3161,332;3166,330;3170,330;3174,316;3179,328;3183,334;3188,316;3192,332;3196,304;3201,330;3205,322;3209,336;3214,320;3218,334;3222,320;3227,334;3231,324;3235,324;3240,336;3244,322;3248,320;3253,320;3257,338;3262,324;3266,338;3270,336;3275,336;3279,326;3283,326;3288,324;3292,324;3296,336;3301,322;3305,328;3309,326;3314,338;3318,324;3322,338;3327,322;3331,314;3336,328;3340,326;3344,340;3349,310;3353,330;3357,330;3362,342;3366,328;3370,328;3375,326;3379,318;3383,330;3388,316;3392,328;3396,328;3401,326;3405,318;3410,332;3414,330;3418,344;3423,314;3427,320;3431,332;3436,318;3440,332;3444,330;3449,330;3453,320;3457,334;3462,318;3466,332;3470,316;3475,330;3479,334;3484,320;3488,320;3492,318;3497,332;3501,322;3505,322;3510,320;3514,334;3518,318;3523,332;3527,338;3531,308;3536,320;3540,320;3544,332;3549,318;3553,338;3558,322;3562,334;3566,320;3571,332;3575,338;3579,308;3584,336;3588,320;3592,332;3597,318;3601,338;3605,322;3610,334;3614,318;3618,332;3623,330;3627,308;3632,320;3636,320;3640,332;3645,316;3649,336;3653,322;3658,334;3662,320;3666,332;3671,318;3675,322;3679,322;3684,320;3688,320;3693,318;3697,332;3701,322;3706,324;3710,320;3714,334;3719,332;3723,324;3727,336;3732,308;3736,334;3740,320;3745,334;3749,324;3753,338;3758,322;3762,336;3767,320;3771,310;3775,324;3780,324;3784,322;3788,322;3793,334;3797,312;3801,338;3806,324;3810,338;3814,322;3819,336;3823,328;3827,312;3832,326;3836,324;3841,338;3845,314;3849,328;3854,328;3858,326;3862,312;3867,326;3871,330;3875,316;3880,314;3884,314;3888,326;3893,326;3897,332;3901,316;3906,330;3910,328;3915,328;3919,326;3923,318;3928,330;3932,314;3936,328;3941,314;3945,334;3949,318;3954,332;3958,328;3962,344;3967,328;3971,306;3975,320;3980,318;3984,332;3989,316;3993,330;3997,322;4002,334;4006,320;4010,334;4015,318;4019,322;4023,336;4028,320;4032,320;4036,318;4041,332;4045,322;4049,336;4054,322;4058,334;4063,320;4067,324;4071,324;4076,322;4080,336;4084,320;4089,332;4093,324;4097,324;4102,322;4106,336;4110,320;4115,334;4119,326;4123,310;4128,324;4132,324;4137,336;4141,314;4145,328;4150,326;4154,326;4158,324;4163,338;4167,328;4171,326;4176,342;4180,312;4184,326;4189,324;4193,344;4198,316;4202,330;4206,328;4211,340;4215,320;4219,318;4224,330;4228,316;4232,328;4237,328;4241,334;4245,318;4250,332;4254,318;4258,332;4263,330;4267,306;4272,320;4276,318;4280,318;4285,316;4289,336;4293,322;4298,334;4302,320;4306,332;4311,332;4315,322;4319,336;4324,308;4328,318;4333,318;4337,318;4341,324;4346,336;4350,320;4354,334;4359,318;4363,324;4367,338;4372,308;4376,336;4380,320;4385,334;4389,326;4393,324;4398,324;4402,324;4407,308;4411,314;4415,326;4420,310;4424,324;4428,308;4433,322;4437,314;4441,326;4446,312;4450,324;4454,310;4459,324;4463,316;4467,316;4472,314;4476,284;4481,312;4485,318;4489,316;4494,316;4498,314;4502,314;4507,328;4511,304;4515,304;4520,316;4524,316;4528,314;4533,314;4537,320;4541,318;4546,318;4550,316;4555,316;4559,308;4563,306;4568,304;4572,304;4576,304;4581,302;4585,322;4589,306;4594,320;4598,304;4602,318;4607,304;4611,308;4615,308;4620,306;4624,320;4629,304;4633,304;4637,310;4642,322;4646,306;4650,320;4655,304;4659,310;4663,308;4668,306;4672,306;4676,304;4681,304;4685,310;4689,310;4694,308;4698,308;4703,306;4707,298;4711,312;4716,310;4720,324;4724,296;4729,320;4733,314;4737,314;4742,312;4746,326;4750,310;4755,302;4759,328;4764,300;4768,314;4772,314;4777,326;4781,304;4785,332;4790,316;4794,314;4798,312;4803,326;4807,318;4811,318;4816,316;4820,314;4824,328;4829,306;4833,332;4838,316;4842,330;4846,314;4851,328;4855,306;4859,304;4864,304;4868,316;4872,316;4877,300;4881,320;4885,320;4890,318;4894,318;4898,316;4903,314;4907,320;4912,306;4916,304;4920,318;4925,318;4929,324;4933,308;4938,322;4942,318;4946,320;4951,306;4955,310;4959,310;4964,308;4968,308;4973,306;4977,312;4981,312;4986,324;4990,310;4994,324;4999,308;5003,314;5007,300;5012,312;5016,310;5020,296;5025,308;5029,314;5033,314;5038,312;5042,312;5047,310;5051,302;5055,302;5060,302;5064,314;5068,298;5073,312;5077,304;5081,302;5086,302;5090,314;5094,314;5099,312;5103,318;5107,302;5112,302;5116,302;5121,314;5125,306;5129,318;5134,304;5138,316;5142,316;5147,316;5151,320;5155,306;5160,304;5164,304;5168,318;5173,316;5177,306;5181,308;5186,320;5190,306;5195,318;5199,318;5203,308;5208,322;5212,308;5216,320;5221,306;5225,326;5229,310;5234,324;5238,308;5242,322;5247,306;5251,312;5255,310;5260,310;5264,322;5269,308;5273,306;5277,312;5282,326;5286,310;5290,310;5295,308;5299,314;5303,312;5308,312;5312,312;5316,310;5321,310;5325,316;5329,314;5334,314;5338,326;5343,312;5347,302;5351,302;5356,314;5360,314;5364,312;5369,326;5373,302;5377,316;5382,314;5386,314;5390,312;5395,304;5399,318;5404,302;5408,314;5412,314;5417,298;5421,304;5425,318;5430,302;5434,316;5438,300;5443,328;5447,306;5451,304;5456,318;5460,302;5464,302;5469,306;5473,320;5478,304;5482,318;5486,304;5491,316;5495,308;5499,306;5504,306;5508,306;5512,304;5517,302;5521,308;5525,306;5530,320;5534,306;5538,318;5543,310;5547,310;5552,322;5556,308;5560,320;5565,306;5569,326;5573,310;5578,324;5582,308;5586,322;5591,306;5595,312;5599,324;5604,310;5608,322;5612,308;5617,320;5621,312;5626,324;5630,310;5634,322;5639,308;5643,312;5647,312;5652,310;5656,324;5660,308;5665,308;5669,314;5673,326;5678,310;5682,310;5686,310;5691,314;5695,312;5700,312;5704,312;5708,310;5713,320;5717,314;5721,314;5726,312;5730,312;5734,310;5739,324;5743,314;5747,298;5752,312;5756,298;5760,310;5765,316;5769,316;5774,314;5778,314;5782,312;5787,312;5791,318;5795,302;5800,302;5804,314;5808,314;5813,312;5817,318;5821,304;5826,316;5830,316;5835,316;5839,306;5843,306;5848,318;5852,304;5856,302;5861,302;5865,320;5869,306;5874,304;5878,302;5882,316;5887,314;5891,306;5895,306;5900,304;5904,304;5909,302;5913,322;5917,306;5922,306;5926,304;5930,318;5935,316;5939,308;5943,320;5948,306;5952,318;5956,302;5961,316;5965,308;5970,320;5974,306;5978,318;5983,304;5987,296;5991,308;5996,306;6000,306;6004,292;6009,304;6013,310;6017,322;6022,306;6026,292;6030,290;6035,282;6039,282;6044,280;6048,280;6052,280;6057,278;6061,284;6065,298;6070,296;6074,294;6078,294;6083,280;6087,286;6091,284;6096,284;6100,282;6104,282;6109,288;6113,286;6118,286;6122,284;6126,284;6131,298;6135,274;6139,274;6144,286;6148,284;6152,286;6157,284;6161,288;6165,288;6170,288;6174,272;6178,286;6183,278;6187,276;6192,288;6196,288;6200,288;6205,288;6209,278;6213,278;6218,248;6222,276;6226,290;6231,266;6235,280;6239,264;6244,278;6248,262;6252,274;6257,294;6261,280;6266,278;6270,278;6274,248;6279,276;6283,282;6287,280;6292,266;6296,278;6300,264;6305,262;6309,282;6313,294;6318,292;6322,278;6326,290;6331,268;6335,266;6340,266;6344,278;6348,264;6353,276;6357,282;6361,294;6366,280;6370,292;6374,292;6379,268;6383,268;6387,266;6392,266;6396,266;6400,264;6405,284;6409,296;6414,282;6418,280;6422,280;6427,292;6431,270;6435,268;6440,268;6444,266;6448,264;6453,270;6457,240;6461,270;6466,280;6470,280;6475,278;6479,270;6483,284;6488,268;6492,266;6496,264;6501,264;6505,284;6509,282;6514,240;6518,280;6522,280;6527,284;6531,270;6535,284;6540,282;6544,266;6549,266;6553,286;6557,284;6562,282;6566,282;6570,294;6575,272;6579,270;6583,270;6588,268;6592,268;6596,266;\r\nBuffer sent in 0.973 secondsreturn;buffer;965\r\n'), 10:51:16
bytearray(b'received from UR: measure -> measure (0,1)\r\nSTEPPER: Moving to mstep: 6600 with speed [msteps/sec]: 1000 in StealthChop.\r\n'), 10:51:17
bytearray(b'STEPPER: Moving to mstep: 2400 with speed [msteps/sec]: 4000 in SpreadCycle.\r\n'), 10:51:21
bytearray(b'STEPPER: Moved 4200.00 msteps (ramp: 35%) in 1324.880 ms -> average speed [msteps/sec]: 3170.10\r\nreturn;measure;965\r\n'), 10:51:22
bytearray(b'received from UR: buffer -> buffer (0,1)\r\nSending buffer of size 965data;2400,294;2404,464;2408,144;2413,274;2417,316;2421,322;2426,336;2430,322;2434,336;2439,320;2443,312;2447,324;2452,310;2456,324;2460,310;2465,322;2469,328;2474,342;2478,326;2482,340;2487,326;2491,318;2495,318;2500,316;2504,316;2508,314;2513,328;2517,320;2521,334;2526,318;2530,318;2534,316;2539,330;2543,334;2548,320;2552,320;2556,318;2561,332;2565,324;2569,336;2574,322;2578,334;2582,320;2587,334;2591,324;2595,324;2600,324;2604,308;2608,322;2613,306;2617,340;2622,326;2626,338;2630,324;2635,338;2639,330;2643,314;2648,342;2652,326;2656,326;2661,324;2665,330;2669,330;2674,328;2678,328;2682,328;2687,326;2691,316;2696,332;2700,330;2704,328;2709,314;2713,334;2717,318;2722,332;2726,332;2730,330;2735,316;2739,322;2743,336;2748,320;2752,320;2756,318;2761,332;2765,324;2770,338;2774,322;2778,336;2783,320;2787,312;2791,326;2796,310;2800,324;2804,310;2809,336;2813,314;2817,328;2822,326;2826,340;2831,324;2835,338;2839,328;2844,314;2848,328;2852,314;2857,340;2861,316;2865,330;2870,316;2874,330;2878,328;2883,328;2887,332;2891,318;2896,332;2900,316;2905,330;2909,322;2913,320;2918,320;2922,334;2926,318;2931,332;2935,324;2939,322;2944,336;2948,320;2952,334;2957,318;2961,324;2965,322;2970,336;2974,322;2979,334;2983,326;2987,312;2992,324;2996,310;3000,336;3005,322;3009,326;3013,326;3018,340;3022,324;3026,338;3031,322;3035,314;3039,326;3044,312;3048,326;3053,312;3057,324;3061,316;3066,328;3070,328;3074,326;3079,326;3083,316;3087,330;3092,316;3096,330;3100,328;3105,328;3109,318;3113,332;3118,332;3122,332;3127,330;3131,308;3135,320;3140,304;3144,332;3148,318;3153,346;3157,322;3161,322;3166,320;3170,334;3174,318;3179,332;3183,322;3187,308;3192,334;3196,320;3201,334;3205,310;3209,324;3214,322;3218,336;3222,320;3227,334;3231,324;3235,310;3240,322;3244,322;3248,334;3253,332;3257,324;3262,324;3266,336;3270,322;3275,334;3279,326;3283,324;3288,324;3292,322;3296,336;3301,336;3305,326;3309,326;3314,326;3318,324;3322,324;3327,322;3331,314;3336,328;3340,312;3344,340;3349,310;3353,330;3357,316;3362,328;3366,326;3370,340;3375,326;3379,318;3383,330;3388,316;3392,328;3396,314;3401,328;3405,318;3410,332;3414,316;3418,344;3423,328;3427,320;3431,320;3436,320;3440,334;3444,318;3449,330;3453,322;3457,322;3462,320;3466,334;3471,318;3475,310;3479,324;3484,308;3488,322;3492,320;3497,334;3501,312;3505,324;3510,324;3514,336;3518,322;3523,336;3527,326;3531,298;3536,324;3540,310;3545,324;3549,322;3553,342;3558,326;3562,340;3566,324;3571,338;3575,330;3579,314;3584,328;3588,298;3592,326;3597,310;3601,344;3605,328;3610,342;3614,328;3619,342;3623,326;3627,318;3632,330;3636,330;3640,330;3645,314;3649,334;3653,318;3658,332;3662,316;3666,330;3671,316;3675,320;3679,334;3684,332;3688,318;3693,316;3697,330;3701,322;3706,334;3710,320;3714,334;3719,332;3723,310;3727,324;3732,322;3736,334;3740,320;3745,318;3749,324;3753,324;3758,322;3762,336;3767,320;3771,312;3775,326;3780,312;3784,338;3788,324;3793,322;3797,314;3801,328;3806,326;3810,328;3814,312;3819,324;3823,326;3827,314;3832,328;3836,312;3841,326;3845,316;3849,330;3854,316;3858,328;3862,314;3867,326;3871,332;3875,318;3880,332;3884,330;3888,328;3893,314;3897,334;3901,318;3906,332;3910,316;3915,316;3919,322;3923,320;3928,334;3932,306;3936,318;3941,304;3945,338;3949,322;3954,336;3958,320;3962,334;3967,318;3971,310;3976,324;3980,324;3984,336;3989,308;3993,320;3997,314;4002,340;4006,324;4010,338;4015,310;4019,316;4023,328;4028,314;4032,328;4036,326;4041,326;4045,318;4050,332;4054,316;4058,330;4063,314;4067,320;4071,334;4076,320;4080,332;4084,318;4089,330;4093,322;4097,336;4102,320;4106,334;4110,320;4115,312;4119,324;4124,324;4128,336;4132,322;4137,320;4141,326;4145,324;4150,324;4154,324;4158,322;4163,322;4167,326;4171,312;4176,338;4180,324;4184,324;4189,310;4193,328;4198,328;4202,342;4206,326;4211,328;4215,332;4219,316;4224,330;4228,330;4232,328;4237,314;4241,334;4245,318;4250,332;4254,316;4258,330;4263,316;4267,322;4272,334;4276,334;4280,320;4285,318;4289,324;4293,324;4298,324;4302,322;4306,322;4311,320;4315,314;4319,340;4324,326;4328,324;4332,310;4337,324;4341,316;4346,328;4350,314;4354,328;4359,326;4363,318;4367,334;4372,332;4376,330;4380,314;4385,330;4389,322;4393,336;4398,320;4402,334;4407,318;4411,310;4415,324;4420,310;4424,324;4428,306;4433,306;4437,312;4441,326;4446,310;4450,338;4454,310;4459,324;4463,314;4467,300;4472,314;4476,312;4481,326;4485,304;4489,316;4494,316;4498,316;4502,314;4507,328;4511,306;4515,304;4520,318;4524,316;4528,316;4533,302;4537,320;4542,320;4546,318;4550,304;4555,318;4559,322;4563,308;4568,322;4572,320;4576,306;4581,304;4585,324;4589,310;4594,308;4598,308;4602,306;4607,306;4611,310;4616,324;4620,322;4624,306;4629,306;4633,326;4637,310;4642,310;4646,294;4650,308;4655,306;4659,312;4663,312;4668,312;4672,310;4676,308;4681,308;4685,314;4690,312;4694,312;4698,312;4703,310;4707,302;4711,302;4716,300;4720,312;4724,298;4729,312;4733,318;4737,318;4742,316;4746,330;4750,314;4755,306;4759,320;4764,304;4768,318;4772,304;4777,330;4781,308;4785,322;4790,306;4794,320;4798,306;4803,318;4807,322;4811,310;4816,322;4820,308;4824,322;4829,322;4833,314;4838,312;4842,326;4846,310;4851,324;4855,316;4859,314;4864,314;4868,312;4872,326;4877,312;4881,316;4885,316;4890,316;4894,314;4898,314;4903,312;4907,304;4912,318;4916,316;4920,330;4925,314;4929,320;4933,306;4938,318;4942,318;4946,316;4951,316;4955,294;4959,320;4964,306;4968,320;4973,304;4977,304;4981,308;4986,322;4990,308;4994,322;4999,320;5003,296;5007,310;5012,296;5016,310;5020,308;5025,320;5029,312;5033,326;5038,310;5042,324;5047,308;5051,314;5055,314;5060,298;5064,312;5068,310;5073,324;5077,302;5081,300;5086,314;5090,312;5094,312;5099,310;5103,302;5107,300;5112,314;5116,300;5121,314;5125,318;5129,318;5134,316;5138,316;5142,314;5147,328;5151,320;5155,304;5160,318;5164,304;5168,316;5173,302;5177,336;5182,306;5186,320;5190,304;5195,318;5199,322;5203,308;5208,322;5212,306;5216,320;5221,304;5225,324;5229,322;5234,308;5238,306;5242,320;5247,318;5251,310;5256,322;5260,322;5264,306;5269,306;5273,326;5277,324;5282,324;5286,308;5290,322;5295,306;5299,312;5303,324;5308,310;5312,322;5316,308;5321,306;5325,312;5330,326;5334,310;5338,324;5343,308;5347,300;5351,312;5356,312;5360,324;5364,306;5369,308;5373,312;5377,312;5382,310;5386,324;5390,308;5395,308;5399,314;5404,298;5408,312;5412,312;5417,324;5421,302;5425,316;5430,314;5434,314;5438,312;5443,312;5447,304;5451,302;5456,316;5460,300;5464,314;5469,304;5473,304;5478,304;5482,304;5486,316;5491,316;5495,306;5499,292;5504,306;5508,304;5512,318;5517,316;5521,308;5525,306;5530,320;5534,306;5538,318;5543,310;5547,308;5552,322;5556,308;5560,320;5565,306;5569,326;5573,310;5578,324;5582,308;5586,322;5591,306;5595,312;5599,312;5604,296;5608,322;5613,308;5617,314;5621,298;5626,312;5630,310;5634,324;5639,310;5643,314;5647,314;5652,312;5656,312;5660,312;5665,324;5669,302;5673,316;5678,314;5682,314;5687,312;5691,318;5695,316;5700,316;5704,314;5708,314;5713,314;5717,304;5721,318;5726,316;5730,328;5734,312;5739,326;5743,316;5747,302;5752,316;5756,300;5761,312;5765,316;5769,318;5774,314;5778,328;5782,312;5787,326;5791,302;5795,300;5800,314;5804,300;5808,312;5813,298;5817,316;5821,302;5826,314;5830,314;5835,312;5839,304;5843,302;5848,316;5852,302;5856,314;5861,298;5865,318;5869,304;5874,302;5878,302;5882,314;5887,314;5891,306;5895,318;5900,304;5904,316;5909,302;5913,308;5917,306;5922,306;5926,304;5930,318;5935,316;5939,294;5943,306;5948,292;5952,318;5956,304;5961,316;5965,308;5969,320;5974,306;5978,320;5983,304;5987,310;5991,308;5996,306;6000,320;6004,304;6009,318;6013,310;6017,308;6022,294;6026,306;6030,292;6035,282;6039,282;6044,280;6048,278;6052,280;6057,278;6061,298;6065,296;6070,296;6074,294;6078,294;6083,256;6087,270;6091,270;6096,282;6100,268;6104,280;6109,286;6113,284;6118,284;6122,296;6126,282;6131,282;6135,286;6139,286;6144,284;6148,268;6152,282;6157,268;6161,286;6165,286;6170,256;6174,284;6178,296;6183,288;6187,286;6192,286;6196,284;6200,284;6205,282;6209,276;6213,288;6218,300;6222,284;6226,284;6231,276;6235,290;6239,274;6244,274;6248,272;6253,272;6257,290;6261,290;6266,288;6270,288;6274,272;6279,286;6283,276;6287,276;6292,274;6296,274;6300,272;6305,278;6309,276;6313,276;6318,288;6322,288;6327,286;6331,264;6335,276;6340,262;6344,274;6348,258;6353,288;6357,292;6361,292;6366,290;6370,276;6374,288;6379,266;6383,278;6387,264;6392,276;6396,276;6401,288;6405,280;6409,294;6414,292;6418,292;6422,290;6427,268;6431,266;6435,266;6440,280;6444,278;6448,278;6453,268;6457,268;6461,268;6466,280;6470,294;6475,292;6479,270;6483,268;6488,268;6492,254;6496,280;6501,280;6505,272;6509,270;6514,270;6518,268;6522,282;6527,274;6531,258;6535,270;6540,256;6544,270;6549,254;6553,288;6557,288;6562,286;6566,286;6570,270;6575,284;6579,274;6583,274;6588,288;6592,272;6596,284;\r\nBuffer sent in 0.973 secondsreturn;buffer;965\r\n'), 10:51:24
bytearray(b'received from UR: home -> home (0,1)\r\nSTEPPER: Moving to mstep: 0 with speed [msteps/sec]: 4000 in SpreadCycle.\r\n'), 10:51:26
bytearray(b'STEPPER: Moved 2400.00 msteps (ramp: 35%) in 813.424 ms -> average speed [msteps/sec]: 2950.49\r\nreturn;home;1\r\n'), 10:51:26
