bytearray(b'STEPPER: Moving to mstep: 2400 with speed [msteps/sec]: 4000 in SpreadCycle.\r\n'), 10:47:55
bytearray(b'STEPPER: Moved 2400.00 msteps (ramp: 35%) in 812.836 ms -> average speed [msteps/sec]: 2952.63\r\n'), 10:47:56
bytearray(b'received from UR: status -> status (0,1)\r\n*** STATUS ***\r\nid        :         3 -\r\nstep      :      2400 steps\r\nspeed     :      1500 msteps/s\r\nmspeed    :      1000 msteps/s\r\nsg-thrs   :        80 -\r\ndefault   :     12000 \xc2\xb5m\r\ndispense  :     30350 \xc2\xb5m\r\nblowout   :     33000 \xc2\xb5m\r\nd-offset  :        20 \xc2\xb5m\r\nur0       :         0 -\r\nur1       :         1 -\r\nhomed     :         1 -\r\nreturn;status;2400\r\n'), 10:47:58
bytearray(b'received from UR: measure -> measure (0,1)\r\nSTEPPER: Moving to mstep: 6600 with speed [msteps/sec]: 1000 in StealthChop.\r\n'), 10:47:59
bytearray(b'STEPPER: Moving to mstep: 2400 with speed [msteps/sec]: 4000 in SpreadCycle.\r\n'), 10:48:03
bytearray(b'STEPPER: Moved 4200.00 msteps (ramp: 35%) in 1324.888 ms -> average speed [msteps/sec]: 3170.08\r\nreturn;measure;964\r\n'), 10:48:05
bytearray(b'received from UR: buffer -> buffer (0,1)\r\nSending buffer of size 964data;2400,126;2404,468;2408,194;2413,294;2417,328;2421,328;2426,340;2430,326;2434,338;2439,324;2443,316;2447,330;2452,330;2456,328;2460,328;2465,328;2469,320;2474,334;2478,332;2482,332;2487,316;2491,324;2495,322;2500,322;2504,336;2508,322;2513,322;2517,326;2521,326;2526,326;2530,338;2534,324;2539,336;2543,330;2548,314;2552,328;2556,312;2561,326;2565,332;2569,332;2574,316;2578,330;2582,330;2587,344;2591,320;2595,320;2600,332;2604,304;2608,318;2613,318;2617,338;2622,322;2626,336;2630,320;2635,334;2639,326;2643,324;2648,324;2652,308;2656,322;2661,322;2665,328;2669,326;2674,326;2678,324;2682,324;2687,322;2691,314;2696,326;2700,312;2704,326;2709,310;2713,330;2717,316;2722,328;2726,326;2730,324;2735,324;2739,316;2743,316;2748,314;2752,328;2756,314;2761,326;2765,316;2770,330;2774,328;2778,342;2783,312;2787,318;2791,332;2796,316;2800,344;2804,314;2809,328;2813,318;2817,332;2822,330;2826,344;2830,328;2835,342;2839,318;2844,330;2848,330;2852,328;2857,328;2861,320;2865,332;2870,318;2874,346;2878,330;2883,330;2887,322;2891,320;2896,318;2900,318;2905,330;2909,322;2913,336;2918,334;2922,334;2926,318;2931,332;2935,324;2939,322;2944,336;2948,320;2952,332;2957,318;2961,338;2965,336;2970,336;2974,320;2979,334;2983,326;2987,310;2992,338;2996,322;3000,336;3005,320;3009,340;3013,324;3018,338;3022,322;3026,336;3031,320;3035,312;3039,312;3044,310;3048,324;3053,322;3057,322;3061,328;3066,326;3070,312;3074,324;3079,324;3083,316;3087,328;3092,314;3096,326;3100,326;3105,326;3109,316;3113,330;3118,328;3122,326;3127,326;3131,318;3135,316;3140,316;3144,328;3148,328;3153,340;3157,318;3161,332;3166,316;3170,330;3174,330;3179,330;3183,334;3187,306;3192,320;3196,304;3201,332;3205,324;3209,322;3218,336;3222,320;3227,334;3231,326;3235,324;3240,324;3244,324;3248,322;3253,308;3257,328;3261,326;3266,328;3270,312;3274,338;3279,322;3283,316;3288,328;3292,312;3296,326;3301,326;3305,332;3309,314;3314,330;3318,314;3322,328;3327,326;3331,318;3335,318;3340,316;3344,330;3348,328;3353,330;3357,320;3362,332;3366,318;3370,332;3375,318;3379,322;3383,322;3388,306;3392,318;3396,304;3401,332;3405,324;3409,338;3414,322;3418,336;3422,320;3427,312;3431,326;3436,324;3440,324;3444,322;3449,322;3453,312;3457,326;3462,326;3466,324;3470,310;3475,336;3479,314;3483,312;3488,326;3492,312;3496,312;3501,318;3505,330;3510,316;3514,330;3518,314;3523,328;3527,334;3531,318;3536,318;3540,304;3544,316;3549,302;3553,336;3557,320;3562,334;3566,318;3571,332;3575,324;3579,308;3584,336;3588,322;3592,334;3597,320;3601,340;3605,324;3610,338;3614,322;3618,336;3623,320;3627,326;3631,326;3636,310;3640,324;3645,322;3649,336;3653,314;3658,342;3662,326;3666,340;3671,324;3675,316;3679,316;3684,314;3688,328;3692,312;3697,326;3701,330;3706,332;3710,316;3714,330;3719,328;3723,320;3727,332;3732,318;3736,330;3740,316;3745,330;3749,322;3753,334;3758,320;3762,334;3766,318;3771,332;3775,324;3780,322;3784,322;3788,306;3793,320;3797,326;3801,326;3806,324;3810,338;3814,322;3819,334;3823,326;3827,326;3832,324;3836,324;3840,322;3845,308;3849,328;3854,326;3858,326;3862,310;3867,324;3871,314;3875,326;3880,326;3884,324;3888,324;3893,310;3897,328;3901,328;3906,326;3910,312;3914,324;3919,310;3923,316;3928,328;3932,312;3936,326;3941,310;3945,330;3949,316;3954,328;3958,326;3962,326;3967,326;3971,316;3975,330;3980,328;3984,342;3988,326;3993,340;3997,318;4002,330;4006,316;4010,328;4015,328;4019,318;4023,332;4028,316;4032,316;4036,328;4041,328;4045,320;4049,334;4054,318;4058,332;4062,316;4067,344;4071,336;4076,320;4080,320;4084,318;4089,318;4093,324;4097,336;4102,322;4106,336;4110,320;4115,332;4119,324;4123,322;4128,336;4132,308;4136,320;4141,306;4145,326;4150,324;4154,338;4158,324;4163,336;4167,328;4171,314;4176,326;4180,310;4184,324;4189,308;4193,342;4197,328;4202,342;4206,326;4211,340;4215,318;4219,316;4224,330;4228,316;4232,328;4237,314;4241,334;4245,318;4250,332;4254,318;4258,330;4263,316;4267,306;4271,320;4276,320;4280,332;4285,318;4289,324;4293,322;4298,322;4302,322;4306,320;4311,318;4315,310;4319,324;4324,322;4328,336;4332,320;4337,320;4341,326;4345,324;4350,322;4354,338;4359,322;4363,314;4367,326;4372,312;4376,326;4380,322;4385,338;4389,316;4393,330;4398,314;4402,328;4406,312;4411,342;4415,318;4419,318;4424,316;4428,302;4433,314;4437,320;4441,334;4446,318;4450,332;4454,318;4459,332;4463,308;4467,308;4472,322;4476,308;4480,306;4485,320;4489,324;4493,310;4498,322;4502,322;4507,322;4511,312;4515,298;4520,310;4524,310;4528,324;4533,308;4537,314;4541,314;4546,314;4550,312;4554,326;4559,310;4563,302;4567,302;4572,298;4576,300;4581,298;4585,320;4589,304;4594,316;4598,300;4602,314;4607,312;4611,318;4615,318;4620,316;4624,316;4628,300;4633,314;4637,306;4642,318;4646,302;4650,316;4655,302;4659,308;4663,320;4668,306;4672,318;4676,302;4681,302;4685,308;4689,308;4694,306;4698,318;4702,304;4707,316;4711,322;4716,308;4720,320;4724,292;4729,304;4733,310;4737,324;4742,322;4746,322;4750,320;4755,320;4759,310;4763,308;4768,322;4772,308;4776,320;4781,312;4785,326;4790,310;4794,324;4798,308;4803,322;4807,312;4811,312;4816,324;4820,310;4824,322;4829,308;4833,328;4837,312;4842,326;4846,310;4851,324;4855,314;4859,298;4864,312;4868,310;4872,310;4877,308;4881,330;4885,314;4890,328;4894,312;4898,324;4903,324;4907,302;4911,314;4916,314;4920,326;4925,312;4929,318;4933,314;4938,328;4942,314;4946,326;4951,310;4955,302;4959,316;4964,300;4968,312;4972,298;4977,310;4981,316;4985,328;4990,314;4994,326;4999,310;5003,302;5007,316;5012,302;5016,312;5020,298;5025,310;5029,316;5033,330;5038,314;5042,312;5046,298;5051,324;5055,302;5059,300;5064,300;5068,298;5073,298;5077,316;5081,316;5086,314;5090,314;5094,312;5099,312;5103,302;5107,302;5112,314;5116,300;5120,312;5125,298;5129,318;5133,316;5138,316;5142,314;5147,312;5151,318;5155,302;5160,316;5164,300;5168,328;5173,312;5177,318;5181,316;5186,330;5190,314;5194,328;5199,312;5203,304;5207,316;5212,316;5216,314;5221,298;5225,320;5229,318;5234,330;5238,314;5242,328;5247,314;5251,304;5255,318;5260,302;5264,302;5268,314;5273,312;5277,318;5282,318;5286,316;5290,316;5295,314;5299,306;5303,318;5308,318;5312,318;5316,316;5321,316;5325,320;5329,320;5334,318;5338,318;5342,316;5347,316;5351,322;5356,306;5360,320;5364,304;5369,316;5373,308;5377,308;5382,294;5386,320;5390,304;5395,318;5399,310;5403,296;5408,308;5412,294;5416,306;5421,298;5425,312;5430,296;5434,308;5438,308;5443,308;5447,298;5451,298;5456,296;5460,296;5464,294;5469,294;5473,314;5477,312;5482,310;5486,310;5491,310;5495,300;5499,300;5504,312;5508,310;5512,310;5517,294;5521,316;5525,314;5530,326;5534,310;5538,324;5543,308;5547,300;5551,314;5556,298;5560,310;5565,310;5569,316;5573,300;5578,326;5582,310;5586,324;5591,308;5595,314;5599,314;5604,298;5608,310;5612,296;5617,322;5621,312;5625,326;5630,310;5634,324;5639,310;5643,300;5647,314;5652,312;5656,310;5660,296;5665,308;5669,314;5673,328;5678,312;5682,326;5686,310;5691,324;5695,302;5699,314;5704,312;5708,298;5713,310;5717,316;5721,314;5726,314;5730,312;5734,310;5739,310;5743,316;5747,314;5752,312;5756,298;5760,310;5765,310;5769,314;5773,300;5778,312;5782,310;5787,324;5791,314;5795,300;5800,312;5804,310;5808,310;5813,294;5817,316;5821,314;5826,328;5830,312;5834,312;5839,310;5843,302;5847,300;5852,298;5856,298;5861,298;5865,316;5869,302;5874,314;5878,314;5882,312;5887,312;5891,302;5895,302;5900,288;5904,300;5908,298;5913,312;5917,318;5922,316;5926,316;5930,314;5935,314;5939,304;5943,318;5948,288;5952,316;5956,300;5961,314;5965,304;5969,318;5974,316;5978,330;5982,314;5987,306;5991,318;5996,304;6000,316;6004,316;6009,314;6013,304;6017,304;6022,302;6026,302;6030,286;6035,270;6039,288;6043,288;6048,286;6052,286;6056,284;6061,290;6065,302;6070,286;6074,286;6078,284;6083,270;6087,274;6091,258;6096,286;6100,286;6104,284;6109,284;6113,274;6117,274;6122,272;6126,286;6130,298;6135,274;6139,260;6144,272;6148,272;6152,272;6157,254;6161,290;6165,288;6170,288;6174,272;6178,272;6183,278;6187,276;6191,288;6196,288;6200,288;6204,272;6209,292;6213,290;6218,290;6222,274;6226,274;6231,286;6235,278;6239,278;6244,278;6248,290;6252,288;6257,238;6261,280;6265,280;6270,278;6274,278;6278,288;6283,280;6287,266;6292,264;6296,264;6300,262;6305,262;6309,280;6313,294;6318,278;6322,278;6326,276;6331,282;6335,280;6339,264;6344,278;6348,276;6353,276;6357,282;6361,294;6366,280;6370,278;6374,278;6379,290;6383,296;6387,294;6392,294;6396,278;6400,288;6405,268;6409,296;6413,280;6418,278;6422,264;6427,276;6431,266;6435,266;6440,264;6444,250;6448,276;6453,276;6457,280;6461,280;6466,264;6470,276;6474,274;6479,280;6483,278;6488,278;6492,276;6496,288;6501,288;6505,264;6509,292;6514,290;6518,290;6522,274;6527,280;6531,278;6535,278;6540,276;6544,290;6548,274;6553,266;6557,292;6562,292;6566,290;6570,274;6575,288;6579,266;6583,264;6588,264;6592,276;6596,276;\r\nBuffer sent in 0.972 secondsreturn;buffer;964\r\n'), 10:48:07
bytearray(b'received from UR: measure -> measure (0,1)\r\nSTEPPER: Moving to mstep: 6600 with speed [msteps/sec]: 1000 in StealthChop.\r\n'), 10:48:08
bytearray(b'STEPPER: Moving to mstep: 2400 with speed [msteps/sec]: 4000 in SpreadCycle.\r\n'), 10:48:12
bytearray(b'STEPPER: Moved 4200.00 msteps (ramp: 35%) in 1324.888 ms -> average speed [msteps/sec]: 3170.08\r\nreturn;measure;965\r\n'), 10:48:13
bytearray(b'received from UR: buffer -> buffer (0,1)\r\nSending buffer of size 965data;2400,298;2404,452;2408,164;2413,278;2417,320;2421,326;2426,340;2430,326;2434,340;2439,324;2443,316;2447,330;2452,314;2456,328;2460,314;2465,340;2469,318;2474,332;2478,316;2482,330;2487,328;2491,328;2495,320;2500,320;2504,332;2508,318;2513,332;2517,322;2521,322;2526,320;2530,334;2534,334;2539,332;2543,324;2548,310;2552,322;2556,322;2561,334;2565,326;2569,340;2574,324;2578,338;2582,324;2587,338;2591,328;2595,314;2600,328;2604,310;2608,340;2613,324;2617,330;2622,316;2626,330;2630,314;2635,328;2639,320;2643,320;2648,334;2652,318;2656,332;2661,332;2665,324;2669,322;2674,336;2678,322;2682,334;2687,334;2691,312;2696,326;2700,324;2704,338;2709,324;2713,330;2717,328;2722,328;2726,326;2730,340;2735,326;2739,316;2743,330;2748,316;2752,330;2756,314;2761,328;2765,320;2770,332;2774,318;2778,344;2783,330;2787,308;2791,320;2796,306;2800,334;2804,318;2809,332;2813,324;2817,338;2822,322;2826,336;2830,320;2835,334;2839,324;2844,310;2848,324;2852,322;2857,336;2861,314;2865,326;2870,326;2874,340;2878,324;2883,324;2887,330;2891,316;2896,328;2900,316;2905,326;2909,320;2913,332;2918,316;2922,330;2926,330;2931,330;2935,320;2939,306;2944,332;2948,318;2952,332;2957,316;2961,338;2965,322;2970,336;2974,322;2979,336;2983,320;2987,312;2992,326;2996,310;3000,324;3005,324;3009,344;3013,328;3018,330;3022,314;3026,340;3031,326;3035,332;3039,318;3044,316;3048,330;3053,314;3057,328;3061,320;3066,332;3070,318;3074,330;3079,316;3083,336;3087,322;3092,320;3096,334;3100,318;3105,332;3109,324;3113,324;3118,322;3122,336;3127,322;3131,336;3135,328;3140,312;3144,326;3148,312;3153,338;3157,316;3161,330;3166,316;3170,330;3174,314;3179,342;3183,334;3187,320;3192,334;3196,318;3201,332;3205,324;3209,338;3214,324;3218,338;3222,322;3227,336;3231,328;3235,314;3240,326;3244,312;3248,326;3253,310;3257,332;3261,316;3266,344;3270,330;3275,344;3279,322;3283,320;3288,334;3292,320;3296,332;3301,332;3305,324;3309,322;3314,336;3318,336;3322,334;3327,334;3331,312;3335,326;3340,310;3344,338;3349,310;3353,330;3357,316;3362,328;3366,328;3370,340;3375,324;3379,318;3383,330;3388,316;3392,330;3396,316;3401,328;3405,320;3410,334;3414,318;3418,332;3423,318;3427,322;3431,322;3436,322;3440,334;3444,320;3449,334;3453,312;3457,338;3462,324;3466,324;3470,322;3475,322;3479,328;3484,314;3488,326;3492,312;3497,324;3501,316;3505,330;3510,328;3514,330;3518,314;3523,328;3527,334;3531,318;3536,332;3540,318;3544,330;3549,316;3553,336;3558,320;3562,334;3566,320;3571,334;3575,338;3579,310;3584,336;3588,322;3592,336;3597,320;3601,340;3605,326;3610,338;3614,324;3619,338;3623,322;3627,314;3632,326;3636,312;3640,324;3645,310;3649,330;3653,314;3658,330;3662,314;3666,326;3671,326;3675,318;3679,332;3684,330;3688,330;3693,314;3697,328;3701,320;3706,334;3710,318;3714,318;3719,318;3723,324;3727,324;3732,308;3736,322;3740,306;3745,334;3749,326;3753,326;3758,324;3762,324;3767,322;3771,314;3775,328;3780,312;3784,326;3788,310;3793,324;3797,316;3801,342;3806,328;3810,328;3814,326;3819,340;3823,330;3827,316;3832,330;3836,330;3841,328;3845,314;3849,334;3854,318;3858,332;3862,316;3867,330;3871,336;3875,322;3880,320;3884,320;3888,334;3893,318;3897,324;3901,322;3906,322;3910,320;3915,334;3919,320;3923,326;3928,324;3932,310;3936,336;3941,322;3945,330;3949,328;3954,328;3958,326;3962,340;3967,324;3971,330;3975,330;3980,314;3984,328;3989,314;3993,342;3997,318;4002,332;4006,318;4010,332;4015,330;4019,322;4023,320;4028,320;4032,332;4036,318;4041,332;4045,322;4050,324;4054,322;4058,336;4063,320;4067,326;4071,326;4076,324;4080,324;4084,322;4089,336;4093,314;4097,326;4102,326;4106,326;4110,324;4115,324;4119,328;4124,314;4128,328;4132,312;4137,340;4141,318;4145,318;4150,314;4154,330;4158,328;4163,328;4167,318;4171,318;4176,330;4180,314;4184,344;4189,328;4193,320;4198,318;4202,332;4206,318;4211,330;4215,322;4219,322;4224,322;4228,320;4232,334;4237,332;4241,324;4245,322;4250,336;4254,320;4258,334;4263,320;4267,310;4272,324;4276,322;4280,322;4285,320;4289,326;4293,326;4298,326;4302,324;4306,322;4311,322;4315,314;4319,326;4324,312;4328,326;4332,310;4337,322;4341,328;4346,342;4350,328;4354,328;4359,326;4363,318;4367,332;4372,316;4376,328;4380,328;4385,342;4389,318;4393,332;4398,330;4402,344;4406,314;4411,306;4415,320;4420,306;4424,318;4428,316;4433,316;4437,306;4441,334;4446,306;4450,318;4454,302;4459,316;4463,320;4467,306;4472,320;4476,304;4480,316;4485,308;4489,322;4494,320;4498,320;4502,318;4507,318;4511,324;4515,308;4520,320;4524,306;4528,318;4533,304;4537,324;4541,322;4546,322;4550,320;4554,320;4559,312;4563,296;4568,310;4572,294;4576,308;4581,292;4585,326;4589,312;4594,310;4598,296;4602,308;4607,308;4611,312;4615,312;4620,312;4624,310;4629,310;4633,316;4637,314;4642,316;4646,312;4650,314;4655,310;4659,318;4663,302;4668,302;4672,314;4676,300;4681,312;4685,304;4690,316;4694,316;4698,316;4703,314;4707,292;4711,320;4716,304;4720,318;4724,316;4729,314;4733,306;4737,320;4742,306;4746,318;4750,318;4755,294;4759,322;4764,306;4768,320;4772,304;4777,318;4781,324;4785,308;4790,306;4794,320;4798,306;4803,318;4807,324;4811,310;4816,322;4820,308;4824,320;4829,306;4833,326;4838,310;4842,324;4846,308;4851,322;4855,314;4859,312;4864,326;4868,324;4872,310;4877,310;4881,316;4885,314;4890,314;4894,312;4898,326;4903,310;4907,316;4912,316;4916,314;4920,328;4925,312;4929,320;4933,318;4938,318;4942,316;4946,316;4951,316;4955,294;4959,306;4964,306;4968,306;4972,304;4977,318;4981,310;4986,322;4990,308;4994,306;4999,304;5003,310;5007,310;5012,308;5016,308;5020,306;5025,306;5029,312;5033,324;5038,308;5042,322;5046,308;5051,300;5055,298;5060,296;5064,310;5068,296;5073,308;5077,314;5081,314;5086,312;5090,312;5094,312;5099,312;5103,302;5107,302;5112,314;5116,300;5120,314;5125,284;5129,320;5134,318;5138,318;5142,316;5147,330;5151,308;5155,294;5160,322;5164,306;5168,320;5173,304;5177,324;5181,310;5186,324;5190,308;5194,322;5199,312;5203,312;5208,312;5212,296;5216,308;5221,308;5225,314;5229,314;5234,328;5238,312;5242,326;5247,310;5251,316;5255,314;5260,300;5264,314;5269,312;5273,318;5277,318;5282,316;5286,316;5290,316;5295,314;5299,306;5303,318;5308,304;5312,316;5316,316;5321,316;5325,306;5329,320;5334,318;5338,318;5343,318;5347,310;5351,308;5356,294;5360,306;5364,306;5369,306;5373,310;5377,310;5382,308;5386,322;5390,308;5395,298;5399,312;5403,310;5408,310;5412,296;5417,322;5421,314;5425,314;5430,312;5434,312;5438,310;5443,310;5447,302;5451,300;5456,314;5460,300;5464,312;5469,312;5473,304;5477,302;5482,316;5486,314;5491,314;5495,304;5499,292;5504,304;5508,302;5512,302;5517,300;5521,320;5525,304;5530,318;5534,304;5538,316;5543,314;5547,306;5551,320;5556,304;5560,318;5565,302;5569,322;5573,322;5578,334;5582,320;5586,332;5591,318;5595,296;5599,322;5604,308;5608,322;5612,306;5617,304;5621,310;5625,324;5630,308;5634,322;5639,308;5643,314;5647,312;5652,298;5656,310;5660,310;5665,310;5669,302;5673,316;5678,314;5682,314;5686,312;5691,312;5695,302;5700,316;5704,314;5708,314;5713,312;5717,318;5721,318;5726,302;5730,314;5734,314;5739,314;5743,318;5747,304;5752,304;5756,302;5760,316;5765,306;5769,306;5774,304;5778,318;5782,302;5787,316;5791,306;5795,306;5800,318;5804,304;5808,316;5813,302;5817,320;5821,304;5826,318;5830,304;5835,302;5839,306;5843,306;5848,306;5852,304;5856,318;5861,316;5865,308;5869,306;5874,306;5878,304;5882,304;5887,302;5891,306;5895,306;5900,306;5904,318;5909,304;5913,310;5917,308;5922,306;5926,306;5930,320;5935,304;5939,310;5943,308;5948,306;5952,320;5956,304;5961,318;5965,310;5969,322;5974,306;5978,320;5983,304;5987,310;5991,308;5996,306;6000,320;6004,304;6009,318;6013,310;6017,310;6022,306;6026,306;6030,290;6035,282;6039,280;6043,280;6048,278;6052,276;6057,276;6061,294;6065,280;6070,294;6074,292;6078,290;6083,288;6087,280;6091,266;6096,278;6100,290;6104,276;6109,282;6113,280;6117,280;6122,264;6126,290;6131,290;6135,280;6139,266;6144,280;6148,264;6152,276;6157,262;6161,282;6165,280;6170,278;6174,278;6178,276;6183,268;6187,268;6191,280;6196,278;6200,278;6205,276;6209,282;6213,282;6218,282;6222,280;6226,250;6231,278;6235,284;6239,282;6244,284;6248,268;6252,282;6257,272;6261,286;6266,286;6270,284;6274,270;6279,282;6283,260;6287,272;6292,272;6296,270;6300,268;6305,274;6309,274;6313,258;6318,286;6322,284;6326,284;6331,260;6335,274;6340,258;6344,272;6348,256;6353,270;6357,290;6361,290;6366,288;6370,288;6374,286;6379,264;6383,276;6387,274;6392,288;6396,272;6400,286;6405,276;6409,290;6414,288;6418,288;6422,286;6427,286;6431,262;6435,262;6440,276;6444,288;6448,272;6453,276;6457,262;6461,262;6466,274;6470,274;6474,258;6479,278;6483,276;6488,276;6492,274;6496,274;6501,274;6505,236;6509,278;6514,290;6518,290;6522,288;6527,280;6531,264;6535,292;6540,276;6544,290;6549,274;6553,252;6557,280;6562,292;6566,290;6570,290;6575,288;6579,266;6583,264;6588,264;6592,262;6596,262;\r\nBuffer sent in 0.973 secondsreturn;buffer;965\r\n'), 10:48:15
bytearray(b'received from UR: measure -> measure (0,1)\r\nSTEPPER: Moving to mstep: 6600 with speed [msteps/sec]: 1000 in StealthChop.\r\n'), 10:48:16
bytearray(b'STEPPER: Moving to mstep: 2400 with speed [msteps/sec]: 4000 in SpreadCycle.\r\n'), 10:48:21
bytearray(b'STEPPER: Moved 4200.00 msteps (ramp: 35%) in 1324.888 ms -> average speed [msteps/sec]: 3170.08\r\nreturn;measure;965\r\n'), 10:48:22
bytearray(b'received from UR: buffer -> buffer (0,1)\r\nSending buffer of size 965data;2400,298;2404,468;2408,138;2413,278;2417,320;2421,326;2426,340;2430,324;2434,338;2439,322;2443,328;2447,312;2452,326;2456,324;2460,324;2465,336;2469,314;2474,328;2478,326;2482,340;2487,324;2491,314;2495,328;2500,326;2504,326;2508,324;2513,338;2517,316;2521,328;2526,326;2530,326;2534,324;2539,324;2543,330;2548,314;2552,326;2556,326;2561,326;2565,330;2569,328;2574,314;2578,340;2582,324;2587,338;2591,330;2595,314;2600,326;2604,312;2608,324;2613,324;2617,344;2622,314;2626,328;2630,326;2635,338;2639,332;2643,316;2648,328;2652,326;2656,328;2661,312;2665,332;2669,316;2674,330;2678,328;2683,328;2687,326;2691,318;2696,330;2700,330;2704,328;2709,314;2713,334;2717,318;2722,332;2726,330;2730,330;2735,328;2739,320;2743,332;2748,318;2752,330;2756,316;2761,328;2765,320;2770,334;2774,332;2778,344;2783,330;2787,322;2791,334;2796,318;2800,332;2804,318;2809,330;2813,322;2817,334;2822,320;2826,332;2831,318;2835,332;2839,338;2844,322;2848,322;2852,320;2857,332;2861,324;2865,334;2870,322;2874,334;2878,320;2883,332;2887,324;2891,324;2896,336;2900,320;2905,320;2909,318;2913,338;2918,322;2922,334;2926,320;2931,332;2935,324;2939,322;2944,334;2948,320;2952,318;2957,316;2961,336;2965,320;2970,334;2974,318;2979,332;2983,316;2987,322;2992,334;2996,318;3000,332;3005,316;3009,336;3013,320;3018,334;3022,318;3026,344;3031,330;3035,306;3039,320;3044,318;3048,332;3053,316;3057,328;3061,320;3066,334;3070,318;3074,330;3079,316;3083,320;3087,318;3092,318;3096,330;3100,314;3105,328;3109,320;3114,332;3118,330;3122,344;3127,326;3131,318;3135,332;3140,316;3144,330;3148,312;3153,326;3157,330;3161,330;3166,314;3170,328;3174,326;3179,338;3183,330;3188,328;3192,342;3196,312;3201,324;3205,328;3209,342;3214,314;3218,340;3222,324;3227,336;3231,328;3235,312;3240,324;3244,324;3248,322;3253,322;3257,340;3262,324;3266,338;3270,324;3275,336;3279,326;3283,324;3288,338;3292,322;3296,320;3301,320;3305,326;3309,322;3314,336;3318,336;3322,334;3327,332;3331,310;3336,322;3340,320;3344,334;3349,318;3353,324;3357,322;3362,334;3366,320;3370,332;3375,318;3379,322;3383,336;3388,308;3392,320;3396,318;3401,318;3405,324;3410,336;3414,320;3418,334;3423,316;3427,324;3431,322;3436,308;3440,320;3444,318;3449,332;3453,322;3457,336;3462,320;3466,334;3470,318;3475,310;3479,322;3484,322;3488,320;3492,318;3497,332;3501,324;3505,322;3510,320;3514,334;3518,318;3523,332;3527,324;3531,322;3536,334;3540,318;3545,332;3549,316;3553,336;3558,320;3562,334;3566,318;3571,332;3575,336;3579,308;3584,320;3588,306;3592,318;3597,318;3601,336;3605,322;3610,334;3614,318;3619,332;3623,324;3627,308;3632,318;3636,316;3640,318;3645,316;3649,336;3653,320;3658,332;3662,316;3666,330;3671,328;3675,318;3679,332;3684,330;3688,328;3693,312;3697,332;3701,330;3706,330;3710,314;3714,328;3719,326;3723,318;3727,330;3732,314;3736,340;3740,312;3745,324;3749,330;3754,342;3758,326;3762,326;3767,324;3771,318;3775,330;3780,314;3784,326;3788,326;3793,340;3797,316;3801,330;3806,328;3810,340;3814,326;3819,338;3823,330;3828,314;3832,328;3836,326;3841,326;3845,316;3849,330;3854,328;3858,328;3862,312;3867,326;3871,330;3875,314;3880,328;3884,326;3888,324;3893,324;3897,342;3902,326;3906,326;3910,324;3915,338;3919,328;3923,312;3928,326;3932,310;3936,322;3941,322;3945,328;3949,324;3954,324;3958,322;3962,336;3967,320;3971,324;3976,338;3980,308;3984,322;3989,320;3993,332;3997,324;4002,336;4006,320;4010,334;4015,318;4019,322;4023,322;4028,320;4032,332;4036,316;4041,330;4045,320;4050,334;4054,318;4058,332;4063,330;4067,308;4071,320;4076,318;4080,318;4084,330;4089,328;4093,320;4097,332;4102,332;4106,330;4110,316;4115,328;4119,332;4124,318;4128,330;4132,316;4137,328;4141,318;4145,332;4150,330;4154,328;4158,328;4163,326;4167,332;4171,316;4176,328;4180,312;4185,326;4189,324;4193,344;4198,312;4202,340;4206,324;4211,324;4215,328;4219,314;4224,326;4228,324;4232,324;4237,324;4241,328;4245,324;4250,326;4254,324;4259,336;4263,320;4267,312;4272,324;4276,324;4280,322;4285,322;4289,326;4293,324;4298,324;4302,322;4306,322;4311,320;4315,312;4319,324;4324,322;4328,336;4333,306;4337,326;4341,324;4346,338;4350,322;4354,336;4359,320;4363,326;4367,338;4372,308;4376,336;4380,320;4385,332;4389,324;4393,336;4398,320;4402,334;4407,316;4411,308;4415,322;4420,320;4424,320;4428,304;4433,316;4437,322;4441,320;4446,304;4450,330;4454,316;4459,330;4463,320;4467,318;4472,318;4476,316;4481,314;4485,320;4489,318;4494,316;4498,316;4502,314;4507,328;4511,304;4515,304;4520,316;4524,314;4528,328;4533,312;4537,318;4541,316;4546,316;4550,300;4555,312;4559,316;4563,316;4568,314;4572,314;4576,326;4581,310;4585,316;4589,314;4594,314;4598,298;4602,312;4607,310;4611,314;4615,314;4620,310;4624,312;4629,310;4633,330;4637,314;4642,314;4646,312;4650,312;4655,308;4659,300;4663,300;4668,298;4672,310;4676,296;4681,308;4685,314;4689,312;4694,310;4698,310;4703,308;4707,300;4711,312;4716,298;4720,310;4724,308;4729,322;4733,312;4737,326;4742,310;4746,322;4750,322;4755,284;4759,312;4764,310;4768,322;4772,322;4777,320;4781,310;4785,324;4790,308;4794,322;4798,320;4803,334;4807,310;4811,296;4816,308;4820,306;4824,306;4829,310;4833,322;4838,308;4842,322;4846,320;4851,332;4855,310;4859,296;4864,308;4868,306;4872,318;4877,304;4881,322;4885,322;4890,320;4894,318;4899,318;4903,310;4907,322;4912,322;4916,306;4920,318;4925,304;4929,322;4933,308;4938,320;4942,304;4946,318;4951,316;4955,308;4959,320;4964,304;4968,318;4973,304;4977,310;4981,306;4986,320;4990,304;4994,318;4999,302;5003,308;5007,320;5012,304;5016,318;5020,302;5025,300;5029,306;5033,320;5038,304;5042,316;5047,300;5051,306;5055,320;5060,304;5064,302;5068,302;5073,300;5077,306;5081,304;5086,304;5090,302;5094,300;5099,314;5103,318;5107,304;5112,316;5116,302;5121,314;5125,318;5129,318;5134,316;5138,316;5142,314;5147,312;5151,318;5155,302;5160,316;5164,300;5168,314;5173,312;5177,318;5181,302;5186,328;5190,312;5195,326;5199,316;5203,316;5208,328;5212,312;5216,312;5221,310;5225,330;5229,314;5234,326;5238,312;5242,324;5247,308;5251,314;5256,298;5260,312;5264,310;5269,308;5273,314;5277,312;5282,312;5286,310;5290,310;5295,308;5299,312;5303,312;5308,310;5312,310;5316,308;5321,306;5325,312;5330,324;5334,310;5338,308;5343,306;5347,312;5351,310;5356,310;5360,308;5364,292;5369,306;5373,310;5377,310;5382,306;5386,320;5390,302;5395,296;5399,308;5404,308;5408,308;5412,306;5417,304;5421,310;5425,322;5430,308;5434,320;5438,306;5443,318;5447,294;5451,306;5456,306;5460,304;5465,304;5469,308;5473,308;5478,306;5482,306;5486,304;5491,302;5495,294;5499,306;5504,306;5508,304;5512,318;5517,302;5521,320;5525,306;5530,318;5534,316;5539,316;5543,320;5547,304;5552,318;5556,302;5560,316;5565,300;5569,320;5573,318;5578,330;5582,314;5586,328;5591,312;5595,302;5599,316;5604,314;5608,326;5613,312;5617,318;5621,316;5626,328;5630,314;5634,326;5639,310;5643,300;5647,300;5652,312;5656,310;5660,310;5665,308;5669,314;5673,326;5678,310;5682,310;5687,308;5691,314;5695,312;5700,310;5704,310;5708,308;5713,308;5717,312;5721,312;5726,310;5730,324;5734,308;5739,306;5743,310;5747,296;5752,308;5756,308;5761,320;5765,310;5769,310;5774,308;5778,294;5782,306;5787,320;5791,310;5795,296;5800,322;5804,306;5808,306;5813,304;5817,324;5821,308;5826,308;5830,306;5835,320;5839,310;5843,310;5848,308;5852,306;5856,304;5861,304;5865,310;5869,308;5874,306;5878,306;5882,304;5887,304;5891,308;5896,308;5900,306;5904,306;5909,304;5913,310;5917,308;5922,308;5926,306;5930,320;5935,304;5939,310;5943,308;5948,292;5952,306;5956,304;5961,304;5965,308;5970,322;5974,306;5978,320;5983,318;5987,308;5991,308;5996,306;6000,318;6004,304;6009,316;6013,308;6017,306;6022,292;6026,304;6030,290;6035,294;6039,278;6044,292;6048,290;6052,288;6057,272;6061,292;6065,292;6070,290;6074,290;6078,288;6083,280;6087,264;6091,278;6096,276;6100,288;6105,288;6109,292;6113,292;6118,276;6122,274;6126,274;6131,286;6135,292;6139,276;6144,290;6148,288;6152,288;6157,278;6161,292;6165,276;6170,274;6174,274;6179,286;6183,276;6187,276;6192,274;6196,274;6200,272;6205,270;6209,290;6213,288;6218,288;6222,286;6226,286;6231,276;6235,290;6239,274;6244,272;6248,272;6253,270;6257,276;6261,288;6266,288;6270,286;6274,286;6279,262;6283,262;6287,262;6292,274;6296,272;6300,272;6305,278;6309,276;6313,262;6318,274;6322,288;6327,286;6331,264;6335,262;6340,262;6344,274;6348,260;6353,272;6357,292;6361,292;6366,290;6370,288;6374,288;6379,266;6383,264;6388,262;6392,274;6396,274;6401,272;6405,292;6409,292;6414,276;6418,288;6422,286;6427,278;6431,262;6435,276;6440,274;6444,286;6448,286;6453,290;6457,290;6462,276;6466,288;6470,286;6475,284;6479,262;6483,274;6488,272;6492,286;6496,286;6501,284;6505,276;6509,288;6514,272;6518,272;6522,272;6527,276;6531,274;6536,288;6540,272;6544,272;6549,270;6553,290;6557,274;6562,286;6566,286;6570,286;6575,260;6579,274;6583,272;6588,270;6592,268;6597,268;\r\nBuffer sent in 0.973 secondsreturn;buffer;965\r\n'), 10:48:24
bytearray(b'received from UR: measure -> measure (0,1)\r\nSTEPPER: Moving to mstep: 6600 with speed [msteps/sec]: 1000 in StealthChop.\r\n'), 10:48:25
bytearray(b'STEPPER: Moving to mstep: 2400 with speed [msteps/sec]: 4000 in SpreadCycle.\r\n'), 10:48:29
bytearray(b'STEPPER: Moved 4200.00 msteps (ramp: 35%) in 1324.888 ms -> average speed [msteps/sec]: 3170.08\r\nreturn;measure;964\r\n'), 10:48:31
bytearray(b'received from UR: buffer -> buffer (0,1)\r\nSending buffer of size 964data;2400,300;2404,452;2408,164;2413,276;2417,318;2421,324;2426,338;2430,322;2434,336;2439,320;2443,326;2447,326;2452,312;2456,324;2460,322;2465,336;2469,314;2474,326;2478,326;2482,326;2487,324;2491,330;2495,328;2500,314;2504,328;2508,326;2513,340;2517,316;2521,318;2526,316;2530,330;2534,328;2539,328;2543,320;2548,304;2552,332;2556,318;2561,332;2565,322;2569,322;2574,322;2578,334;2582,318;2587,334;2591,324;2595,308;2600,336;2604,322;2608,334;2613,320;2617,326;2622,324;2626,338;2630,322;2635,336;2639,328;2643,312;2648,326;2652,326;2656,338;2661,326;2665,330;2669,316;2674,328;2678,326;2682,326;2687,326;2691,316;2696,330;2700,316;2704,344;2709,328;2713,320;2717,318;2722,332;2726,330;2730,330;2735,330;2739,306;2743,334;2748,318;2752,332;2756,318;2761,330;2765,322;2770,336;2774,320;2778,334;2783,318;2787,310;2791,338;2796,322;2800,336;2804,308;2809,320;2813,326;2817,340;2822,324;2826,338;2830,322;2835,314;2839,328;2844,314;2848,340;2852,326;2857,324;2861,316;2865,330;2870,328;2874,328;2878,326;2883,326;2887,330;2891,316;2896,328;2900,328;2905,326;2909,318;2913,332;2918,330;2922,330;2926,328;2931,326;2935,332;2939,318;2944,330;2948,316;2952,328;2957,314;2961,334;2965,318;2970,332;2974,330;2979,330;2983,322;2987,306;2992,334;2996,318;3000,332;3005,316;3009,336;3013,322;3018,334;3022,320;3026,334;3031,318;3035,310;3039,322;3044,322;3048,336;3053,334;3057,320;3061,324;3066,326;3070,324;3074,322;3079,320;3083,312;3087,326;3092,324;3096,324;3100,308;3105,320;3109,314;3113,326;3118,326;3122,338;3127,322;3131,314;3135,326;3140,312;3144,338;3148,308;3153,324;3157,316;3161,328;3166,326;3170,340;3174,324;3179,338;3183,330;3187,314;3192,328;3196,312;3201,326;3205,316;3209,330;3214,316;3218,342;3222,312;3227,326;3231,330;3235,316;3240,330;3244,328;3248,326;3253,312;3257,332;3261,316;3266,330;3270,314;3275,328;3279,326;3283,318;3288,330;3292,330;3296,330;3301,314;3305,334;3309,320;3314,332;3318,316;3322,330;3327,316;3331,320;3335,334;3340,332;3344,330;3349,316;3353,328;3357,334;3362,332;3366,330;3370,330;3375,316;3379,320;3383,332;3388,330;3392,330;3396,314;3401,328;3405,318;3410,332;3414,316;3418,328;3423,314;3427,318;3431,332;3436,330;3440,330;3444,314;3449,326;3453,318;3457,332;3462,316;3466,330;3470,314;3475,328;3479,332;3484,330;3488,328;3492,314;3497,326;3501,316;3505,330;3510,316;3514,328;3518,326;3523,326;3527,344;3531,330;3536,328;3540,312;3544,326;3549,312;3553,330;3558,330;3562,328;3566,314;3571,340;3575,346;3579,330;3584,328;3588,314;3592,328;3597,312;3601,344;3605,330;3610,342;3614,312;3619,340;3623,324;3627,330;3632,328;3636,314;3640,326;3645,324;3649,332;3653,316;3658,328;3662,314;3666,340;3671,324;3675,330;3679,330;3684,314;3688,326;3693,326;3697,340;3701,316;3706,328;3710,326;3714,326;3719,324;3723,330;3727,330;3732,314;3736,326;3740,312;3745,338;3749,316;3753,328;3758,328;3762,326;3767,324;3771,326;3775,330;3780,314;3784,328;3788,310;3793,338;3797,314;3801,328;3806,312;3810,340;3814,324;3819,336;3823,328;3827,312;3832,326;3836,324;3841,338;3845,314;3849,328;3854,326;3858,340;3862,324;3867,324;3871,328;3875,312;3880,326;3884,324;3888,338;3893,322;3897,326;3901,324;3906,324;3910,322;3915,336;3919,322;3923,310;3928,324;3932,308;3936,322;3941,320;3945,326;3949,324;3954,338;3958,336;3962,334;3967,320;3971,310;3975,336;3980,320;3984,334;3989,318;3993,332;3997,322;4002,336;4006,320;4010,334;4015,318;4019,324;4023,336;4028,320;4032,318;4036,318;4041,332;4045,322;4049,320;4058,330;4062,316;4067,332;4071,334;4076,320;4080,318;4084,316;4089,330;4093,320;4097,334;4102,320;4106,318;4110,316;4115,328;4119,334;4123,318;4128,330;4132,316;4137,330;4141,320;4145,334;4150,332;4154,330;4158,330;4163,330;4167,320;4171,306;4176,332;4180,316;4184,330;4189,314;4193,334;4197,318;4202,332;4206,330;4211,330;4215,326;4219,318;4224,318;4228,316;4232,330;4237,328;4241,336;4245,320;4250,332;4254,318;4258,330;4263,316;4267,334;4271,318;4276,318;4280,332;4285,316;4289,330;4293,322;4298,334;4302,318;4306,332;4311,318;4315,322;4319,322;4324,320;4328,332;4332,316;4337,332;4341,322;4345,320;4350,320;4354,334;4359,316;4363,322;4367,334;4372,320;4376,332;4380,316;4385,344;4389,320;4393,334;4398,318;4402,332;4406,316;4411,330;4415,320;4419,306;4424,318;4428,318;4433,330;4437,306;4441,320;4446,306;4450,332;4454,316;4459,316;4463,320;4467,306;4472,318;4476,318;4480,330;4485,328;4489,320;4493,318;4498,318;4502,316;4507,314;4511,320;4515,304;4520,318;4524,316;4528,328;4533,314;4537,318;4541,318;4546,316;4550,316;4554,314;4559,300;4563,304;4567,316;4572,302;4576,314;4581,298;4585,320;4589,318;4594,330;4598,314;4602,328;4607,314;4611,304;4615,304;4620,302;4624,316;4628,300;4633,314;4637,304;4642,318;4646,302;4650,316;4655,300;4659,306;4663,318;4668,302;4672,316;4676,314;4681,314;4685,306;4689,316;4694,304;4698,302;4702,300;4707,306;4711,318;4716,304;4720,316;4724,302;4729,314;4733,306;4737,318;4742,318;4746,316;4750,302;4755,314;4759,320;4763,304;4768,318;4772,302;4776,316;4781,306;4785,334;4790,318;4794,332;4798,316;4803,330;4807,320;4811,320;4816,318;4820,302;4824,316;4829,312;4833,334;4837,318;4842,332;4846,316;4851,330;4855,306;4859,304;4864,318;4868,316;4872,316;4877,314;4881,320;4885,318;4890,316;4894,302;4898,314;4903,312;4907,316;4911,330;4916,316;4920,314;4925,312;4929,318;4933,316;4938,316;4942,300;4946,312;4951,310;4955,302;4959,328;4964,314;4968,312;4972,310;4977,312;4981,302;4985,314;4990,298;4994,312;4999,310;5003,302;5007,328;5012,314;5016,312;5020,310;5025,310;5029,314;5033,312;5038,298;5042,308;5046,310;5051,322;5055,314;5059,298;5064,310;5068,296;5073,308;5077,314;5081,312;5086,310;5090,324;5094,308;5099,322;5103,312;5107,298;5112,298;5116,296;5120,310;5125,308;5129,314;5133,312;5138,314;5142,310;5147,324;5151,316;5155,300;5160,328;5164,298;5168,310;5173,310;5177,330;5181,314;5186,326;5190,312;5194,326;5199,310;5203,300;5207,314;5212,298;5216,312;5221,296;5225,330;5229,314;5234,328;5238,312;5242,326;5247,310;5251,302;5255,314;5260,314;5264,328;5268,326;5273,310;5277,316;5282,316;5286,316;5290,314;5295,314;5299,304;5303,318;5308,316;5312,330;5316,316;5321,314;5325,306;5329,318;5334,318;5338,316;5342,302;5347,306;5351,320;5356,304;5360,318;5364,302;5369,302;5373,306;5377,320;5382,304;5386,318;5390,304;5395,316;5399,322;5403,306;5408,320;5412,304;5417,304;5421,308;5425,320;5430,306;5434,320;5438,304;5443,318;5447,308;5451,308;5456,308;5460,306;5464,306;5469,304;5473,296;5477,308;5482,308;5486,308;5491,308;5495,298;5499,298;5504,310;5508,296;5512,324;5517,308;5521,314;5525,312;5530,312;5534,310;5538,322;5543,322;5547,298;5551,310;5556,296;5560,322;5565,306;5569,320;5573,310;5578,324;5582,308;5586,322;5591,306;5595,310;5599,308;5604,294;5608,320;5612,304;5617,318;5621,308;5625,322;5630,306;5634,320;5639,304;5643,324;5647,308;5652,306;5656,320;5660,304;5665,318;5669,308;5673,308;5678,306;5682,318;5686,304;5691,316;5695,308;5699,306;5704,320;5708,306;5713,318;5717,310;5721,308;5726,308;5730,320;5734,306;5739,318;5743,310;5747,308;5752,322;5756,308;5760,320;5765,298;5769,310;5773,308;5778,322;5782,306;5787,306;5791,310;5795,310;5800,310;5804,308;5808,320;5813,302;5817,310;5821,308;5826,322;5830,306;5834,320;5839,304;5843,294;5848,308;5852,306;5856,318;5861,318;5865,308;5869,306;5874,306;5878,304;5882,304;5887,316;5891,292;5895,306;5900,290;5904,316;5908,302;5913,308;5917,306;5922,306;5926,304;5930,316;5935,316;5939,292;5943,306;5948,304;5952,318;5956,302;5961,330;5965,306;5969,306;5974,304;5978,318;5982,302;5987,316;5991,320;5996,304;6000,318;6004,302;6009,330;6013,306;6017,306;6022,304;6026,300;6030,288;6035,278;6039,278;6043,276;6048,274;6052,274;6057,272;6061,290;6065,290;6070,288;6074,288;6078,286;6083,286;6087,290;6091,260;6096,288;6100,286;6104,286;6109,278;6113,276;6117,274;6122,288;6126,286;6131,286;6135,290;6139,276;6144,288;6148,274;6152,286;6157,286;6161,292;6165,278;6170,290;6174,288;6178,288;6183,278;6187,276;6191,276;6196,274;6200,272;6205,286;6209,290;6213,276;6218,288;6222,286;6226,272;6231,270;6235,276;6239,260;6244,272;6248,272;6252,270;6257,276;6261,276;6265,274;6270,286;6274,286;6279,284;6283,276;6287,274;6292,274;6296,272;6300,258;6305,270;6309,290;6313,276;6318,288;6322,272;6326,286;6331,262;6335,276;6339,260;6344,274;6348,258;6353,272;6357,278;6361,290;6366,276;6370,288;6374,272;6379,258;6383,276;6387,276;6392,288;6396,274;6400,272;6405,278;6409,290;6413,276;6418,288;6422,272;6427,244;6431,292;6435,278;6440,290;6444,288;6448,274;6453,278;6457,290;6461,276;6466,276;6470,274;6474,272;6479,280;6483,278;6488,290;6492,262;6496,276;6501,262;6505,280;6509,292;6514,278;6518,276;6522,290;6527,282;6531,280;6535,280;6540,278;6544,278;6548,278;6553,282;6557,268;6562,252;6566,280;6570,294;6575,280;6579,270;6583,282;6588,268;6592,280;6596,252;\r\nBuffer sent in 0.972 secondsreturn;buffer;964\r\n'), 10:48:33
bytearray(b'received from UR: measure -> measure (0,1)\r\nSTEPPER: Moving to mstep: 6600 with speed [msteps/sec]: 1000 in StealthChop.\r\n'), 10:48:34
bytearray(b'STEPPER: Moving to mstep: 2400 with speed [msteps/sec]: 4000 in SpreadCycle.\r\n'), 10:48:38
bytearray(b'STEPPER: Moved 4200.00 msteps (ramp: 35%) in 1324.888 ms -> average speed [msteps/sec]: 3170.08\r\nreturn;measure;965\r\n'), 10:48:39
bytearray(b'received from UR: buffer -> buffer (0,1)\r\nSending buffer of size 965data;2400,302;2404,462;2408,142;2413,286;2417,312;2421,320;2426,332;2430,318;2434,344;2439,316;2443,322;2447,334;2452,318;2456,332;2460,318;2465,330;2469,322;2474,336;2478,320;2482,334;2487,318;2491,312;2495,324;2500,310;2504,320;2508,320;2513,334;2517,326;2521,340;2526,324;2530,338;2534,322;2539,336;2543,328;2548,312;2552,326;2556,310;2561,324;2565,330;2569,344;2574,328;2578,342;2582,326;2587,340;2591,332;2595,302;2600,330;2604,314;2608,328;2613,312;2617,334;2622,332;2626,344;2630,316;2635,342;2639,334;2643,318;2648,332;2652,316;2656,328;2661,314;2665,334;2669,332;2674,332;2678,318;2682,332;2687,330;2691,306;2696,334;2700,318;2704,332;2709,316;2713,336;2717,332;2722,334;2726,318;2730,332;2735,330;2739,308;2743,334;2748,318;2752,332;2756,304;2761,330;2765,322;2770,336;2774,320;2778,334;2783,318;2787,310;2791,324;2796,308;2800,336;2804,306;2809,334;2813,324;2817,338;2822,322;2826,336;2830,320;2835,310;2839,324;2844,322;2848,322;2852,306;2857,320;2861,324;2865,338;2870,324;2874,338;2878,322;2883,336;2887,326;2891,326;2896,324;2900,310;2904,322;2909,322;2913,342;2918,326;2922,338;2926,324;2931,336;2935,328;2939,314;2944,326;2948,310;2952,324;2957,310;2961,330;2965,328;2970,342;2974,326;2979,340;2983,324;2987,316;2992,328;2996,314;3000,326;3005,312;3009,332;3013,316;3018,344;3022,328;3026,340;3031,326;3035,318;3039,330;3044,316;3048,328;3053,314;3057,326;3061,318;3066,332;3070,330;3074,330;3079,328;3083,320;3087,332;3092,304;3096,330;3100,316;3105,330;3109,320;3113,334;3118,332;3122,332;3127,330;3131,308;3135,334;3140,306;3144,334;3148,318;3153,330;3157,322;3161,336;3166,320;3170,334;3174,318;3179,344;3183,336;3187,306;3192,334;3196,318;3201,332;3205,322;3209,336;3214,322;3218,336;3222,320;3227,346;3231,324;3235,324;3240,322;3244,320;3248,320;3253,320;3257,340;3262,310;3266,324;3270,322;3275,334;3279,320;3283,326;3288,324;3292,322;3296,322;3301,320;3305,340;3309,326;3314,338;3318,324;3322,336;3327,322;3331,312;3336,326;3340,310;3344,324;3349,308;3353,328;3357,326;3362,340;3366,324;3370,338;3375,322;3379,314;3383,328;3388,312;3392,326;3396,310;3401,324;3405,328;3410,342;3414,326;3418,340;3423,324;3427,316;3431,328;3436,314;3440,326;3444,312;3449,324;3453,316;3457,344;3462,328;3466,340;3470,326;3475,338;3479,330;3484,314;3488,326;3492,312;3497,326;3501,318;3505,330;3510,330;3514,330;3518,328;3523,340;3527,332;3531,302;3536,330;3540,314;3544,328;3549,312;3553,332;3558,332;3562,332;3566,328;3571,342;3575,334;3579,304;3584,332;3588,316;3592,330;3597,302;3601,334;3605,318;3610,346;3614,318;3618,344;3623,330;3627,306;3632,320;3636,316;3640,330;3645,316;3649,336;3653,322;3658,334;3662,318;3666,346;3671,330;3675,308;3679,322;3684,320;3688,332;3693,318;3697,330;3701,320;3706,336;3710,320;3714,334;3719,332;3723,308;3727,336;3732,308;3736,334;3740,306;3745,332;3749,324;3753,338;3758,322;3762,336;3767,320;3771,312;3775,324;3780,310;3784,324;3788,308;3793,334;3797,326;3801,340;3806,324;3810,338;3814,322;3819,336;3823,326;3827,312;3832,326;3836,310;3841,324;3845,322;3849,342;3854,326;3858,340;3862,326;3867,338;3871,330;3875,314;3880,328;3884,312;3888,326;3893,312;3897,330;3901,330;3906,330;3910,328;3915,340;3919,318;3923,316;3928,330;3932,314;3936,342;3941,328;3945,318;3949,316;3954,330;3958,330;3962,330;3967,328;3971,320;3975,332;3980,304;3984,332;3989,316;3993,328;3997,320;4002,334;4006,318;4010,346;4015,318;4019,308;4023,322;4028,308;4032,320;4036,320;4041,332;4045,324;4049,338;4054,322;4058,336;4063,320;4067,326;4071,326;4076,310;4080,324;4084,324;4089,324;4093,328;4097,342;4102,326;4106,340;4110,324;4115,338;4119,328;4124,314;4128,326;4132,312;4137,324;4141,316;4145,330;4150,328;4154,328;4158,326;4163,340;4167,332;4171,302;4176,330;4180,316;4184,328;4189,314;4193,334;4198,320;4202,332;4206,316;4211,344;4215,322;4219,308;4224,322;4228,320;4232,320;4237,306;4241,338;4245,324;4250,338;4254,322;4259,334;4263,320;4267,312;4272,326;4276,310;4280,324;4285,308;4289,330;4293,328;4298,328;4302,326;4306,338;4311,324;4315,302;4319,328;4324,312;4328,326;4333,310;4337,324;4341,330;4346,342;4350,328;4354,340;4359,324;4363,304;4367,330;4372,314;4376,328;4380,312;4385,326;4389,318;4393,344;4398,316;4402,342;4407,328;4411,304;4415,318;4420,302;4424,316;4428,300;4433,314;4437,318;4441,332;4446,316;4450,330;4454,314;4459,328;4463,318;4467,304;4472,314;4476,302;4481,314;4485,320;4489,320;4494,318;4498,332;4502,316;4507,330;4511,320;4515,306;4520,320;4524,304;4528,316;4533,302;4537,322;4541,320;4546,320;4550,318;4555,318;4559,310;4563,294;4568,308;4572,292;4576,320;4581,304;4585,324;4589,308;4594,322;4598,320;4602,320;4607,318;4611,296;4615,308;4620,294;4624,308;4629,306;4633,326;4637,310;4642,324;4646,308;4650,322;4655,306;4659,298;4663,310;4668,294;4672,308;4676,294;4681,306;4685,312;4690,324;4694,310;4698,322;4703,308;4707,298;4711,312;4716,296;4720,310;4724,294;4729,308;4733,312;4737,326;4742,312;4746,324;4750,310;4755,300;4759,314;4764,298;4768,324;4772,310;4777,322;4781,314;4785,328;4790,312;4794,324;4798,310;4803,336;4807,312;4811,298;4816,310;4820,308;4824,308;4829,312;4833,326;4838,310;4842,324;4846,308;4851,334;4855,312;4859,296;4864,310;4868,308;4872,322;4877,306;4881,326;4885,324;4890,324;4894,308;4898,320;4903,312;4907,298;4912,310;4916,308;4920,322;4925,292;4929,326;4933,312;4938,324;4942,308;4946,322;4951,320;4955,296;4959,310;4964,294;4968,308;4973,292;4977,320;4981,310;4986,324;4990,308;4994,322;4999,320;5003,298;5007,310;5012,294;5016,308;5020,292;5025,306;5029,312;5033,324;5038,310;5042,322;5047,308;5051,298;5055,310;5060,296;5064,308;5068,294;5073,306;5077,312;5081,310;5086,310;5090,322;5094,322;5099,320;5103,310;5107,296;5112,308;5116,294;5121,306;5125,312;5129,324;5134,310;5138,322;5142,322;5147,320;5151,312;5155,296;5160,310;5164,294;5168,320;5173,306;5177,326;5181,310;5186,338;5190,322;5195,322;5199,312;5203,296;5208,310;5212,294;5216,322;5221,306;5225,326;5229,310;5234,338;5238,322;5242,332;5247,320;5251,310;5256,310;5260,296;5264,308;5269,306;5273,326;5277,312;5282,324;5286,310;5290,322;5295,322;5299,312;5303,312;5308,298;5312,310;5316,308;5321,310;5325,314;5330,328;5334,312;5338,324;5343,310;5347,300;5351,314;5356,298;5360,312;5364,296;5369,308;5373,314;5377,328;5382,312;5386,326;5390,310;5395,302;5399,314;5404,298;5408,312;5412,296;5417,310;5421,314;5425,328;5430,312;5434,326;5438,310;5443,324;5447,300;5451,300;5456,312;5460,298;5464,310;5469,316;5473,314;5478,312;5482,312;5486,310;5491,324;5495,300;5499,300;5504,312;5508,298;5512,310;5517,294;5521,328;5525,314;5530,326;5534,310;5539,324;5543,314;5547,300;5552,312;5556,298;5560,310;5565,294;5569,328;5573,314;5578,326;5582,310;5586,324;5591,310;5595,300;5599,312;5604,298;5608,310;5613,294;5617,308;5621,314;5626,326;5630,312;5634,324;5639,310;5643,300;5647,314;5652,300;5656,310;5660,296;5665,308;5669,314;5673,328;5678,312;5682,326;5687,312;5691,302;5695,316;5700,300;5704,314;5708,298;5713,312;5717,318;5721,316;5726,314;5730,328;5734,312;5739,290;5743,316;5747,302;5752,314;5756,300;5761,312;5765,318;5769,318;5774,316;5778,330;5782,314;5787,328;5791,304;5795,302;5800,302;5804,288;5808,314;5813,298;5817,318;5822,316;5826,330;5830,314;5835,314;5839,304;5843,304;5848,302;5852,302;5856,302;5861,300;5865,320;5869,304;5874,318;5878,316;5882,316;5887,306;5891,304;5896,304;5900,288;5904,302;5909,300;5913,320;5917,306;5922,318;5926,316;5930,314;5935,314;5939,306;5943,318;5948,302;5952,316;5956,300;5961,312;5965,318;5970,332;5974,316;5978,328;5983,314;5987,304;5991,318;5996,302;6000,314;6004,300;6009,312;6013,304;6017,330;6022,300;6026,312;6030,298;6035,274;6039,274;6044,272;6048,284;6052,268;6057,296;6061,288;6065,272;6070,284;6074,298;6078,282;6083,258;6087,286;6091,270;6096,282;6100,282;6104,280;6109,286;6113,284;6118,284;6122,296;6126,280;6131,294;6135,284;6139,268;6144,280;6148,264;6152,278;6157,284;6161,282;6165,280;6170,294;6174,278;6179,290;6183,296;6187,280;6192,278;6196,276;6200,290;6205,274;6209,280;6213,278;6218,292;6222,276;6226,274;6231,280;6235,278;6239,276;6244,276;6248,260;6253,258;6257,278;6261,278;6266,276;6270,274;6274,244;6279,272;6283,278;6287,276;6292,276;6296,274;6300,258;6305,278;6309,278;6313,288;6318,274;6322,244;6327,284;6331,276;6335,288;6340,272;6344,272;6348,256;6353,284;6357,288;6361,288;6366,272;6370,256;6374,270;6379,276;6383,288;6388,288;6392,286;6396,284;6401,284;6405,288;6409,288;6414,286;6418,284;6422,284;6427,274;6431,286;6435,258;6440,284;6444,270;6448,268;6453,288;6457,272;6462,286;6466,284;6470,284;6475,282;6479,286;6483,288;6488,286;6492,270;6496,282;6501,268;6505,274;6509,286;6514,286;6518,284;6522,268;6527,288;6531,272;6536,272;6540,270;6544,268;6549,268;6553,274;6557,286;6562,286;6566,284;6570,282;6575,268;6579,288;6583,286;6588,284;6592,284;6596,254;\r\nBuffer sent in 0.973 secondsreturn;buffer;965\r\n'), 10:48:41
bytearray(b'received from UR: measure -> measure (0,1)\r\nSTEPPER: Moving to mstep: 6600 with speed [msteps/sec]: 1000 in StealthChop.\r\n'), 10:48:42
bytearray(b'STEPPER: Moving to mstep: 2400 with speed [msteps/sec]: 4000 in SpreadCycle.\r\n'), 10:48:46
bytearray(b'STEPPER: Moved 4200.00 msteps (ramp: 35%) in 1324.888 ms -> average speed [msteps/sec]: 3170.08\r\nreturn;measure;965\r\n'), 10:48:48
bytearray(b'received from UR: buffer -> buffer (0,1)\r\nSending buffer of size 965data;2400,298;2404,454;2408,166;2413,278;2417,320;2421,326;2426,340;2430,324;2434,338;2439,324;2443,314;2447,314;2452,312;2456,326;2460,324;2465,338;2469,314;2474,328;2478,326;2482,326;2487,324;2491,330;2495,328;2500,312;2504,326;2508,324;2513,338;2517,316;2521,328;2526,326;2530,328;2534,326;2539,316;2543,330;2548,314;2552,328;2556,312;2561,340;2565,314;2569,330;2574,314;2578,328;2582,326;2587,340;2591,330;2595,314;2600,328;2604,312;2609,340;2613,310;2617,330;2622,314;2626,340;2630,324;2635,338;2639,328;2643,312;2648,326;2652,324;2656,336;2661,336;2665,326;2669,324;2674,326;2678,324;2683,336;2687,322;2691,312;2696,324;2700,322;2704,336;2709,334;2713,326;2717,322;2722,336;2726,320;2730,334;2735,332;2739,310;2743,324;2748,322;2752,334;2757,320;2761,318;2765,324;2770,338;2774,322;2778,336;2783,320;2787,310;2791,324;2796,322;2800,334;2804,320;2809,334;2813,324;2817,338;2822,322;2826,334;2831,320;2835,334;2839,338;2844,324;2848,322;2852,322;2857,334;2861,326;2865,338;2870,324;2874,322;2878,322;2883,334;2887,326;2891,324;2896,324;2900,322;2905,322;2909,320;2913,340;2918,326;2922,338;2926,324;2931,338;2935,330;2939,328;2944,328;2948,312;2952,326;2957,310;2961,330;2965,328;2970,328;2974,326;2979,338;2983,324;2987,330;2992,328;2996,312;3000,326;3005,310;3009,344;3013,330;3018,342;3022,326;3026,340;3031,324;3035,314;3039,328;3044,314;3048,326;3053,310;3057,324;3061,316;3066,344;3070,328;3074,328;3079,326;3083,332;3087,330;3092,314;3096,328;3100,326;3105,326;3109,316;3114,330;3118,328;3122,326;3127,326;3131,316;3135,330;3140,328;3144,326;3148,310;3153,324;3157,328;3161,328;3166,314;3170,326;3174,324;3179,338;3183,328;3188,314;3192,326;3196,310;3201,324;3205,316;3209,342;3214,326;3218,340;3222,324;3227,338;3231,328;3235,314;3240,326;3244,312;3248,324;3253,322;3257,342;3262,326;3266,338;3270,324;3275,336;3279,328;3283,314;3288,326;3292,310;3296,324;3301,322;3305,340;3309,324;3314,324;3318,322;3322,336;3327,320;3331,324;3336,322;3340,308;3344,336;3349,320;3353,340;3357,324;3362,336;3366,322;3370,334;3375,320;3379,310;3383,324;3388,308;3392,334;3396,320;3401,334;3405,322;3410,322;3414,320;3418,334;3423,318;3427,324;3431,322;3436,320;3440,332;3444,318;3449,330;3453,320;3457,320;3462,318;3466,330;3470,328;3475,326;3479,318;3484,316;3488,328;3492,314;3497,326;3501,330;3505,330;3510,314;3514,326;3518,324;3523,338;3527,328;3531,312;3536,326;3540,324;3544,338;3549,308;3553,328;3558,326;3562,338;3566,322;3571,336;3575,326;3579,310;3584,324;3588,308;3592,336;3597,306;3601,340;3605,324;3610,322;3614,320;3619,334;3623,318;3627,324;3632,322;3636,320;3640,334;3645,318;3649,338;3653,322;3658,334;3662,320;3666,332;3671,316;3675,336;3679,320;3684,318;3688,332;3693,316;3697,330;3701,322;3706,334;3710,320;3714,332;3719,318;3723,322;3727,322;3732,320;3736,334;3740,318;3745,332;3749,322;3754,336;3758,320;3762,334;3767,320;3771,324;3775,324;3780,310;3784,336;3788,320;3793,334;3797,310;3801,324;3806,322;3810,334;3814,320;3819,332;3823,324;3828,308;3832,322;3836,320;3841,334;3845,310;3849,324;3854,322;3858,336;3862,320;3867,334;3871,324;3875,308;3880,334;3884,320;3888,332;3893,314;3897,336;3902,320;3906,334;3910,318;3915,330;3919,322;3923,306;3928,320;3932,304;3936,318;3941,316;3945,336;3949,320;3954,332;3958,318;3962,330;3967,316;3971,320;3976,334;3980,318;3984,346;3989,330;3993,322;3997,320;4002,332;4006,318;4010,332;4015,316;4019,320;4023,334;4028,318;4032,332;4036,330;4041,328;4045,320;4050,332;4054,316;4058,330;4063,314;4067,320;4071,332;4076,318;4080,330;4084,330;4089,328;4093,318;4097,332;4102,316;4106,326;4110,314;4115,326;4119,332;4124,316;4128,330;4132,314;4137,328;4141,318;4145,332;4150,318;4154,330;4158,314;4163,328;4167,332;4171,318;4176,344;4180,328;4184,328;4189,312;4193,330;4198,330;4202,330;4206,314;4211,326;4215,332;4219,316;4224,328;4228,328;4232,326;4237,312;4241,330;4245,314;4250,328;4254,312;4258,324;4263,322;4267,314;4272,326;4276,312;4280,324;4285,310;4289,328;4293,328;4298,340;4302,324;4306,324;4311,322;4315,328;4319,340;4324,310;4328,324;4333,322;4337,334;4341,326;4346,326;4350,324;4354,336;4359,322;4363,312;4367,326;4372,310;4376,336;4380,320;4385,334;4389,324;4393,338;4398,322;4402,336;4407,320;4411,310;4415,310;4420,308;4424,320;4428,306;4433,320;4437,308;4441,322;4446,308;4450,320;4454,306;4459,318;4463,308;4467,308;4472,320;4476,318;4481,318;4485,322;4489,322;4494,306;4498,320;4502,318;4507,316;4511,322;4515,306;4520,318;4524,304;4528,316;4533,300;4537,320;4541,318;4546,318;4550,316;4555,316;4559,306;4563,292;4568,318;4572,304;4576,316;4581,300;4585,320;4589,304;4594,318;4598,316;4602,328;4607,314;4611,290;4615,316;4620,302;4624,314;4629,314;4633,318;4637,302;4642,316;4646,314;4650,312;4655,310;4659,302;4663,314;4668,300;4672,298;4676,296;4681,310;4685,314;4689,314;4694,312;4698,326;4703,310;4707,302;4711,312;4716,298;4720,310;4724,310;4729,308;4733,312;4737,314;4742,310;4746,310;4750,308;4755,300;4759,312;4764,310;4768,324;4772,308;4777,320;4781,312;4785,324;4790,310;4794,322;4798,306;4803,334;4807,324;4811,324;4816,320;4820,308;4824,318;4829,310;4833,324;4838,308;4842,320;4846,306;4851,320;4855,322;4859,322;4864,306;4868,306;4872,318;4877,314;4881,310;4885,306;4890,320;4894,318;4899,316;4903,316;4907,306;4912,306;4916,304;4920,316;4925,302;4929,320;4933,318;4938,316;4942,316;4946,330;4951,314;4955,304;4959,318;4964,316;4968,316;4973,300;4977,320;4981,304;4986,316;4990,316;4994,316;4999,312;5003,304;5007,318;5012,316;5016,314;5020,300;5025,312;5029,304;5033,316;5038,300;5042,314;5047,312;5051,304;5055,316;5060,316;5064,314;5068,298;5073,312;5077,302;5081,316;5086,300;5090,314;5094,312;5099,310;5103,302;5107,300;5112,312;5116,312;5121,324;5125,300;5129,314;5134,312;5138,312;5142,310;5147,322;5151,314;5155,298;5160,312;5164,296;5168,322;5173,308;5177,326;5181,310;5186,324;5190,308;5195,334;5199,326;5203,310;5208,324;5212,308;5216,320;5221,306;5225,324;5229,308;5234,322;5238,306;5242,334;5247,318;5251,308;5255,308;5260,292;5264,306;5269,302;5273,322;5277,306;5282,318;5286,304;5290,316;5295,314;5299,320;5303,318;5308,304;5312,316;5316,302;5321,314;5325,318;5330,318;5334,316;5338,328;5343,312;5347,304;5351,316;5356,302;5360,314;5364,298;5369,312;5373,316;5377,316;5382,314;5386,314;5390,312;5395,302;5399,302;5404,300;5408,314;5412,300;5417,312;5421,316;5425,314;5430,312;5434,312;5438,310;5443,308;5447,312;5451,310;5456,310;5460,308;5465,320;5469,296;5473,310;5478,308;5482,308;5486,306;5491,306;5495,310;5499,294;5504,308;5508,306;5512,318;5517,318;5521,308;5525,306;5530,320;5534,304;5539,316;5543,308;5547,292;5552,318;5556,304;5560,316;5565,300;5569,320;5573,318;5578,332;5582,316;5586,330;5591,314;5595,304;5599,318;5604,302;5608,316;5613,302;5617,320;5621,304;5626,316;5630,302;5634,328;5639,314;5643,318;5647,304;5652,302;5656,314;5660,314;5665,312;5669,318;5673,316;5678,316;5682,314;5687,312;5691,304;5695,316;5700,316;5704,314;5708,312;5713,312;5717,318;5721,330;5726,314;5730,314;5734,312;5739,312;5743,316;5747,300;5752,314;5756,298;5761,310;5765,302;5769,316;5774,314;5778,314;5782,312;5787,312;5791,316;5795,302;5800,314;5804,298;5808,312;5813,296;5817,316;5821,302;5826,314;5830,298;5835,310;5839,302;5843,302;5848,302;5852,300;5856,298;5861,298;5865,316;5869,302;5874,314;5878,312;5882,310;5887,310;5891,302;5896,314;5900,300;5904,312;5909,298;5913,316;5917,314;5922,314;5926,312;5930,312;5935,310;5939,302;5943,316;5948,300;5952,314;5956,298;5961,312;5965,304;5970,316;5974,314;5978,314;5983,312;5987,302;5991,316;5996,302;6000,314;6004,300;6009,312;6013,304;6017,318;6022,302;6026,300;6030,286;6035,276;6039,276;6044,274;6048,274;6052,272;6057,286;6061,290;6065,290;6070,288;6074,274;6078,272;6083,278;6087,276;6091,290;6096,288;6100,288;6104,272;6109,292;6113,290;6118,290;6122,288;6126,288;6131,286;6135,290;6139,276;6144,288;6148,288;6152,286;6157,278;6161,248;6165,290;6170,290;6174,288;6178,300;6183,278;6187,262;6192,290;6196,274;6200,286;6205,258;6209,290;6213,290;6218,288;6222,288;6226,286;6231,276;6235,276;6239,274;6244,288;6248,286;6252,286;6257,276;6261,274;6266,260;6270,272;6274,272;6279,284;6283,262;6287,274;6292,246;6296,286;6300,270;6305,262;6309,276;6313,288;6318,286;6322,272;6327,284;6331,276;6335,288;6340,258;6344,286;6348,270;6353,282;6357,288;6361,286;6366,272;6370,256;6374,284;6379,288;6383,288;6387,286;6392,270;6396,284;6401,280;6405,286;6409,298;6414,284;6418,282;6422,280;6427,250;6431,284;6435,270;6440,282;6444,266;6448,264;6453,284;6457,282;6461,280;6466,252;6470,278;6475,292;6479,268;6483,268;6488,278;6492,278;6496,276;6501,276;6505,280;6509,280;6514,250;6518,276;6522,290;6527,280;6531,280;6536,292;6540,278;6544,276;6549,274;6553,280;6557,278;6562,248;6566,276;6570,288;6575,280;6579,278;6583,292;6588,276;6592,274;6596,274;\r\nBuffer sent in 0.973 secondsreturn;buffer;965\r\n'), 10:48:50
bytearray(b'received from UR: measure -> measure (0,1)\r\nSTEPPER: Moving to mstep: 6600 with speed [msteps/sec]: 1000 in StealthChop.\r\n'), 10:48:51
bytearray(b'STEPPER: Moving to mstep: 2400 with speed [msteps/sec]: 4000 in SpreadCycle.\r\n'), 10:48:55
bytearray(b'STEPPER: Moved 4200.00 msteps (ramp: 35%) in 1324.880 ms -> average speed [msteps/sec]: 3170.10\r\nreturn;measure;965\r\n'), 10:48:56
bytearray(b'received from UR: buffer -> buffer (0,1)\r\nSending buffer of size 965data;2400,308;2404,452;2408,162;2413,276;2417,318;2421,324;2426,338;2430,322;2434,334;2439,320;2443,324;2447,324;2452,308;2456,322;2460,320;2465,334;2469,324;2474,338;2478,324;2482,336;2487,320;2491,314;2495,326;2500,310;2504,324;2508,322;2513,322;2517,326;2521,340;2526,324;2530,338;2534,322;2539,336;2543,326;2548,312;2552,326;2556,310;2561,322;2565,328;2569,342;2574,326;2578,340;2582,324;2587,338;2591,328;2595,312;2600,326;2604,310;2608,324;2613,310;2617,344;2622,326;2626,342;2630,326;2635,338;2639,330;2643,314;2648,328;2652,314;2656,326;2661,312;2665,344;2669,330;2674,330;2678,328;2682,340;2687,326;2691,316;2696,330;2700,314;2704,328;2709,312;2713,332;2717,332;2722,332;2726,330;2730,342;2735,328;2739,304;2743,332;2748,316;2752,330;2756,314;2761,328;2765,332;2770,332;2774,318;2778,344;2783,328;2787,306;2791,334;2796,318;2800,332;2804,302;2809,330;2813,322;2817,336;2822,320;2826,346;2831,330;2835,308;2839,322;2844,320;2848,332;2852,318;2857,330;2861,322;2865,336;2870,320;2874,334;2878,332;2883,332;2887,324;2891,322;2896,322;2900,308;2905,334;2909,318;2913,338;2918,322;2922,336;2926,336;2931,334;2935,326;2939,310;2944,324;2948,308;2952,336;2957,320;2961,340;2965,324;2970,338;2974,322;2979,336;2983,328;2987,312;2992,326;2996,310;3000,324;3005,308;3009,342;3013,326;3018,340;3022,326;3026,338;3031,322;3035,314;3039,328;3044,312;3048,326;3053,310;3057,324;3061,328;3066,342;3070,326;3074,340;3079,324;3083,316;3087,330;3092,314;3096,328;3100,312;3105,326;3109,318;3113,332;3118,330;3122,330;3127,328;3131,318;3135,332;3140,304;3144,330;3148,314;3153,328;3157,320;3161,332;3166,330;3170,332;3174,316;3179,342;3183,334;3187,304;3192,332;3196,316;3201,330;3205,322;3209,348;3214,320;3218,332;3222,316;3227,330;3231,322;3235,320;3240,332;3244,332;3248,318;3253,316;3257,336;3262,320;3266,334;3270,318;3275,332;3279,324;3283,324;3288,336;3292,334;3296,320;3301,318;3305,338;3309,322;3314,336;3318,320;3322,334;3327,334;3331,310;3336,324;3340,310;3344,324;3349,306;3353,334;3357,326;3362,340;3366,324;3370,338;3375,322;3379,314;3383,328;3388,312;3392,326;3396,310;3401,324;3405,328;3410,342;3414,326;3418,340;3423,324;3427,316;3431,328;3436,314;3440,326;3444,312;3449,324;3453,330;3457,342;3462,328;3466,342;3471,326;3475,316;3479,330;3484,314;3488,328;3492,312;3497,326;3501,332;3505,332;3510,330;3514,330;3518,326;3523,342;3527,332;3531,318;3536,330;3540,302;3545,328;3549,314;3553,334;3558,318;3562,332;3566,330;3571,344;3575,336;3579,320;3584,334;3588,304;3592,332;3597,316;3601,336;3605,320;3610,348;3614,318;3619,346;3623,316;3627,322;3632,322;3636,306;3640,320;3645,318;3649,338;3653,322;3658,336;3662,322;3666,334;3671,320;3675,312;3679,338;3684,324;3688,320;3693,320;3697,334;3701,324;3706,324;3710,324;3714,322;3719,320;3723,312;3727,340;3732,324;3736,324;3740,322;3745,336;3749,326;3753,326;3758,324;3762,324;3767,322;3771,314;3775,328;3780,312;3784,324;3788,310;3793,324;3797,328;3801,340;3806,326;3810,340;3814,324;3819,338;3823,328;3827,312;3832,324;3836,310;3841,324;3845,316;3849,342;3854,326;3858,340;3862,324;3867,338;3871,330;3875,314;3880,326;3884,312;3888,324;3893,310;3897,330;3902,328;3906,328;3910,326;3915,340;3919,330;3923,302;3928,328;3932,314;3936,328;3941,312;3945,332;3949,330;3954,330;3958,328;3962,342;3967,328;3971,304;3976,332;3980,316;3984,330;3989,302;3993,336;3997,320;4002,334;4006,318;4010,344;4015,330;4019,306;4023,320;4028,318;4032,318;4036,316;4041,330;4045,322;4050,334;4054,318;4058,346;4063,330;4067,308;4071,322;4076,320;4080,330;4084,318;4089,330;4093,322;4097,334;4102,320;4106,334;4110,330;4115,308;4119,322;4124,322;4128,334;4132,304;4137,332;4141,322;4145,336;4150,320;4154,332;4158,330;4163,330;4167,322;4171,320;4176,332;4180,304;4184,330;4189,316;4193,336;4198,320;4202,334;4206,332;4211,332;4215,322;4219,322;4224,320;4228,306;4232,320;4237,318;4241,338;4245,322;4250,336;4254,320;4258,334;4263,320;4267,310;4272,322;4276,308;4280,322;4285,320;4289,340;4293,322;4298,338;4302,322;4306,336;4311,322;4315,312;4319,326;4324,310;4328,324;4332,310;4337,322;4341,328;4346,342;4350,326;4354,340;4359,324;4363,316;4367,330;4372,314;4376,326;4380,312;4385,326;4389,318;4393,346;4398,316;4402,342;4406,314;4411,306;4415,320;4420,304;4424,318;4428,302;4433,316;4437,322;4441,334;4446,318;4450,332;4454,316;4459,330;4463,320;4467,306;4472,320;4476,304;4481,316;4485,310;4489,322;4494,322;4498,320;4502,320;4507,332;4511,310;4515,296;4520,322;4524,308;4528,320;4533,292;4537,326;4541,324;4546,324;4550,310;4555,322;4559,312;4563,298;4568,310;4572,296;4576,308;4581,294;4585,328;4589,312;4594,326;4598,310;4602,324;4607,308;4611,300;4616,314;4620,298;4624,310;4629,296;4633,330;4637,314;4642,328;4646,312;4650,326;4655,312;4659,302;4663,316;4668,300;4672,314;4676,298;4681,312;4685,318;4690,318;4694,316;4698,316;4703,314;4707,292;4711,306;4716,304;4720,316;4724,288;4729,314;4733,320;4737,320;4742,318;4746,332;4750,316;4755,294;4759,322;4764,306;4768,320;4772,304;4777,316;4781,322;4785,336;4790,320;4794,334;4798,318;4803,332;4807,322;4811,308;4816,320;4820,304;4824,318;4829,304;4833,336;4838,320;4842,334;4846,318;4851,330;4855,308;4859,308;4864,308;4868,306;4872,318;4877,304;4881,324;4885,308;4890,322;4894,320;4898,320;4903,312;4907,310;4912,310;4916,294;4920,322;4925,306;4929,326;4933,310;4938,324;4942,322;4946,322;4951,320;4955,298;4959,310;4964,296;4968,308;4972,294;4977,306;4981,312;4986,326;4990,310;4994,324;4999,308;5003,298;5007,312;5012,296;5016,310;5020,296;5025,308;5029,312;5033,326;5038,310;5042,310;5047,294;5051,300;5055,312;5060,312;5064,308;5068,296;5073,308;5077,314;5081,314;5086,312;5090,326;5094,310;5099,322;5103,314;5107,298;5112,312;5116,296;5121,310;5125,316;5129,316;5134,314;5138,326;5142,312;5147,324;5151,316;5155,300;5160,314;5164,298;5168,312;5173,296;5177,330;5182,314;5186,328;5190,312;5195,326;5199,318;5203,302;5208,316;5212,300;5216,314;5221,300;5225,332;5229,316;5234,332;5238,316;5242,328;5247,314;5251,306;5256,318;5260,302;5264,316;5269,302;5273,320;5277,320;5282,320;5286,318;5290,318;5295,316;5299,306;5303,306;5308,304;5312,318;5316,304;5321,316;5325,322;5330,322;5334,320;5338,320;5343,318;5347,296;5351,308;5356,294;5360,308;5364,306;5369,306;5373,310;5377,324;5382,308;5386,322;5390,306;5395,298;5399,310;5404,296;5408,310;5412,294;5417,308;5421,312;5425,326;5430,310;5434,324;5438,310;5443,322;5447,314;5451,298;5456,312;5460,298;5464,310;5469,294;5473,316;5478,314;5482,314;5486,312;5491,326;5495,302;5499,290;5504,302;5508,300;5512,314;5517,298;5521,318;5525,318;5530,316;5534,316;5538,328;5543,312;5547,290;5552,318;5556,302;5560,316;5565,300;5569,336;5573,320;5578,334;5582,318;5586,332;5591,316;5595,294;5599,322;5604,306;5608,320;5613,304;5617,318;5621,310;5626,324;5630,308;5634,336;5639,320;5643,298;5647,310;5652,310;5656,308;5660,294;5665,308;5669,314;5673,326;5678,312;5682,324;5687,310;5691,302;5695,314;5700,300;5704,312;5708,298;5713,310;5717,318;5721,318;5726,316;5730,328;5734,314;5739,290;5743,318;5747,302;5752,316;5756,302;5761,314;5765,320;5769,320;5774,306;5778,318;5782,316;5787,316;5791,308;5795,294;5800,306;5804,292;5808,306;5813,304;5817,324;5821,308;5826,322;5830,308;5835,318;5839,312;5843,298;5848,310;5852,296;5856,308;5861,294;5865,314;5869,314;5874,314;5878,312;5882,312;5887,310;5891,302;5895,300;5900,300;5904,312;5909,298;5913,318;5917,316;5922,318;5926,314;5930,314;5935,312;5939,304;5943,318;5948,288;5952,316;5956,300;5961,314;5965,320;5969,334;5974,318;5978,332;5983,316;5987,294;5991,308;5996,292;6000,318;6004,304;6009,318;6013,308;6017,322;6022,306;6026,306;6030,292;6035,282;6039,280;6044,280;6048,278;6052,278;6057,278;6061,282;6065,296;6070,294;6074,280;6078,292;6083,292;6087,284;6091,298;6096,296;6100,266;6104,280;6109,286;6113,300;6118,284;6122,284;6126,282;6131,296;6135,288;6139,274;6144,288;6148,272;6152,286;6157,278;6161,276;6165,290;6170,290;6174,288;6178,288;6183,280;6187,264;6192,278;6196,262;6200,276;6205,262;6209,280;6213,280;6218,292;6222,278;6226,290;6231,282;6235,266;6239,280;6244,280;6248,266;6253,278;6257,268;6261,282;6266,282;6270,280;6274,266;6279,280;6283,270;6287,270;6292,270;6296,268;6300,252;6305,286;6309,286;6313,284;6318,270;6322,240;6327,282;6331,274;6335,286;6340,270;6344,270;6348,256;6353,284;6357,290;6361,288;6366,274;6370,258;6374,286;6379,278;6383,290;6387,276;6392,276;6396,260;6401,288;6405,280;6409,278;6414,278;6418,292;6422,276;6427,254;6431,280;6435,268;6440,266;6444,278;6448,264;6453,284;6457,284;6461,282;6466,268;6470,280;6475,280;6479,286;6483,258;6488,284;6492,270;6496,270;6501,282;6505,274;6509,288;6514,272;6518,284;6522,284;6527,276;6531,288;6535,288;6540,286;6544,286;6549,270;6553,290;6557,276;6562,274;6566,288;6570,286;6575,272;6579,250;6583,290;6588,276;6592,288;6596,260;\r\nBuffer sent in 0.973 secondsreturn;buffer;965\r\n'), 10:48:58
bytearray(b'received from UR: measure -> measure (0,1)\r\nSTEPPER: Moving to mstep: 6600 with speed [msteps/sec]: 1000 in StealthChop.\r\n'), 10:48:59
bytearray(b'STEPPER: Moving to mstep: 2400 with speed [msteps/sec]: 4000 in SpreadCycle.\r\n'), 10:49:04
bytearray(b'STEPPER: Moved 4200.00 msteps (ramp: 35%) in 1324.888 ms -> average speed [msteps/sec]: 3170.08\r\nreturn;measure;965\r\n'), 10:49:05
bytearray(b'received from UR: buffer -> buffer (0,1)\r\nSending buffer of size 965data;2400,298;2404,454;2408,164;2413,278;2417,320;2421,326;2426,340;2430,324;2434,336;2439,322;2443,312;2447,326;2452,324;2456,338;2460,336;2465,320;2469,326;2474,340;2478,324;2482,338;2487,322;2491,312;2495,326;2500,324;2504,324;2508,322;2513,322;2517,326;2521,326;2526,324;2530,338;2534,322;2539,320;2543,326;2548,310;2552,324;2556,308;2561,320;2565,326;2569,338;2574,322;2578,336;2582,322;2587,320;2591,324;2595,322;2600,322;2604,320;2608,332;2613,318;2617,338;2622,322;2626,334;2630,318;2635,332;2639,322;2643,322;2648,320;2652,304;2656,318;2661,316;2665,336;2669,320;2674,332;2678,316;2682,330;2687,328;2691,320;2696,332;2700,330;2704,330;2709,314;2713,332;2717,330;2722,332;2726,328;2730,328;2735,328;2739,318;2743,330;2748,314;2752,328;2756,312;2761,326;2765,316;2770,330;2774,328;2778,340;2783,326;2787,316;2791,330;2796,312;2800,328;2804,312;2809,324;2813,316;2817,342;2822,326;2826,340;2830,324;2835,338;2839,328;2844,314;2848,326;2852,326;2857,324;2861,316;2865,342;2870,326;2874,340;2878,324;2883,338;2887,328;2891,312;2896,326;2900,310;2905,324;2909,322;2913,328;2918,326;2922,324;2926,324;2931,338;2935,330;2939,314;2944,326;2948,310;2952,324;2957,322;2961,330;2965,326;2970,328;2974,324;2979,338;2983,322;2987,328;2992,328;2996,312;3000,326;3005,324;3009,330;3013,314;3018,326;3022,326;3026,340;3031,324;3035,330;3039,330;3044,314;3048,328;3053,314;3057,340;3061,318;3066,318;3070,316;3074,328;3079,328;3083,318;3087,318;3092,316;3096,328;3100,314;3105,328;3109,320;3113,332;3118,316;3122,330;3127,328;3131,306;3135,320;3140,304;3144,330;3148,316;3153,342;3157,320;3161,320;3166,318;3170,332;3174,330;3179,344;3183,322;3187,306;3192,332;3196,318;3201,330;3205,322;3209,334;3214,320;3218,332;3222,318;3227,344;3231,334;3235,320;3240,318;3244,304;3248,316;3253,316;3257,336;3261,320;3266,332;3270,318;3275,330;3279,316;3283,320;3288,332;3292,332;3296,316;3301,314;3305,334;3309,318;3314,332;3318,316;3322,330;3327,316;3331,320;3335,332;3340,316;3344,330;3349,314;3353,328;3357,320;3362,332;3366,316;3370,330;3375,314;3379,320;3383,332;3388,330;3392,330;3396,314;3401,328;3405,318;3410,332;3414,330;3418,330;3423,314;3427,320;3431,332;3436,332;3440,328;3444,316;3449,328;3453,320;3457,334;3462,318;3466,330;3470,316;3475,330;3479,334;3484,334;3488,318;3492,318;3497,330;3501,322;3505,334;3510,318;3514,318;3518,318;3523,330;3527,336;3531,306;3536,320;3540,304;3544,332;3549,316;3553,338;3558,322;3562,322;3566,320;3571,334;3575,340;3579,324;3584,324;3588,308;3592,334;3597,320;3601,340;3605,324;3610,336;3614,320;3618,334;3623,318;3627,310;3632,324;3636,308;3640,334;3645,320;3649,340;3653,324;3658,336;3662,320;3666,334;3671,320;3675,324;3679,324;3684,322;3688,322;3693,320;3697,332;3701,324;3706,324;3710,322;3714,334;3719,320;3723,324;3727,324;3732,308;3736,334;3740,320;3745,332;3749,324;3753,322;3758,320;3762,334;3767,318;3771,332;3775,322;3780,320;3784,334;3788,318;3793,332;3797,322;3801,322;3806,320;3810,334;3814,332;3819,332;3823,322;3827,320;3832,334;3836,318;3840,332;3845,330;3849,322;3854,320;3858,334;3862,318;3867,332;3871,322;3875,320;3880,334;3884,318;3888,332;3893,330;3897,322;3901,320;3906,334;3910,332;3915,332;3919,316;3923,308;3928,334;3932,320;3936,334;3941,318;3945,322;3949,322;3954,334;3958,334;3962,334;3967,318;3971,310;3975,336;3980,320;3984,334;3989,318;3993,332;3997,324;4002,336;4006,322;4010,334;4015,320;4019,310;4023,324;4028,322;4032,336;4036,334;4041,320;4045,324;4049,338;4054,322;4058,336;4063,320;4067,312;4071,326;4076,324;4080,338;4084,336;4089,322;4093,326;4097,326;4102,324;4106,324;4110,322;4115,322;4119,326;4124,312;4128,338;4132,324;4137,322;4141,328;4145,326;4150,326;4154,338;4158,324;4163,336;4167,328;4171,314;4176,326;4180,312;4184,324;4189,308;4193,342;4198,328;4202,340;4206,326;4211,338;4215,330;4219,314;4224,328;4228,312;4232,312;4237,310;4241,330;4245,316;4250,328;4254,312;4258,326;4263,324;4267,316;4272,342;4276,328;4280,326;4285,312;4289,332;4293,330;4298,330;4302,328;4306,326;4311,324;4315,316;4319,328;4324,326;4328,326;4332,312;4337,324;4341,330;4346,328;4350,326;4354,326;4359,324;4363,316;4367,328;4372,314;4376,328;4380,310;4385,324;4389,314;4393,342;4398,314;4402,340;4406,324;4411,302;4415,316;4420,314;4424,326;4428,310;4433,324;4437,314;4441,328;4446,312;4450,326;4454,310;4459,338;4463,314;4467,298;4472,312;4476,312;4480,322;4485,308;4489,326;4494,312;4498,324;4502,310;4507,322;4511,314;4515,312;4520,324;4524,310;4528,322;4533,308;4537,326;4541,312;4546,324;4550,308;4554,322;4559,320;4563,298;4568,310;4572,294;4576,308;4581,306;4585,326;4589,310;4594,324;4598,308;4602,320;4607,304;4611,310;4615,322;4620,306;4624,306;4629,304;4633,318;4637,308;4642,308;4646,304;4650,306;4655,304;4659,310;4663,308;4668,308;4672,306;4676,304;4681,318;4685,310;4689,310;4694,308;4698,306;4703,306;4707,310;4711,310;4716,296;4720,308;4724,292;4729,318;4733,310;4737,310;4742,306;4746,306;4750,306;4755,318;4759,322;4764,308;4768,320;4772,304;4777,318;4781,310;4785,322;4790,320;4794,332;4798,316;4803,330;4807,320;4811,306;4816,318;4820,304;4824,316;4829,308;4833,322;4838,306;4842,318;4846,302;4851,316;4855,320;4859,304;4864,320;4868,318;4872,316;4877,316;4881,322;4885,320;4890,320;4894,318;4898,318;4903,316;4907,308;4912,320;4916,304;4920,316;4925,302;4929,322;4933,320;4938,320;4942,318;4946,316;4951,314;4955,306;4959,304;4964,290;4968,316;4972,302;4977,314;4981,306;4986,318;4990,304;4994,316;4999,302;5003,306;5007,306;5012,304;5016,318;5020,302;5025,316;5029,306;5033,306;5038,304;5042,318;5046,304;5051,308;5055,322;5060,320;5064,306;5068,304;5073,304;5077,310;5081,322;5086,322;5090,320;5094,304;5099,318;5103,308;5107,308;5112,322;5116,306;5120,304;5125,310;5129,324;5134,308;5138,320;5142,320;5147,318;5151,310;5155,308;5160,322;5164,306;5168,320;5173,304;5177,324;5181,322;5186,308;5190,306;5195,320;5199,310;5203,308;5208,322;5212,308;5216,306;5221,304;5225,336;5229,320;5234,306;5238,304;5242,318;5247,316;5251,322;5255,306;5260,318;5264,318;5269,304;5273,322;5277,308;5282,320;5286,304;5290,318;5295,316;5299,308;5303,308;5308,306;5312,306;5316,304;5321,316;5325,308;5329,308;5334,306;5338,306;5343,306;5347,310;5351,324;5356,308;5360,308;5364,306;5369,320;5373,310;5377,324;5382,310;5386,322;5390,308;5395,300;5399,312;5404,298;5408,310;5412,296;5417,306;5421,314;5425,314;5430,312;5434,310;5438,308;5443,324;5447,314;5451,312;5456,310;5460,296;5464,308;5469,294;5473,314;5478,312;5482,310;5486,310;5491,308;5495,314;5499,300;5504,312;5508,298;5512,310;5517,296;5521,316;5525,312;5530,312;5534,310;5538,310;5543,308;5547,300;5552,328;5556,298;5560,324;5565,310;5569,316;5573,300;5578,312;5582,310;5586,324;5591,308;5595,300;5599,312;5604,298;5608,310;5612,310;5617,308;5621,314;5626,312;5630,308;5634,324;5639,308;5643,314;5647,312;5652,312;5656,324;5660,308;5665,308;5669,312;5673,312;5678,310;5682,324;5687,308;5691,312;5695,310;5700,310;5704,308;5708,308;5713,306;5717,310;5721,324;5726,322;5730,322;5734,320;5739,296;5743,322;5747,308;5752,320;5756,306;5761,304;5765,310;5769,322;5774,308;5778,320;5782,304;5787,318;5791,310;5795,308;5800,322;5804,306;5808,306;5813,302;5817,324;5821,308;5826,308;5830,306;5835,306;5839,310;5843,308;5848,308;5852,306;5856,306;5861,290;5865,324;5869,308;5874,322;5878,306;5882,306;5887,304;5891,296;5895,308;5900,306;5904,320;5909,304;5913,310;5917,308;5922,308;5926,306;5930,306;5935,304;5939,308;5943,308;5948,294;5952,306;5956,304;5961,318;5965,308;5970,320;5974,320;5978,320;5983,304;5987,294;5991,308;5996,306;6000,318;6004,302;6009,302;6013,308;6017,320;6022,306;6026,304;6030,302;6035,278;6039,278;6044,276;6048,274;6052,272;6057,286;6061,278;6065,276;6070,288;6074,274;6078,286;6083,276;6087,290;6091,260;6096,286;6100,286;6104,284;6109,274;6113,274;6118,286;6122,256;6126,284;6131,296;6135,272;6139,270;6144,284;6148,268;6152,280;6157,264;6161,284;6165,284;6170,282;6174,280;6179,266;6183,270;6187,268;6192,282;6196,266;6200,278;6205,278;6209,282;6213,282;6218,294;6222,292;6226,292;6231,268;6235,254;6239,280;6244,280;6248,278;6253,290;6257,266;6261,266;6266,236;6270,276;6274,276;6279,276;6283,280;6287,294;6292,278;6296,276;6300,276;6305,266;6309,280;6313,292;6318,292;6322,276;6327,274;6331,280;6335,294;6340,278;6344,290;6348,274;6353,288;6357,278;6361,290;6366,290;6370,288;6374,272;6379,278;6383,290;6387,276;6392,274;6396,272;6401,282;6405,276;6409,290;6414,274;6418,272;6422,286;6427,284;6431,276;6435,274;6440,286;6444,272;6448,270;6453,288;6457,288;6461,286;6466,286;6470,284;6475,270;6479,288;6483,286;6488,272;6492,284;6496,268;6501,272;6505,272;6509,284;6514,268;6518,282;6522,280;6527,272;6531,254;6535,282;6540,280;6544,280;6549,278;6553,256;6557,282;6562,296;6566,280;6570,292;6575,268;6579,268;6583,266;6588,252;6592,278;6596,278;\r\nBuffer sent in 0.973 secondsreturn;buffer;965\r\n'), 10:49:07
bytearray(b'received from UR: measure -> measure (0,1)\r\nSTEPPER: Moving to mstep: 6600 with speed [msteps/sec]: 1000 in StealthChop.\r\n'), 10:49:08
bytearray(b'STEPPER: Moving to mstep: 2400 with speed [msteps/sec]: 4000 in SpreadCycle.\r\n'), 10:49:12
bytearray(b'STEPPER: Moved 4200.00 msteps (ramp: 35%) in 1324.888 ms -> average speed [msteps/sec]: 3170.08\r\nreturn;measure;965\r\n'), 10:49:14
bytearray(b'received from UR: buffer -> buffer (0,1)\r\nSending buffer of size 965data;2400,300;2404,452;2408,162;2413,276;2417,318;2421,324;2426,336;2430,322;2434,336;2439,320;2443,326;2447,324;2452,324;2456,322;2460,320;2465,334;2469,324;2474,324;2478,324;2482,336;2487,322;2491,312;2495,326;2500,324;2504,324;2508,310;2513,324;2517,328;2521,342;2526,326;2530,340;2534,322;2539,302;2543,328;2548,314;2552,328;2556,312;2561,326;2565,330;2569,344;2574,328;2578,342;2582,326;2587,342;2591,332;2595,316;2600,330;2604,300;2608,328;2613,312;2617,334;2622,318;2626,332;2630,330;2635,344;2639,322;2643,320;2648,320;2652,304;2656,332;2661,318;2665,336;2669,322;2674,336;2678,322;2682,334;2687,318;2691,310;2696,324;2700,324;2704,322;2709,306;2713,320;2717,326;2722,338;2726,324;2730,338;2735,322;2739,312;2743,326;2748,310;2752,324;2756,308;2761,336;2765,326;2770,340;2774,324;2778,338;2783,322;2787,314;2791,326;2796,312;2800,326;2804,310;2809,324;2813,316;2817,342;2822,326;2826,340;2830,324;2835,316;2839,330;2844,314;2848,328;2852,314;2857,326;2861,318;2865,330;2870,316;2874,330;2878,328;2883,328;2887,332;2891,316;2896,330;2900,314;2905,326;2909,312;2913,332;2918,330;2922,344;2926,328;2931,342;2935,332;2939,318;2944,330;2948,302;2952,328;2957,312;2961,332;2965,316;2970,344;2974,328;2979,342;2983,326;2987,318;2992,330;2996,302;3000,330;3005,314;3009,334;3013,318;3018,334;3022,330;3026,344;3031,328;3035,320;3039,334;3044,306;3048,332;3053,316;3057,330;3061,320;3066,334;3070,320;3074,332;3079,318;3083,322;3087,322;3092,306;3096,320;3100,318;3105,330;3109,322;3113,334;3118,334;3122,332;3127,330;3131,308;3135,334;3140,306;3144,332;3148,318;3153,330;3157,322;3161,336;3166,320;3170,334;3174,318;3179,346;3183,336;3187,308;3192,334;3196,320;3201,332;3205,324;3209,338;3214,322;3218,336;3222,320;3227,348;3231,324;3235,308;3240,322;3244,320;3248,320;3253,318;3257,338;3261,322;3266,336;3270,320;3275,334;3279,324;3283,310;3288,322;3292,322;3296,320;3301,318;3305,338;3309,322;3314,336;3318,320;3322,334;3327,332;3331,310;3335,322;3340,308;3344,334;3349,304;3353,330;3357,322;3362,334;3366,320;3370,332;3375,328;3379,308;3383,322;3388,318;3392,332;3396,302;3401,330;3405,322;3410,334;3414,318;3418,346;3423,330;3427,306;3431,320;3436,318;3440,332;3444,316;3449,328;3453,320;3457,334;3462,318;3466,332;3470,330;3475,306;3479,332;3484,318;3488,330;3492,314;3497,328;3501,332;3505,330;3510,318;3514,330;3518,328;3523,340;3527,332;3531,316;3536,330;3540,314;3544,328;3549,312;3553,332;3558,330;3562,342;3566,326;3571,340;3575,330;3579,314;3584,328;3588,312;3592,324;3597,310;3601,342;3605,326;3610,340;3614,324;3618,338;3623,322;3627,314;3632,326;3636,310;3640,324;3645,322;3649,342;3653,326;3658,340;3662,324;3666,338;3671,322;3675,314;3679,326;3684,310;3688,324;3692,322;3697,322;3701,326;3706,340;3710,324;3714,338;3719,322;3723,314;3727,328;3732,312;3736,338;3740,310;3745,324;3749,328;3753,328;3758,326;3762,338;3766,322;3771,314;3775,328;3780,312;3784,326;3788,310;3793,324;3797,328;3801,342;3806,326;3810,340;3814,324;3819,338;3823,330;3827,314;3832,326;3836,312;3841,324;3845,322;3849,342;3854,326;3858,340;3862,324;3867,338;3871,328;3875,314;3880,326;3884,312;3888,324;3893,310;3897,328;3901,326;3906,340;3910,324;3915,338;3919,322;3923,314;3928,326;3932,310;3936,324;3941,308;3945,342;3949,326;3954,340;3958,324;3962,336;3967,322;3971,312;3975,326;3980,310;3984,336;3989,306;3993,334;3997,324;4002,338;4006,320;4010,334;4015,318;4019,308;4023,322;4028,306;4032,318;4036,316;4041,328;4045,320;4049,346;4054,318;4058,344;4063,328;4067,320;4071,332;4076,316;4080,330;4084,314;4089,326;4093,318;4097,330;4102,330;4106,328;4110,326;4115,340;4119,330;4124,314;4128,328;4132,312;4137,326;4141,316;4145,330;4150,328;4154,340;4158,324;4163,338;4167,328;4171,312;4176,326;4180,310;4184,324;4189,308;4193,342;4198,326;4202,340;4206,324;4211,338;4215,328;4219,312;4224,326;4228,310;4232,324;4237,310;4241,342;4245,326;4250,340;4254,324;4258,338;4263,322;4267,314;4272,326;4276,310;4280,324;4285,308;4289,328;4293,326;4298,328;4302,324;4306,338;4311,322;4315,314;4319,326;4324,310;4328,324;4332,308;4337,322;4341,326;4346,340;4350,324;4354,336;4359,322;4363,312;4367,324;4372,310;4376,336;4380,308;4385,334;4389,324;4393,338;4398,322;4402,336;4406,320;4411,298;4415,324;4420,308;4424,322;4428,306;4433,320;4437,312;4441,324;4446,308;4450,336;4454,320;4459,334;4463,310;4467,308;4472,308;4476,306;4480,320;4485,304;4489,324;4494,322;4498,322;4502,320;4507,320;4511,312;4515,310;4520,310;4524,294;4528,320;4533,306;4537,324;4541,310;4546,322;4550,320;4554,318;4559,310;4563,294;4568,308;4572,292;4576,320;4581,304;4585,324;4589,308;4594,322;4598,320;4602,320;4607,318;4611,296;4615,308;4620,294;4624,306;4629,306;4633,304;4637,310;4642,324;4646,308;4650,322;4655,306;4659,298;4663,310;4668,296;4672,308;4676,294;4681,306;4685,312;4690,326;4694,310;4698,322;4703,308;4707,298;4711,312;4716,296;4720,310;4724,294;4729,308;4733,312;4737,326;4742,312;4746,324;4750,310;4755,300;4759,312;4764,298;4768,312;4772,310;4777,322;4781,314;4785,328;4790,312;4794,326;4798,310;4803,338;4807,314;4811,296;4816,310;4820,308;4824,308;4829,306;4833,326;4838,310;4842,324;4846,308;4851,334;4855,312;4859,296;4864,310;4868,308;4872,320;4877,306;4881,326;4885,324;4890,322;4894,322;4898,320;4903,318;4907,310;4912,310;4916,308;4920,320;4925,292;4929,324;4933,324;4938,322;4942,320;4946,320;4951,318;4955,296;4959,310;4964,294;4968,308;4972,292;4977,318;4981,310;4986,324;4990,308;4994,320;4999,306;5003,296;5007,310;5012,294;5016,308;5020,292;5025,306;5029,310;5033,324;5038,308;5042,320;5046,306;5051,296;5055,310;5060,294;5064,308;5068,292;5073,306;5077,310;5081,310;5086,308;5090,322;5094,320;5099,318;5103,310;5107,294;5112,308;5116,292;5121,306;5125,310;5129,324;5134,308;5138,320;5142,318;5147,318;5151,310;5155,294;5160,322;5164,292;5168,318;5173,304;5177,324;5181,308;5186,336;5190,320;5195,334;5199,310;5203,296;5208,308;5212,292;5216,320;5221,304;5225,324;5229,308;5234,336;5238,320;5242,334;5247,318;5251,310;5255,308;5260,308;5264,308;5269,306;5273,324;5277,310;5282,322;5286,322;5290,320;5295,318;5299,312;5303,310;5308,296;5312,308;5316,306;5321,320;5325,312;5329,324;5334,310;5338,322;5343,308;5347,298;5351,312;5356,296;5360,310;5364,294;5369,308;5373,312;5377,326;5382,310;5386,324;5390,308;5395,300;5399,312;5403,298;5408,310;5412,296;5417,308;5421,314;5425,328;5430,312;5434,326;5438,310;5443,322;5447,314;5451,298;5456,312;5460,298;5464,310;5469,300;5473,300;5478,312;5482,312;5486,310;5491,296;5495,302;5499,300;5504,314;5508,298;5512,324;5517,310;5521,314;5525,314;5530,314;5534,312;5538,324;5543,310;5547,300;5552,314;5556,298;5560,312;5565,296;5569,330;5573,316;5578,328;5582,314;5586,326;5591,312;5595,304;5599,316;5604,302;5608,314;5612,300;5617,312;5621,318;5626,332;5630,316;5634,330;5639,314;5643,306;5647,304;5652,302;5656,316;5660,300;5665,314;5669,318;5673,332;5678,316;5682,316;5686,314;5691,306;5695,304;5700,304;5704,316;5708,302;5713,314;5717,318;5721,320;5726,318;5730,318;5734,316;5739,328;5743,320;5747,290;5752,318;5756,302;5761,316;5765,306;5769,320;5774,318;5778,318;5782,316;5787,330;5791,306;5795,290;5800,304;5804,302;5808,302;5813,302;5817,322;5821,320;5826,320;5830,304;5835,318;5839,308;5843,292;5848,306;5852,306;5856,304;5861,290;5865,324;5869,308;5874,320;5878,306;5882,318;5887,316;5891,294;5895,308;5900,292;5904,306;5909,290;5913,324;5917,310;5922,322;5926,308;5930,320;5935,318;5939,296;5943,308;5948,292;5952,320;5956,290;5961,318;5965,310;5969,322;5974,308;5978,334;5983,318;5987,296;5991,310;5996,294;6000,308;6004,292;6009,318;6013,308;6017,324;6022,308;6026,308;6030,306;6035,284;6039,282;6043,282;6048,268;6052,266;6057,278;6061,284;6065,284;6070,284;6074,296;6078,280;6083,294;6087,284;6091,270;6096,282;6100,282;6104,294;6109,272;6113,272;6117,284;6122,284;6126,284;6131,268;6135,288;6139,274;6144,286;6148,272;6152,272;6157,284;6161,276;6165,288;6170,274;6174,288;6178,286;6183,278;6187,248;6192,290;6196,276;6200,288;6205,286;6209,250;6213,278;6218,292;6222,290;6226,288;6231,266;6235,252;6239,278;6244,278;6248,290;6252,260;6257,282;6261,280;6266,292;6270,278;6274,262;6279,276;6283,252;6287,280;6292,280;6296,278;6300,278;6305,240;6309,280;6313,294;6318,280;6322,278;6327,278;6331,270;6335,284;6340,252;6344,294;6348,266;6353,292;6357,284;6361,296;6366,282;6370,280;6374,280;6379,286;6383,284;6387,284;6392,282;6396,268;6401,282;6405,272;6409,286;6414,284;6418,284;6422,270;6427,240;6431,286;6435,286;6440,286;6444,270;6448,284;6453,288;6457,290;6461,288;6466,272;6470,286;6475,272;6479,290;6483,276;6488,274;6492,288;6496,286;6501,258;6505,292;6509,290;6514,290;6518,288;6522,274;6527,266;6531,264;6535,278;6540,262;6544,276;6549,246;6553,294;6557,280;6562,278;6566,276;6570,248;6575,274;6579,280;6583,294;6588,278;6592,278;6596,262;\r\nBuffer sent in 0.973 secondsreturn;buffer;965\r\n'), 10:49:16
bytearray(b'received from UR: measure -> measure (0,1)\r\nSTEPPER: Moving to mstep: 6600 with speed [msteps/sec]: 1000 in StealthChop.\r\n'), 10:49:17
bytearray(b'STEPPER: Moving to mstep: 2400 with speed [msteps/sec]: 4000 in SpreadCycle.\r\n'), 10:49:21
bytearray(b'STEPPER: Moved 4200.00 msteps (ramp: 35%) in 1324.888 ms -> average speed [msteps/sec]: 3170.08\r\nreturn;measure;965\r\n'), 10:49:22
bytearray(b'received from UR: buffer -> buffer (0,1)\r\nSending buffer of size 965data;2400,302;2404,452;2408,162;2413,276;2417,318;2421,322;2426,336;2430,320;2434,334;2439,318;2443,324;2447,324;2452,322;2456,322;2460,320;2465,320;2469,324;2474,338;2478,322;2482,322;2487,320;2491,326;2495,324;2500,324;2504,324;2508,322;2513,336;2517,326;2521,328;2526,326;2530,338;2534,324;2539,322;2543,328;2548,312;2552,326;2556,312;2561,324;2565,330;2569,342;2574,326;2578,338;2582,324;2587,338;2591,330;2595,314;2600,326;2604,312;2608,338;2613,324;2617,330;2622,314;2626,328;2630,312;2635,340;2639,330;2643,316;2648,328;2652,312;2656,326;2661,326;2665,332;2669,316;2674,328;2678,328;2683,328;2687,326;2691,332;2696,330;2700,316;2704,328;2709,328;2713,334;2717,318;2722,332;2726,316;2730,330;2735,328;2739,306;2743,334;2748,316;2752,332;2757,316;2761,330;2765,334;2770,334;2774,320;2778,332;2783,316;2787,324;2791,336;2796,320;2800,320;2804,320;2809,332;2813,324;2817,338;2822,322;2826,336;2831,334;2835,312;2839,310;2844,310;2848,338;2852,324;2857,322;2861,326;2865,340;2870,324;2874,338;2878,322;2883,336;2887,328;2891,326;2896,326;2900,324;2905,324;2909,328;2913,328;2918,326;2922,326;2926,324;2931,338;2935,330;2939,314;2944,328;2948,312;2952,340;2957,326;2961,330;2965,316;2970,330;2974,328;2979,328;2983,326;2987,304;2992,318;2996,316;3000,330;3005,314;3009,336;3013,320;3018,332;3022,318;3026,332;3031,316;3035,322;3039,322;3044,322;3048,322;3053,320;3057,326;3061,312;3066,326;3070,324;3074,338;3079,324;3083,314;3087,314;3092,312;3096,326;3100,326;3105,324;3109,316;3113,330;3118,328;3122,328;3127,326;3131,304;3135,332;3140,330;3144,330;3148,314;3153,330;3157,320;3161,334;3166,332;3170,332;3174,332;3179,344;3183,322;3188,308;3192,336;3196,320;3201,334;3205,326;3209,340;3214,324;3218,338;3222,322;3227,336;3231,328;3235,328;3240,326;3244,314;3248,326;3253,310;3257,332;3262,330;3266,344;3270,328;3275,328;3279,320;3283,320;3288,332;3292,318;3296,318;3301,330;3305,336;3309,322;3314,336;3318,320;3323,334;3327,320;3331,312;3336,324;3340,324;3344,322;3349,308;3353,328;3357,326;3362,340;3366,324;3370,324;3375,322;3379,314;3383,340;3388,326;3392,326;3397,310;3401,324;3405,328;3410,326;3414,326;3418,340;3423,324;3427,316;3431,328;3436,314;3440,326;3444,312;3449,310;3453,316;3457,330;3462,330;3466,330;3471,328;3475,318;3479,318;3484,316;3488,330;3492,330;3497,328;3501,320;3505,332;3510,320;3514,332;3518,318;3523,330;3527,322;3531,306;3536,318;3540,304;3545,318;3549,316;3553,336;3558,336;3562,334;3566,334;3571,332;3575,324;3579,324;3584,336;3588,320;3592,332;3597,318;3601,338;3605,322;3610,336;3614,320;3619,334;3623,318;3627,324;3632,322;3636,322;3640,322;3645,320;3649,340;3653,326;3658,338;3662,322;3666,336;3671,336;3675,312;3679,326;3684,310;3688,324;3693,322;3697,322;3701,328;3706,326;3710,326;3714,326;3719,324;3723,314;3727,314;3732,314;3736,340;3740,326;3745,326;3749,316;3753,330;3758,328;3762,328;3767,326;3771,318;3775,330;3780,316;3784,328;3788,314;3793,328;3797,318;3801,330;3806,316;3810,330;3814,328;3819,328;3823,320;3827,320;3832,332;3836,316;3841,330;3845,322;3849,334;3854,320;3858,334;3862,318;3867,332;3871,324;3875,322;3880,320;3884,320;3888,320;3893,318;3897,340;3902,324;3906,324;3910,322;3915,336;3919,328;3923,312;3928,324;3932,310;3936,338;3941,322;3945,328;3949,326;3954,326;3958,326;3962,338;3967,324;3971,316;3976,314;3980,312;3984,340;3989,326;3993,332;3997,316;4002,330;4006,328;4010,328;4015,326;4019,318;4023,330;4028,316;4032,330;4036,326;4041,328;4045,320;4050,332;4054,318;4058,332;4063,316;4067,322;4071,322;4076,320;4080,318;4084,332;4089,330;4093,322;4097,336;4102,322;4106,334;4110,320;4115,332;4119,324;4124,310;4128,322;4132,322;4137,336;4141,326;4145,326;4150,324;4154,324;4158,324;4163,324;4167,328;4171,314;4176,326;4180,326;4184,324;4189,316;4193,330;4198,328;4202,328;4206,326;4211,338;4215,316;4219,316;4224,328;4228,328;4232,326;4237,312;4241,332;4245,316;4250,330;4254,314;4258,328;4263,326;4267,318;4272,330;4276,330;4280,328;4285,314;4289,334;4293,318;4298,330;4302,316;4306,328;4311,328;4315,306;4319,332;4324,318;4328,330;4333,316;4337,328;4341,320;4346,334;4350,320;4354,332;4359,318;4363,322;4367,336;4372,320;4376,320;4380,318;4385,332;4389,324;4393,338;4398,322;4402,336;4407,320;4411,312;4415,324;4420,310;4424,322;4428,308;4433,320;4437,312;4441,326;4446,310;4450,324;4454,310;4459,322;4463,314;4467,312;4472,312;4476,310;4481,324;4485,316;4489,316;4494,314;4498,326;4502,312;4507,312;4511,318;4515,316;4520,314;4524,314;4528,314;4533,312;4537,318;4542,316;4546,316;4550,314;4555,314;4559,320;4563,304;4568,316;4572,316;4576,316;4581,300;4585,320;4589,306;4594,318;4598,304;4602,318;4607,316;4611,308;4616,308;4620,306;4624,306;4629,304;4633,324;4637,310;4642,322;4646,308;4650,322;4655,306;4659,310;4663,310;4668,310;4672,310;4676,308;4681,308;4685,314;4690,312;4694,312;4698,312;4703,310;4707,302;4711,316;4716,314;4720,314;4724,300;4729,312;4733,314;4737,316;4742,314;4746,328;4750,314;4755,328;4759,318;4764,304;4768,318;4772,316;4777,316;4781,306;4785,320;4790,318;4794,332;4798,318;4803,332;4807,308;4811,308;4816,306;4820,292;4824,318;4829,312;4833,324;4838,322;4842,336;4846,320;4851,334;4855,310;4859,310;4864,310;4868,308;4872,322;4877,306;4881,326;4885,310;4890,322;4894,308;4899,320;4903,312;4907,312;4912,310;4916,310;4920,322;4925,308;4929,314;4933,312;4938,324;4942,310;4946,324;4951,322;4955,300;4959,312;4964,312;4968,310;4973,296;4977,316;4981,300;4986,314;4990,312;4994,326;4999,310;5003,316;5007,316;5012,300;5016,314;5020,312;5025,298;5029,304;5033,316;5038,300;5042,314;5047,312;5051,304;5055,318;5060,316;5064,316;5068,302;5073,314;5077,306;5081,320;5086,304;5090,316;5094,302;5099,302;5103,306;5107,292;5112,320;5116,306;5121,320;5125,310;5129,322;5134,322;5138,320;5142,320;5147,320;5151,310;5155,308;5160,322;5164,308;5168,320;5173,306;5177,326;5182,310;5186,324;5190,322;5195,322;5199,312;5203,312;5208,310;5212,296;5216,308;5221,308;5225,328;5229,314;5234,326;5238,312;5242,326;5247,302;5251,316;5256,316;5260,314;5264,314;5269,300;5273,320;5277,318;5282,318;5286,316;5290,328;5295,314;5299,306;5303,306;5308,304;5312,318;5316,318;5321,316;5325,308;5330,322;5334,308;5338,308;5343,306;5347,298;5351,324;5356,310;5360,308;5364,308;5369,308;5373,312;5377,312;5382,312;5386,324;5390,308;5395,302;5399,314;5404,300;5408,312;5412,298;5417,310;5421,314;5425,316;5430,314;5434,314;5438,312;5443,312;5447,302;5451,300;5456,300;5460,298;5464,296;5469,296;5473,316;5478,314;5482,312;5486,312;5491,312;5495,316;5499,314;5504,310;5508,300;5512,312;5517,296;5521,316;5525,300;5530,314;5534,312;5539,326;5543,318;5547,316;5552,316;5556,300;5560,314;5565,298;5569,318;5573,302;5578,316;5582,316;5586,328;5591,312;5595,304;5599,318;5604,302;5608,330;5613,314;5617,320;5621,304;5626,318;5630,316;5634,330;5639,316;5643,306;5647,306;5652,304;5656,318;5660,302;5665,302;5669,322;5673,320;5678,320;5682,318;5687,304;5691,310;5695,308;5700,308;5704,306;5708,306;5713,306;5717,326;5721,324;5726,324;5730,324;5734,322;5739,322;5743,328;5747,312;5752,312;5756,310;5761,308;5765,314;5769,314;5774,312;5778,326;5782,312;5787,326;5791,304;5795,302;5800,302;5804,300;5808,300;5813,298;5817,320;5821,304;5826,318;5830,304;5835,318;5839,296;5843,308;5848,308;5852,306;5856,292;5861,304;5865,310;5869,310;5874,310;5878,308;5882,322;5887,320;5891,298;5895,298;5900,296;5904,296;5909,308;5913,316;5917,316;5922,314;5926,314;5930,314;5935,312;5939,304;5943,318;5948,304;5952,316;5956,302;5961,330;5965,306;5970,320;5974,306;5978,318;5983,304;5987,310;5991,308;5996,308;6000,320;6004,306;6009,306;6013,310;6017,324;6022,294;6026,294;6030,292;6035,298;6039,270;6044,268;6048,282;6052,282;6057,268;6061,286;6065,286;6070,286;6074,284;6078,284;6083,276;6087,274;6091,274;6096,274;6100,272;6104,286;6109,278;6113,292;6118,290;6122,276;6126,274;6131,274;6135,282;6139,280;6144,280;6148,278;6152,278;6157,286;6161,298;6165,282;6170,282;6174,282;6179,296;6183,272;6187,272;6192,270;6196,256;6200,284;6205,282;6209,288;6213,274;6218,244;6222,272;6226,286;6231,278;6235,290;6239,276;6244,290;6248,288;6253,288;6257,266;6261,266;6266,280;6270,292;6274,288;6279,268;6283,268;6287,266;6292,266;6296,266;6300,278;6305,270;6309,284;6313,284;6318,282;6322,268;6327,266;6331,258;6335,272;6340,270;6344,270;6348,254;6353,282;6357,288;6361,288;6366,272;6370,258;6374,272;6379,278;6383,290;6387,290;6392,276;6396,274;6401,288;6405,280;6409,250;6414,278;6418,278;6422,276;6427,276;6431,280;6435,280;6440,280;6444,280;6448,278;6453,270;6457,240;6461,268;6466,280;6470,280;6475,250;6479,270;6483,270;6488,268;6492,282;6496,266;6501,266;6505,286;6509,286;6514,286;6518,284;6522,268;6527,260;6531,258;6535,272;6540,272;6544,270;6549,256;6553,290;6557,290;6562,288;6566,272;6570,244;6575,272;6579,278;6583,290;6588,290;6592,276;6596,274;\r\nBuffer sent in 0.973 secondsreturn;buffer;965\r\n'), 10:49:24
bytearray(b'received from UR: home -> home (0,1)\r\nSTEPPER: Moving to mstep: 0 with speed [msteps/sec]: 4000 in SpreadCycle.\r\n'), 10:49:25
bytearray(b'STEPPER: Moved 2400.00 msteps (ramp: 35%) in 813.416 ms -> average speed [msteps/sec]: 2950.52\r\nreturn;home;1\r\n'), 10:49:26
