bytearray(b'STEPPER: Moving to mstep: 2400 with speed [msteps/sec]: 4000 in SpreadCycle.\r\n'), 12:32:25
bytearray(b'STEPPER: Moved 2400.00 msteps (ramp: 35%) in 812.828 ms -> average speed [msteps/sec]: 2952.65\r\n'), 12:32:26
bytearray(b'received from UR: status -> status (0,1)\r\n*** STATUS ***\r\nid        :         3 -\r\nstep      :      2400 steps\r\nspeed     :      1500 msteps/s\r\nmspeed    :      1000 msteps/s\r\nsg-thrs   :        80 -\r\ndefault   :     12000 \xc2\xb5m\r\ndispense  :     30350 \xc2\xb5m\r\nblowout   :     33000 \xc2\xb5m\r\nd-offset  :        20 \xc2\xb5m\r\nur0       :         0 -\r\nur1       :         1 -\r\nhomed     :         1 -\r\nreturn;status;2400\r\n'), 12:32:28
bytearray(b'received from UR: measure -> measure (0,1)\r\nSTEPPER: Moving to mstep: 6600 with speed [msteps/sec]: 1000 in StealthChop.\r\n'), 12:32:29
bytearray(b'STEPPER: Moving to mstep: 2400 with speed [msteps/sec]: 4000 in SpreadCycle.\r\n'), 12:32:33
bytearray(b'STEPPER: Moved 4200.00 msteps (ramp: 35%) in 1324.888 ms -> average speed [msteps/sec]: 3170.08\r\nreturn;measure;963\r\n'), 12:32:34
bytearray(b'received from UR: buffer -> buffer (0,1)\r\nSending buffer of size 963data;2400,126;2404,482;2408,136;2413,278;2417,322;2421,328;2426,328;2430,326;2434,340;2439,324;2443,318;2447,330;2452,330;2456,330;2460,314;2465,328;2469,320;2474,334;2478,318;2482,332;2487,332;2491,310;2495,322;2500,322;2504,334;2508,320;2513,334;2517,326;2521,326;2526,324;2530,338;2534,324;2539,338;2543,330;2548,314;2552,328;2556,314;2561,328;2565,320;2569,332;2574,318;2578,332;2582,330;2587,344;2591,324;2595,322;2600,336;2604,320;2608,334;2613,320;2617,340;2622,324;2626,338;2630,324;2635,338;2639,330;2643,314;2648,328;2652,326;2656,326;2661,312;2665,332;2669,330;2674,330;2678,316;2682,330;2687,328;2691,320;2696,334;2700,318;2704,318;2709,316;2713,324;2717,322;2722,336;2726,322;2730,336;2735,322;2739,312;2743,326;2748,312;2752,326;2756,324;2761,326;2765,330;2770,330;2774,316;2778,330;2783,328;2787,320;2791,334;2796,318;2800,332;2804,318;2809,330;2813,324;2817,322;2826,334;2830,320;2835,334;2839,326;2843,312;2848,324;2852,324;2857,322;2861,322;2865,330;2870,328;2874,328;2878,326;2883,340;2887,332;2891,318;2896,330;2900,330;2904,330;2909,316;2913,336;2917,322;2922,334;2926,320;2931,320;2935,320;2939,326;2944,326;2948,310;2952,324;2957,310;2961,332;2965,330;2970,344;2974,316;2978,330;2983,328;2987,320;2991,334;2996,318;3000,332;3005,318;3009,332;3013,322;3018,336;3022,322;3026,336;3031,320;3035,314;3039,326;3044,326;3048,326;3052,310;3057,324;3061,316;3065,330;3070,314;3074,328;3079,326;3083,320;3087,332;3092,318;3096,318;3100,316;3105,328;3109,320;3113,334;3118,320;3122,334;3126,332;3131,332;3135,324;3139,308;3144,322;3148,322;3153,336;3157,326;3161,326;3166,326;3170,338;3174,324;3179,338;3183,344;3187,314;3192,328;3196,314;3200,328;3205,326;3209,334;3214,318;3218,332;3222,332;3227,344;3231,322;3235,308;3240,320;3244,320;3248,320;3253,320;3257,340;3261,324;3266,338;3270,324;3274,336;3279,322;3283,328;3288,328;3292,326;3296,324;3301,324;3305,330;3309,316;3314,330;3318,330;3322,342;3327,328;3331,320;3335,334;3340,320;3344,332;3348,318;3353,332;3357,324;3362,338;3366,322;3370,336;3375,322;3379,314;3383,328;3388,326;3392,340;3396,312;3401,326;3405,318;3409,332;3414,330;3418,330;3423,328;3427,328;3431,320;3436,322;3440,334;3444,318;3449,318;3453,324;3457,338;3462,322;3466,336;3470,322;3475,334;3479,314;3483,326;3488,324;3492,324;3497,324;3501,316;3505,330;3510,328;3514,328;3518,314;3523,326;3527,318;3531,318;3536,330;3540,316;3544,328;3549,314;3553,334;3557,320;3562,332;3566,318;3570,332;3575,330;3579,322;3584,336;3588,306;3592,320;3597,318;3601,338;3605,322;3610,322;3618,336;3623,320;3627,326;3631,326;3636,310;3640,324;3644,322;3649,336;3653,314;3658,342;3662,326;3666,340;3671,324;3675,330;3679,330;3684,316;3688,328;3692,328;3697,326;3701,332;3705,332;3710,318;3714,330;3718,330;3723,330;3727,334;3732,320;3736,334;3740,306;3745,318;3749,324;3753,336;3758,322;3762,336;3766,320;3771,334;3775,326;3779,310;3784,322;3788,322;3792,336;3797,320;3801,340;3806,326;3810,338;3814,322;3819,338;3823,328;3827,314;3832,314;3836,314;3840,326;3845,326;3849,346;3853,316;3858,330;3862,328;3866,328;3871,314;3875,320;3880,318;3884,318;3888,332;3893,316;3897,316;3901,322;3906,336;3910,320;3914,334;3919,318;3923,310;3927,324;3932,308;3936,320;3940,320;3945,332;3949,324;3954,338;3958,322;3962,336;3967,322;3971,314;3975,340;3980,312;3984,326;3988,310;3993,324;3997,330;4001,344;4006,328;4010,342;4014,326;4019,340;4023,332;4028,318;4032,330;4036,316;4041,330;4045,320;4049,334;4054,318;4058,334;4062,332;4067,332;4071,322;4075,322;4080,320;4084,320;4089,320;4093,320;4097,338;4102,324;4106,336;4110,322;4115,336;4119,326;4123,326;4128,338;4132,310;4136,324;4141,322;4145,328;4149,326;4154,326;4158,324;4163,338;4167,324;4171,316;4176,328;4180,314;4184,326;4189,326;4193,332;4197,330;4202,344;4206,316;4210,342;4215,326;4219,318;4223,332;4228,316;4232,330;4237,328;4241,328;4245,320;4250,334;4254,318;4258,332;4263,316;4267,324;4271,322;4276,308;4280,320;4284,320;4289,320;4293,326;4297,326;4302,324;4306,324;4311,322;4315,314;4319,326;4324,312;4328,324;4332,324;4337,336;4341,314;4345,328;4350,326;4354,326;4358,326;4363,326;4367,330;4371,316;4376,328;4380,314;4385,328;4389,320;4393,334;4398,318;4402,332;4406,330;4411,330;4415,336;4419,320;4424,320;4428,318;4432,332;4437,318;4441,352;4445,322;4450,336;4454,320;4459,334;4463,324;4467,324;4472,336;4476,322;4480,334;4485,320;4489,326;4493,324;4498,338;4502,336;4506,336;4511,320;4515,326;4519,324;4524,322;4528,336;4533,320;4537,328;4541,326;4546,326;4550,324;4554,336;4559,322;4563,328;4567,340;4572,312;4576,324;4580,322;4585,336;4589,312;4594,342;4598,326;4602,340;4607,324;4611,316;4615,330;4620,314;4624,328;4628,328;4633,312;4637,318;4641,332;4646,316;4650,330;4654,314;4659,328;4663,332;4668,318;4672,332;4676,318;4681,332;4685,322;4689,336;4694,322;4698,334;4702,318;4707,332;4711,322;4715,322;4720,336;4724,306;4728,334;4733,320;4737,326;4742,324;4746,324;4750,324;4755,336;4759,328;4763,312;4768,326;4772,326;4776,326;4781,310;4785,330;4789,328;4794,342;4798,314;4802,340;4807,326;4811,318;4816,330;4820,330;4824,330;4829,314;4833,334;4837,320;4842,332;4846,318;4850,332;4855,330;4859,322;4863,322;4868,320;4872,334;4877,318;4881,332;4885,324;4890,336;4894,322;4898,336;4903,320;4907,326;4911,326;4916,312;4920,324;4924,324;4929,336;4933,328;4937,328;4942,326;4946,326;4951,338;4955,314;4959,314;4964,312;4968,326;4972,326;4977,340;4981,316;4985,330;4990,328;4994,328;4998,326;5003,340;5007,332;5011,316;5016,330;5020,328;5025,328;5029,318;5033,332;5038,318;5042,330;5046,316;5051,330;5055,334;5059,320;5064,318;5068,318;5072,330;5077,316;5081,336;5085,320;5090,334;5094,332;5099,332;5103,330;5107,310;5112,322;5116,320;5120,334;5125,318;5129,326;5133,324;5138,336;5142,322;5146,332;5151,334;5155,326;5159,338;5164,310;5168,336;5173,322;5177,336;5181,312;5186,340;5190,324;5194,338;5199,322;5203,316;5207,328;5212,312;5216,326;5220,310;5225,324;5229,330;5233,330;5238,328;5242,342;5247,312;5251,318;5255,332;5260,330;5264,330;5268,314;5273,328;5277,320;5281,334;5286,318;5290,332;5294,318;5299,330;5303,336;5308,322;5312,320;5316,320;5321,334;5325,326;5329,340;5334,324;5338,326;5342,324;5347,324;5351,330;5355,316;5360,328;5364,316;5368,328;5373,328;5377,336;5382,320;5386,334;5390,318;5395,332;5399,324;5403,308;5408,322;5412,308;5416,320;5421,320;5425,326;5429,326;5434,326;5438,312;5442,338;5447,324;5451,318;5456,330;5460,314;5464,328;5469,326;5473,334;5477,318;5482,332;5486,330;5490,330;5495,314;5499,322;5503,320;5508,306;5512,318;5516,318;5521,332;5525,324;5530,338;5534,322;5538,322;5543,320;5547,314;5551,340;5556,310;5560,324;5564,324;5569,336;5573,314;5577,342;5582,326;5586,340;5590,324;5595,338;5599,330;5604,316;5608,342;5612,312;5617,326;5621,318;5625,332;5630,316;5634,344;5638,316;5643,344;5647,334;5651,320;5656,320;5660,318;5664,332;5669,316;5673,336;5678,336;5682,334;5686,320;5691,334;5695,326;5699,324;5704,324;5708,308;5712,322;5717,322;5721,328;5725,312;5730,326;5734,312;5739,310;5743,316;5747,314;5752,316;5756,300;5760,314;5765,300;5769,318;5773,304;5778,318;5782,302;5786,316;5791,316;5795,306;5799,320;5804,306;5808,318;5813,304;5817,302;5821,308;5826,322;5830,306;5834,306;5839,304;5843,310;5847,310;5852,308;5856,308;5860,294;5865,306;5869,312;5873,310;5878,310;5882,308;5887,308;5891,300;5895,312;5900,312;5904,310;5908,296;5913,308;5917,314;5921,314;5926,312;5930,326;5934,310;5939,324;5943,316;5947,300;5952,314;5956,300;5961,312;5965,304;5969,316;5974,316;5978,330;5982,314;5987,314;5991,320;5995,304;6000,304;6004,302;6008,302;6013,302;6017,322;6021,320;6026,320;6030,306;6035,318;6039,310;6043,308;6048,294;6052,294;6056,278;6061,278;6065,298;6069,296;6074,296;6078,280;6082,252;6087,286;6091,286;6095,284;6100,284;6104,296;6109,296;6113,288;6117,286;6122,286;6126,284;6130,282;6135,284;6139,288;6143,288;6148,274;6152,272;6156,286;6161,276;6165,276;6170,290;6174,288;6178,302;6183,286;6187,278;6191,276;6196,276;6200,276;6204,274;6209,274;6213,282;6217,294;6222,278;6226,250;6230,278;6235,282;6239,268;6244,268;6248,280;6252,280;6257,264;6261,272;6265,284;6270,284;6274,284;6278,282;6283,274;6287,272;6291,272;6296,270;6300,270;6304,270;6309,290;6313,288;6318,288;6322,288;6326,286;6331,286;6335,278;6339,276;6344,290;6348,274;6352,274;6357,272;6361,292;6365,276;6370,290;6374,290;6378,302;6383,266;6387,266;6392,278;6396,276;6400,262;6405,276;6409,296;6413,280;6418,280;6422,280;6426,250;6431,284;6435,284;6439,284;6444,282;6448,282;6453,282;6457,288;6461,286;6466,286;6470,286;6474,284;6479,284;6483,276;6487,260;6492,274;6496,274;6500,286;6505,294;6509,278;6513,278;6518,278;6522,276;6527,276;6531,282;6535,282;6540,280;6544,280;6548,280;6553,294;6557,286;6561,284;6566,284;6570,284;6574,268;6579,274;6583,274;6587,274;6592,260;6596,272;\r\nBuffer sent in 0.971 secondsreturn;buffer;963\r\n'), 12:32:36
bytearray(b'received from UR: measure -> measure (0,1)\r\nSTEPPER: Moving to mstep: 6600 with speed [msteps/sec]: 1000 in StealthChop.\r\n'), 12:32:37
bytearray(b'STEPPER: Moving to mstep: 2400 with speed [msteps/sec]: 4000 in SpreadCycle.\r\n'), 12:32:41
bytearray(b'STEPPER: Moved 4200.00 msteps (ramp: 35%) in 1324.888 ms -> average speed [msteps/sec]: 3170.08\r\nreturn;measure;964\r\n'), 12:32:43
bytearray(b'received from UR: buffer -> buffer (0,1)\r\nSending buffer of size 964data;2400,306;2404,454;2408,164;2413,278;2417,320;2421,326;2426,340;2430,324;2434,338;2439,322;2443,314;2447,328;2452,328;2456,328;2460,326;2465,326;2469,316;2474,330;2478,316;2482,344;2487,328;2491,320;2495,334;2500,318;2504,318;2508,330;2513,330;2517,322;2521,336;2526,320;2530,334;2534,332;2539,332;2543,324;2548,310;2552,322;2556,322;2561,336;2565,328;2569,328;2574,326;2578,326;2582,324;2587,338;2591,330;2595,314;2600,328;2604,312;2609,326;2613,324;2617,332;2622,316;2626,328;2630,314;2635,328;2639,334;2643,318;2648,332;2652,316;2656,330;2661,328;2665,336;2669,320;2674,334;2678,318;2683,332;2687,318;2691,322;2696,336;2700,320;2704,320;2709,318;2713,340;2717,324;2722,338;2726,322;2730,334;2735,320;2739,312;2743,326;2748,324;2752,338;2757,322;2761,322;2765,328;2770,342;2774,326;2778,340;2783,324;2787,316;2791,330;2796,314;2800,328;2804,328;2809,342;2813,318;2817,332;2822,318;2826,332;2831,316;2835,330;2839,336;2844,320;2848,320;2852,318;2857,318;2861,324;2865,338;2870,322;2874,336;2878,322;2883,334;2887,326;2891,324;2896,324;2900,324;2905,322;2909,308;2913,328;2918,328;2922,328;2926,326;2931,326;2935,318;2939,316;2944,330;2948,316;2952,330;2957,314;2961,334;2965,320;2970,334;2974,318;2979,332;2983,324;2987,308;2992,322;2996,306;3000,334;3005,320;3009,340;3013,324;3018,338;3022,322;3026,336;3031,322;3035,314;3040,326;3044,326;3048,326;3053,310;3057,330;3061,330;3066,330;3070,316;3074,328;3079,326;3083,320;3087,332;3092,318;3096,316;3100,316;3105,328;3109,334;3114,334;3118,320;3122,332;3127,318;3131,308;3135,336;3140,320;3144,334;3148,320;3153,332;3157,324;3161,324;3166,322;3170,336;3174,322;3179,326;3187,312;3192,324;3196,310;3201,338;3205,328;3209,342;3214,326;3218,340;3222,326;3227,340;3231,330;3235,330;3240,328;3244,314;3248,314;3253,312;3257,346;3262,332;3266,346;3270,330;3275,344;3279,322;3283,322;3288,320;3292,318;3296,318;3301,318;3305,338;3309,322;3314,336;3318,322;3322,334;3327,320;3331,312;3336,326;3340,324;3344,336;3349,322;3353,328;3357,326;3362,326;3366,326;3370,338;3375,324;3379,316;3383,330;3388,328;3392,328;3396,312;3401,326;3405,318;3410,332;3414,316;3418,344;3423,328;3427,320;3431,320;3436,318;3440,318;3444,332;3449,330;3453,320;3457,336;3462,320;3466,334;3470,320;3475,334;3479,324;3484,310;3488,324;3492,322;3497,336;3501,314;3505,340;3510,326;3514,340;3518,324;3523,338;3527,330;3531,316;3536,342;3540,314;3544,326;3549,310;3553,332;3558,316;3562,330;3566,328;3571,328;3575,334;3579,306;3584,318;3588,306;3592,332;3597,316;3601,338;3605,322;3610,336;3614,318;3618,334;3623,318;3627,326;3632,326;3636,324;3640,324;3645,308;3649,330;3653,328;3658,342;3662,312;3666,326;3671,324;3675,330;3679,330;3684,328;3688,328;3692,312;3697,326;3701,332;3706,332;3710,316;3714,330;3719,314;3723,322;3727,334;3732,320;3736,332;3740,318;3745,330;3749,324;3753,336;3758,320;3762,334;3767,320;3771,334;3775,340;3780,326;3784,324;3788,308;3793,322;3797,314;3801,342;3806,328;3810,342;3814,312;3819,340;3823,318;3827,330;3832,330;3836,328;3841,328;3845,320;3849,334;3854,318;3858,332;3862,318;3867,330;3871,322;3875,322;3880,334;3884,320;3888,320;3893,318;3897,324;3901,322;3906,336;3910,322;3915,334;3919,326;3923,312;3928,326;3932,310;3936,324;3941,322;3945,328;3949,326;3954,326;3958,326;3962,326;3967,324;3971,316;3975,330;3980,314;3984,328;3989,300;3993,326;3997,318;4002,346;4006,330;4010,344;4015,316;4019,308;4023,322;4028,322;4032,334;4036,320;4041,332;4045,310;4049,338;4054,324;4058,336;4063,322;4067,314;4071,326;4076,326;4080,326;4084,324;4089,324;4093,330;4097,330;4102,328;4106,328;4110,326;4115,340;4119,330;4123,330;4128,330;4132,328;4137,326;4141,310;4145,330;4150,330;4154,328;4158,314;4163,340;4167,332;4171,318;4176,330;4180,316;4184,328;4189,314;4193,334;4197,318;4202,332;4206,316;4211,330;4215,322;4219,320;4224,332;4228,320;4232,332;4237,318;4241,338;4245,322;4250,336;4254,322;4258,334;4263,318;4267,312;4272,324;4276,324;4280,336;4285,322;4289,328;4293,326;4298,326;4302,326;4306,338;4311,322;4315,314;4319,328;4324,312;4328,326;4332,310;4337,324;4341,330;4346,330;4350,328;4354,328;4359,326;4363,304;4367,318;4372,316;4376,330;4380,316;4385,330;4389,320;4393,334;4398,320;4402,334;4406,318;4411,332;4415,338;4420,310;4424,336;4428,322;4433,320;4437,324;4441,340;4446,324;4450,338;4454,324;4459,336;4463,328;4467,326;4472,326;4476,312;4481,324;4485,324;4489,330;4494,314;4498,342;4502,326;4507,328;4511,332;4515,318;4520,330;4524,316;4528,330;4533,314;4537,332;4541,332;4546,332;4550,318;4555,330;4559,316;4563,322;4568,334;4572,320;4576,334;4581,318;4585,338;4589,324;4594,338;4598,322;4602,336;4607,320;4611,312;4615,326;4620,326;4624,324;4629,324;4633,322;4637,314;4642,328;4646,328;4650,328;4655,326;4659,304;4663,318;4668,316;4672,330;4676,330;4681,330;4685,320;4689,334;4694,318;4698,332;4703,332;4707,330;4711,322;4716,308;4720,322;4724,322;4729,334;4733,326;4737,326;4742,324;4746,324;4750,322;4755,336;4759,342;4763,326;4768,326;4772,312;4777,324;4781,316;4785,344;4790,328;4794,342;4798,328;4803,340;4807,332;4811,332;4816,330;4820,316;4824,330;4829,314;4833,334;4837,320;4842,332;4846,318;4851,332;4855,324;4859,324;4864,336;4868,322;4872,320;4877,306;4881,326;4885,324;4890,338;4894,324;4898,336;4903,322;4907,314;4911,326;4916,326;4920,338;4925,324;4929,324;4933,316;4938,328;4942,328;4946,328;4951,326;4955,304;4959,316;4964,316;4968,328;4972,314;4977,342;4981,318;4986,332;4990,316;4994,328;4999,316;5003,322;5007,334;5012,320;5016,334;5020,318;5025,318;5029,324;5033,338;5038,322;5042,336;5046,320;5051,312;5055,326;5060,324;5064,338;5068,322;5073,322;5077,328;5081,328;5086,326;5090,326;5094,312;5099,338;5103,316;5107,328;5112,328;5116,314;5120,326;5125,310;5129,330;5134,316;5138,330;5142,328;5147,328;5151,334;5155,304;5160,318;5164,318;5168,332;5173,304;5177,338;5181,322;5186,336;5190,320;5194,334;5199,320;5203,312;5208,336;5212,324;5216,324;5221,322;5225,344;5229,314;5234,328;5238,326;5242,342;5247,326;5251,318;5255,318;5260,330;5264,330;5268,330;5273,328;5277,320;5282,334;5286,320;5290,334;5295,318;5299,324;5303,324;5308,322;5312,322;5316,322;5321,334;5325,326;5329,326;5334,322;5338,324;5342,322;5347,314;5351,342;5356,326;5360,326;5364,310;5369,324;5373,330;5377,344;5382,328;5386,342;5390,326;5395,340;5399,332;5403,330;5408,330;5412,316;5416,328;5421,314;5425,334;5430,318;5434,334;5438,318;5443,332;5447,322;5451,308;5456,322;5460,320;5464,334;5469,320;5473,326;5477,324;5482,324;5486,322;5491,322;5495,320;5499,314;5504,326;5508,326;5512,326;5517,324;5521,330;5525,316;5530,328;5534,328;5538,328;5543,326;5547,304;5551,318;5556,316;5560,330;5565,316;5569,328;5573,320;5578,334;5582,318;5586,332;5591,318;5595,324;5599,336;5604,308;5608,322;5612,320;5617,334;5621,326;5626,340;5630,324;5634,338;5639,324;5643,330;5647,328;5652,314;5656,328;5660,326;5665,328;5669,318;5673,332;5678,316;5682,330;5686,328;5691,328;5695,320;5700,318;5704,318;5708,318;5713,330;5717,308;5721,320;5726,306;5730,320;5734,318;5739,318;5743,324;5747,308;5752,306;5756,306;5760,320;5765,302;5769,324;5774,308;5778,308;5782,306;5787,320;5791,310;5795,310;5800,322;5804,308;5808,320;5813,306;5817,324;5821,310;5826,308;5830,306;5834,320;5839,298;5843,296;5848,310;5852,308;5856,308;5861,294;5865,314;5869,312;5874,312;5878,310;5882,310;5887,310;5891,316;5895,314;5900,300;5904,312;5908,312;5913,304;5917,304;5922,316;5926,316;5930,316;5935,314;5939,304;5943,318;5948,304;5952,316;5956,300;5961,314;5965,306;5969,334;5974,304;5978,316;5982,302;5987,294;5991,308;5996,306;6000,320;6004,306;6009,318;6013,310;6017,322;6022,308;6026,322;6030,306;6035,320;6039,310;6043,296;6048,294;6052,280;6057,278;6061,298;6065,284;6070,296;6074,296;6078,296;6083,280;6087,272;6091,286;6096,284;6100,270;6104,282;6109,288;6113,288;6117,288;6122,300;6126,300;6131,284;6135,276;6139,276;6144,274;6148,274;6152,274;6157,286;6161,250;6165,278;6170,292;6174,290;6178,290;6183,296;6187,280;6192,280;6196,266;6200,278;6205,278;6209,284;6213,284;6218,298;6222,296;6226,296;6231,280;6235,274;6239,272;6244,258;6248,286;6252,286;6257,292;6261,276;6266,262;6270,274;6274,260;6279,286;6283,278;6287,278;6292,278;6296,278;6300,276;6305,268;6309,282;6313,296;6318,280;6322,280;6326,278;6331,284;6335,286;6340,270;6344,284;6348,282;6353,282;6357,274;6361,288;6366,286;6370,286;6374,284;6379,270;6383,290;6387,290;6392,290;6396,274;6400,288;6405,280;6409,280;6414,278;6418,292;6422,278;6427,276;6431,268;6435,268;6440,266;6444,268;6448,266;6453,252;6457,300;6461,286;6466,284;6470,284;6474,268;6479,290;6483,276;6488,274;6492,260;6496,274;6501,274;6505,266;6509,280;6514,292;6518,292;6522,278;6527,276;6531,282;6535,296;6540,282;6544,282;6548,266;6553,286;6557,272;6562,244;6566,272;6570,284;6575,284;6579,290;6583,276;6588,276;6592,274;6596,246;\r\nBuffer sent in 0.972 secondsreturn;buffer;964\r\n'), 12:32:45
bytearray(b'received from UR: measure -> measure (0,1)\r\nSTEPPER: Moving to mstep: 6600 with speed [msteps/sec]: 1000 in StealthChop.\r\n'), 12:32:46
bytearray(b'STEPPER: Moving to mstep: 2400 with speed [msteps/sec]: 4000 in SpreadCycle.\r\n'), 12:32:50
bytearray(b'STEPPER: Moved 4200.00 msteps (ramp: 35%) in 1324.892 ms -> average speed [msteps/sec]: 3170.07\r\nreturn;measure;964\r\n'), 12:32:51
bytearray(b'received from UR: buffer -> buffer (0,1)\r\nSending buffer of size 964data;2400,304;2404,452;2408,162;2413,278;2417,320;2421,326;2426,340;2430,326;2434,340;2439,324;2443,318;2447,318;2452,316;2456,318;2460,330;2465,330;2469,320;2474,336;2478,320;2482,334;2487,332;2491,326;2495,326;2500,312;2504,324;2508,324;2513,338;2517,316;2521,330;2526,328;2530,328;2534,326;2539,326;2543,332;2548,304;2552,318;2556,316;2561,330;2565,324;2569,338;2574,322;2578,336;2582,320;2587,334;2591,328;2595,326;2600,326;2604,312;2609,340;2613,318;2617,332;2622,318;2626,330;2630,330;2635,330;2639,336;2643,322;2648,322;2652,322;2656,336;2661,320;2665,326;2669,326;2674,326;2678,326;2683,326;2687,324;2691,318;2696,330;2700,330;2704,330;2709,330;2713,336;2717,322;2722,334;2726,320;2730,334;2735,334;2739,312;2743,326;2748,310;2752,324;2757,324;2761,338;2765,316;2770,330;2774,314;2778,328;2783,328;2787,320;2791,334;2796,318;2800,332;2804,318;2809,332;2813,324;2817,338;2822,322;2826,336;2831,322;2835,338;2839,328;2844,328;2848,328;2852,312;2857,328;2861,332;2865,332;2870,318;2874,332;2878,318;2883,330;2887,322;2891,322;2896,336;2900,320;2905,334;2909,320;2913,326;2918,326;2922,326;2926,324;2931,338;2935,330;2939,318;2944,330;2948,316;2952,344;2957,314;2961,336;2965,320;2970,334;2974,320;2979,334;2983,326;2987,312;2992,326;2996,326;3000,338;3005,324;3009,330;3013,316;3018,328;3022,328;3026,340;3031,314;3035,320;3039,320;3044,320;3048,332;3053,318;3057,318;3061,324;3066,338;3070,324;3074,338;3079,322;3083,314;3087,328;3092,328;3096,328;3100,326;3105,326;3109,320;3114,332;3118,332;3122,332;3127,330;3131,310;3135,322;3140,322;3144,336;3148,322;3153,336;3157,326;3161,326;3166,326;3170,340;3174,324;3179,338;3183,330;3188,330;3192,342;3196,314;3201,328;3205,318;3209,332;3214,318;3218,332;3222,316;3227,330;3231,322;3235,322;3240,320;3244,320;3248,318;3253,318;3257,338;3262,324;3266,336;3270,322;3275,336;3279,326;3283,312;3288,326;3292,324;3296,338;3301,324;3305,330;3309,328;3314,328;3318,326;3322,326;3327,326;3331,304;3336,316;3340,316;3344,330;3349,328;3353,334;3357,320;3362,332;3366,318;3370,332;3375,316;3379,322;3383,336;3388,322;3392,322;3396,308;3401,322;3405,326;3410,340;3414,326;3418,340;3423,324;3427,318;3431,330;3436,330;3440,328;3444,314;3449,328;3453,318;3457,332;3462,332;3466,332;3470,316;3475,308;3479,322;3484,308;3488,334;3492,320;3497,334;3501,326;3505,324;3510,324;3514,324;3518,324;3523,336;3527,328;3531,314;3536,326;3540,326;3544,340;3549,324;3553,332;3558,316;3562,330;3566,316;3571,330;3575,334;3579,320;3584,334;3588,304;3592,318;3597,304;3601,338;3605,322;3610,322;3618,336;3623,320;3627,312;3632,326;3636,324;3640,324;3645,322;3649,322;3653,314;3658,326;3662,326;3666,338;3671,324;3675,330;3679,328;3684,328;3688,326;3692,312;3697,324;3701,330;3706,344;3710,328;3714,342;3719,326;3723,318;3727,332;3732,316;3736,330;3740,314;3745,328;3749,320;3753,334;3758,332;3762,346;3767,330;3771,308;3775,322;3780,322;3784,334;3788,318;3793,332;3797,324;3801,324;3806,324;3810,336;3814,322;3819,334;3823,326;3827,312;3832,324;3836,324;3841,336;3845,328;3849,328;3854,326;3858,326;3862,324;3867,338;3871,330;3875,314;3880,328;3884,312;3888,326;3893,326;3897,332;3901,330;3906,330;3910,316;3915,328;3919,326;3923,318;3928,332;3932,318;3936,332;3941,316;3945,334;3949,320;3954,334;3958,332;3962,332;3967,318;3971,308;3975,322;3980,308;3984,334;3989,318;3993,332;3997,324;4002,338;4006,322;4010,334;4015,320;4019,328;4023,326;4028,326;4032,324;4036,310;4041,322;4045,328;4049,342;4054,312;4058,340;4063,326;4067,326;4071,330;4076,328;4080,328;4084,314;4089,326;4093,318;4097,332;4102,330;4106,330;4110,328;4115,328;4119,320;4123,332;4128,332;4132,316;4137,330;4141,320;4145,334;4150,334;4154,332;4158,318;4163,330;4167,322;4171,322;4176,334;4180,320;4184,332;4189,304;4193,338;4197,322;4202,336;4206,320;4211,334;4215,326;4219,310;4224,324;4228,308;4232,322;4237,322;4241,342;4245,326;4250,340;4254,324;4258,336;4263,322;4267,328;4271,326;4276,312;4280,324;4285,324;4289,330;4293,314;4298,328;4302,326;4306,326;4311,324;4315,316;4319,330;4324,314;4328,326;4332,326;4337,338;4341,330;4346,330;4350,328;4354,328;4359,326;4363,318;4367,330;4372,314;4376,342;4380,314;4385,340;4389,318;4393,332;4398,330;4402,330;4406,328;4411,342;4415,334;4420,318;4424,330;4428,330;4433,330;4437,320;4441,336;4446,318;4450,334;4454,332;4459,344;4463,322;4467,322;4472,334;4476,320;4480,320;4485,318;4489,324;4494,322;4498,336;4502,322;4507,334;4511,326;4515,326;4520,338;4524,324;4528,324;4533,308;4537,330;4541,328;4546,328;4550,314;4555,326;4559,326;4563,330;4568,330;4572,316;4576,328;4581,314;4585,334;4589,320;4594,332;4598,318;4602,332;4607,316;4611,322;4615,336;4620,320;4624,320;4629,318;4633,318;4637,324;4642,338;4646,322;4650,336;4655,320;4659,326;4663,326;4668,310;4672,324;4676,308;4681,336;4685,328;4689,328;4694,326;4698,326;4703,324;4707,318;4711,330;4716,314;4720,328;4724,326;4729,340;4733,332;4737,330;4742,330;4746,330;4750,328;4755,342;4759,332;4763,318;4768,330;4772,330;4777,344;4781,316;4785,334;4790,318;4794,332;4798,318;4803,332;4807,336;4811,322;4816,334;4820,320;4824,320;4829,332;4833,338;4837,324;4842,336;4846,322;4851,336;4855,320;4859,326;4864,326;4868,324;4872,324;4877,310;4881,330;4885,328;4890,328;4894,314;4898,326;4903,326;4907,332;4911,330;4916,330;4920,328;4925,314;4929,328;4933,334;4938,332;4942,318;4946,332;4951,316;4955,322;4959,336;4964,320;4968,334;4972,306;4977,320;4981,324;4985,338;4990,322;4994,336;4999,322;5003,314;5007,326;5012,312;5016,324;5020,310;5025,324;5029,328;5033,330;5038,314;5042,328;5046,312;5051,326;5055,330;5059,330;5064,328;5068,314;5073,328;5077,320;5081,334;5086,332;5090,332;5094,316;5099,330;5103,322;5107,322;5112,334;5116,320;5120,318;5125,318;5129,324;5134,322;5138,336;5142,322;5147,334;5151,326;5155,326;5160,338;5164,324;5168,324;5173,308;5177,328;5181,314;5186,342;5190,326;5194,340;5199,326;5203,318;5208,330;5212,316;5216,328;5221,314;5225,334;5229,318;5234,346;5238,318;5242,344;5247,316;5251,322;5255,334;5260,320;5264,320;5268,332;5273,332;5277,324;5282,336;5286,322;5290,336;5295,320;5299,326;5303,326;5308,324;5312,322;5316,310;5321,322;5325,328;5329,328;5334,314;5338,328;5342,326;5347,326;5351,332;5356,316;5360,330;5364,316;5369,330;5373,320;5377,334;5382,320;5386,334;5390,318;5395,332;5399,324;5403,324;5408,336;5412,322;5416,336;5421,308;5425,328;5430,326;5434,340;5438,312;5443,338;5447,316;5451,330;5456,328;5460,328;5464,328;5469,312;5473,332;5477,332;5482,332;5486,316;5490,330;5495,316;5499,322;5504,334;5508,320;5512,320;5517,304;5521,326;5525,324;5530,338;5534,324;5538,336;5543,322;5547,328;5551,340;5556,326;5560,326;5564,310;5569,324;5573,316;5578,344;5582,328;5586,342;5591,326;5595,304;5599,332;5604,330;5608,330;5612,316;5617,328;5621,320;5625,334;5630,318;5634,346;5638,330;5643,344;5647,322;5652,322;5656,320;5660,334;5665,332;5669,324;5673,338;5678,322;5682,336;5686,322;5691,336;5695,326;5699,312;5704,312;5708,312;5713,310;5717,316;5721,330;5726,316;5730,328;5734,314;5739,314;5743,318;5747,304;5752,318;5756,302;5760,316;5765,316;5769,308;5773,306;5778,320;5782,306;5787,320;5791,310;5795,310;5800,310;5804,294;5808,308;5813,294;5817,328;5821,314;5826,312;5830,298;5834,312;5839,310;5843,302;5847,314;5852,302;5856,314;5861,300;5865,320;5869,320;5874,318;5878,306;5882,318;5887,304;5891,308;5895,308;5900,308;5904,308;5908,320;5913,320;5917,298;5921,312;5926,310;5930,324;5935,310;5939,302;5943,316;5948,300;5952,314;5956,300;5961,314;5965,304;5969,318;5974,304;5978,318;5982,316;5987,330;5991,308;5995,292;6000,306;6004,306;6009,320;6013,310;6017,324;6022,310;6026,324;6030,308;6035,322;6039,300;6043,286;6048,284;6052,284;6056,282;6061,288;6065,302;6070,300;6074,286;6078,300;6083,298;6087,276;6091,274;6096,274;6100,274;6104,274;6109,258;6113,294;6117,292;6122,292;6126,290;6130,276;6135,296;6139,266;6144,280;6148,278;6152,278;6157,250;6161,298;6165,284;6170,296;6174,282;6178,282;6183,274;6187,272;6191,272;6196,272;6200,270;6204,270;6209,304;6213,290;6218,288;6222,288;6226,288;6231,286;6235,264;6239,292;6244,278;6248,290;6252,290;6257,254;6261,280;6265,294;6270,292;6274,278;6279,278;6283,270;6287,270;6292,268;6296,268;6300,266;6305,268;6309,288;6313,272;6318,286;6322,286;6326,284;6331,262;6335,276;6339,274;6344,274;6348,260;6353,272;6357,294;6361,278;6366,292;6370,292;6374,290;6379,268;6383,280;6387,266;6392,280;6396,250;6400,292;6405,284;6409,298;6413,282;6418,282;6422,268;6427,282;6431,272;6435,272;6440,270;6444,256;6448,284;6453,284;6457,290;6461,276;6466,274;6470,288;6474,288;6479,278;6483,278;6487,276;6492,262;6496,290;6501,276;6505,282;6509,280;6514,266;6518,278;6522,278;6527,292;6531,284;6535,284;6540,282;6544,282;6548,280;6553,244;6557,286;6561,286;6566,284;6570,298;6575,284;6579,276;6583,274;6588,260;6592,274;6596,272;\r\nBuffer sent in 0.972 secondsreturn;buffer;964\r\n'), 12:32:53
bytearray(b'received from UR: measure -> measure (0,1)\r\nSTEPPER: Moving to mstep: 6600 with speed [msteps/sec]: 1000 in StealthChop.\r\n'), 12:32:54
bytearray(b'STEPPER: Moving to mstep: 2400 with speed [msteps/sec]: 4000 in SpreadCycle.\r\n'), 12:32:59
bytearray(b'STEPPER: Moved 4200.00 msteps (ramp: 35%) in 1324.892 ms -> average speed [msteps/sec]: 3170.07\r\nreturn;measure;964\r\n'), 12:33:00
bytearray(b'received from UR: buffer -> buffer (0,1)\r\nSending buffer of size 964data;2400,304;2404,438;2408,192;2413,278;2417,318;2421,324;2426,338;2430,324;2434,336;2439,322;2443,328;2447,326;2452,312;2456,324;2460,310;2465,324;2469,328;2474,328;2478,314;2482,326;2487,326;2491,332;2495,330;2500,330;2504,328;2508,314;2513,328;2517,332;2521,332;2526,318;2530,330;2534,330;2539,330;2543,334;2548,320;2552,334;2556,318;2561,330;2565,324;2569,338;2574,322;2578,336;2582,320;2587,334;2591,340;2595,326;2600,324;2604,310;2608,322;2613,322;2617,342;2622,312;2626,340;2630,326;2635,326;2639,330;2643,330;2648,328;2652,314;2656,314;2661,312;2665,332;2669,332;2674,332;2678,316;2682,330;2687,328;2691,320;2696,334;2700,318;2704,318;2709,332;2713,330;2717,322;2722,334;2726,320;2730,334;2735,332;2739,324;2743,324;2748,308;2752,322;2756,320;2761,334;2765,326;2770,338;2774,322;2778,324;2783,322;2787,314;2791,342;2796,312;2800,326;2804,324;2809,338;2813,316;2817,330;2822,316;2826,328;2830,328;2835,342;2839,334;2844,318;2848,318;2852,304;2857,316;2861,322;2865,338;2870,336;2874,336;2878,320;2883,334;2887,326;2891,324;2896,324;2900,322;2904,322;2909,308;2913,326;2918,326;2922,340;2926,324;2931,338;2935,328;2939,314;2944,326;2948,326;2952,340;2957,324;2961,330;2965,316;2970,328;2974,328;2979,328;2983,326;2987,316;2992,330;2996,330;3000,342;3005,314;3009,334;3013,318;3018,332;3022,316;3026,344;3031,330;3035,320;3039,320;3044,320;3048,318;3053,332;3057,330;3061,322;3066,336;3070,322;3074,334;3079,334;3083,326;3087,324;3092,310;3096,324;3100,322;3105,336;3109,314;3113,342;3118,326;3122,340;3127,324;3131,318;3135,330;3140,302;3144,330;3148,314;3153,342;3157,320;3161,334;3166,318;3170,332;3174,318;3179,332;3183,338;3187,322;3192,322;3196,306;3201,320;3205,326;3209,340;3214,326;3218,340;3222,324;3227,338;3231,328;3235,328;3240,328;3244,326;3248,326;3253,312;3257,332;3261,318;3266,346;3270,330;3275,330;3279,322;3283,308;3288,320;3292,320;3296,332;3301,320;3305,338;3309,324;3314,338;3318,322;3322,324;3327,322;3331,328;3335,326;3340,312;3344,326;3349,324;3353,338;3357,316;3362,330;3366,314;3370,328;3375,328;3379,318;3383,332;3388,318;3392,330;3396,316;3401,330;3405,322;3410,334;3414,320;3418,334;3423,332;3427,324;3431,324;3436,310;3440,322;3444,322;3449,334;3453,312;3457,324;3462,324;3466,324;3470,324;3475,336;3479,328;3484,314;3488,326;3492,312;3497,326;3501,330;3505,330;3510,316;3514,328;3518,328;3523,340;3527,318;3531,318;3536,330;3540,302;3544,326;3549,328;3553,334;3558,320;3562,332;3566,318;3571,330;3575,336;3579,322;3584,334;3588,320;3592,320;3597,304;3601,338;3605,324;3610,338;3614,322;3619,320;3627,312;3632,324;3636,324;3640,338;3645,322;3649,322;3653,314;3658,326;3662,326;3666,338;3671,324;3675,314;3679,314;3684,314;3688,326;3692,326;3697,326;3701,330;3706,344;3710,330;3714,330;3719,328;3723,320;3727,320;3732,304;3736,318;3740,316;3745,330;3749,322;3753,334;3758,316;3762,332;3766,318;3771,330;3775,336;3780,322;3784,334;3788,306;3793,332;3797,324;3801,338;3806,322;3810,336;3814,320;3819,334;3823,326;3827,326;3832,324;3836,310;3840,322;3845,324;3849,328;3854,326;3858,326;3862,324;3867,324;3871,330;3875,328;3880,328;3884,312;3888,326;3893,312;3897,332;3901,330;3906,344;3910,328;3914,328;3919,328;3923,320;3928,334;3932,318;3936,332;3941,318;3945,324;3949,322;3954,336;3958,320;3962,334;3967,320;3971,324;3975,338;3980,324;3984,324;3988,308;3993,322;3997,314;4002,340;4006,326;4010,340;4015,324;4019,316;4023,330;4028,314;4032,328;4036,326;4041,326;4045,318;4049,332;4054,316;4058,330;4062,328;4067,328;4071,334;4076,318;4080,318;4084,330;4089,330;4093,322;4097,336;4102,320;4106,334;4110,318;4115,332;4119,338;4123,322;4128,322;4132,306;4137,320;4141,306;4145,340;4150,338;4154,338;4158,322;4163,336;4167,328;4171,326;4176,340;4180,324;4184,324;4189,308;4193,330;4197,328;4202,328;4206,312;4211,340;4215,318;4219,330;4224,330;4228,316;4232,328;4237,314;4241,334;4245,318;4250,332;4254,316;4258,330;4263,328;4267,322;4271,334;4276,320;4280,332;4285,318;4289,318;4293,338;4298,336;4302,322;4306,334;4311,320;4315,324;4319,338;4324,324;4328,322;4332,308;4337,320;4341,326;4346,340;4350,324;4354,338;4359,322;4363,314;4367,326;4372,326;4376,340;4380,324;4385,324;4389,314;4393,328;4398,326;4402,340;4406,324;4411,338;4415,330;4420,330;4424,328;4428,326;4433,326;4437,318;4441,332;4446,318;4450,332;4454,316;4459,330;4463,322;4467,322;4472,334;4476,320;4480,334;4485,318;4489,326;4493,324;4498,324;4502,322;4507,322;4511,328;4515,328;4520,340;4524,326;4528,324;4533,310;4537,330;4541,328;4546,328;4550,328;4554,326;4559,326;4563,318;4568,332;4572,316;4576,330;4581,316;4585,330;4589,320;4594,334;4598,320;4602,332;4607,318;4611,324;4615,336;4620,322;4624,322;4628,308;4633,320;4637,326;4642,338;4646,324;4650,336;4655,322;4659,328;4663,326;4668,312;4672,326;4676,324;4681,338;4685,330;4689,328;4694,328;4698,326;4702,326;4707,340;4711,332;4716,316;4720,330;4724,314;4729,326;4733,332;4737,346;4742,332;4746,344;4750,330;4755,328;4759,334;4763,320;4768,332;4772,318;4776,330;4781,316;4785,334;4790,320;4794,334;4798,318;4803,332;4807,322;4811,322;4816,334;4820,318;4824,332;4829,316;4833,336;4837,320;4842,334;4846,320;4851,332;4855,318;4859,310;4864,322;4868,334;4872,332;4877,320;4881,324;4885,322;4890,322;4894,322;4898,334;4903,318;4907,310;4911,322;4916,322;4920,334;4925,320;4929,320;4933,324;4938,324;4942,322;4946,334;4951,320;4955,324;4959,336;4964,308;4968,322;4972,320;4977,334;4981,324;4985,338;4990,324;4994,336;4999,322;5003,334;5007,326;5012,310;5016,324;5020,322;5025,336;5029,312;5033,340;5038,324;5042,338;5046,322;5051,336;5055,328;5059,312;5064,326;5068,324;5073,338;5077,322;5081,328;5086,326;5090,324;5094,324;5099,338;5103,328;5107,314;5112,328;5116,312;5120,326;5125,324;5129,330;5133,330;5138,328;5142,328;5147,326;5151,324;5155,316;5160,330;5164,314;5168,328;5173,312;5177,332;5181,318;5186,332;5190,314;5194,342;5199,326;5203,318;5207,332;5212,316;5216,330;5221,314;5225,314;5229,318;5234,346;5238,316;5242,344;5247,328;5251,306;5255,318;5260,316;5264,330;5268,328;5273,328;5277,320;5281,332;5286,318;5290,330;5295,316;5299,322;5303,334;5308,320;5312,318;5316,316;5321,330;5325,322;5329,334;5334,320;5338,332;5342,318;5347,330;5351,336;5355,322;5360,334;5364,318;5369,318;5373,324;5377,338;5382,322;5386,336;5390,320;5395,334;5399,338;5403,324;5408,322;5412,306;5416,320;5421,306;5425,338;5430,324;5434,336;5438,322;5443,334;5447,326;5451,310;5456,324;5460,322;5464,336;5469,320;5473,326;5477,324;5482,324;5486,322;5490,322;5495,320;5499,312;5504,326;5508,310;5512,324;5517,308;5521,328;5525,326;5530,326;5534,324;5538,338;5543,322;5547,328;5551,342;5556,312;5560,326;5564,310;5569,324;5573,316;5578,342;5582,328;5586,342;5591,326;5595,318;5599,332;5604,316;5608,330;5612,328;5617,328;5621,320;5625,332;5630,318;5634,330;5639,330;5643,342;5647,320;5652,304;5656,318;5660,316;5665,330;5669,322;5673,334;5678,320;5682,332;5686,318;5691,332;5695,336;5699,322;5704,320;5708,306;5713,318;5717,318;5721,324;5726,322;5730,322;5734,320;5739,318;5743,310;5747,310;5752,308;5756,306;5760,320;5765,290;5769,324;5773,310;5778,322;5782,308;5787,320;5791,312;5795,296;5800,310;5804,296;5808,308;5813,292;5817,326;5821,312;5826,324;5830,308;5834,322;5839,306;5843,312;5847,310;5852,296;5856,308;5861,308;5865,314;5869,312;5874,324;5878,310;5882,310;5887,308;5891,298;5895,312;5900,296;5904,308;5908,308;5913,306;5917,312;5921,324;5926,310;5930,322;5935,322;5939,312;5943,326;5948,310;5952,322;5956,306;5961,306;5965,312;5969,324;5974,310;5978,322;5982,308;5987,298;5991,326;5995,310;6000,324;6004,308;6009,308;6013,314;6017,326;6022,312;6026,326;6030,310;6035,324;6039,314;6043,300;6048,298;6052,298;6056,284;6061,288;6065,302;6070,286;6074,286;6078,284;6083,270;6087,290;6091,290;6096,288;6100,288;6104,286;6109,286;6113,278;6117,276;6122,276;6126,288;6130,300;6135,278;6139,264;6144,276;6148,276;6152,274;6157,260;6161,294;6165,292;6170,292;6174,276;6178,276;6183,280;6187,266;6191,278;6196,278;6200,276;6204,262;6209,296;6213,294;6218,280;6222,292;6226,292;6231,290;6235,254;6239,282;6244,280;6248,278;6252,290;6257,268;6261,268;6265,252;6270,266;6274,264;6278,278;6283,284;6287,282;6292,282;6296,280;6300,278;6305,278;6309,284;6313,282;6318,280;6322,280;6326,292;6331,270;6335,270;6339,268;6344,282;6348,282;6352,280;6357,286;6361,300;6366,284;6370,284;6374,284;6379,296;6383,274;6387,272;6392,272;6396,270;6400,270;6405,268;6409,302;6413,288;6418,274;6422,284;6426,298;6431,262;6435,260;6440,288;6444,286;6448,286;6453,284;6457,262;6461,262;6466,260;6470,286;6474,286;6479,278;6483,276;6487,276;6492,274;6496,274;6501,258;6505,292;6509,278;6514,278;6518,276;6522,260;6527,274;6531,280;6535,278;6540,276;6544,290;6548,274;6553,280;6557,278;6561,278;6566,290;6570,290;6575,288;6579,266;6583,266;6588,264;6592,276;6596,262;\r\nBuffer sent in 0.972 secondsreturn;buffer;964\r\n'), 12:33:02
bytearray(b'received from UR: measure -> measure (0,1)\r\nSTEPPER: Moving to mstep: 6600 with speed [msteps/sec]: 1000 in StealthChop.\r\n'), 12:33:03
bytearray(b'STEPPER: Moving to mstep: 2400 with speed [msteps/sec]: 4000 in SpreadCycle.\r\n'), 12:33:07
bytearray(b'STEPPER: Moved 4200.00 msteps (ramp: 35%) in 1324.892 ms -> average speed [msteps/sec]: 3170.07\r\nreturn;measure;965\r\n'), 12:33:09
bytearray(b'received from UR: buffer -> buffer (0,1)\r\nSending buffer of size 965data;2400,298;2404,460;2408,170;2413,270;2417,312;2421,318;2426,342;2430,330;2434,342;2439,328;2443,320;2447,318;2452,318;2456,330;2460,316;2465,328;2469,320;2474,334;2478,318;2482,332;2487,330;2491,322;2495,336;2500,320;2504,334;2508,320;2513,332;2517,324;2521,338;2526,322;2530,336;2534,320;2539,320;2543,326;2548,310;2552,338;2556,324;2561,322;2565,314;2569,328;2574,326;2578,328;2582,312;2587,324;2591,330;2595,314;2600,342;2604,326;2608,326;2613,318;2617,332;2622,330;2626,330;2630,328;2635,328;2639,332;2643,318;2648,332;2652,330;2656,328;2661,314;2665,334;2669,318;2674,332;2678,316;2683,330;2687,328;2691,320;2696,334;2700,318;2704,318;2709,316;2713,336;2717,336;2722,334;2726,334;2730,332;2735,318;2739,310;2743,336;2748,322;2752,334;2757,320;2761,332;2765,324;2770,338;2774,322;2778,322;2783,320;2787,312;2791,340;2796,310;2800,324;2804,310;2809,336;2813,328;2817,342;2822,326;2826,340;2831,324;2835,316;2839,330;2844,328;2848,328;2852,312;2857,324;2861,318;2865,330;2870,316;2874,328;2878,328;2883,328;2887,334;2891,332;2896,318;2900,316;2905,330;2909,316;2913,334;2918,334;2922,332;2926,318;2931,332;2935,336;2939,308;2944,320;2948,306;2952,332;2957,318;2961,338;2965,324;2970,338;2974,322;2979,336;2983,318;2987,314;2992,340;2996,310;3000,324;3005,322;3009,330;3013,314;3018,328;3022,326;3026,340;3031,324;3035,316;3039,330;3044,314;3048,326;3053,312;3057,326;3061,318;3066,330;3070,316;3074,330;3079,328;3083,320;3087,334;3092,320;3096,334;3100,318;3105,318;3109,324;3113,338;3118,322;3122,336;3127,320;3131,312;3135,326;3140,314;3144,340;3148,312;3153,324;3157,330;3161,344;3166,330;3170,344;3174,328;3179,306;3183,334;3188,318;3192,346;3196,328;3201,330;3205,322;3209,336;3214,320;3218,334;3222,320;3227,332;3231,324;3235,324;3240,336;3244,322;3248,320;3253,318;3257,340;3262,324;3266,338;3270,322;3275,322;3279,328;3283,326;3288,340;3292,326;3296,324;3301,322;3305,330;3309,328;3314,326;3318,326;3322,326;3327,324;3331,318;3336,330;3340,330;3344,328;3349,314;3353,334;3357,334;3362,334;3366,332;3370,330;3375,316;3379,322;3383,336;3388,320;3392,320;3396,304;3401,332;3405,324;3410,336;3414,322;3418,336;3423,320;3427,326;3431,326;3436,324;3440,324;3444,324;3449,322;3453,314;3457,342;3462,326;3466,326;3470,326;3475,324;3479,330;3484,316;3488,328;3492,312;3497,326;3501,318;3505,332;3510,318;3514,330;3518,316;3523,330;3527,336;3531,320;3536,334;3540,318;3544,332;3549,318;3553,338;3558,324;3562,336;3566,322;3571,334;3575,326;3579,326;3584,338;3588,310;3592,336;3597,322;3601,342;3605,312;3610,340;3614,326;3618,340;3623,324;3627,316;3632,328;3636,314;3640,328;3645,326;3649,332;3653,318;3658,332;3662,330;3666,330;3671,328;3675,320;3679,334;3684,318;3688,332;3693,332;3697,330;3701,322;3706,336;3710,320;3714,334;3719,320;3723,324;3727,324;3732,310;3736,324;3740,322;3745,336;3749,328;3753,326;3758,326;3762,326;3767,324;3771,338;3775,330;3780,316;3784,328;3788,314;3793,328;3797,320;3801,332;3806,316;3810,332;3814,330;3819,342;3823,320;3828,306;3832,318;3836,318;3841,332;3845,324;3849,336;3854,322;3858,336;3862,320;3867,334;3871,324;3875,310;3880,324;3884,322;3888,322;3893,320;3897,326;3902,326;3906,326;3910,324;3915,324;3919,330;3923,316;3928,328;3932,314;3936,342;3941,312;3945,332;3949,318;3954,332;3958,330;3962,330;3967,326;3971,306;3976,334;3980,320;3984,334;3989,318;3993,324;3997,322;4002,336;4006,322;4010,336;4015,320;4019,310;4023,324;4028,324;4032,336;4036,324;4041,322;4045,314;4050,342;4054,326;4058,340;4063,324;4067,316;4071,330;4076,316;4080,328;4084,328;4089,326;4093,318;4097,332;4102,318;4106,330;4110,316;4115,328;4119,334;4124,320;4128,332;4132,318;4137,332;4141,322;4145,336;4150,322;4154,334;4158,320;4163,334;4167,324;4171,324;4176,324;4180,310;4184,322;4189,308;4193,342;4198,326;4202,340;4206,312;4211,324;4215,330;4219,316;4224,342;4228,328;4232,326;4237,314;4241,330;4245,316;4250,330;4254,316;4258,328;4263,314;4267,320;4272,332;4276,332;4280,330;4285,316;4289,336;4293,334;4298,334;4302,332;4306,332;4311,316;4315,322;4319,334;4324,320;4328,332;4332,304;4337,332;4341,324;4346,336;4350,322;4354,320;4359,320;4363,312;4367,338;4372,310;4376,322;4380,308;4385,336;4389,326;4393,340;4398,326;4402,338;4407,324;4411,316;4415,344;4420,328;4424,328;4428,312;4433,326;4437,330;4441,344;4446,314;4450,328;4454,314;4459,340;4463,332;4467,332;4472,318;4476,316;4481,330;4485,320;4489,334;4494,332;4498,332;4502,318;4507,330;4511,324;4515,322;4520,334;4524,320;4528,320;4533,318;4537,326;4541,324;4546,336;4550,322;4555,322;4559,320;4563,312;4568,326;4572,312;4576,324;4581,310;4585,330;4589,328;4594,342;4598,326;4602,340;4607,326;4611,316;4615,330;4620,328;4624,328;4629,314;4633,312;4637,318;4642,332;4646,318;4650,332;4655,316;4659,322;4663,334;4668,320;4672,334;4676,320;4681,334;4685,324;4689,338;4694,322;4698,336;4703,320;4707,312;4711,326;4716,312;4720,338;4724,322;4729,322;4733,328;4737,328;4742,326;4746,340;4750,326;4755,326;4759,330;4763,316;4768,330;4772,314;4777,328;4781,320;4785,334;4790,318;4794,346;4798,330;4803,344;4807,322;4811,306;4816,334;4820,318;4824,332;4829,332;4833,324;4837,322;4842,336;4846,320;4851,334;4855,326;4859,312;4864,324;4868,324;4872,338;4877,322;4881,328;4885,328;4890,326;4894,326;4898,326;4903,324;4907,318;4911,330;4916,316;4920,342;4925,328;4929,320;4933,318;4938,332;4942,332;4946,330;4951,330;4955,308;4959,334;4964,320;4968,332;4972,318;4977,330;4981,322;4986,336;4990,322;4994,336;4999,320;5003,312;5007,326;5012,312;5016,324;5020,324;5025,324;5029,328;5033,330;5038,314;5042,340;5046,326;5051,340;5055,318;5060,316;5064,330;5068,316;5073,342;5077,318;5081,320;5086,318;5090,332;5094,318;5099,330;5103,322;5107,322;5112,324;5116,322;5120,334;5125,320;5129,326;5134,326;5138,326;5142,324;5147,338;5151,330;5155,316;5160,314;5164,314;5168,328;5173,314;5177,334;5181,318;5186,332;5190,316;5195,332;5199,330;5203,306;5208,322;5212,308;5216,334;5221,320;5225,340;5229,324;5234,324;5238,324;5242,338;5247,322;5251,328;5255,326;5260,312;5264,326;5268,324;5273,338;5277,316;5282,330;5286,316;5290,328;5295,328;5299,320;5303,332;5308,318;5312,332;5316,316;5321,330;5325,322;5329,336;5334,322;5338,334;5343,320;5347,334;5351,324;5356,310;5360,324;5364,324;5369,338;5373,314;5377,328;5382,314;5386,340;5390,326;5395,340;5399,332;5403,316;5408,330;5412,314;5417,342;5421,320;5425,332;5430,318;5434,332;5438,330;5443,330;5447,320;5451,320;5456,334;5460,318;5464,332;5469,330;5473,322;5477,322;5482,334;5486,334;5491,332;5495,318;5499,324;5504,322;5508,322;5512,334;5517,320;5521,326;5525,324;5530,326;5534,322;5538,336;5543,336;5547,314;5551,326;5556,312;5560,324;5565,310;5569,336;5573,328;5578,340;5582,326;5586,338;5591,324;5595,314;5599,328;5604,314;5608,326;5612,312;5617,326;5621,316;5626,330;5630,314;5634,328;5639,314;5643,320;5647,332;5652,332;5656,330;5660,316;5665,330;5669,322;5673,334;5678,320;5682,334;5686,318;5691,332;5695,324;5700,322;5704,322;5708,308;5713,320;5717,312;5721,312;5726,310;5730,310;5734,310;5739,324;5743,314;5747,300;5752,314;5756,298;5760,312;5765,298;5769,332;5774,316;5778,330;5782,316;5787,328;5791,320;5795,306;5800,320;5804,318;5808,318;5813,302;5817,322;5821,308;5826,308;5830,306;5834,306;5839,312;5843,310;5848,322;5852,324;5856,308;5861,308;5865,314;5869,312;5874,312;5878,310;5882,310;5887,310;5891,302;5895,314;5900,314;5904,312;5908,312;5913,312;5917,304;5922,316;5926,314;5930,314;5935,314;5939,304;5943,318;5948,302;5952,316;5956,302;5961,316;5965,306;5969,320;5974,318;5978,318;5982,304;5987,308;5991,322;5996,306;6000,306;6004,292;6009,318;6013,310;6017,324;6022,308;6026,322;6030,320;6035,320;6039,298;6043,296;6048,296;6052,280;6057,280;6061,284;6065,298;6070,284;6074,284;6078,282;6083,282;6087,274;6091,274;6096,286;6100,272;6104,284;6109,292;6113,290;6117,290;6122,304;6126,288;6131,288;6135,280;6139,280;6144,278;6148,264;6152,292;6157,276;6161,284;6165,282;6170,266;6174,280;6178,294;6183,284;6187,270;6191,282;6196,268;6200,280;6205,266;6209,300;6213,286;6218,284;6222,284;6226,282;6231,282;6235,274;6239,272;6244,272;6248,272;6252,270;6257,290;6261,290;6266,274;6270,286;6274,288;6279,286;6283,292;6287,278;6292,278;6296,276;6300,276;6305,274;6309,280;6313,280;6318,278;6322,278;6326,292;6331,268;6335,282;6340,268;6344,282;6348,266;6353,278;6357,286;6361,284;6366,284;6370,284;6374,282;6379,282;6383,288;6387,288;6392,286;6396,284;6400,284;6405,276;6409,262;6414,288;6418,302;6422,288;6427,272;6431,280;6435,278;6440,278;6444,290;6448,290;6453,280;6457,294;6461,294;6466,278;6470,278;6474,276;6479,268;6483,268;6488,266;6492,266;6496,280;6501,278;6505,270;6509,284;6514,284;6518,282;6522,282;6527,274;6531,286;6535,286;6540,286;6544,284;6548,284;6553,276;6557,276;6562,246;6566,274;6570,288;6575,286;6579,280;6583,278;6588,276;6592,276;6596,274;\r\nBuffer sent in 0.973 secondsreturn;buffer;965\r\n'), 12:33:11
bytearray(b'received from UR: measure -> measure (0,1)\r\nSTEPPER: Moving to mstep: 6600 with speed [msteps/sec]: 1000 in StealthChop.\r\n'), 12:33:12
bytearray(b'STEPPER: Moving to mstep: 2400 with speed [msteps/sec]: 4000 in SpreadCycle.\r\n'), 12:33:16
bytearray(b'STEPPER: Moved 4200.00 msteps (ramp: 35%) in 1324.888 ms -> average speed [msteps/sec]: 3170.08\r\nreturn;measure;965\r\n'), 12:33:17
bytearray(b'received from UR: buffer -> buffer (0,1)\r\nSending buffer of size 965data;2400,308;2404,470;2408,138;2413,268;2417,324;2421,316;2426,330;2430,328;2434,342;2439,328;2443,320;2447,320;2452,304;2456,318;2460,318;2465,332;2469,324;2474,338;2478,322;2482,336;2487,320;2491,326;2495,326;2500,326;2504,324;2508,310;2513,324;2517,316;2521,330;2526,328;2530,328;2534,328;2539,328;2543,334;2548,320;2552,332;2556,318;2561,330;2565,324;2569,338;2574,322;2578,336;2582,322;2587,336;2591,328;2595,314;2600,326;2604,312;2608,326;2613,326;2617,332;2622,332;2626,332;2630,330;2635,330;2639,322;2643,322;2648,320;2652,320;2656,334;2661,334;2665,328;2669,326;2674,328;2678,326;2682,326;2687,324;2691,332;2696,332;2700,318;2704,332;2709,330;2713,332;2717,324;2722,336;2726,322;2730,336;2735,322;2739,314;2743,328;2748,326;2752,326;2756,312;2761,324;2765,318;2770,332;2774,316;2778,330;2783,316;2787,322;2791,336;2796,320;2800,320;2804,306;2809,334;2813,326;2817,340;2822,324;2826,338;2830,324;2835,338;2839,330;2844,316;2848,326;2852,328;2857,328;2861,320;2865,334;2870,320;2874,334;2878,318;2883,332;2887,324;2891,310;2896,324;2900,324;2905,322;2909,322;2913,328;2918,328;2922,328;2926,328;2931,328;2935,334;2939,320;2944,332;2948,318;2952,332;2957,318;2961,338;2965,324;2970,336;2974,322;2979,336;2983,322;2987,314;2992,328;2996,312;3000,326;3005,326;3009,332;3013,332;3018,332;3022,330;3026,332;3031,316;3035,322;3039,322;3044,322;3048,322;3053,320;3057,328;3061,326;3066,326;3070,326;3074,326;3079,324;3083,330;3087,328;3092,328;3096,328;3100,314;3105,314;3109,318;3113,334;3118,318;3122,332;3127,318;3131,322;3135,322;3140,308;3144,320;3148,306;3153,334;3157,326;3161,326;3166,326;3170,340;3174,324;3179,338;3183,330;3187,316;3192,330;3196,314;3201,328;3205,314;3209,334;3214,332;3218,346;3222,332;3227,332;3231,322;3235,322;3240,322;3244,322;3248,334;3253,320;3257,340;3261,324;3266,338;3270,324;3275,336;3279,328;3283,314;3288,312;3292,312;3296,340;3301,326;3305,330;3309,316;3314,330;3318,328;3322,328;3327,328;3331,318;3335,332;3340,318;3344,332;3349,316;3353,330;3357,336;3362,336;3366,322;3370,334;3375,318;3379,326;3383,326;3388,310;3392,324;3396,308;3401,336;3405,314;3409,328;3414,326;3418,340;3423,324;3427,318;3431,330;3436,330;3440,328;3444,314;3449,328;3453,320;3457,334;3462,318;3466,332;3470,316;3475,330;3479,322;3484,320;3488,318;3492,318;3497,318;3501,324;3505,338;3510,322;3514,336;3518,320;3523,334;3527,340;3531,326;3536,326;3540,312;3544,324;3549,324;3553,330;3558,330;3562,330;3566,314;3571,342;3575,334;3579,318;3584,320;3588,318;3592,332;3597,332;3601,338;3605,322;3610,336;3614,322;3619,346;3623,320;3627,326;3632,324;3636,324;3640,322;3645,310;3649,342;3653,314;3658,340;3662,326;3666,326;3671,324;3675,330;3679,328;3684,314;3688,314;3693,312;3697,326;3701,332;3706,332;3710,330;3714,330;3719,330;3723,322;3727,322;3732,320;3736,320;3740,306;3745,332;3749,324;3753,324;3758,322;3762,336;3767,322;3771,336;3775,328;3780,312;3784,324;3788,310;3793,338;3797,328;3801,328;3806,328;3810,340;3814,326;3819,340;3823,330;3827,316;3832,328;3836,328;3841,328;3845,320;3849,334;3854,318;3858,332;3862,330;3867,330;3871,334;3875,320;3880,322;3884,320;3888,332;3893,318;3897,324;3901,338;3906,338;3910,322;3915,336;3919,320;3923,328;3928,326;3932,312;3936,326;3941,310;3945,330;3949,316;3954,328;3958,328;3962,328;3967,326;3971,320;3975,332;3980,318;3984,330;3989,316;3993,330;3997,320;4002,334;4006,318;4010,332;4015,332;4019,322;4023,322;4028,322;4032,320;4036,306;4041,318;4045,324;4049,338;4054,324;4058,336;4063,322;4067,312;4071,312;4076,326;4080,324;4084,324;4089,322;4093,328;4097,328;4102,326;4106,340;4110,326;4115,326;4119,330;4124,330;4128,330;4132,314;4137,314;4141,320;4145,334;4150,318;4154,332;4158,318;4163,332;4167,324;4171,308;4176,322;4180,306;4184,334;4189,320;4193,326;4198,326;4202,340;4206,324;4211,338;4215,330;4219,314;4224,328;4228,326;4232,312;4237,310;4241,344;4245,330;4250,344;4254,328;4258,328;4263,328;4267,318;4272,332;4276,330;4280,330;4285,316;4289,336;4293,334;4298,334;4302,334;4306,334;4311,318;4315,324;4319,324;4324,310;4328,322;4332,308;4337,336;4341,326;4346,326;4350,326;4354,326;4359,324;4363,330;4367,330;4372,314;4376,326;4380,312;4385,340;4389,332;4393,346;4398,330;4402,330;4406,314;4411,344;4415,334;4420,320;4424,318;4428,318;4433,332;4437,324;4441,338;4446,322;4450,336;4454,322;4459,334;4463,326;4467,312;4472,340;4476,324;4480,324;4485,324;4489,330;4494,328;4498,328;4502,326;4507,326;4511,332;4515,318;4520,330;4524,330;4528,330;4533,314;4537,336;4541,320;4546,334;4550,334;4554,334;4559,332;4563,310;4568,322;4572,308;4576,336;4581,322;4585,328;4589,326;4594,340;4598,326;4602,326;4607,326;4611,304;4615,318;4620,318;4624,330;4629,316;4633,316;4637,322;4642,336;4646,320;4650,334;4655,320;4659,314;4663,326;4668,324;4672,324;4676,324;4681,322;4685,328;4689,328;4694,326;4698,326;4703,326;4707,318;4711,318;4716,316;4720,330;4724,316;4729,330;4733,336;4737,336;4742,334;4746,332;4750,320;4755,334;4759,326;4763,324;4768,324;4772,308;4777,336;4781,314;4785,328;4790,326;4794,340;4798,324;4803,326;4807,330;4811,316;4816,330;4820,316;4824,316;4829,314;4833,336;4838,334;4842,336;4846,334;4851,348;4855,312;4859,310;4864,338;4868,324;4872,322;4877,322;4881,328;4885,328;4890,328;4894,326;4898,326;4903,326;4907,318;4912,316;4916,316;4920,330;4925,330;4929,336;4933,320;4938,334;4942,320;4946,334;4951,318;4955,312;4959,324;4964,324;4968,324;4972,308;4977,322;4981,314;4986,342;4990,326;4994,326;4999,324;5003,316;5007,342;5012,328;5016,328;5020,314;5025,326;5029,320;5033,332;5038,316;5042,330;5046,316;5051,330;5055,322;5060,320;5064,334;5068,318;5073,332;5077,324;5081,324;5086,322;5090,336;5094,322;5099,336;5103,326;5107,326;5112,324;5116,324;5120,324;5125,308;5129,328;5134,328;5138,340;5142,326;5147,326;5151,330;5155,316;5160,330;5164,314;5168,328;5173,312;5177,334;5181,332;5186,346;5190,330;5194,330;5199,316;5203,322;5208,334;5212,318;5216,332;5221,318;5225,338;5229,322;5234,336;5238,334;5242,336;5247,320;5251,312;5255,326;5260,324;5264,324;5269,324;5273,322;5277,328;5282,328;5286,326;5290,338;5295,324;5299,316;5303,328;5308,328;5312,312;5316,312;5321,338;5325,316;5329,330;5334,328;5338,328;5343,326;5347,320;5351,332;5356,316;5360,316;5364,314;5369,328;5373,320;5377,332;5382,318;5386,332;5390,316;5395,344;5399,334;5403,320;5408,320;5412,318;5417,332;5421,324;5425,338;5430,322;5434,336;5438,320;5443,334;5447,324;5451,324;5456,322;5460,320;5464,320;5469,306;5473,326;5477,324;5482,338;5486,324;5491,336;5495,314;5499,312;5504,326;5508,326;5512,324;5517,310;5521,330;5525,330;5530,328;5534,326;5538,328;5543,326;5547,330;5551,330;5556,316;5560,328;5565,314;5569,342;5573,318;5578,332;5582,316;5586,330;5591,316;5595,322;5599,334;5604,320;5608,332;5612,318;5617,316;5621,322;5626,336;5630,320;5634,334;5639,320;5643,326;5647,324;5652,310;5656,322;5660,308;5665,336;5669,328;5673,328;5678,326;5682,326;5686,324;5691,324;5695,316;5700,314;5704,328;5708,326;5713,326;5717,316;5721,316;5726,316;5730,316;5734,314;5739,314;5743,306;5747,304;5752,318;5756,304;5760,302;5765,302;5769,322;5774,306;5778,320;5782,320;5787,318;5791,310;5795,296;5800,308;5804,294;5808,306;5813,306;5817,326;5821,312;5826,310;5830,310;5834,324;5839,308;5843,300;5848,312;5852,312;5856,310;5861,310;5865,316;5869,314;5874,314;5878,312;5882,312;5887,312;5891,316;5895,316;5900,302;5904,300;5908,300;5913,314;5917,304;5922,304;5926,304;5930,316;5935,316;5939,308;5943,320;5948,306;5952,306;5956,290;5961,316;5965,322;5969,322;5974,320;5978,320;5983,320;5987,296;5991,310;5996,310;6000,310;6004,308;6009,308;6013,314;6017,328;6022,312;6026,326;6030,298;6035,310;6039,302;6043,302;6048,288;6052,288;6057,286;6061,292;6065,278;6070,292;6074,292;6078,290;6083,290;6087,296;6091,296;6096,280;6100,282;6104,280;6109,286;6113,300;6117,286;6122,284;6126,270;6131,284;6135,290;6139,274;6144,288;6148,260;6152,288;6157,274;6161,280;6165,278;6170,278;6174,278;6178,292;6183,284;6187,284;6191,282;6196,282;6200,282;6205,282;6209,288;6213,274;6218,272;6222,286;6226,286;6231,264;6235,264;6239,276;6244,276;6248,276;6252,276;6257,296;6261,294;6265,294;6270,280;6274,278;6279,292;6283,284;6287,284;6292,284;6296,282;6300,268;6305,266;6309,288;6313,288;6318,286;6322,272;6326,286;6331,262;6335,276;6340,276;6344,274;6348,274;6353,274;6357,280;6361,294;6366,280;6370,292;6374,278;6379,276;6383,268;6387,268;6392,280;6396,280;6400,280;6405,270;6409,286;6414,284;6418,270;6422,282;6427,282;6431,274;6435,288;6440,288;6444,286;6448,286;6453,284;6457,276;6461,290;6466,290;6470,288;6474,288;6479,280;6483,262;6488,278;6492,276;6496,276;6501,276;6505,268;6509,280;6514,280;6518,280;6522,278;6527,284;6531,270;6535,268;6540,268;6544,282;6549,280;6553,272;6557,272;6562,284;6566,270;6570,284;6575,282;6579,274;6583,274;6588,272;6592,272;6596,270;\r\nBuffer sent in 0.973 secondsreturn;buffer;965\r\n'), 12:33:19
bytearray(b'received from UR: measure -> measure (0,1)\r\nSTEPPER: Moving to mstep: 6600 with speed [msteps/sec]: 1000 in StealthChop.\r\n'), 12:33:20
bytearray(b'STEPPER: Moving to mstep: 2400 with speed [msteps/sec]: 4000 in SpreadCycle.\r\n'), 12:33:24
bytearray(b'STEPPER: Moved 4200.00 msteps (ramp: 35%) in 1324.880 ms -> average speed [msteps/sec]: 3170.10\r\nreturn;measure;965\r\n'), 12:33:26
bytearray(b'received from UR: buffer -> buffer (0,1)\r\nSending buffer of size 965data;2400,306;2404,424;2408,234;2413,292;2417,320;2421,326;2426,340;2430,324;2434,338;2439,322;2443,328;2447,328;2452,314;2456,324;2460,312;2465,324;2469,330;2474,344;2478,328;2482,328;2487,326;2491,332;2495,332;2500,316;2504,328;2508,328;2513,326;2517,318;2521,332;2526,318;2530,332;2534,330;2539,330;2543,322;2548,320;2552,320;2556,318;2561,332;2565,322;2569,336;2574,320;2578,334;2582,320;2587,334;2591,324;2595,308;2600,322;2604,322;2608,334;2613,320;2617,326;2622,324;2626,338;2630,322;2635,336;2639,326;2643,326;2648,324;2652,324;2656,324;2661,324;2665,330;2669,328;2674,328;2678,326;2682,340;2687,326;2691,330;2696,330;2700,316;2704,328;2709,314;2713,334;2717,320;2722,332;2726,332;2730,332;2735,330;2739,320;2743,334;2748,306;2752,332;2757,318;2761,332;2765,322;2770,336;2774,322;2778,336;2783,320;2787,312;2791,340;2796,324;2800,336;2804,322;2809,322;2813,328;2817,340;2822,326;2826,340;2831,324;2835,338;2839,330;2844,328;2848,328;2852,312;2857,326;2861,318;2865,332;2870,316;2874,330;2878,314;2883,328;2887,334;2891,332;2896,330;2900,316;2905,328;2909,320;2913,334;2918,332;2922,332;2926,330;2931,330;2935,322;2939,320;2944,334;2948,318;2952,318;2957,304;2961,324;2965,322;2970,336;2974,322;2979,336;2983,326;2987,312;2992,324;2996,310;3000,338;3005,322;3009,328;3013,314;3018,326;3022,324;3026,324;3031,324;3035,328;3039,328;3044,314;3048,326;3053,312;3057,324;3061,330;3066,330;3070,328;3074,328;3079,328;3083,318;3087,332;3092,318;3096,316;3100,316;3105,328;3109,334;3113,332;3118,318;3122,332;3127,330;3131,308;3135,322;3140,306;3144,320;3148,320;3153,332;3157,324;3161,336;3166,322;3170,334;3174,320;3179,346;3183,324;3187,308;3192,322;3196,320;3201,320;3205,324;3209,338;3214,324;3218,338;3222,322;3227,332;3231,326;3235,326;3240,324;3244,310;3248,324;3253,320;3257,342;3262,326;3266,340;3270,324;3275,338;3279,330;3283,316;3288,328;3292,328;3296,328;3301,326;3305,332;3309,332;3314,330;3318,330;3322,330;3327,328;3331,320;3336,320;3340,318;3344,332;3349,316;3353,336;3357,320;3362,334;3366,320;3370,332;3375,318;3379,324;3383,322;3388,322;3392,322;3396,320;3401,334;3405,326;3410,338;3414,324;3418,338;3423,324;3427,314;3431,328;3436,314;3440,326;3444,326;3449,338;3453,316;3457,330;3462,328;3466,328;3471,326;3475,340;3479,318;3484,316;3488,316;3492,316;3497,314;3501,334;3505,334;3510,332;3514,332;3518,316;3523,330;3527,336;3531,320;3536,334;3540,318;3545,332;3549,332;3553,338;3558,322;3562,336;3566,320;3571,334;3575,340;3579,310;3584,324;3588,308;3592,322;3597,320;3601,340;3605,324;3610,338;3614,322;3619,336;3623,322;3627,328;3632,326;3636,326;3640,324;3645,310;3649,342;3653,328;3658,340;3662,314;3666,326;3671,324;3675,330;3679,328;3684,314;3688,326;3693,326;3697,324;3701,318;3706,342;3710,328;3714,342;3719,326;3723,318;3727,318;3732,316;3736,328;3740,314;3745,326;3749,318;3753,332;3758,316;3762,328;3767,328;3771,320;3775,332;3780,318;3784,332;3788,316;3793,330;3797,320;3801,334;3806,320;3810,332;3814,316;3819,330;3823,322;3827,320;3832,320;3836,320;3841,332;3845,324;3849,338;3854,322;3858,336;3862,320;3867,334;3871,340;3875,326;3880,324;3884,324;3888,322;3893,308;3897,328;3902,326;3906,326;3910,326;3915,338;3919,330;3923,316;3928,328;3932,328;3936,342;3941,314;3945,334;3949,318;3954,332;3958,330;3962,330;3967,328;3971,306;3976,320;3980,320;3984,332;3989,318;3993,338;3997,322;4002,336;4006,320;4010,334;4015,320;4019,326;4023,324;4028,324;4032,324;4036,322;4041,322;4045,326;4050,340;4054,324;4058,338;4063,324;4067,330;4071,328;4076,314;4080,326;4084,326;4089,324;4093,330;4097,328;4102,328;4106,328;4110,326;4115,326;4119,330;4124,316;4128,330;4132,314;4137,328;4141,318;4145,332;4150,318;4154,330;4158,316;4163,330;4167,336;4171,308;4176,320;4180,318;4184,318;4189,316;4193,336;4198,322;4202,334;4206,320;4211,332;4215,338;4219,324;4224,322;4228,320;4232,320;4237,318;4241,338;4245,322;4250,336;4254,322;4258,334;4263,320;4267,326;4272,324;4276,322;4280,322;4285,308;4289,328;4293,326;4298,326;4302,324;4306,338;4311,324;4315,314;4319,328;4324,326;4328,340;4332,324;4337,340;4341,316;4346,328;4350,326;4354,326;4359,324;4363,330;4367,342;4372,314;4376,326;4380,312;4385,326;4389,316;4393,344;4398,328;4402,330;4407,314;4411,320;4415,332;4420,318;4424,330;4428,316;4433,316;4437,320;4441,348;4446,318;4450,332;4454,316;4459,330;4463,322;4467,320;4472,320;4476,320;4481,318;4485,324;4489,338;4494,322;4498,336;4502,320;4507,334;4511,326;4515,312;4520,324;4524,324;4528,338;4533,322;4537,328;4542,328;4546,328;4550,326;4555,340;4559,330;4563,316;4568,330;4572,314;4576,328;4581,312;4585,332;4589,318;4594,332;4598,318;4602,330;4607,316;4611,320;4616,334;4620,318;4624,332;4629,330;4633,316;4637,322;4642,336;4646,320;4650,334;4655,318;4659,324;4663,322;4668,322;4672,320;4676,320;4681,320;4685,324;4689,326;4694,338;4698,336;4703,322;4707,314;4711,326;4716,312;4720,326;4724,310;4729,324;4733,330;4737,328;4742,328;4746,328;4750,326;4755,340;4759,332;4764,316;4768,330;4772,316;4777,342;4781,320;4785,332;4790,318;4794,330;4798,316;4803,330;4807,334;4811,320;4816,320;4820,332;4824,332;4829,318;4833,336;4838,322;4842,334;4846,320;4851,348;4855,324;4859,310;4864,322;4868,322;4872,322;4877,322;4881,326;4885,326;4890,338;4894,324;4898,338;4903,322;4907,314;4912,326;4916,326;4920,338;4925,324;4929,330;4933,328;4938,330;4942,326;4946,340;4951,326;4955,316;4959,328;4964,314;4968,328;4972,328;4977,340;4981,318;4986,332;4990,316;4994,330;4999,328;5003,320;5007,320;5012,318;5016,332;5020,330;5025,330;5029,322;5033,336;5038,320;5042,334;5046,318;5051,348;5055,324;5060,322;5064,320;5068,320;5073,320;5077,324;5081,324;5086,322;5090,336;5094,322;5099,334;5103,326;5107,324;5112,338;5116,322;5121,322;5125,320;5129,326;5134,326;5138,340;5142,324;5147,324;5151,330;5155,328;5160,328;5164,312;5168,326;5173,310;5177,330;5181,316;5186,342;5190,326;5195,340;5199,318;5203,316;5208,330;5212,330;5216,328;5221,314;5225,334;5229,318;5234,332;5238,316;5242,330;5247,328;5251,320;5255,318;5260,318;5264,316;5269,314;5273,314;5277,334;5282,332;5286,332;5290,332;5295,330;5299,322;5303,320;5308,318;5312,318;5316,318;5321,332;5325,322;5329,336;5334,320;5338,334;5343,318;5347,324;5351,338;5356,322;5360,322;5364,322;5369,320;5373,326;5377,340;5382,324;5386,338;5390,322;5395,336;5399,342;5403,314;5408,326;5412,310;5417,324;5421,316;5425,330;5430,314;5434,342;5438,326;5443,340;5447,318;5451,330;5456,330;5460,330;5464,328;5469,314;5473,334;5477,320;5482,334;5486,318;5491,332;5495,324;5499,324;5504,336;5508,322;5512,322;5517,308;5521,326;5525,326;5530,326;5534,324;5538,324;5543,322;5547,314;5551,328;5556,312;5560,326;5565,310;5569,330;5573,330;5578,342;5582,328;5586,342;5591,326;5595,318;5599,330;5604,330;5608,328;5612,314;5617,328;5621,320;5626,332;5630,318;5634,332;5639,330;5643,322;5647,320;5652,320;5656,318;5660,318;5665,332;5669,324;5673,336;5678,334;5682,334;5686,320;5691,332;5695,324;5700,324;5704,308;5708,308;5713,306;5717,326;5721,326;5726,324;5730,324;5734,308;5739,322;5743,328;5747,312;5752,312;5756,298;5760,310;5765,316;5769,314;5774,300;5778,314;5782,312;5787,326;5791,316;5795,316;5800,314;5804,300;5808,314;5813,298;5817,320;5821,304;5826,316;5830,302;5835,314;5839,308;5843,306;5848,306;5852,318;5856,304;5861,302;5865,308;5869,306;5874,320;5878,304;5882,318;5887,304;5891,310;5895,322;5900,308;5904,306;5909,292;5913,312;5917,310;5922,324;5926,308;5930,308;5935,306;5939,300;5943,312;5948,298;5952,310;5956,296;5961,310;5965,316;5969,330;5974,314;5978,314;5983,312;5987,304;5991,318;5996,304;6000,302;6004,302;6009,314;6013,320;6017,320;6022,318;6026,332;6030,316;6035,316;6039,308;6043,306;6048,292;6052,290;6057,290;6061,280;6065,280;6070,292;6074,292;6078,292;6083,290;6087,282;6091,280;6096,280;6100,278;6104,278;6109,284;6113,284;6117,296;6122,296;6126,294;6131,278;6135,286;6139,284;6144,284;6148,284;6152,296;6157,268;6161,288;6165,286;6170,286;6174,286;6178,270;6183,290;6187,276;6192,288;6196,288;6200,274;6205,272;6209,292;6213,292;6218,290;6222,276;6226,274;6231,276;6235,280;6239,278;6244,278;6248,264;6252,276;6257,282;6261,282;6266,252;6270,280;6274,280;6279,278;6283,284;6287,298;6292,284;6296,282;6300,268;6305,280;6309,286;6313,284;6318,284;6322,284;6326,296;6331,274;6335,286;6340,286;6344,284;6348,270;6353,284;6357,290;6361,288;6366,288;6370,272;6374,286;6379,278;6383,292;6387,290;6392,290;6396,276;6400,288;6405,280;6409,280;6414,278;6418,278;6422,278;6427,278;6431,268;6435,268;6440,266;6444,280;6448,280;6453,272;6457,286;6461,284;6466,298;6470,282;6475,268;6479,288;6483,286;6488,286;6492,284;6496,284;6501,270;6505,276;6509,288;6514,288;6518,286;6522,272;6527,278;6531,278;6535,278;6540,290;6544,290;6549,276;6553,282;6557,294;6562,294;6566,294;6570,278;6575,278;6579,284;6583,284;6588,284;6592,282;6596,268;\r\nBuffer sent in 0.973 secondsreturn;buffer;965\r\n'), 12:33:28
bytearray(b'received from UR: measure -> measure (0,1)\r\nSTEPPER: Moving to mstep: 6600 with speed [msteps/sec]: 1000 in StealthChop.\r\n'), 12:33:29
bytearray(b'STEPPER: Moving to mstep: 2400 with speed [msteps/sec]: 4000 in SpreadCycle.\r\n'), 12:33:33
bytearray(b'STEPPER: Moved 4200.00 msteps (ramp: 35%) in 1324.892 ms -> average speed [msteps/sec]: 3170.07\r\nreturn;measure;965\r\n'), 12:33:34
bytearray(b'received from UR: buffer -> buffer (0,1)\r\nSending buffer of size 965data;2400,316;2404,472;2408,140;2413,270;2417,324;2421,316;2426,330;2430,328;2434,342;2439,328;2443,318;2447,320;2452,316;2456,330;2460,328;2465,328;2469,320;2474,332;2478,330;2482,330;2487,328;2491,322;2495,332;2500,318;2504,316;2508,316;2513,328;2517,320;2521,332;2526,318;2530,332;2534,330;2539,330;2543,334;2548,318;2552,330;2556,316;2561,328;2565,322;2569,334;2574,318;2578,332;2582,316;2587,330;2591,334;2595,320;2600,332;2604,304;2609,316;2613,322;2617,334;2622,320;2626,332;2630,318;2635,330;2639,322;2643,320;2648,320;2652,320;2656,330;2661,316;2665,336;2669,320;2674,334;2678,318;2683,332;2687,324;2691,322;2696,334;2700,320;2704,332;2709,318;2713,336;2717,322;2722,334;2726,320;2730,332;2735,318;2739,324;2743,336;2748,322;2752,334;2757,318;2761,318;2765,324;2770,336;2774,322;2778,334;2783,320;2787,310;2791,324;2796,324;2800,336;2804,322;2809,322;2813,326;2817,340;2822,324;2826,338;2831,322;2835,336;2839,328;2844,312;2848,326;2852,324;2857,324;2861,330;2865,342;2870,314;2874,340;2878,326;2883,324;2887,330;2891,330;2896,328;2900,314;2905,312;2909,318;2913,332;2918,316;2922,330;2926,328;2931,328;2935,334;2939,318;2944,332;2948,318;2952,330;2957,314;2961,336;2965,320;2970,334;2974,318;2979,332;2983,324;2987,322;2992,322;2996,306;3000,320;3005,306;3009,338;3013,324;3018,338;3022,322;3026,336;3031,334;3035,312;3039,326;3044,310;3048,324;3053,322;3057,322;3061,326;3066,326;3070,324;3074,324;3079,338;3083,314;3087,314;3092,312;3096,326;3100,324;3105,324;3109,328;3114,342;3118,326;3122,326;3127,324;3131,316;3135,330;3140,314;3144,328;3148,312;3153,326;3157,330;3161,330;3166,328;3170,342;3174,326;3179,338;3183,330;3188,316;3192,328;3196,314;3201,326;3205,332;3209,346;3214,330;3218,344;3222,328;3227,342;3231,334;3235,334;3240,332;3244,318;3248,332;3253,330;3257,336;3262,320;3266,334;3270,318;3275,332;3279,324;3283,322;3288,322;3292,320;3296,334;3301,318;3305,324;3309,336;3314,336;3318,336;3322,334;3327,320;3331,324;3336,326;3340,322;3344,336;3349,320;3353,326;3357,324;3362,324;3366,324;3370,336;3375,322;3379,312;3383,340;3388,324;3392,324;3396,322;3401,324;3405,328;3410,328;3414,326;3418,340;3423,324;3427,314;3431,328;3436,328;3440,326;3444,326;3449,324;3453,330;3457,330;3462,328;3466,328;3470,326;3475,340;3479,318;3484,316;3488,330;3492,328;3497,328;3501,334;3505,332;3510,318;3514,332;3518,316;3523,328;3527,320;3531,318;3536,332;3540,330;3544,330;3549,314;3553,334;3558,320;3562,332;3566,318;3571,330;3575,320;3579,306;3584,334;3588,320;3592,332;3597,318;3601,338;3605,322;3610,336;3614,322;3618,334;3623,332;3627,310;3632,322;3636,306;3640,320;3645,320;3649,338;3653,324;3658,338;3662,322;3666,336;3671,320;3675,326;3679,326;3684,324;3688,324;3693,322;3697,322;3701,326;3706,326;3710,326;3714,324;3719,324;3723,330;3727,328;3732,314;3736,326;3740,312;3745,338;3749,316;3753,330;3758,328;3762,328;3767,326;3771,318;3775,330;3780,318;3784,330;3788,316;3793,330;3797,320;3801,334;3806,318;3810,332;3814,318;3819,328;3823,322;3828,322;3832,320;3836,320;3841,320;3845,324;3849,338;3854,322;3858,336;3862,334;3867,334;3871,326;3875,310;3880,324;3884,322;3888,322;3893,322;3897,340;3902,326;3906,326;3910,324;3915,336;3919,328;3923,314;3928,326;3932,310;3936,324;3941,310;3945,330;3949,328;3954,328;3958,326;3962,340;3967,324;3971,316;3976,328;3980,314;3984,340;3989,326;3993,332;3997,316;4002,330;4006,314;4010,340;4015,326;4019,318;4023,316;4028,316;4032,314;4036,314;4041,328;4045,320;4050,334;4054,318;4058,332;4063,330;4067,322;4071,320;4076,320;4080,334;4084,318;4089,320;4093,324;4097,324;4102,322;4106,336;4110,320;4115,334;4119,326;4124,326;4128,324;4132,310;4137,322;4141,316;4145,330;4150,328;4154,328;4158,326;4163,326;4167,332;4171,316;4176,316;4180,302;4184,314;4189,314;4193,334;4198,332;4202,332;4206,332;4211,332;4215,336;4219,322;4224,334;4228,320;4232,320;4237,332;4241,338;4245,324;4250,336;4254,322;4259,336;4263,320;4267,326;4272,326;4276,324;4280,324;4285,310;4289,332;4293,316;4298,330;4302,328;4306,328;4311,328;4315,320;4319,334;4324,318;4328,330;4333,316;4337,316;4341,322;4346,336;4350,320;4354,334;4359,318;4363,324;4367,338;4372,322;4376,322;4380,308;4385,336;4389,312;4393,326;4398,324;4402,338;4407,324;4411,328;4415,328;4420,314;4424,326;4428,312;4433,338;4437,316;4441,330;4446,316;4450,342;4454,328;4459,328;4463,318;4467,332;4472,330;4476,316;4481,316;4485,320;4489,332;4494,318;4498,332;4502,318;4507,330;4511,322;4515,320;4520,320;4524,318;4528,332;4533,332;4537,324;4541,322;4546,334;4550,320;4555,334;4559,324;4563,324;4568,322;4572,308;4576,320;4581,306;4585,340;4589,324;4594,336;4598,320;4602,334;4607,318;4611,324;4616,324;4620,322;4624,320;4629,318;4633,332;4637,324;4642,324;4646,322;4650,336;4655,320;4659,314;4663,326;4668,324;4672,324;4676,324;4681,322;4685,328;4690,328;4694,326;4698,326;4703,326;4707,318;4711,332;4716,316;4720,330;4724,328;4729,328;4733,320;4737,332;4742,318;4746,332;4750,316;4755,330;4759,336;4764,320;4768,334;4772,318;4777,318;4781,324;4785,338;4790,322;4794,336;4798,320;4803,334;4807,326;4811,324;4816,324;4820,324;4824,322;4829,310;4833,342;4838,314;4842,340;4846,324;4851,338;4855,330;4859,328;4864,328;4868,314;4872,326;4877,314;4881,332;4885,318;4890,332;4894,316;4898,330;4903,328;4907,320;4912,334;4916,320;4920,332;4925,318;4929,338;4933,324;4938,338;4942,322;4946,336;4951,334;4955,312;4959,340;4964,326;4968,324;4973,310;4977,324;4981,314;4986,342;4990,314;4994,328;4999,326;5003,304;5007,316;5012,330;5016,330;5020,328;5025,328;5029,318;5033,332;5038,318;5042,332;5047,316;5051,322;5055,322;5060,320;5064,320;5068,318;5073,332;5077,322;5081,336;5086,336;5090,334;5094,334;5099,332;5103,324;5107,322;5112,322;5116,322;5121,336;5125,318;5129,328;5134,326;5138,338;5142,324;5147,322;5151,328;5155,312;5160,340;5164,326;5168,326;5173,310;5177,330;5181,314;5186,342;5190,314;5195,326;5199,324;5203,318;5208,330;5212,316;5216,314;5221,314;5225,348;5229,318;5234,332;5238,318;5242,332;5247,330;5251,322;5255,322;5260,318;5264,320;5269,320;5273,318;5277,324;5282,338;5286,322;5290,322;5295,322;5299,328;5303,326;5308,326;5312,324;5316,324;5321,322;5325,328;5329,328;5334,326;5338,340;5343,326;5347,316;5351,330;5356,330;5360,328;5364,314;5369,314;5373,318;5377,332;5382,316;5386,330;5390,316;5395,328;5399,320;5403,320;5408,332;5412,318;5417,318;5421,322;5425,336;5430,320;5434,334;5438,320;5443,332;5447,324;5451,324;5456,324;5460,322;5464,322;5469,322;5473,326;5478,326;5482,326;5486,324;5491,324;5495,330;5499,316;5504,314;5508,316;5512,328;5517,314;5521,332;5525,332;5530,332;5534,330;5538,330;5543,330;5547,320;5552,334;5556,318;5560,332;5565,316;5569,336;5573,322;5578,334;5582,320;5586,334;5591,318;5595,324;5599,324;5604,322;5608,322;5612,306;5617,320;5621,326;5626,340;5630,324;5634,338;5639,322;5643,314;5647,328;5652,328;5656,326;5660,324;5665,326;5669,318;5673,330;5678,330;5682,330;5686,328;5691,328;5695,318;5700,318;5704,318;5708,316;5713,316;5717,322;5721,322;5726,320;5730,320;5734,320;5739,318;5743,310;5747,310;5752,322;5756,308;5761,308;5765,312;5769,326;5774,296;5778,310;5782,308;5787,322;5791,312;5795,300;5800,312;5804,310;5808,310;5813,308;5817,314;5821,314;5826,326;5830,312;5835,312;5839,316;5843,302;5848,314;5852,314;5856,298;5861,298;5865,318;5869,302;5874,302;5878,314;5882,314;5887,312;5891,290;5895,302;5900,302;5904,302;5909,300;5913,320;5917,304;5922,318;5926,302;5930,316;5935,314;5939,306;5943,320;5948,304;5952,316;5956,316;5961,314;5965,306;5969,318;5974,304;5978,330;5983,300;5987,308;5991,320;5996,292;6000,304;6004,302;6009,316;6013,308;6017,322;6022,306;6026,320;6030,302;6035,318;6039,308;6043,294;6048,294;6052,292;6057,276;6061,296;6065,296;6070,296;6074,280;6078,294;6083,294;6087,284;6091,298;6096,296;6100,296;6104,280;6109,286;6113,284;6118,284;6122,296;6126,296;6131,280;6135,286;6139,286;6144,284;6148,284;6152,282;6157,282;6161,286;6165,286;6170,272;6174,284;6178,298;6183,276;6187,276;6192,288;6196,272;6200,286;6205,286;6209,292;6213,276;6218,248;6222,288;6226,302;6231,266;6235,280;6239,264;6244,262;6248,276;6252,276;6257,268;6261,282;6266,282;6270,280;6274,278;6279,278;6283,270;6287,268;6292,268;6296,280;6300,280;6305,272;6309,284;6313,298;6318,282;6322,268;6326,280;6331,272;6335,288;6340,272;6344,270;6348,270;6353,282;6357,288;6361,288;6366,286;6370,286;6374,284;6379,284;6383,288;6387,288;6392,286;6396,272;6400,284;6405,290;6409,276;6414,274;6418,274;6422,274;6427,286;6431,262;6435,264;6440,276;6444,276;6448,274;6453,280;6457,292;6461,278;6466,278;6470,276;6474,246;6479,282;6483,294;6488,280;6492,280;6496,278;6501,278;6505,282;6509,282;6514,282;6518,294;6522,294;6527,272;6531,270;6535,270;6540,268;6544,268;6548,282;6553,274;6557,274;6562,272;6566,272;6570,286;6575,270;6579,276;6583,290;6588,276;6592,288;6596,274;\r\nBuffer sent in 0.973 secondsreturn;buffer;965\r\n'), 12:33:36
bytearray(b'received from UR: measure -> measure (0,1)\r\nSTEPPER: Moving to mstep: 6600 with speed [msteps/sec]: 1000 in StealthChop.\r\n'), 12:33:37
bytearray(b'STEPPER: Moving to mstep: 2400 with speed [msteps/sec]: 4000 in SpreadCycle.\r\n'), 12:33:42
bytearray(b'STEPPER: Moved 4200.00 msteps (ramp: 35%) in 1324.888 ms -> average speed [msteps/sec]: 3170.08\r\nreturn;measure;965\r\n'), 12:33:43
bytearray(b'received from UR: buffer -> buffer (0,1)\r\nSending buffer of size 965data;2400,306;2404,446;2408,202;2413,274;2417,314;2421,320;2426,334;2430,318;2434,332;2439,318;2443,324;2447,338;2452,322;2456,322;2460,320;2465,320;2469,326;2474,340;2478,324;2482,338;2487,322;2491,314;2495,328;2500,326;2504,326;2508,326;2513,324;2517,316;2521,330;2526,328;2530,328;2534,326;2539,328;2543,318;2548,318;2552,332;2556,316;2561,328;2565,322;2569,336;2574,320;2578,334;2582,318;2587,332;2591,324;2595,310;2600,324;2604,320;2608,334;2613,320;2617,342;2622,326;2626,326;2630,324;2635,338;2639,328;2643,314;2648,326;2652,312;2656,326;2661,324;2665,330;2669,330;2674,328;2678,326;2683,328;2687,326;2691,318;2696,332;2700,330;2704,328;2709,314;2713,334;2717,334;2722,334;2726,318;2730,332;2735,316;2739,322;2743,336;2748,320;2752,334;2757,318;2761,332;2765,338;2770,336;2774,322;2778,336;2783,320;2787,312;2791,326;2796,324;2800,338;2804,308;2809,322;2813,326;2817,328;2822,324;2826,338;2831,324;2835,314;2839,328;2844,312;2848,326;2852,324;2857,326;2861,316;2865,330;2870,314;2874,328;2878,326;2883,326;2887,332;2891,316;2896,316;2900,330;2905,328;2909,320;2913,334;2918,318;2922,332;2926,316;2931,344;2935,336;2939,320;2944,320;2948,304;2952,318;2957,318;2961,338;2965,336;2970,336;2974,322;2979,334;2983,320;2987,326;2992,338;2996,324;3000,324;3005,310;3009,330;3013,328;3018,328;3022,314;3026,328;3031,326;3035,332;3039,332;3044,330;3048,330;3053,314;3057,314;3061,318;3066,332;3070,318;3074,330;3079,316;3083,320;3087,320;3092,332;3096,332;3100,318;3105,330;3109,320;3113,334;3118,334;3122,332;3127,316;3131,308;3135,322;3140,322;3144,334;3148,320;3153,320;3157,324;3161,324;3166,322;3170,336;3174,320;3179,334;3183,326;3187,326;3192,338;3196,324;3201,322;3205,314;3209,328;3214,326;3218,340;3222,324;3227,338;3231,330;3235,314;3240,328;3244,328;3248,328;3253,326;3257,332;3261,316;3266,330;3270,330;3275,330;3279,322;3283,320;3288,320;3292,332;3296,332;3301,330;3305,336;3309,320;3314,334;3318,334;3322,332;3327,318;3331,310;3336,324;3340,322;3344,336;3349,322;3353,322;3357,326;3362,326;3366,324;3370,338;3375,322;3379,314;3383,328;3388,328;3392,342;3396,326;3401,326;3405,318;3410,330;3414,316;3418,344;3423,328;3427,320;3431,318;3436,318;3440,332;3444,316;3449,316;3453,322;3457,336;3462,322;3466,334;3470,320;3475,312;3479,326;3484,324;3488,324;3492,324;3497,322;3501,330;3505,328;3510,328;3514,328;3518,326;3523,340;3527,318;3531,318;3536,332;3540,316;3544,330;3549,316;3553,322;3558,322;3562,334;3566,320;3571,334;3575,324;3579,324;3584,338;3588,322;3592,322;3597,308;3601,328;3605,326;3610,340;3614,324;3618,338;3623,322;3627,328;3632,328;3636,326;3640,326;3645,310;3649,332;3653,316;3658,344;3662,330;3666,330;3671,314;3675,320;3679,320;3684,332;3688,332;3692,330;3697,330;3701,322;3706,336;3710,322;3714,334;3719,320;3723,310;3727,324;3732,324;3736,338;3740,322;3745,336;3749,328;3753,326;3758,326;3762,326;3766,324;3771,338;3775,330;3780,330;3784,330;3788,314;3793,326;3797,318;3801,332;3806,318;3810,344;3814,330;3819,344;3823,322;3827,322;3832,334;3836,320;3841,334;3845,318;3849,326;3854,324;3858,338;3862,322;3867,336;3871,328;3875,328;3880,326;3884,326;3888,324;3893,310;3897,330;3901,328;3906,328;3910,314;3915,342;3919,320;3923,320;3928,332;3932,318;3936,332;3941,316;3945,336;3949,336;3954,336;3958,320;3962,334;3967,320;3971,326;3976,340;3980,324;3984,322;3989,308;3993,328;3997,314;4002,342;4006,326;4010,340;4015,310;4019,316;4023,316;4028,314;4032,328;4036,312;4041,326;4045,332;4050,346;4054,316;4058,344;4063,328;4067,320;4071,320;4076,318;4080,318;4084,332;4089,330;4093,322;4097,336;4102,322;4106,334;4110,334;4115,334;4119,326;4124,312;4128,324;4132,324;4137,338;4141,330;4145,328;4150,328;4154,328;4158,328;4163,326;4167,332;4171,304;4176,318;4180,316;4184,330;4189,316;4193,336;4198,322;4202,334;4206,320;4211,334;4215,326;4219,326;4224,324;4228,324;4232,324;4237,310;4241,330;4245,328;4250,328;4254,312;4258,328;4263,312;4267,332;4272,330;4276,330;4280,330;4285,314;4289,322;4293,334;4298,334;4302,318;4306,332;4311,318;4315,308;4319,336;4324,322;4328,334;4332,320;4337,320;4341,326;4346,326;4350,324;4354,338;4359,324;4363,316;4367,344;4372,316;4376,330;4380,314;4385,328;4389,320;4393,332;4398,318;4402,332;4406,316;4411,330;4415,336;4420,322;4424,322;4428,320;4433,320;4437,326;4441,340;4446,310;4450,338;4454,322;4459,336;4463,328;4467,328;4472,328;4476,312;4480,326;4485,326;4489,332;4494,316;4498,330;4502,314;4507,328;4511,334;4515,320;4520,320;4524,304;4528,318;4533,318;4537,338;4541,322;4546,336;4550,322;4555,336;4559,320;4563,326;4568,340;4572,326;4576,324;4581,310;4585,330;4589,330;4594,330;4598,314;4602,328;4607,326;4611,318;4615,332;4620,318;4624,330;4629,316;4633,328;4637,320;4642,334;4646,320;4650,334;4655,318;4659,324;4663,338;4668,322;4672,322;4676,306;4681,320;4685,326;4689,340;4694,324;4698,338;4703,322;4707,314;4711,328;4716,326;4720,340;4724,326;4729,324;4733,330;4737,330;4742,328;4746,328;4750,326;4755,342;4759,332;4763,318;4768,330;4772,316;4777,344;4781,320;4785,334;4790,320;4794,332;4798,318;4803,332;4807,322;4811,306;4816,320;4820,318;4824,332;4829,318;4833,338;4837,322;4842,336;4846,320;4851,334;4855,326;4859,324;4864,324;4868,310;4872,322;4877,322;4881,328;4885,312;4890,326;4894,324;4898,324;4903,322;4907,328;4911,328;4916,312;4920,326;4925,324;4929,338;4933,328;4938,328;4942,326;4946,326;4951,326;4955,318;4959,330;4964,316;4968,328;4972,328;4977,340;4981,318;4985,330;4990,314;4994,328;4999,328;5003,318;5007,332;5012,316;5016,330;5020,330;5025,328;5029,320;5033,334;5038,318;5042,332;5046,316;5051,344;5055,322;5060,322;5064,320;5068,306;5073,318;5077,324;5081,324;5086,322;5090,336;5094,320;5099,334;5103,326;5107,324;5112,324;5116,310;5120,322;5125,308;5129,328;5134,328;5138,328;5142,328;5147,326;5151,332;5155,318;5160,330;5164,316;5168,328;5173,314;5177,334;5181,318;5186,332;5190,316;5195,330;5199,316;5203,320;5208,334;5212,320;5216,318;5221,304;5225,338;5229,322;5234,336;5238,320;5242,348;5247,318;5251,324;5255,324;5260,322;5264,320;5269,306;5273,318;5277,324;5282,338;5286,322;5290,336;5295,320;5299,326;5303,326;5308,324;5312,336;5316,310;5321,322;5325,328;5329,328;5334,314;5338,326;5343,326;5347,326;5351,332;5356,318;5360,330;5364,316;5369,328;5373,322;5377,334;5382,320;5386,334;5390,318;5395,332;5399,324;5403,322;5408,336;5412,320;5417,320;5421,318;5425,340;5430,324;5434,338;5438,322;5443,336;5447,314;5451,314;5456,328;5460,326;5464,326;5469,312;5473,332;5477,316;5482,330;5486,330;5491,328;5495,320;5499,306;5504,320;5508,318;5512,332;5517,304;5521,338;5525,320;5530,336;5534,322;5538,336;5543,320;5547,326;5551,340;5556,324;5560,324;5565,308;5569,322;5573,314;5578,342;5582,326;5586,340;5591,324;5595,316;5599,330;5604,330;5608,330;5612,316;5617,328;5621,320;5625,334;5630,318;5634,346;5639,330;5643,324;5647,324;5652,310;5656,322;5660,322;5665,334;5669,312;5673,340;5678,324;5682,338;5686,322;5691,336;5695,328;5700,312;5704,312;5708,324;5713,324;5717,316;5721,316;5726,314;5730,316;5734,314;5739,314;5743,320;5747,304;5752,304;5756,304;5760,316;5765,308;5769,322;5774,308;5778,320;5782,306;5787,320;5791,310;5795,310;5800,324;5804,308;5808,308;5813,294;5817,326;5821,312;5826,326;5830,310;5834,324;5839,302;5843,300;5848,300;5852,300;5856,312;5861,298;5865,316;5869,316;5874,302;5878,300;5882,314;5887,314;5891,306;5895,304;5900,304;5904,302;5908,302;5913,302;5917,320;5922,320;5926,318;5930,318;5935,316;5939,308;5943,322;5948,308;5952,320;5956,306;5961,318;5965,310;5969,310;5974,308;5978,322;5982,306;5987,298;5991,326;5996,310;6000,324;6004,308;6009,322;6013,314;6017,328;6022,312;6026,326;6030,310;6035,324;6039,302;6043,286;6048,286;6052,284;6056,284;6061,290;6065,302;6070,288;6074,288;6078,288;6083,300;6087,278;6091,276;6096,276;6100,276;6104,274;6109,274;6113,294;6117,294;6122,278;6126,292;6130,292;6135,282;6139,254;6144,296;6148,282;6152,294;6157,280;6161,272;6165,284;6170,284;6174,284;6178,298;6183,274;6187,260;6191,288;6196,286;6200,286;6205,286;6209,278;6213,276;6218,276;6222,290;6226,304;6231,288;6235,280;6239,292;6244,292;6248,292;6252,276;6257,296;6261,282;6265,282;6270,280;6274,294;6279,280;6283,284;6287,284;6292,284;6296,280;6300,268;6305,282;6309,288;6313,272;6318,286;6322,298;6326,284;6331,262;6335,276;6340,274;6344,274;6348,260;6353,272;6357,292;6361,278;6366,292;6370,292;6374,290;6379,268;6383,280;6387,266;6392,280;6396,264;6400,278;6405,284;6409,284;6414,282;6418,296;6422,280;6427,280;6431,272;6435,272;6440,270;6444,256;6448,282;6453,282;6457,288;6461,274;6466,258;6470,286;6474,286;6479,292;6483,278;6488,276;6492,262;6496,274;6501,274;6505,266;6509,290;6514,292;6518,290;6522,290;6527,274;6531,280;6535,294;6540,278;6544,278;6548,278;6553,284;6557,268;6562,254;6566,280;6570,294;6575,278;6579,286;6583,284;6588,270;6592,268;6596,268;\r\nBuffer sent in 0.973 secondsreturn;buffer;965\r\n'), 12:33:45
bytearray(b'received from UR: measure -> measure (0,1)\r\nSTEPPER: Moving to mstep: 6600 with speed [msteps/sec]: 1000 in StealthChop.\r\n'), 12:33:46
bytearray(b'STEPPER: Moving to mstep: 2400 with speed [msteps/sec]: 4000 in SpreadCycle.\r\n'), 12:33:50
bytearray(b'STEPPER: Moved 4200.00 msteps (ramp: 35%) in 1324.888 ms -> average speed [msteps/sec]: 3170.08\r\nreturn;measure;965\r\n'), 12:33:52
bytearray(b'received from UR: buffer -> buffer (0,1)\r\nSending buffer of size 965data;2400,296;2404,452;2408,162;2413,276;2417,318;2421,324;2426,338;2430,324;2434,338;2439,322;2443,314;2447,328;2452,326;2456,326;2460,324;2465,324;2469,330;2474,344;2478,328;2482,328;2487,326;2491,318;2495,330;2500,330;2504,328;2508,314;2513,326;2517,332;2521,332;2526,330;2530,344;2534,328;2539,328;2543,334;2548,318;2552,332;2556,316;2561,330;2565,328;2569,334;2574,320;2578,332;2582,318;2587,332;2591,322;2595,322;2600,336;2604,320;2608,334;2613,320;2617,340;2622,324;2626,338;2630,324;2635,336;2639,314;2643,314;2648,326;2652,326;2656,324;2661,310;2665,330;2669,330;2674,330;2678,328;2682,328;2687,326;2691,320;2696,334;2700,320;2704,332;2709,330;2713,330;2717,322;2722,336;2726,322;2730,334;2735,334;2739,312;2743,326;2748,324;2752,338;2756,310;2761,336;2765,328;2770,330;2774,314;2778,342;2783,326;2787,306;2791,318;2796,318;2800,332;2804,316;2809,330;2813,322;2817,336;2822,320;2826,332;2830,334;2835,312;2839,324;2844,324;2848,324;2852,322;2857,336;2861,314;2865,342;2870,324;2874,326;2878,324;2883,326;2887,330;2891,316;2896,328;2900,328;2904,326;2909,314;2913,332;2918,332;2922,330;2926,316;2931,330;2935,334;2939,320;2944,334;2948,318;2952,332;2957,318;2961,326;2965,324;2970,338;2974,322;2979,336;2983,322;2987,314;2992,326;2996,326;3000,340;3005,312;3009,332;3013,330;3018,344;3022,316;3026,328;3031,328;3035,320;3039,332;3044,318;3048,332;3053,316;3057,330;3061,336;3066,336;3070,320;3074,334;3079,318;3083,322;3087,324;3092,308;3096,322;3100,320;3105,320;3109,326;3113,340;3118,324;3122,338;3127,322;3131,336;3135,342;3140,312;3144,326;3148,326;3153,340;3157,318;3161,332;3166,330;3170,344;3174,330;3179,342;3183,334;3187,320;3192,334;3196,318;3201,332;3205,324;3209,338;3214,322;3218,336;3222,322;3227,336;3231,328;3235,326;3240,326;3244,326;3248,326;3253,324;3257,332;3261,330;3266,344;3270,316;3275,330;3279,328;3283,322;3288,322;3292,322;3296,334;3301,320;3305,326;3309,324;3314,326;3318,324;3322,338;3327,322;3331,316;3335,342;3340,314;3344,326;3349,312;3353,326;3357,332;3362,332;3366,316;3370,330;3375,330;3379,320;3383,336;3388,306;3392,320;3396,320;3401,332;3405,324;3409,338;3414,322;3418,336;3423,322;3427,328;3431,326;3436,312;3440,324;3444,324;3449,324;3453,316;3457,330;3462,328;3466,328;3470,328;3475,326;3479,318;3484,318;3488,332;3492,316;3497,330;3501,336;3505,336;3510,322;3514,334;3518,320;3523,334;3527,326;3531,310;3536,324;3540,310;3545,324;3549,322;3553,342;3558,328;3562,328;3566,326;3571,340;3575,332;3579,316;3584,330;3588,318;3592,330;3597,314;3601,336;3605,320;3610,334;3614,320;3619,332;3623,318;3627,310;3632,324;3636,322;3640,334;3645,320;3649,342;3653,326;3658,340;3662,324;3666,338;3671,324;3675,316;3679,314;3684,314;3688,328;3693,326;3697,326;3701,318;3706,332;3710,330;3714,330;3719,316;3723,322;3727,334;3732,320;3736,334;3740,320;3745,332;3749,324;3753,324;3758,324;3762,338;3767,322;3771,314;3775,328;3780,328;3784,328;3788,312;3793,326;3797,318;3801,332;3806,316;3810,330;3814,328;3819,342;3823,320;3827,320;3832,320;3836,318;3841,332;3845,316;3849,338;3854,320;3858,336;3862,322;3867,336;3871,328;3875,312;3880,326;3884,324;3888,324;3893,324;3897,330;3901,328;3906,328;3910,326;3915,328;3919,326;3923,318;3928,332;3932,316;3936,330;3941,316;3945,336;3949,320;3954,334;3958,320;3962,334;3967,332;3971,310;3975,324;3980,322;3984,336;3989,308;3993,334;3997,326;4002,340;4006,324;4010,338;4015,324;4019,316;4023,314;4028,314;4032,328;4036,326;4041,326;4045,318;4049,332;4054,318;4058,330;4063,316;4067,322;4071,334;4076,320;4080,320;4084,320;4089,320;4093,324;4097,338;4102,322;4106,336;4110,336;4115,336;4119,326;4124,312;4128,326;4132,326;4137,326;4141,330;4145,330;4150,330;4154,344;4158,328;4163,328;4167,320;4171,318;4176,332;4180,318;4184,332;4189,316;4193,336;4198,322;4202,336;4206,320;4211,334;4215,328;4219,312;4224,326;4228,324;4232,326;4237,324;4241,330;4245,328;4250,328;4254,314;4258,340;4263,326;4267,318;4272,332;4276,316;4280,316;4285,316;4289,336;4293,320;4298,334;4302,320;4306,332;4311,332;4315,310;4319,324;4324,322;4328,336;4332,308;4337,322;4341,326;4346,340;4350,326;4354,326;4359,324;4363,318;4367,330;4372,316;4376,316;4380,314;4385,328;4389,320;4393,336;4398,320;4402,334;4406,320;4411,346;4415,326;4420,310;4424,310;4428,310;4433,322;4437,330;4441,342;4446,328;4450,342;4454,314;4459,340;4463,318;4467,318;4472,330;4476,316;4480,314;4485,314;4489,334;4494,332;4498,334;4502,318;4507,332;4511,324;4515,324;4520,336;4524,322;4528,336;4533,320;4537,328;4541,326;4546,326;4550,324;4554,338;4559,324;4563,316;4568,330;4572,314;4576,328;4581,326;4585,334;4589,318;4594,332;4598,318;4602,332;4607,330;4611,322;4615,336;4620,320;4624,332;4628,320;4633,332;4637,324;4642,338;4646,324;4650,338;4655,322;4659,314;4663,328;4668,328;4672,328;4676,312;4681,326;4685,332;4689,332;4694,316;4698,330;4703,330;4707,308;4711,320;4716,320;4720,332;4724,318;4729,332;4733,324;4737,336;4742,336;4746,336;4750,320;4755,334;4759,326;4763,326;4768,340;4772,310;4777,324;4781,316;4785,330;4790,328;4794,328;4798,326;4803,338;4807,332;4811,318;4816,318;4820,330;4824,330;4829,328;4833,336;4837,318;4842,334;4846,320;4851,348;4855,324;4859,310;4864,310;4868,322;4872,322;4877,322;4881,342;4885,326;4890,340;4894,326;4898,338;4903,324;4907,316;4911,328;4916,328;4920,328;4925,312;4929,326;4933,332;4938,332;4942,316;4946,330;4951,330;4955,322;4959,334;4964,320;4968,334;4972,318;4977,332;4981,324;4986,336;4990,322;4994,336;4999,322;5003,326;5007,340;5012,312;5016,324;5020,324;5025,324;5029,314;5033,328;5038,328;5042,328;5046,312;5051,340;5055,332;5059,316;5064,330;5068,330;5073,328;5077,320;5081,334;5086,334;5090,334;5094,332;5099,330;5103,324;5107,322;5112,336;5116,306;5120,320;5125,320;5129,340;5134,326;5138,338;5142,324;5147,336;5151,328;5155,328;5160,342;5164,312;5168,326;5173,324;5177,346;5181,316;5186,330;5190,328;5194,342;5199,326;5203,318;5208,332;5212,316;5216,330;5221,328;5225,330;5229,320;5234,334;5238,318;5242,332;5247,318;5251,324;5255,336;5260,322;5264,322;5268,322;5273,334;5277,326;5282,326;5286,326;5290,326;5295,324;5299,316;5303,330;5308,328;5312,328;5316,314;5321,326;5325,332;5329,332;5334,316;5338,330;5342,330;5347,308;5351,320;5356,320;5360,334;5364,318;5369,332;5373,324;5377,336;5382,322;5386,334;5390,320;5395,332;5399,324;5403,324;5408,338;5412,310;5417,322;5421,322;5425,328;5430,314;5434,340;5438,324;5443,338;5447,330;5451,330;5456,328;5460,314;5464,328;5469,326;5473,332;5477,318;5482,330;5486,330;5491,330;5495,322;5499,320;5504,334;5508,306;5512,332;5517,318;5521,324;5525,322;5530,336;5534,322;5538,334;5543,318;5547,312;5551,324;5556,324;5560,338;5565,308;5569,322;5573,328;5578,342;5582,326;5586,328;5591,326;5595,316;5599,330;5604,316;5608,340;5612,314;5617,328;5621,320;5625,332;5630,318;5634,332;5639,316;5643,320;5647,322;5652,322;5656,334;5660,320;5665,320;5669,324;5673,338;5678,322;5682,336;5686,336;5691,336;5695,326;5699,326;5704,324;5708,310;5713,324;5717,316;5721,316;5726,314;5730,314;5734,314;5739,314;5743,318;5747,304;5752,316;5756,302;5760,316;5765,302;5769,308;5773,306;5778,320;5782,304;5787,318;5791,324;5795,310;5800,308;5804,308;5808,308;5813,294;5817,314;5821,312;5826,312;5830,310;5834,324;5839,310;5843,316;5847,314;5852,300;5856,300;5861,300;5865,320;5869,304;5874,304;5878,304;5882,318;5887,318;5891,296;5895,308;5900,308;5904,306;5908,294;5913,320;5917,312;5922,310;5926,310;5930,310;5935,308;5939,314;5943,314;5948,298;5952,312;5956,312;5961,310;5965,302;5969,316;5974,314;5978,328;5983,312;5987,304;5991,318;5996,304;6000,318;6004,302;6009,316;6013,308;6017,322;6022,306;6026,320;6030,318;6035,332;6039,296;6043,308;6048,294;6052,278;6057,292;6061,298;6065,296;6070,296;6074,296;6078,280;6083,292;6087,284;6091,284;6096,296;6100,296;6104,282;6109,288;6113,274;6117,286;6122,258;6126,286;6131,298;6135,278;6139,276;6144,290;6148,274;6152,274;6157,258;6161,292;6165,292;6170,292;6174,276;6178,276;6183,282;6187,282;6191,294;6196,280;6200,292;6205,278;6209,284;6213,284;6218,282;6222,282;6226,296;6231,282;6235,272;6239,272;6244,286;6248,284;6252,284;6257,290;6261,290;6265,274;6270,274;6274,274;6279,286;6283,278;6287,262;6292,262;6296,276;6300,276;6305,274;6309,280;6313,250;6318,280;6322,292;6326,292;6331,282;6335,268;6339,268;6344,280;6348,266;6353,278;6357,284;6361,256;6366,284;6370,298;6374,282;6379,294;6383,288;6387,272;6392,272;6396,284;6400,284;6405,290;6409,304;6413,288;6418,274;6422,272;6427,286;6431,264;6435,278;6440,262;6444,276;6448,276;6453,288;6457,296;6461,280;6466,280;6470,278;6474,264;6479,270;6483,270;6488,270;6492,282;6496,282;6501,282;6505,288;6509,286;6514,286;6518,284;6522,270;6527,278;6531,276;6535,276;6540,274;6544,274;6548,274;6553,294;6557,280;6562,280;6566,278;6570,264;6575,276;6579,282;6583,282;6588,268;6592,266;6596,280;\r\nBuffer sent in 0.973 secondsreturn;buffer;965\r\n'), 12:33:54
bytearray(b'received from UR: home -> home (0,1)\r\nSTEPPER: Moving to mstep: 0 with speed [msteps/sec]: 4000 in SpreadCycle.\r\n'), 12:33:55
bytearray(b'STEPPER: Moved 2400.00 msteps (ramp: 35%) in 813.416 ms -> average speed [msteps/sec]: 2950.52\r\nreturn;home;1\r\n'), 12:33:55
