bytearray(b'received from UR: home -> home (0,1)\r\nreturn;home;1\r\n'), 12:28:19
bytearray(b'STEPPER: Moving to mstep: 2400 with speed [msteps/sec]: 4000 in SpreadCycle.\r\n'), 12:28:29
bytearray(b'STEPPER: Moved 2400.00 msteps (ramp: 35%) in 812.836 ms -> average speed [msteps/sec]: 2952.63\r\n'), 12:28:30
bytearray(b'received from UR: status -> status (0,1)\r\n*** STATUS ***\r\nid        :         3 -\r\nstep      :      2400 steps\r\nspeed     :      1500 msteps/s\r\nmspeed    :      1000 msteps/s\r\nsg-thrs   :        80 -\r\ndefault   :     12000 \xc2\xb5m\r\ndispense  :     30350 \xc2\xb5m\r\nblowout   :     33000 \xc2\xb5m\r\nd-offset  :        20 \xc2\xb5m\r\nur0       :         0 -\r\nur1       :         1 -\r\nhomed     :         1 -\r\nreturn;status;2400\r\n'), 12:28:32
bytearray(b'received from UR: measure -> measure (0,1)\r\nSTEPPER: Moving to mstep: 6600 with speed [msteps/sec]: 1000 in StealthChop.\r\n'), 12:28:33
bytearray(b'STEPPER: Moving to mstep: 2400 with speed [msteps/sec]: 4000 in SpreadCycle.\r\n'), 12:28:37
bytearray(b'STEPPER: Moved 4200.00 msteps (ramp: 35%) in 1324.888 ms -> average speed [msteps/sec]: 3170.08\r\nreturn;measure;965\r\n'), 12:28:38
bytearray(b'received from UR: buffer -> buffer (0,1)\r\nSending buffer of size 965data;2400,126;2404,464;2408,190;2413,290;2417,324;2421,322;2426,336;2430,322;2434,336;2439,320;2443,326;2447,326;2452,324;2456,324;2460,310;2465,322;2469,328;2474,328;2478,314;2482,342;2487,326;2491,332;2495,332;2500,332;2504,330;2508,316;2513,330;2517,336;2521,336;2526,320;2530,334;2534,320;2539,332;2543,338;2548,324;2552,324;2556,308;2561,322;2565,328;2569,342;2574,326;2578,340;2582,324;2587,338;2591,330;2595,316;2600,330;2604,314;2609,328;2613,314;2617,334;2622,334;2626,334;2630,318;2635,334;2639,324;2643,310;2648,322;2652,322;2656,322;2661,306;2665,340;2669,326;2674,340;2678,326;2683,336;2687,324;2691,330;2696,330;2700,316;2704,328;2709,328;2713,334;2717,320;2722,334;2726,318;2730,332;2735,332;2739,324;2743,324;2748,308;2752,322;2757,308;2761,336;2765,328;2770,342;2774,314;2778,340;2783,312;2787,332;2791,332;2796,318;2800,330;2804,316;2809,330;2813,322;2817,348;2822,320;2826,334;2831,318;2835,332;2839,336;2844,310;2848,322;2852,322;2857,322;2861,328;2865,342;2870,326;2874,340;2878,326;2883,340;2887,330;2891,316;2896,326;2900,330;2905,328;2909,320;2913,334;2918,320;2922,334;2926,332;2931,332;2935,324;2939,308;2944,322;2948,322;2952,334;2957,320;2961,326;2965,324;2970,338;2974,324;2979,338;2983,322;2987,314;2992,328;2996,314;3000,328;3005,326;3009,346;3013,318;3018,330;3022,316;3026,330;3031,328;3035,320;3039,322;3044,320;3048,318;3053,320;3057,332;3061,310;3066,336;3070,322;3074,336;3079,322;3083,326;3087,326;3092,312;3096,324;3100,324;3105,324;3109,330;3113,328;3118,328;3122,328;3127,326;3131,318;3135,332;3140,316;3144,330;3148,330;3153,344;3157,320;3161,334;3166,320;3170,334;3174,318;3179,332;3183,324;3188,310;3192,324;3196,322;3201,336;3205,314;3209,342;3214,328;3218,340;3222,326;3227,340;3231,318;3235,318;3240,330;3244,318;3248,330;3253,314;3257,336;3262,320;3266,334;3270,320;3275,334;3279,324;3283,324;3288,324;3292,324;3296,336;3301,322;3305,330;3309,328;3314,328;3318,328;3322,326;3327,326;3331,304;3336,318;3340,316;3344,332;3349,316;3353,336;3357,322;3362,336;3366,320;3370,334;3375,320;3379,326;3383,324;3388,310;3392,324;3396,310;3401,336;3405,330;3410,330;3414,314;3418,342;3423,328;3427,320;3431,334;3436,318;3440,318;3444,318;3449,316;3453,322;3457,336;3462,322;3466,334;3470,320;3475,312;3479,326;3484,326;3488,326;3492,324;3497,324;3501,330;3505,330;3510,328;3514,328;3518,312;3523,340;3527,318;3531,318;3536,330;3540,316;3544,328;3549,314;3553,334;3558,332;3562,332;3566,330;3571,330;3575,322;3579,322;3584,334;3588,320;3592,334;3597,318;3601,338;3605,322;3610,338;3614,322;3618,336;3623,320;3627,326;3632,326;3636,310;3640,324;3645,310;3649,344;3653,328;3658,342;3662,328;3666,338;3671,326;3675,332;3679,330;3684,330;3688,328;3693,314;3697,328;3701,334;3706,332;3710,318;3714,330;3719,316;3723,322;3727,336;3732,322;3736,334;3740,320;3745,332;3749,326;3753,324;3758,324;3762,338;3767,322;3771,336;3775,342;3780,326;3784,326;3788,310;3793,324;3797,316;3801,344;3806,330;3810,344;3814,328;3819,344;3823,320;3827,334;3832,332;3836,318;3841,330;3845,322;3849,336;3854,322;3858,334;3862,318;3867,334;3871,324;3875,324;3880,338;3884,322;3888,322;3893,308;3897,328;3902,326;3906,326;3910,324;3915,326;3919,330;3923,316;3928,344;3932,314;3936,328;3941,314;3945,334;3949,332;3954,332;3958,332;3962,346;3967,330;3971,308;3976,322;3980,322;3984,334;3989,320;3993,334;3997,326;4002,340;4006,324;4010,338;4015,322;4019,314;4023,314;4028,314;4032,328;4036,326;4041,326;4045,318;4050,346;4054,316;4058,344;4063,328;4067,306;4071,320;4076,320;4080,332;4084,318;4089,318;4093,324;4097,338;4102,322;4106,336;4110,322;4115,322;4119,328;4124,326;4128,326;4132,312;4137,324;4141,332;4145,346;4150,330;4154,330;4158,328;4163,328;4167,334;4171,320;4176,334;4180,318;4184,320;4189,318;4193,340;4198,324;4202,338;4206,324;4211,338;4215,330;4219,316;4224,328;4228,314;4232,314;4237,314;4241,334;4245,332;4250,346;4254,318;4258,332;4263,330;4267,324;4272,336;4276,322;4280,322;4285,320;4289,328;4293,326;4298,340;4302,326;4306,340;4311,324;4315,316;4319,330;4324,314;4328,328;4332,328;4337,342;4341,334;4346,332;4350,318;4354,332;4359,318;4363,322;4367,336;4372,322;4376,336;4380,320;4385,334;4389,326;4393,340;4398,326;4402,340;4407,324;4411,318;4415,330;4420,316;4424,330;4428,316;4433,330;4437,322;4441,336;4446,322;4450,336;4454,320;4459,334;4463,326;4467,326;4472,326;4476,324;4481,324;4485,316;4489,330;4494,328;4498,328;4502,314;4507,326;4511,320;4515,332;4520,332;4524,318;4528,330;4533,316;4537,336;4541,334;4546,334;4550,320;4555,334;4559,324;4563,324;4568,338;4572,324;4576,322;4581,308;4585,328;4589,328;4594,340;4598,326;4602,338;4607,324;4611,316;4615,330;4620,330;4624,330;4629,326;4633,328;4637,320;4642,332;4646,318;4650,332;4655,316;4659,322;4663,322;4668,322;4672,334;4676,320;4681,334;4685,324;4689,338;4694,324;4698,338;4703,322;4707,328;4711,328;4716,326;4720,326;4724,312;4729,324;4733,330;4737,330;4742,330;4746,328;4750,328;4755,328;4759,334;4763,318;4768,332;4772,316;4777,330;4781,322;4785,336;4790,320;4794,334;4798,318;4803,332;4807,338;4811,322;4816,336;4820,322;4824,334;4829,320;4833,340;4837,324;4842,338;4846,324;4851,338;4855,328;4859,328;4864,328;4868,328;4872,326;4877,312;4881,332;4885,332;4890,330;4894,316;4898,330;4903,314;4907,334;4912,334;4916,320;4920,332;4925,318;4929,324;4933,324;4938,338;4942,322;4946,336;4951,322;4955,326;4959,340;4964,326;4968,324;4972,310;4977,324;4981,328;4986,328;4990,314;4994,328;4999,326;5003,332;5007,332;5012,316;5016,328;5020,314;5025,314;5029,320;5033,334;5038,332;5042,346;5046,318;5051,308;5055,322;5060,322;5064,334;5068,320;5073,332;5077,324;5081,326;5086,338;5090,338;5094,322;5099,336;5103,328;5107,326;5112,340;5116,324;5121,324;5125,310;5129,330;5134,330;5138,330;5142,328;5147,328;5151,320;5155,306;5160,332;5164,318;5168,332;5173,316;5177,338;5181,322;5186,334;5190,320;5195,334;5199,318;5203,324;5208,324;5212,308;5216,322;5221,320;5225,340;5229,326;5234,340;5238,324;5242,338;5247,322;5251,314;5255,328;5260,326;5264,326;5269,324;5273,324;5277,330;5282,330;5286,328;5290,328;5295,326;5299,320;5303,332;5308,318;5312,316;5316,330;5321,330;5325,322;5329,336;5334,322;5338,334;5343,334;5347,334;5351,326;5356,310;5360,324;5364,324;5369,338;5373,316;5377,330;5382,314;5386,328;5390,328;5395,328;5399,320;5403,304;5408,318;5412,316;5417,330;5421,324;5425,338;5430,322;5434,334;5438,320;5443,334;5447,340;5451,324;5456,324;5460,310;5464,322;5469,322;5473,328;5477,314;5482,328;5486,326;5491,326;5495,324;5499,330;5504,330;5508,316;5512,328;5517,328;5521,334;5525,320;5530,334;5534,318;5538,332;5543,330;5547,322;5552,322;5556,308;5560,334;5565,320;5569,334;5573,324;5578,338;5582,324;5586,336;5591,322;5595,314;5599,328;5604,312;5608,326;5612,310;5617,338;5621,316;5626,330;5630,314;5634,328;5639,314;5643,334;5647,332;5652,318;5656,330;5660,316;5665,330;5669,322;5673,334;5678,320;5682,334;5686,318;5691,310;5695,338;5700,324;5704,336;5708,322;5713,322;5717,328;5721,328;5726,326;5730,326;5734,324;5739,324;5743,330;5747,330;5752,342;5756,328;5760,326;5765,312;5769,332;5774,330;5778,330;5782,328;5787,328;5791,320;5795,306;5800,332;5804,318;5808,332;5813,316;5817,336;5821,320;5826,334;5830,320;5834,332;5839,318;5843,324;5848,310;5852,308;5856,308;5861,306;5865,326;5869,312;5874,310;5878,308;5882,322;5887,322;5891,314;5895,328;5900,312;5904,312;5908,310;5913,310;5917,316;5922,316;5926,314;5930,328;5935,314;5939,318;5943,332;5948,318;5952,318;5956,302;5961,316;5965,322;5969,322;5974,306;5978,320;5982,306;5987,312;5991,324;5996,310;6000,324;6004,294;6009,308;6013,314;6017,328;6022,312;6026,324;6030,310;6035,324;6039,314;6043,300;6048,314;6052,312;6057,326;6061,318;6065,330;6070,316;6074,316;6078,314;6083,314;6087,320;6091,304;6096,316;6100,318;6104,316;6109,316;6113,322;6117,306;6122,320;6126,320;6131,320;6135,324;6139,310;6144,324;6148,324;6152,322;6157,308;6161,328;6165,312;6170,326;6174,310;6178,310;6183,302;6187,286;6191,300;6196,286;6200,298;6205,284;6209,290;6213,290;6218,302;6222,300;6226,286;6231,278;6235,290;6239,276;6244,276;6248,276;6252,288;6257,294;6261,292;6266,294;6270,292;6274,290;6279,290;6283,282;6287,280;6292,266;6296,278;6300,278;6305,278;6309,284;6313,298;6318,296;6322,296;6326,280;6331,288;6335,286;6340,272;6344,284;6348,270;6353,284;6357,290;6361,304;6366,288;6370,288;6374,288;6379,280;6383,292;6387,292;6392,292;6396,292;6400,292;6405,282;6409,296;6414,282;6418,296;6422,280;6427,280;6431,272;6435,272;6440,270;6444,284;6448,270;6453,256;6457,304;6461,290;6466,290;6470,274;6474,274;6479,280;6483,280;6488,278;6492,266;6496,278;6501,278;6505,284;6509,282;6514,296;6518,282;6522,296;6527,280;6531,272;6535,286;6540,272;6544,284;6548,270;6553,290;6557,290;6562,290;6566,288;6570,288;6575,286;6579,278;6583,278;6588,264;6592,276;6596,276;\r\nBuffer sent in 0.973 secondsreturn;buffer;965\r\n'), 12:28:40
bytearray(b'received from UR: measure -> measure (0,1)\r\nSTEPPER: Moving to mstep: 6600 with speed [msteps/sec]: 1000 in StealthChop.\r\n'), 12:28:41
bytearray(b'STEPPER: Moving to mstep: 2400 with speed [msteps/sec]: 4000 in SpreadCycle.\r\n'), 12:28:46
bytearray(b'STEPPER: Moved 4200.00 msteps (ramp: 35%) in 1324.892 ms -> average speed [msteps/sec]: 3170.07\r\nreturn;measure;965\r\n'), 12:28:47
bytearray(b'received from UR: buffer -> buffer (0,1)\r\nSending buffer of size 965data;2400,310;2404,458;2408,170;2413,284;2417,312;2421,318;2426,332;2430,318;2434,330;2439,332;2443,322;2447,336;2452,320;2456,320;2460,334;2465,332;2469,326;2474,324;2478,324;2482,324;2487,322;2491,328;2495,328;2500,314;2504,326;2508,326;2513,340;2517,316;2521,332;2526,330;2530,330;2534,328;2539,328;2543,334;2548,318;2552,332;2556,318;2561,330;2565,322;2569,336;2574,320;2578,334;2582,320;2587,334;2591,338;2595,324;2600,324;2604,308;2609,322;2613,316;2617,342;2622,328;2626,342;2630,326;2635,340;2639,318;2643,318;2648,332;2652,332;2656,332;2661,316;2665,338;2669,322;2674,324;2678,336;2683,334;2687,320;2691,312;2696,326;2700,326;2704,338;2709,324;2713,330;2717,316;2722,330;2726,328;2730,328;2735,328;2739,320;2743,332;2748,320;2752,332;2757,318;2761,330;2765,322;2770,336;2774,322;2778,336;2783,320;2787,312;2791,326;2796,326;2800,338;2804,324;2809,324;2813,316;2817,332;2822,330;2826,330;2831,314;2835,320;2839,320;2844,332;2848,332;2852,318;2857,318;2861,322;2865,336;2870,322;2874,336;2878,320;2883,334;2887,326;2891,324;2896,338;2900,324;2905,322;2909,322;2913,328;2918,328;2922,328;2926,326;2931,326;2935,332;2939,318;2944,330;2948,316;2952,328;2957,314;2961,334;2965,334;2970,332;2974,318;2979,332;2983,322;2987,322;2992,336;2996,320;3000,334;3005,318;3009,326;3013,324;3018,338;3022,322;3026,336;3031,320;3035,326;3039,326;3044,324;3048,322;3053,322;3057,320;3061,326;3066,326;3070,324;3074,324;3079,324;3083,330;3087,330;3092,328;3096,326;3100,312;3105,326;3109,332;3114,332;3118,316;3122,344;3127,328;3131,322;3135,336;3140,320;3144,332;3148,318;3153,332;3157,324;3161,338;3166,322;3170,336;3174,320;3179,334;3183,340;3188,326;3192,324;3196,310;3201,324;3205,328;3209,342;3214,314;3218,340;3222,324;3227,338;3231,330;3235,316;3240,328;3244,314;3248,314;3253,312;3257,346;3262,330;3266,344;3270,330;3275,330;3279,320;3283,334;3288,332;3292,332;3296,330;3301,316;3305,322;3309,322;3314,336;3318,320;3322,334;3327,318;3331,312;3336,324;3340,308;3344,322;3349,322;3353,328;3357,326;3362,328;3366,326;3370,340;3375,324;3379,316;3383,330;3388,314;3392,328;3396,328;3401,340;3405,318;3410,332;3414,318;3418,330;3423,330;3427,322;3431,336;3436,320;3440,320;3444,334;3449,334;3453,326;3457,340;3462,324;3466,324;3470,322;3475,336;3479,328;3484,328;3488,326;3492,312;3497,326;3501,332;3505,332;3510,316;3514,330;3518,328;3523,328;3527,334;3531,320;3536,332;3540,304;3544,318;3549,316;3553,336;3558,322;3562,334;3566,318;3571,332;3575,324;3579,324;3584,338;3588,322;3592,336;3597,308;3601,340;3605,326;3610,340;3614,324;3619,338;3623,314;3627,314;3632,328;3636,328;3640,328;3645,326;3649,332;3653,316;3658,330;3662,316;3666,344;3671,328;3675,322;3679,320;3684,320;3688,318;3693,332;3697,326;3701,324;3706,336;3710,322;3714,334;3719,334;3723,326;3727,326;3732,310;3736,324;3740,310;3745,336;3749,328;3754,328;3758,326;3762,326;3767,326;3771,332;3775,332;3780,316;3784,330;3788,314;3793,328;3797,320;3801,348;3806,318;3810,332;3814,316;3819,330;3823,322;3828,322;3832,334;3836,320;3841,332;3845,324;3849,338;3854,322;3858,336;3862,320;3867,334;3871,326;3875,324;3880,324;3884,322;3888,322;3893,306;3897,326;3902,326;3906,326;3910,324;3915,338;3919,328;3923,328;3928,342;3932,326;3936,324;3941,310;3945,330;3949,330;3954,328;3958,314;3962,328;3967,326;3971,320;3976,332;3980,318;3984,330;3989,302;3993,336;3997,320;4002,348;4006,320;4010,334;4015,318;4019,310;4023,324;4028,322;4032,336;4036,322;4041,334;4045,312;4050,340;4054,324;4058,338;4063,322;4067,314;4071,328;4076,328;4080,326;4084,326;4089,326;4093,316;4097,330;4102,330;4106,328;4110,314;4115,328;4119,320;4124,318;4128,332;4132,318;4137,330;4141,322;4145,324;4150,334;4154,334;4158,320;4163,332;4167,324;4171,324;4176,336;4180,320;4184,336;4189,306;4193,340;4198,326;4202,338;4206,324;4211,338;4215,316;4219,314;4224,328;4228,326;4232,326;4237,324;4241,330;4245,316;4250,330;4254,328;4259,328;4263,312;4267,318;4272,318;4276,330;4280,330;4285,328;4289,334;4293,320;4298,332;4302,332;4306,330;4311,330;4315,322;4319,334;4324,318;4328,332;4333,302;4337,316;4341,322;4346,336;4350,320;4354,334;4359,318;4363,310;4367,324;4372,324;4376,336;4380,320;4385,334;4389,326;4393,338;4398,324;4402,352;4407,322;4411,314;4415,326;4420,326;4424,326;4428,324;4433,324;4437,314;4441,328;4446,328;4450,340;4454,312;4459,326;4463,330;4467,330;4472,328;4476,328;4481,328;4485,318;4489,332;4494,332;4498,332;4502,316;4507,330;4511,322;4515,322;4520,334;4524,318;4528,320;4533,304;4537,324;4541,322;4546,336;4550,320;4555,334;4559,326;4563,324;4568,338;4572,322;4576,322;4581,308;4585,328;4589,326;4594,340;4598,326;4602,338;4607,324;4611,314;4615,328;4620,314;4624,326;4629,312;4633,326;4637,332;4642,332;4646,316;4650,330;4655,328;4659,320;4663,332;4668,306;4672,318;4676,316;4681,330;4685,322;4689,336;4694,320;4698,334;4703,320;4707,324;4711,338;4716,324;4720,322;4724,306;4729,320;4733,326;4737,338;4742,326;4746,338;4750,324;4755,336;4759,328;4763,328;4768,340;4772,314;4777,326;4781,318;4785,332;4790,318;4794,330;4798,328;4803,330;4807,320;4811,318;4816,332;4820,318;4824,330;4829,316;4833,334;4837,320;4842,334;4846,318;4851,332;4855,316;4859,322;4864,320;4868,334;4872,332;4877,320;4881,324;4885,322;4890,336;4894,322;4898,334;4903,318;4907,312;4912,324;4916,324;4920,336;4925,322;4929,342;4933,326;4938,340;4942,324;4946,338;4951,322;4955,314;4959,326;4964,312;4968,326;4973,324;4977,338;4981,328;4986,328;4990,314;4994,328;4999,326;5003,318;5007,332;5012,316;5016,330;5020,330;5025,330;5029,320;5033,334;5038,320;5042,332;5047,332;5051,310;5055,322;5060,322;5064,334;5068,306;5073,320;5077,324;5081,324;5086,322;5090,336;5094,322;5099,334;5103,326;5107,326;5112,326;5116,310;5121,322;5125,322;5129,328;5134,326;5138,326;5142,326;5147,338;5151,344;5155,316;5160,328;5164,312;5168,328;5173,328;5177,334;5181,318;5186,332;5190,316;5195,330;5199,330;5203,322;5208,334;5212,306;5216,320;5221,332;5225,338;5229,322;5234,336;5238,322;5242,334;5247,320;5251,326;5255,324;5260,310;5264,324;5269,322;5273,322;5277,328;5282,328;5286,326;5290,326;5295,322;5299,316;5303,330;5308,330;5312,328;5316,328;5321,328;5325,320;5329,332;5334,332;5338,330;5343,330;5347,322;5351,334;5356,320;5360,334;5364,318;5369,332;5373,324;5377,334;5382,322;5386,336;5390,320;5395,334;5399,340;5403,324;5408,324;5412,310;5417,322;5421,322;5425,328;5430,328;5434,328;5438,326;5443,326;5447,332;5451,332;5456,330;5460,330;5464,328;5469,314;5473,336;5477,320;5482,334;5486,320;5491,334;5495,326;5499,324;5504,324;5508,310;5512,322;5517,322;5521,328;5525,328;5530,328;5534,326;5538,326;5543,324;5547,316;5551,330;5556,316;5560,328;5565,312;5569,328;5573,320;5578,334;5582,318;5586,332;5591,318;5595,322;5599,336;5604,320;5608,334;5612,304;5617,318;5621,324;5626,338;5630,322;5634,336;5639,320;5643,312;5647,324;5652,324;5656,338;5660,322;5665,322;5669,328;5673,326;5678,326;5682,340;5686,324;5691,324;5695,316;5700,316;5704,328;5708,328;5713,328;5717,320;5721,334;5726,318;5730,332;5734,330;5739,330;5743,336;5747,320;5752,320;5756,320;5760,332;5765,316;5769,336;5774,322;5778,334;5782,320;5787,334;5791,338;5795,324;5800,322;5804,308;5808,322;5813,320;5817,340;5821,324;5826,326;5830,324;5834,324;5839,308;5843,314;5848,312;5852,298;5856,312;5861,310;5865,318;5869,316;5874,330;5878,314;5882,314;5887,312;5891,304;5895,318;5900,302;5904,316;5908,302;5913,316;5917,322;5922,322;5926,320;5930,320;5935,316;5939,310;5943,324;5948,296;5952,310;5956,308;5961,322;5965,314;5969,328;5974,312;5978,326;5982,312;5987,304;5991,316;5996,316;6000,330;6004,314;6009,314;6013,320;6017,320;6022,318;6026,332;6030,318;6035,330;6039,322;6043,308;6048,308;6052,320;6057,320;6061,312;6065,326;6070,312;6074,324;6078,324;6083,324;6087,314;6091,314;6096,314;6100,300;6104,312;6109,312;6113,318;6117,318;6122,332;6126,316;6131,316;6135,322;6139,306;6144,306;6148,304;6152,320;6157,304;6161,326;6165,310;6170,324;6174,308;6178,308;6183,308;6187,300;6192,298;6196,284;6200,298;6205,282;6209,302;6213,288;6218,288;6222,286;6226,286;6231,298;6235,276;6239,276;6244,276;6248,276;6252,288;6257,282;6261,294;6266,294;6270,294;6274,278;6279,292;6283,282;6287,282;6292,254;6296,296;6300,282;6305,294;6309,286;6313,272;6318,284;6322,284;6326,298;6331,274;6335,288;6340,272;6344,286;6348,272;6353,284;6357,290;6361,304;6366,290;6370,288;6374,288;6379,286;6383,294;6387,292;6392,290;6396,276;6400,288;6405,280;6409,280;6414,278;6418,292;6422,290;6427,304;6431,296;6435,294;6440,280;6444,294;6448,292;6453,278;6457,298;6461,284;6466,282;6470,284;6474,296;6479,274;6483,274;6488,272;6492,272;6496,272;6501,256;6505,292;6509,290;6514,290;6518,290;6522,274;6527,280;6531,266;6535,280;6540,278;6544,278;6548,250;6553,296;6557,282;6562,284;6566,282;6570,268;6575,278;6579,272;6583,272;6588,272;6592,272;6596,270;\r\nBuffer sent in 0.973 secondsreturn;buffer;965\r\n'), 12:28:49
bytearray(b'received from UR: measure -> measure (0,1)\r\nSTEPPER: Moving to mstep: 6600 with speed [msteps/sec]: 1000 in StealthChop.\r\n'), 12:28:50
bytearray(b'STEPPER: Moving to mstep: 2400 with speed [msteps/sec]: 4000 in SpreadCycle.\r\n'), 12:28:54
bytearray(b'STEPPER: Moved 4200.00 msteps (ramp: 35%) in 1324.888 ms -> average speed [msteps/sec]: 3170.08\r\nreturn;measure;965\r\n'), 12:28:56
bytearray(b'received from UR: buffer -> buffer (0,1)\r\nSending buffer of size 965data;2400,312;2404,452;2408,164;2413,278;2417,320;2421,326;2426,340;2430,324;2434,338;2439,324;2443,330;2447,330;2452,316;2456,328;2460,314;2465,328;2469,334;2474,334;2478,320;2482,334;2487,318;2491,324;2495,338;2500,324;2504,336;2508,322;2513,322;2517,328;2521,328;2526,326;2530,326;2534,324;2539,338;2543,332;2548,316;2552,330;2556,314;2561,328;2565,320;2569,336;2574,318;2578,334;2582,318;2587,332;2591,338;2595,324;2600,322;2604,308;2608,320;2613,320;2617,340;2622,326;2626,338;2630,324;2635,338;2639,316;2643,328;2648,328;2652,328;2656,326;2661,312;2665,332;2669,332;2674,332;2678,316;2682,330;2687,330;2691,322;2696,334;2700,320;2704,318;2709,318;2713,324;2717,324;2722,336;2726,320;2730,334;2735,320;2739,326;2743,340;2748,324;2752,324;2757,308;2761,322;2765,328;2770,328;2774,312;2778,340;2783,324;2787,314;2791,330;2796,316;2800,330;2804,314;2809,326;2813,318;2817,332;2822,332;2826,332;2831,316;2835,322;2839,322;2844,322;2848,334;2852,320;2857,320;2861,324;2865,338;2870,324;2874,338;2878,336;2883,336;2887,328;2891,312;2896,326;2900,326;2905,338;2909,324;2913,330;2918,330;2922,328;2926,328;2931,342;2935,334;2939,318;2944,332;2948,316;2952,330;2957,330;2961,336;2965,320;2970,334;2974,320;2979,332;2983,318;2987,324;2992,324;2996,308;3000,322;3005,308;3009,342;3013,326;3018,340;3022,324;3026,338;3031,338;3035,316;3039,328;3044,314;3048,326;3053,326;3057,326;3061,318;3066,332;3070,318;3074,332;3079,330;3083,322;3087,322;3092,308;3096,320;3100,320;3105,334;3109,326;3113,340;3118,324;3122,338;3127,324;3131,316;3135,328;3140,328;3144,342;3148,314;3153,328;3157,320;3161,332;3166,332;3170,332;3174,318;3179,330;3183,322;3187,306;3192,334;3196,320;3201,332;3205,312;3209,340;3214,324;3218,338;3222,324;3227,338;3231,330;3235,314;3240,328;3244,328;3248,328;3253,326;3257,334;3261,318;3266,332;3270,330;3275,330;3279,322;3283,308;3288,322;3292,320;3296,336;3301,320;3305,340;3309,326;3314,340;3318,324;3322,326;3327,324;3331,316;3336,330;3340,328;3344,340;3349,328;3353,334;3357,320;3362,334;3366,332;3370,332;3375,318;3379,308;3383,322;3388,322;3392,336;3396,320;3401,334;3405,326;3410,340;3414,324;3418,338;3423,324;3427,316;3431,316;3436,314;3440,328;3444,326;3449,328;3453,318;3457,332;3462,316;3466,332;3470,316;3475,330;3479,336;3484,322;3488,322;3492,320;3497,320;3501,326;3505,340;3510,326;3514,340;3518,324;3523,338;3527,330;3531,316;3536,342;3540,314;3544,328;3549,312;3553,332;3558,328;3562,332;3566,316;3571,330;3575,322;3579,322;3584,334;3588,320;3592,334;3597,304;3601,338;3605,324;3610,338;3614,322;3618,336;3623,320;3627,312;3632,326;3636,312;3640,326;3645,326;3649,346;3653,318;3658,346;3662,316;3666,332;3671,330;3675,322;3679,322;3684,322;3688,320;3692,334;3697,334;3701,326;3706,340;3710,326;3714,340;3719,324;3723,318;3727,330;3732,316;3736,330;3740,330;3745,342;3749,320;3753,334;3758,320;3762,334;3767,332;3771,332;3775,324;3780,308;3784,322;3788,308;3793,334;3797,326;3801,340;3806,326;3810,340;3814,324;3819,338;3823,330;3827,330;3832,328;3836,314;3841,328;3845,320;3849,334;3854,332;3858,332;3862,318;3867,332;3871,324;3875,324;3880,336;3884,322;3888,322;3893,322;3897,328;3901,328;3906,328;3910,326;3915,340;3919,318;3923,318;3928,332;3932,318;3936,330;3941,302;3945,336;3949,322;3954,336;3958,322;3962,334;3967,320;3971,326;3976,340;3980,324;3984,324;3989,308;3993,330;3997,328;4002,342;4006,328;4010,342;4015,326;4019,318;4023,332;4028,318;4032,332;4036,316;4041,316;4045,322;4050,338;4054,322;4058,338;4063,322;4067,328;4071,328;4076,312;4080,326;4084,326;4089,326;4093,318;4097,332;4102,330;4106,330;4110,316;4115,328;4119,322;4124,320;4128,334;4132,318;4137,332;4141,324;4145,324;4150,322;4154,336;4158,320;4163,334;4167,326;4171,324;4176,338;4180,324;4184,322;4189,308;4193,328;4198,328;4202,342;4206,326;4211,340;4215,318;4219,316;4224,316;4228,316;4232,328;4237,314;4241,334;4245,320;4250,334;4254,318;4258,332;4263,316;4267,322;4272,334;4276,320;4280,334;4285,318;4289,338;4293,324;4298,338;4302,322;4306,336;4311,322;4315,328;4319,340;4324,326;4328,322;4332,310;4337,324;4341,316;4346,330;4350,328;4354,328;4359,328;4363,318;4367,320;4372,318;4376,332;4380,318;4385,330;4389,322;4393,336;4398,322;4402,336;4407,320;4411,312;4415,324;4420,324;4424,324;4428,322;4433,322;4437,314;4441,328;4446,326;4450,340;4454,310;4459,326;4463,330;4467,330;4472,330;4476,328;4481,328;4485,320;4489,332;4494,332;4498,332;4502,316;4507,330;4511,322;4515,322;4520,334;4524,320;4528,334;4533,306;4537,338;4541,324;4546,326;4550,324;4555,324;4559,330;4563,328;4568,330;4572,314;4576,328;4581,312;4585,332;4589,318;4594,332;4598,316;4602,330;4607,330;4611,322;4615,336;4620,322;4624,322;4629,320;4633,320;4637,326;4642,340;4646,326;4650,340;4655,324;4659,316;4663,330;4668,330;4672,328;4676,328;4681,328;4685,320;4689,334;4694,332;4698,332;4703,316;4707,310;4711,324;4716,322;4720,336;4724,322;4729,334;4733,326;4737,340;4742,326;4746,340;4750,324;4755,338;4759,330;4763,316;4768,344;4772,314;4777,328;4781,320;4785,334;4790,320;4794,332;4798,318;4803,332;4807,322;4811,308;4816,336;4820,320;4824,334;4829,320;4833,340;4838,324;4842,338;4846,324;4851,338;4855,328;4859,314;4864,328;4868,312;4872,326;4877,326;4881,332;4885,316;4890,330;4894,316;4898,328;4903,328;4907,320;4912,332;4916,318;4920,332;4925,330;4929,330;4933,322;4938,336;4942,322;4946,334;4951,334;4955,326;4959,340;4964,310;4968,338;4972,310;4977,324;4981,330;4986,330;4990,316;4994,330;4999,328;5003,320;5007,334;5012,320;5016,332;5020,318;5025,332;5029,324;5033,338;5038,322;5042,336;5046,322;5051,336;5055,316;5060,314;5064,328;5068,326;5073,340;5077,318;5081,332;5086,318;5090,332;5094,330;5099,342;5103,322;5107,308;5112,320;5116,320;5121,334;5125,320;5129,326;5134,324;5138,324;5142,324;5147,338;5151,330;5155,314;5160,328;5164,314;5168,326;5173,326;5177,332;5181,318;5186,332;5190,316;5195,330;5199,330;5203,322;5208,336;5212,306;5216,320;5221,318;5225,340;5229,324;5234,338;5238,324;5242,338;5247,322;5251,314;5255,328;5260,326;5264,326;5269,326;5273,326;5277,316;5282,330;5286,330;5290,330;5295,314;5299,320;5303,320;5308,334;5312,332;5316,318;5321,332;5325,324;5329,324;5334,322;5338,336;5343,320;5347,312;5351,326;5356,326;5360,340;5364,324;5369,324;5373,330;5377,330;5382,328;5386,328;5390,314;5395,340;5399,318;5403,318;5408,332;5412,304;5417,316;5421,322;5425,336;5430,320;5434,332;5438,320;5443,332;5447,324;5451,324;5456,336;5460,322;5464,322;5469,320;5473,326;5477,326;5482,326;5486,324;5491,324;5495,324;5499,330;5504,328;5508,328;5512,326;5517,312;5521,334;5525,332;5530,332;5534,330;5538,332;5543,330;5547,308;5551,336;5556,322;5560,334;5565,306;5569,320;5573,326;5578,340;5582,324;5586,338;5591,324;5595,316;5599,328;5604,314;5608,328;5612,326;5617,340;5621,318;5626,332;5630,316;5634,332;5639,316;5643,322;5647,336;5652,322;5656,322;5660,320;5665,320;5669,326;5673,326;5678,326;5682,326;5686,324;5691,324;5695,330;5700,330;5704,328;5708,314;5713,328;5717,334;5721,334;5726,320;5730,332;5734,318;5739,332;5743,338;5747,322;5752,336;5756,322;5760,322;5765,308;5769,328;5774,328;5778,342;5782,326;5787,340;5791,332;5795,304;5800,332;5804,318;5808,330;5813,316;5817,336;5821,320;5826,336;5830,320;5834,320;5839,318;5843,312;5848,324;5852,310;5856,310;5861,322;5865,314;5869,314;5874,314;5878,312;5882,312;5887,312;5891,318;5895,318;5900,302;5904,316;5909,314;5913,328;5917,306;5922,320;5926,318;5930,318;5935,318;5939,310;5943,322;5948,308;5952,322;5956,320;5961,320;5965,312;5969,326;5974,310;5978,324;5983,310;5987,316;5991,330;5996,314;6000,328;6004,300;6009,312;6013,318;6017,318;6022,302;6026,316;6030,316;6035,328;6039,322;6043,320;6048,318;6052,304;6057,316;6061,310;6065,322;6070,308;6074,320;6078,306;6083,318;6087,324;6091,322;6096,322;6100,306;6104,320;6109,320;6113,312;6117,310;6122,324;6126,322;6131,322;6135,322;6139,314;6144,314;6148,298;6152,312;6157,310;6161,314;6165,302;6170,316;6174,314;6178,326;6183,312;6187,290;6191,290;6196,288;6200,286;6205,272;6209,308;6213,292;6218,292;6222,292;6226,304;6231,290;6235,266;6239,294;6244,294;6248,294;6252,292;6257,270;6261,270;6266,284;6270,296;6274,296;6279,296;6283,274;6287,274;6292,272;6296,286;6300,258;6305,286;6309,292;6313,292;6318,290;6322,276;6326,276;6331,268;6335,282;6340,280;6344,280;6348,266;6353,280;6357,300;6361,286;6366,284;6370,298;6374,284;6379,298;6383,290;6387,276;6392,288;6396,272;6400,274;6405,294;6409,294;6414,292;6418,306;6422,292;6427,290;6431,270;6435,282;6440,268;6444,268;6448,280;6453,280;6457,288;6461,286;6466,300;6470,286;6474,286;6479,292;6483,292;6488,290;6492,290;6496,290;6501,276;6505,280;6509,294;6514,294;6518,292;6522,278;6527,284;6531,270;6535,282;6540,268;6544,282;6548,282;6553,258;6557,286;6562,288;6566,286;6570,286;6575,284;6579,290;6583,290;6588,290;6592,290;6596,274;\r\nBuffer sent in 0.973 secondsreturn;buffer;965\r\n'), 12:28:58
bytearray(b'received from UR: measure -> measure (0,1)\r\nSTEPPER: Moving to mstep: 6600 with speed [msteps/sec]: 1000 in StealthChop.\r\n'), 12:28:59
bytearray(b'STEPPER: Moving to mstep: 2400 with speed [msteps/sec]: 4000 in SpreadCycle.\r\n'), 12:29:03
bytearray(b'STEPPER: Moved 4200.00 msteps (ramp: 35%) in 1324.888 ms -> average speed [msteps/sec]: 3170.08\r\nreturn;measure;964\r\n'), 12:29:04
bytearray(b'received from UR: buffer -> buffer (0,1)\r\nSending buffer of size 964data;2400,300;2404,456;2408,166;2413,280;2417,308;2421,328;2426,342;2430,326;2434,340;2439,324;2443,330;2447,330;2452,314;2456,328;2460,312;2465,326;2469,332;2474,332;2478,316;2482,330;2487,314;2491,334;2495,334;2500,334;2504,318;2508,318;2513,316;2517,322;2521,336;2526,320;2530,334;2534,320;2539,332;2543,324;2548,310;2552,338;2556,322;2561,336;2565,314;2569,328;2574,326;2578,326;2582,324;2587,338;2591,328;2595,314;2600,328;2604,326;2608,340;2613,324;2617,332;2622,316;2626,330;2630,328;2635,342;2639,334;2643,318;2648,318;2652,330;2656,330;2661,328;2665,334;2669,320;2674,332;2678,332;2682,332;2687,316;2691,308;2696,322;2700,322;2704,334;2709,320;2713,326;2717,324;2722,324;2726,324;2730,326;2735,324;2739,316;2743,330;2748,328;2752,342;2756,328;2761,328;2765,320;2770,334;2774,318;2778,346;2783,332;2787,310;2791,322;2796,308;2800,322;2804,320;2809,334;2813,326;2817,340;2822,324;2826,338;2830,322;2835,336;2839,328;2844,328;2848,326;2852,312;2857,326;2861,318;2865,346;2870,330;2874,344;2878,330;2883,344;2887,322;2891,336;2896,334;2900,320;2904,318;2909,318;2913,324;2918,324;2922,338;2926,336;2931,336;2935,328;2939,312;2944,326;2948,326;2952,338;2957,324;2961,330;2965,316;2970,328;2974,328;2979,328;2983,326;2987,318;2992,332;2996,330;3000,330;3005,316;3009,336;3013,320;3018,334;3022,320;3026,348;3031,332;3035,324;3039,324;3044,308;3048,322;3053,322;3057,334;3061,312;3066,326;3070,326;3074,326;3079,324;3083,330;3087,330;3092,314;3096,328;3100,314;3105,328;3109,320;3113,334;3118,334;3122,334;3127,332;3131,310;3135,324;3140,308;3144,336;3148,322;3153,336;3157,328;3161,328;3166,326;3170,340;3174,326;3179,340;3183,330;3187,330;3192,330;3196,316;3201,328;3205,320;3209,334;3214,318;3218,346;3222,318;3227,332;3231,336;3235,322;3240,336;3244,320;3248,320;3253,320;3257,340;3261,324;3266,338;3270,324;3275,336;3279,328;3283,328;3288,328;3292,326;3296,326;3301,312;3305,332;3309,316;3314,344;3318,330;3322,328;3327,314;3331,318;3335,318;3340,318;3344,330;3349,316;3353,328;3357,322;3362,334;3366,332;3370,332;3375,318;3379,310;3383,324;3388,322;3392,336;3396,320;3401,334;3405,326;3409,326;3414,324;3418,338;3423,322;3427,314;3431,314;3436,312;3440,326;3444,326;3449,326;3453,316;3457,330;3462,314;3466,328;3470,328;3475,326;3479,318;3483,318;3488,316;3492,316;3497,330;3501,320;3505,334;3510,320;3514,332;3518,316;3523,330;3527,322;3531,322;3536,334;3540,318;3544,332;3549,316;3553,336;3558,334;3562,334;3566,318;3571,332;3575,324;3579,322;3584,336;3588,320;3592,334;3597,306;3601,340;3605,324;3610,338;3614,322;3618,336;3623,322;3627,328;3632,328;3636,326;3640,326;3645,310;3649,332;3653,316;3658,344;3662,328;3666,330;3671,314;3675,320;3679,320;3684,334;3688,332;3692,332;3697,332;3701,322;3706,324;3710,322;3714,336;3719,320;3723,312;3727,326;3732,326;3736,340;3740,324;3745,338;3749,330;3753,330;3758,330;3762,328;3767,314;3771,320;3775,320;3780,320;3784,332;3788,318;3793,332;3797,322;3801,336;3806,322;3810,336;3814,322;3819,336;3823,314;3827,314;3832,326;3836,326;3841,326;3845,316;3849,332;3854,330;3858,330;3862,314;3867,342;3871,320;3875,320;3880,334;3884,320;3888,332;3893,318;3897,324;3901,322;3906,336;3910,322;3915,334;3919,320;3923,326;3928,340;3932,324;3936,324;3941,308;3945,330;3949,328;3954,328;3958,312;3962,340;3967,326;3971,318;3975,330;3980,316;3984,328;3989,302;3993,328;3997,320;4002,348;4006,318;4010,332;4015,318;4019,310;4023,336;4028,322;4032,320;4036,334;4041,334;4045,324;4049,338;4054,324;4058,336;4063,322;4067,334;4071,326;4076,312;4080,324;4084,324;4089,338;4093,314;4097,328;4102,314;4106,326;4110,324;4115,326;4119,330;4123,314;4128,328;4132,328;4137,340;4141,332;4145,332;4150,330;4154,328;4158,328;4163,328;4167,320;4171,304;4176,318;4180,316;4184,330;4189,316;4193,320;4202,334;4206,318;4211,332;4215,316;4219,322;4224,322;4228,320;4232,320;4237,320;4241,326;4245,324;4250,338;4254,322;4258,334;4263,320;4267,312;4271,340;4276,324;4280,338;4285,324;4289,324;4293,328;4298,328;4302,328;4306,340;4311,326;4315,318;4319,330;4324,330;4328,342;4332,314;4337,328;4341,318;4345,332;4350,330;4354,330;4359,328;4363,306;4367,320;4372,306;4376,332;4380,318;4385,330;4389,322;4393,336;4398,320;4402,334;4406,318;4411,346;4415,324;4420,322;4424,322;4428,306;4433,320;4437,326;4441,338;4446,324;4450,338;4454,322;4459,336;4463,326;4467,326;4472,324;4476,310;4480,324;4485,324;4489,328;4494,314;4498,326;4502,326;4507,326;4511,330;4515,330;4520,328;4524,314;4528,328;4533,326;4537,332;4541,318;4546,332;4550,330;4554,328;4559,328;4563,320;4568,320;4572,318;4576,332;4581,330;4585,336;4589,322;4594,336;4598,318;4602,334;4607,332;4611,310;4615,324;4620,324;4624,324;4628,308;4633,322;4637,328;4642,342;4646,328;4650,340;4655,326;4659,318;4663,332;4668,318;4672,330;4676,316;4681,330;4685,334;4689,336;4694,322;4698,334;4702,320;4707,334;4711,326;4716,324;4720,338;4724,322;4729,322;4733,328;4737,328;4742,326;4746,340;4750,324;4755,338;4759,330;4763,328;4768,342;4772,326;4776,340;4781,312;4785,332;4790,318;4794,330;4798,328;4803,342;4807,320;4811,306;4816,332;4820,318;4824,330;4829,316;4833,336;4837,320;4842,334;4846,320;4850,332;4855,318;4859,324;4864,322;4868,322;4872,334;4877,320;4881,326;4885,324;4890,338;4894,338;4898,336;4903,322;4907,314;4911,326;4916,326;4920,338;4925,324;4929,336;4933,314;4938,328;4942,326;4946,326;4951,324;4955,316;4959,330;4964,328;4968,342;4972,328;4977,326;4981,318;4985,332;4990,330;4994,330;4999,328;5003,306;5007,320;5012,318;5016,332;5020,318;5025,332;5029,324;5033,338;5038,324;5042,336;5046,322;5051,336;5055,328;5059,314;5064,328;5068,328;5073,342;5077,318;5081,332;5086,318;5090,330;5094,330;5099,330;5103,322;5107,308;5112,320;5116,318;5120,332;5125,318;5129,324;5133,322;5138,336;5142,336;5147,334;5151,328;5155,312;5160,324;5164,324;5168,338;5173,324;5177,330;5181,314;5186,328;5190,328;5194,342;5199,326;5203,304;5207,318;5212,316;5216,330;5221,316;5225,330;5229,322;5234,336;5238,320;5242,332;5247,318;5251,324;5255,324;5260,324;5264,322;5268,310;5273,320;5277,328;5282,326;5286,312;5290,326;5295,324;5299,330;5303,330;5308,328;5312,328;5316,314;5321,328;5325,334;5329,332;5334,318;5338,332;5342,330;5347,330;5351,336;5356,320;5360,320;5364,306;5369,320;5373,326;5377,340;5382,324;5386,338;5390,322;5395,336;5399,328;5403,326;5408,340;5412,326;5416,326;5421,310;5425,330;5430,330;5434,330;5438,314;5443,328;5447,320;5451,334;5456,330;5460,318;5464,330;5469,316;5473,336;5477,336;5482,334;5486,320;5490,332;5495,318;5499,310;5504,336;5508,322;5512,334;5517,306;5521,340;5525,326;5530,338;5534,324;5538,336;5543,322;5547,326;5551,340;5556,326;5560,324;5564,308;5569,322;5573,328;5578,342;5582,326;5586,340;5591,324;5595,332;5599,332;5604,316;5608,330;5612,314;5617,328;5621,320;5625,348;5630,320;5634,334;5639,318;5643,310;5647,322;5652,322;5656,336;5660,320;5665,320;5669,326;5673,326;5678,324;5682,324;5686,322;5691,322;5695,328;5699,326;5704,326;5708,326;5713,324;5717,310;5721,330;5726,328;5730,328;5734,326;5739,340;5743,330;5747,330;5752,344;5756,328;5760,326;5765,312;5769,332;5773,316;5778,344;5782,328;5787,330;5791,320;5795,304;5800,318;5804,316;5808,330;5813,316;5817,336;5821,320;5826,334;5830,318;5834,332;5839,316;5843,322;5847,322;5852,320;5856,320;5861,304;5865,304;5869,324;5874,322;5878,308;5882,320;5887,320;5891,312;5895,326;5900,310;5904,310;5908,296;5913,308;5917,314;5921,314;5926,312;5930,326;5935,310;5939,316;5943,330;5948,316;5952,328;5956,300;5961,314;5965,318;5969,318;5974,316;5978,330;5982,314;5987,328;5991,320;5995,318;6000,318;6004,302;6009,316;6013,320;6017,336;6022,320;6026,320;6030,304;6035,332;6039,310;6043,324;6048,322;6052,322;6056,320;6061,306;6065,326;6070,324;6074,324;6078,310;6083,322;6087,314;6091,314;6096,312;6100,310;6104,310;6109,310;6113,330;6117,314;6122,328;6126,312;6130,326;6135,310;6139,302;6144,316;6148,314;6152,328;6157,314;6161,318;6165,318;6170,332;6174,316;6178,316;6183,300;6187,290;6191,290;6196,290;6200,302;6205,288;6209,280;6213,278;6218,292;6222,292;6226,288;6231,290;6235,296;6239,294;6244,294;6248,294;6252,292;6257,282;6261,298;6265,296;6270,296;6274,280;6279,294;6283,286;6287,286;6292,284;6296,298;6300,296;6305,296;6309,288;6313,286;6318,286;6322,284;6326,298;6331,274;6335,288;6339,272;6344,286;6348,272;6353,284;6357,290;6361,302;6366,288;6370,286;6374,286;6379,298;6383,276;6387,274;6392,288;6396,272;6400,286;6405,292;6409,304;6413,288;6418,288;6422,286;6427,300;6431,276;6435,262;6440,290;6444,288;6448,288;6453,288;6457,280;6461,278;6466,292;6470,290;6474,276;6479,282;6483,266;6487,280;6492,280;6496,278;6501,278;6505,298;6509,284;6514,296;6518,294;6522,280;6527,280;6531,270;6535,284;6540,282;6544,282;6548,282;6553,294;6557,288;6561,300;6566,284;6570,284;6575,282;6579,260;6583,288;6588,286;6592,286;6596,284;\r\nBuffer sent in 0.972 secondsreturn;buffer;964\r\n'), 12:29:06
bytearray(b'received from UR: measure -> measure (0,1)\r\nSTEPPER: Moving to mstep: 6600 with speed [msteps/sec]: 1000 in StealthChop.\r\n'), 12:29:07
bytearray(b'STEPPER: Moving to mstep: 2400 with speed [msteps/sec]: 4000 in SpreadCycle.\r\n'), 12:29:11
bytearray(b'STEPPER: Moved 4200.00 msteps (ramp: 35%) in 1324.888 ms -> average speed [msteps/sec]: 3170.08\r\nreturn;measure;965\r\n'), 12:29:13
bytearray(b'received from UR: buffer -> buffer (0,1)\r\nSending buffer of size 965data;2400,302;2404,472;2408,140;2413,270;2417,326;2421,318;2426,332;2430,318;2434,346;2439,318;2443,322;2447,322;2452,322;2456,336;2460,320;2465,320;2469,326;2473,340;2478,326;2482,326;2487,324;2491,318;2495,332;2500,330;2504,328;2508,314;2513,328;2517,334;2521,334;2526,334;2530,334;2534,318;2539,332;2543,338;2547,324;2552,324;2556,322;2561,336;2565,328;2569,342;2574,328;2578,342;2582,326;2587,342;2591,332;2595,318;2600,332;2604,318;2608,330;2613,316;2617,336;2622,322;2626,336;2630,320;2635,334;2639,326;2643,326;2648,338;2652,324;2656,324;2661,322;2665,330;2669,330;2674,330;2678,328;2682,328;2687,328;2691,320;2696,332;2700,332;2704,320;2709,318;2713,338;2717,324;2722,338;2726,324;2730,336;2735,322;2739,314;2743,328;2748,326;2752,340;2757,312;2761,324;2765,318;2770,346;2774,330;2778,344;2783,316;2787,308;2791,336;2796,322;2800,336;2804,320;2809,334;2813,326;2817,340;2822,324;2826,338;2831,324;2835,316;2839,328;2844,314;2848,328;2852,314;2857,326;2861,318;2865,334;2870,318;2874,330;2878,318;2883,330;2887,324;2891,322;2896,336;2900,336;2905,322;2909,320;2913,328;2918,326;2922,340;2926,326;2931,326;2935,332;2939,318;2944,344;2948,330;2952,330;2957,316;2961,336;2965,322;2970,336;2974,320;2979,334;2983,320;2987,312;2992,340;2996,326;3000,338;3005,310;3009,330;3013,330;3018,344;3022,328;3026,342;3031,326;3035,320;3039,332;3044,332;3048,330;3053,316;3057,330;3061,322;3066,336;3070,320;3074,320;3079,320;3083,326;3087,326;3092,326;3096,326;3100,310;3105,324;3109,330;3113,330;3118,328;3122,328;3127,328;3131,320;3135,332;3140,318;3144,332;3148,316;3153,330;3157,322;3161,336;3166,320;3170,334;3174,320;3179,334;3183,326;3187,312;3192,324;3196,324;3201,338;3205,330;3209,344;3214,314;3218,342;3222,328;3227,342;3231,320;3235,318;3240,332;3244,318;3248,332;3253,330;3257,324;3261,322;3266,336;3270,322;3275,336;3279,326;3283,312;3288,326;3292,326;3296,326;3301,326;3305,332;3309,318;3314,332;3318,330;3322,330;3327,316;3331,320;3336,334;3340,320;3344,334;3349,320;3353,326;3357,324;3362,338;3366,324;3370,338;3375,322;3379,314;3383,328;3388,314;3392,328;3396,312;3401,326;3405,318;3410,332;3414,332;3418,344;3423,330;3427,308;3431,322;3436,322;3440,334;3444,320;3449,334;3453,326;3457,328;3462,324;3466,338;3470,324;3475,338;3479,330;3484,316;3488,330;3492,314;3497,328;3501,322;3505,334;3510,320;3514,334;3518,318;3523,332;3527,338;3531,310;3536,322;3540,308;3544,322;3549,322;3553,328;3558,326;3562,326;3566,326;3571,340;3575,332;3579,316;3584,330;3588,300;3592,328;3597,314;3601,348;3605,332;3610,346;3614,318;3618,344;3623,316;3627,320;3632,334;3636,320;3640,332;3645,316;3649,338;3653,324;3658,338;3662,322;3666,322;3671,322;3675,328;3679,328;3684,326;3688,326;3692,312;3697,326;3701,318;3706,332;3710,318;3714,330;3719,316;3723,322;3727,336;3732,322;3736,322;3740,306;3745,334;3749,326;3753,340;3758,326;3762,326;3767,324;3771,316;3775,346;3780,330;3784,330;3788,314;3793,328;3797,320;3801,334;3806,318;3810,332;3814,318;3819,332;3823,324;3827,322;3832,322;3836,308;3841,334;3845,320;3849,328;3854,312;3858,324;3862,324;3867,338;3871,330;3875,316;3880,328;3884,314;3888,328;3893,314;3897,334;3901,332;3906,332;3910,318;3915,332;3919,324;3923,310;3928,322;3932,308;3936,334;3941,320;3945,342;3949,326;3954,326;3958,326;3962,340;3967,324;3971,316;3976,330;3980,314;3984,316;3989,314;3993,334;3997,320;4002,334;4006,318;4010,332;4015,318;4019,310;4023,322;4028,322;4032,322;4036,322;4041,322;4045,314;4050,342;4054,326;4058,340;4063,326;4067,318;4071,332;4076,318;4080,332;4084,330;4089,330;4093,322;4097,336;4102,336;4106,334;4110,334;4115,334;4119,326;4124,326;4128,338;4132,324;4137,324;4141,316;4145,330;4150,328;4154,328;4158,326;4163,328;4167,332;4171,318;4176,332;4180,330;4184,330;4189,316;4193,336;4198,322;4202,334;4206,320;4211,334;4215,326;4219,324;4224,338;4228,324;4232,322;4237,322;4241,342;4245,328;4250,342;4254,326;4258,326;4263,324;4267,316;4272,330;4276,316;4280,328;4285,314;4289,334;4293,318;4298,332;4302,318;4306,332;4311,316;4315,322;4319,336;4324,308;4328,322;4332,306;4337,334;4341,326;4346,340;4350,324;4354,338;4359,322;4363,316;4367,328;4372,314;4376,328;4380,314;4385,326;4389,318;4393,332;4398,318;4402,332;4407,316;4411,310;4415,336;4420,322;4424,336;4428,320;4433,334;4437,326;4441,340;4446,324;4450,338;4454,324;4459,324;4463,330;4467,316;4472,330;4476,314;4481,328;4485,314;4489,334;4494,320;4498,334;4502,318;4507,320;4511,326;4515,324;4520,338;4524,324;4528,324;4533,308;4537,328;4541,328;4546,328;4550,326;4555,326;4559,324;4563,318;4568,330;4572,316;4576,330;4581,314;4585,336;4589,320;4594,334;4598,320;4602,332;4607,318;4611,310;4615,324;4620,310;4624,322;4629,308;4633,334;4637,326;4642,328;4646,310;4650,326;4655,324;4659,316;4663,330;4668,330;4672,328;4676,314;4681,328;4685,318;4689,332;4694,318;4698,330;4703,316;4707,322;4711,334;4716,318;4720,318;4724,304;4729,330;4733,322;4737,336;4742,334;4746,334;4750,318;4755,332;4759,338;4763,324;4768,322;4772,322;4777,334;4781,320;4785,340;4790,312;4794,324;4798,324;4803,338;4807,344;4811,328;4816,328;4820,312;4824,326;4829,326;4833,332;4837,316;4842,330;4846,316;4851,342;4855,328;4859,334;4864,320;4868,318;4872,332;4877,318;4881,338;4885,322;4890,334;4894,320;4898,334;4903,318;4907,324;4911,324;4916,322;4920,336;4925,320;4929,334;4933,326;4938,326;4942,324;4946,338;4951,322;4955,328;4959,328;4964,312;4968,326;4972,312;4977,326;4981,328;4985,330;4990,314;4994,342;4999,326;5003,320;5007,330;5012,316;5016,330;5020,314;5025,328;5029,320;5033,334;5038,318;5042,330;5046,316;5051,330;5055,320;5060,320;5064,332;5068,318;5073,330;5077,322;5081,322;5086,322;5090,334;5094,320;5099,332;5103,324;5107,324;5112,324;5116,322;5120,334;5125,320;5129,326;5134,326;5138,338;5142,324;5147,336;5151,328;5155,314;5160,326;5164,312;5168,326;5173,310;5177,344;5181,328;5186,330;5190,314;5194,340;5199,326;5203,320;5208,332;5212,316;5216,330;5221,316;5225,336;5229,320;5234,334;5238,318;5242,332;5247,316;5251,324;5255,322;5260,320;5264,334;5268,320;5273,332;5277,324;5282,324;5286,322;5290,336;5295,322;5299,314;5303,326;5308,326;5312,326;5316,312;5321,324;5325,330;5329,344;5334,328;5338,328;5343,328;5347,328;5351,334;5356,332;5360,332;5364,316;5369,330;5373,322;5377,336;5382,320;5386,320;5390,318;5395,332;5399,324;5403,308;5408,336;5412,306;5417,334;5421,320;5425,340;5430,324;5434,324;5438,322;5443,336;5447,326;5451,326;5456,326;5460,324;5464,324;5469,310;5473,328;5477,328;5482,328;5486,326;5491,324;5495,324;5499,316;5504,328;5508,328;5512,328;5517,312;5521,332;5525,330;5530,330;5534,316;5538,330;5543,328;5547,320;5551,334;5556,318;5560,332;5565,318;5569,330;5573,322;5578,336;5582,320;5586,334;5591,320;5595,324;5599,338;5604,310;5608,324;5612,308;5617,322;5621,326;5625,340;5630,326;5634,338;5639,324;5643,330;5647,328;5652,314;5656,326;5660,326;5665,326;5669,318;5673,330;5678,316;5682,330;5686,328;5691,328;5695,320;5700,318;5704,332;5708,318;5713,332;5717,322;5721,322;5726,322;5730,334;5734,320;5739,334;5743,324;5747,310;5752,336;5756,322;5760,336;5765,322;5769,326;5774,326;5778,340;5782,324;5787,338;5791,328;5795,314;5800,328;5804,314;5808,326;5813,312;5817,332;5821,318;5826,330;5830,316;5834,330;5839,314;5843,306;5848,320;5852,318;5856,320;5861,304;5865,324;5869,310;5874,324;5878,308;5882,322;5887,306;5891,312;5895,326;5900,312;5904,310;5908,310;5913,310;5917,316;5922,314;5926,314;5930,314;5935,312;5939,318;5943,318;5948,302;5952,316;5956,316;5961,330;5965,308;5969,320;5974,318;5978,318;5982,316;5987,310;5991,322;5996,306;6000,320;6004,306;6009,318;6013,324;6017,310;6022,310;6026,324;6030,308;6035,322;6039,328;6043,312;6048,312;6052,310;6056,310;6061,310;6065,316;6070,314;6074,314;6078,312;6083,326;6087,318;6091,318;6096,316;6100,316;6104,328;6109,314;6113,320;6117,320;6122,320;6126,318;6130,318;6135,316;6139,308;6144,320;6148,320;6152,320;6157,304;6161,324;6165,324;6170,322;6174,322;6178,322;6183,306;6187,296;6191,296;6196,282;6200,280;6205,280;6209,300;6213,298;6218,298;6222,296;6226,296;6231,294;6235,272;6239,272;6244,270;6248,270;6252,270;6257,302;6261,288;6266,302;6270,300;6274,298;6279,298;6283,276;6287,290;6292,288;6296,288;6300,272;6305,286;6309,292;6313,290;6318,290;6322,304;6326,288;6331,266;6335,280;6340,278;6344,278;6348,276;6353,290;6357,296;6361,296;6366,294;6370,294;6374,294;6379,272;6383,284;6387,270;6392,282;6396,268;6400,282;6405,286;6409,302;6414,286;6418,286;6422,284;6427,284;6431,288;6435,288;6440,288;6444,286;6448,272;6453,284;6457,276;6461,276;6466,274;6470,286;6474,302;6479,278;6483,278;6488,276;6492,276;6496,274;6501,260;6505,294;6509,292;6514,292;6518,278;6522,276;6527,282;6531,268;6535,280;6540,266;6544,280;6548,278;6553,284;6557,284;6562,298;6566,296;6570,296;6575,280;6579,274;6583,286;6588,286;6592,284;6596,284;\r\nBuffer sent in 0.973 secondsreturn;buffer;965\r\n'), 12:29:15
bytearray(b'received from UR: measure -> measure (0,1)\r\nSTEPPER: Moving to mstep: 6600 with speed [msteps/sec]: 1000 in StealthChop.\r\n'), 12:29:16
bytearray(b'STEPPER: Moving to mstep: 2400 with speed [msteps/sec]: 4000 in SpreadCycle.\r\n'), 12:29:20
bytearray(b'STEPPER: Moved 4200.00 msteps (ramp: 35%) in 1324.880 ms -> average speed [msteps/sec]: 3170.10\r\nreturn;measure;965\r\n'), 12:29:21
bytearray(b'received from UR: buffer -> buffer (0,1)\r\nSending buffer of size 965data;2400,310;2404,464;2408,138;2413,276;2417,318;2421,324;2426,338;2430,322;2434,336;2439,322;2443,328;2447,326;2452,326;2456,326;2460,310;2465,324;2469,330;2474,344;2478,328;2482,328;2487,326;2491,332;2495,332;2500,318;2504,330;2508,330;2513,330;2517,322;2521,334;2526,320;2530,334;2534,332;2539,332;2543,324;2548,322;2552,322;2556,308;2561,334;2565,326;2569,326;2574,324;2578,338;2582,324;2587,336;2591,314;2595,312;2600,340;2604,326;2608,326;2613,324;2617,332;2622,316;2626,330;2630,328;2635,342;2639,334;2643,318;2648,332;2652,330;2656,330;2661,316;2665,336;2669,322;2674,334;2678,320;2682,334;2687,318;2691,324;2696,324;2700,324;2704,322;2709,322;2713,328;2717,326;2722,328;2726,326;2730,340;2735,326;2739,332;2743,330;2748,316;2752,330;2756,314;2761,342;2765,320;2770,334;2774,318;2778,332;2783,318;2787,324;2791,336;2796,322;2800,336;2804,306;2809,320;2813,326;2817,326;2822,326;2826,340;2830,324;2835,338;2839,330;2844,330;2848,330;2852,316;2857,328;2861,322;2865,334;2870,320;2874,334;2878,332;2883,332;2887,324;2891,324;2896,324;2900,322;2905,322;2909,308;2913,328;2918,328;2922,340;2926,326;2931,340;2935,318;2939,316;2944,330;2948,316;2952,330;2957,314;2961,336;2965,322;2970,334;2974,320;2979,332;2983,318;2987,310;2992,338;2996,324;3000,336;3005,322;3009,330;3013,314;3018,342;3022,326;3026,326;3031,326;3035,318;3039,316;3044,318;3048,330;3053,316;3057,328;3061,320;3066,334;3070,320;3074,334;3079,318;3083,324;3087,324;3092,324;3096,322;3100,322;3105,320;3109,326;3113,340;3118,326;3122,324;3127,324;3131,316;3135,330;3140,316;3144,330;3148,314;3153,316;3157,320;3161,334;3166,320;3170,332;3174,318;3179,332;3183,338;3187,324;3192,324;3196,308;3201,322;3205,314;3209,342;3214,326;3218,340;3222,324;3227,338;3231,316;3235,316;3240,328;3244,314;3248,314;3253,326;3257,346;3261,332;3266,332;3270,330;3275,330;3279,316;3283,334;3288,334;3292,320;3296,332;3301,318;3305,324;3309,324;3314,338;3318,322;3322,336;3327,320;3331,312;3335,340;3340,326;3344,324;3349,312;3353,330;3357,330;3362,330;3366,328;3370,328;3375,314;3379,320;3383,332;3388,318;3392,330;3396,318;3401,330;3405,322;3409,336;3414,320;3418,334;3423,320;3427,326;3431,324;3436,310;3440,338;3444,336;3449,322;3453,328;3457,342;3462,326;3466,326;3470,326;3475,324;3479,332;3483,318;3488,330;3492,330;3497,330;3501,320;3505,334;3510,334;3514,334;3518,318;3523,334;3527,326;3531,310;3536,324;3540,308;3544,336;3549,322;3553,328;3558,328;3562,328;3566,326;3571,340;3575,332;3579,316;3584,330;3588,302;3592,328;3597,314;3601,336;3605,320;3610,334;3614,318;3618,332;3623,318;3627,324;3632,324;3636,322;3640,322;3645,322;3649,342;3653,328;3658,328;3662,328;3666,340;3671,326;3675,318;3679,318;3684,330;3688,330;3693,316;3697,328;3701,322;3706,334;3710,320;3714,334;3719,332;3723,312;3727,324;3732,310;3736,324;3740,322;3745,334;3749,326;3753,326;3758,326;3762,326;3767,324;3771,338;3775,330;3780,314;3784,328;3788,326;3793,326;3797,318;3801,344;3806,332;3810,346;3814,330;3819,330;3823,322;3827,322;3832,322;3836,320;3841,334;3845,318;3849,340;3854,324;3858,338;3862,322;3867,336;3871,328;3875,314;3880,328;3884,312;3888,340;3893,326;3897,332;3901,318;3906,330;3910,316;3915,330;3919,326;3923,320;3928,334;3932,320;3936,332;3941,318;3945,338;3949,324;3954,338;3958,322;3962,336;3967,320;3971,312;3975,326;3980,324;3984,326;3989,324;3993,324;3997,330;4002,344;4006,314;4010,342;4015,314;4019,320;4023,320;4028,320;4032,332;4036,318;4041,332;4045,324;4049,336;4054,322;4058,336;4063,322;4067,314;4071,326;4076,326;4080,324;4084,324;4089,324;4093,330;4097,330;4102,328;4106,328;4110,328;4115,328;4119,330;4123,318;4128,330;4132,316;4137,330;4141,322;4145,336;4150,334;4154,334;4158,332;4163,332;4167,326;4171,310;4176,338;4180,324;4184,324;4189,322;4193,328;4198,314;4202,342;4206,326;4211,328;4215,332;4219,318;4224,332;4228,316;4232,330;4237,316;4241,336;4245,322;4250,334;4254,320;4258,334;4263,318;4267,326;4272,324;4276,324;4280,324;4285,322;4289,330;4293,328;4298,328;4302,326;4306,326;4311,326;4315,316;4319,330;4324,316;4328,314;4332,314;4337,342;4341,318;4346,332;4350,318;4354,330;4359,328;4363,320;4367,320;4372,318;4376,332;4380,330;4385,330;4389,322;4393,336;4398,320;4402,334;4406,318;4411,310;4415,324;4420,322;4424,322;4428,322;4433,320;4437,326;4441,340;4446,324;4450,338;4454,324;4459,338;4463,330;4467,314;4472,314;4476,312;4480,326;4485,326;4489,332;4494,332;4498,332;4502,330;4507,332;4511,336;4515,336;4520,334;4524,320;4528,320;4533,318;4537,340;4541,324;4546,324;4550,322;4554,338;4559,322;4563,314;4568,328;4572,314;4576,342;4581,326;4585,334;4589,318;4594,332;4598,316;4602,344;4607,316;4611,322;4615,334;4620,320;4624,332;4629,318;4633,318;4637,324;4642,338;4646,322;4650,336;4655,320;4659,326;4663,326;4668,326;4672,324;4676,310;4681,338;4685,330;4689,328;4694,328;4698,328;4703,326;4707,320;4711,332;4716,318;4720,332;4724,314;4729,314;4733,320;4737,334;4742,320;4746,334;4750,318;4755,332;4759,324;4763,308;4768,322;4772,306;4777,336;4781,314;4785,328;4790,326;4794,338;4798,324;4803,338;4807,330;4811,316;4816,328;4820,312;4824,312;4829,312;4833,346;4837,318;4842,332;4846,316;4851,330;4855,322;4859,320;4864,322;4868,320;4872,332;4877,320;4881,326;4885,324;4890,336;4894,322;4898,336;4903,320;4907,328;4912,326;4916,326;4920,324;4925,310;4929,330;4933,330;4938,328;4942,328;4946,328;4951,326;4955,320;4959,332;4964,316;4968,318;4972,316;4977,330;4981,320;4986,334;4990,320;4994,332;4999,318;5003,324;5007,324;5012,324;5016,322;5020,308;5025,320;5029,326;5033,342;5038,326;5042,326;5046,324;5051,338;5055,330;5060,314;5064,314;5068,312;5073,326;5077,332;5081,332;5086,330;5090,330;5094,330;5099,328;5103,332;5107,320;5112,320;5116,318;5120,332;5125,332;5129,324;5134,322;5138,336;5142,322;5147,336;5151,328;5155,314;5160,326;5164,312;5168,324;5173,310;5177,344;5181,328;5186,342;5190,326;5194,340;5199,326;5203,332;5208,330;5212,316;5216,330;5221,328;5225,334;5229,320;5234,334;5238,320;5242,332;5247,332;5251,324;5255,322;5260,310;5264,322;5268,308;5273,320;5277,326;5282,340;5286,324;5290,336;5295,322;5299,314;5303,328;5308,326;5312,326;5316,324;5321,324;5325,330;5329,328;5334,328;5338,328;5343,326;5347,318;5351,332;5356,316;5360,318;5364,316;5369,330;5373,320;5377,334;5382,320;5386,332;5390,318;5395,330;5399,336;5403,322;5408,334;5412,320;5417,332;5421,324;5425,338;5430,324;5434,336;5438,322;5443,336;5447,326;5451,312;5456,340;5460,326;5464,324;5469,324;5473,330;5477,328;5482,328;5486,328;5491,326;5495,326;5499,332;5504,332;5508,316;5512,330;5517,330;5521,336;5525,334;5530,334;5534,318;5538,332;5543,318;5547,324;5551,336;5556,322;5560,336;5565,308;5569,320;5573,326;5578,326;5582,326;5586,340;5591,324;5595,316;5599,316;5604,314;5608,342;5612,328;5617,328;5621,318;5625,332;5630,318;5634,332;5639,330;5643,322;5647,320;5652,320;5656,320;5660,316;5665,318;5669,324;5673,336;5678,336;5682,334;5686,320;5691,334;5695,338;5700,324;5704,324;5708,322;5713,322;5717,328;5721,328;5726,326;5730,328;5734,324;5739,338;5743,330;5747,314;5752,328;5756,312;5760,340;5765,324;5769,332;5774,316;5778,330;5782,328;5787,328;5791,320;5795,306;5800,334;5804,318;5808,332;5813,316;5817,338;5821,322;5826,336;5830,322;5834,334;5839,320;5843,312;5848,312;5852,310;5856,310;5861,310;5865,330;5869,314;5874,324;5878,312;5882,314;5887,312;5891,318;5895,316;5900,316;5904,316;5908,314;5913,314;5917,320;5922,320;5926,318;5930,318;5935,316;5939,308;5943,322;5948,308;5952,320;5956,306;5961,318;5965,312;5969,324;5974,310;5978,324;5982,308;5987,314;5991,326;5996,312;6000,310;6004,296;6009,310;6013,314;6017,328;6022,314;6026,328;6030,312;6035,326;6039,318;6043,318;6048,316;6052,316;6057,314;6061,320;6065,320;6070,318;6074,318;6078,316;6083,316;6087,322;6091,322;6096,320;6100,308;6104,320;6109,318;6113,324;6117,310;6122,322;6126,320;6131,320;6135,312;6139,312;6144,324;6148,310;6152,322;6157,308;6161,328;6165,312;6170,326;6174,310;6178,324;6183,308;6187,300;6191,298;6196,284;6200,284;6205,282;6209,302;6213,302;6218,286;6222,286;6226,298;6231,284;6235,290;6239,290;6244,274;6248,286;6252,286;6257,286;6261,292;6265,292;6270,290;6274,290;6279,290;6283,282;6287,280;6292,280;6296,280;6300,280;6305,292;6309,272;6313,284;6318,284;6322,284;6326,298;6331,276;6335,288;6339,274;6344,288;6348,288;6353,288;6357,278;6361,278;6366,278;6370,292;6374,292;6379,306;6383,284;6387,282;6392,282;6396,282;6400,282;6405,288;6409,302;6413,286;6418,286;6422,284;6427,298;6431,290;6435,290;6440,274;6444,274;6448,274;6453,288;6457,280;6461,280;6466,292;6470,292;6474,278;6479,298;6483,284;6488,282;6492,282;6496,282;6501,282;6505,286;6509,286;6514,272;6518,286;6522,300;6527,276;6531,276;6535,276;6540,276;6544,274;6548,274;6553,294;6557,294;6562,278;6566,278;6570,292;6575,290;6579,268;6583,282;6588,282;6592,282;6596,294;\r\nBuffer sent in 0.973 secondsreturn;buffer;965\r\n'), 12:29:23
bytearray(b'received from UR: measure -> measure (0,1)\r\nSTEPPER: Moving to mstep: 6600 with speed [msteps/sec]: 1000 in StealthChop.\r\n'), 12:29:24
bytearray(b'STEPPER: Moving to mstep: 2400 with speed [msteps/sec]: 4000 in SpreadCycle.\r\n'), 12:29:29
bytearray(b'STEPPER: Moved 4200.00 msteps (ramp: 35%) in 1324.888 ms -> average speed [msteps/sec]: 3170.08\r\nreturn;measure;965\r\n'), 12:29:30
bytearray(b'received from UR: buffer -> buffer (0,1)\r\nSending buffer of size 965data;2400,302;2404,452;2408,164;2413,278;2417,306;2421,326;2426,340;2430,326;2434,340;2439,324;2443,330;2447,330;2452,316;2456,328;2460,314;2465,328;2469,322;2474,334;2478,320;2482,334;2487,320;2491,326;2495,324;2500,310;2504,324;2508,324;2513,336;2517,314;2521,342;2526,326;2530,328;2534,326;2539,326;2543,330;2548,316;2552,328;2556,328;2561,342;2565,320;2569,332;2574,318;2578,332;2582,316;2587,346;2591,336;2595,320;2600,320;2604,306;2608,320;2613,320;2617,338;2622,324;2626,338;2630,322;2635,336;2639,328;2643,328;2648,328;2652,326;2656,324;2661,310;2665,330;2669,330;2674,328;2678,314;2682,328;2687,328;2691,334;2696,334;2700,318;2704,332;2709,318;2713,338;2717,324;2722,336;2726,322;2730,336;2735,334;2739,326;2743,326;2748,312;2752,326;2756,324;2761,338;2765,316;2770,344;2774,328;2778,342;2783,328;2787,306;2791,332;2796,318;2800,330;2804,316;2809,330;2813,322;2817,336;2822,320;2826,334;2831,332;2835,334;2839,324;2844,310;2848,322;2852,322;2857,334;2861,312;2865,326;2870,326;2874,326;2878,324;2883,338;2887,330;2891,314;2896,328;2900,328;2905,328;2909,320;2913,332;2918,318;2922,332;2926,316;2931,344;2935,336;2939,322;2944,322;2948,306;2952,320;2957,320;2961,326;2965,324;2970,326;2974,324;2979,338;2983,322;2987,316;2992,328;2996,312;3000,326;3005,312;3009,346;3013,330;3018,344;3022,330;3026,330;3031,326;3035,334;3039,332;3044,318;3048,318;3053,316;3057,330;3061,322;3066,336;3070,322;3074,334;3079,320;3083,326;3087,338;3092,324;3096,324;3100,322;3105,322;3109,328;3113,328;3118,326;3122,340;3127,326;3131,318;3135,332;3140,302;3144,330;3148,316;3153,344;3157,322;3161,334;3166,320;3170,334;3174,320;3179,334;3183,324;3187,310;3192,324;3196,322;3201,336;3205,328;3209,342;3214,326;3218,340;3222,326;3227,340;3231,330;3235,318;3240,316;3244,314;3248,328;3253,328;3257,332;3261,320;3266,332;3270,318;3275,332;3279,316;3283,324;3288,336;3292,322;3296,320;3301,320;3305,326;3309,326;3314,326;3318,322;3322,324;3327,322;3331,328;3336,342;3340,328;3344,326;3349,312;3353,332;3357,318;3362,344;3366,330;3370,330;3375,328;3379,306;3383,320;3388,306;3392,332;3396,318;3401,330;3405,320;3410,336;3414,320;3418,334;3423,318;3427,324;3431,338;3436,322;3440,322;3444,306;3449,320;3453,326;3457,340;3462,324;3466,338;3470,324;3475,316;3479,328;3484,328;3488,328;3492,326;3497,326;3501,316;3505,330;3510,330;3514,330;3518,314;3523,342;3527,320;3531,318;3536,332;3540,316;3545,330;3549,302;3553,336;3558,320;3562,334;3566,332;3571,346;3575,338;3579,310;3584,336;3588,308;3592,322;3597,320;3601,340;3605,326;3610,340;3614,324;3619,338;3623,322;3627,328;3632,328;3636,328;3640,326;3645,312;3649,332;3653,318;3658,346;3662,330;3666,330;3671,328;3675,320;3679,320;3684,332;3688,332;3693,332;3697,318;3701,322;3706,322;3710,322;3714,334;3719,320;3723,312;3727,324;3732,324;3736,338;3740,322;3745,322;3749,328;3753,328;3758,326;3762,340;3767,324;3771,318;3775,330;3780,316;3784,328;3788,314;3793,326;3797,318;3801,346;3806,330;3810,344;3814,328;3819,342;3823,320;3827,332;3832,332;3836,330;3841,328;3845,320;3849,334;3854,318;3858,346;3862,330;3867,330;3871,334;3875,320;3880,318;3884,330;3888,330;3893,330;3897,334;3901,320;3906,334;3910,332;3915,332;3919,324;3923,308;3928,322;3932,320;3936,334;3941,304;3945,338;3949,336;3954,336;3958,320;3962,334;3967,318;3971,310;3976,338;3980,322;3984,336;3989,320;3993,320;3997,324;4002,338;4006,324;4010,336;4015,322;4019,314;4023,326;4028,326;4032,324;4036,322;4041,322;4045,314;4050,328;4054,326;4058,340;4063,324;4067,314;4071,328;4076,314;4080,326;4084,326;4089,326;4093,330;4097,330;4102,316;4106,328;4110,326;4115,340;4119,332;4124,316;4128,328;4132,314;4137,326;4141,318;4145,332;4150,330;4154,344;4158,328;4163,328;4167,320;4171,332;4176,330;4180,316;4184,330;4189,316;4193,334;4198,320;4202,334;4206,318;4211,332;4215,324;4219,322;4224,336;4228,322;4232,320;4237,318;4241,338;4245,322;4250,336;4254,320;4258,334;4263,318;4267,324;4272,338;4276,322;4280,322;4285,320;4289,328;4293,324;4298,338;4302,322;4306,322;4311,320;4315,326;4319,340;4324,324;4328,322;4332,308;4337,320;4341,326;4346,326;4350,324;4354,338;4359,322;4363,314;4367,340;4372,326;4376,326;4380,310;4385,336;4389,312;4393,328;4398,312;4402,340;4406,324;4411,338;4415,328;4420,314;4424,314;4428,312;4433,326;4437,332;4441,346;4446,316;4450,344;4454,314;4459,328;4463,334;4467,320;4472,318;4476,316;4480,316;4485,316;4489,336;4494,322;4498,336;4502,320;4507,334;4511,326;4515,310;4520,324;4524,324;4528,336;4533,322;4537,328;4541,326;4546,326;4550,326;4555,338;4559,338;4563,316;4568,330;4572,314;4576,328;4581,312;4585,334;4589,332;4594,332;4598,318;4602,332;4607,330;4611,322;4615,322;4620,320;4624,320;4629,334;4633,332;4637,324;4642,338;4646,324;4650,324;4655,322;4659,328;4663,328;4668,312;4672,326;4676,326;4681,338;4685,316;4689,332;4694,328;4698,330;4703,328;4707,320;4711,334;4716,306;4720,320;4724,318;4729,332;4733,324;4737,338;4742,324;4746,336;4750,322;4755,336;4759,328;4764,312;4768,326;4772,312;4777,328;4781,332;4785,346;4790,318;4794,332;4798,316;4803,330;4807,336;4811,322;4816,334;4820,308;4824,320;4829,320;4833,340;4838,324;4842,338;4846,324;4851,336;4855,328;4859,328;4864,326;4868,312;4872,326;4877,326;4881,332;4885,318;4890,330;4894,316;4898,328;4903,314;4907,320;4912,334;4916,318;4920,318;4925,318;4929,332;4933,322;4938,336;4942,322;4946,334;4951,334;4955,326;4959,326;4964,312;4968,324;4972,310;4977,338;4981,330;4986,344;4990,330;4994,330;4999,316;5003,322;5007,334;5012,320;5016,334;5020,318;5025,320;5029,324;5033,338;5038,322;5042,338;5046,322;5051,336;5055,328;5060,314;5064,326;5068,312;5073,326;5077,330;5081,332;5086,316;5090,330;5094,330;5099,330;5103,336;5107,320;5112,320;5116,306;5120,320;5125,320;5129,326;5134,326;5138,326;5142,324;5147,324;5151,330;5155,316;5160,328;5164,314;5168,328;5173,314;5177,334;5181,320;5186,334;5190,318;5194,332;5199,318;5203,310;5208,336;5212,322;5216,336;5221,320;5225,342;5229,314;5234,326;5238,324;5242,340;5247,310;5251,316;5255,316;5260,330;5264,330;5268,328;5273,328;5277,320;5282,334;5286,320;5290,334;5295,332;5299,324;5303,324;5308,310;5312,322;5316,322;5321,336;5325,314;5329,342;5334,328;5338,328;5343,324;5347,318;5351,318;5356,318;5360,318;5364,320;5369,332;5373,324;5377,338;5382,322;5386,336;5390,320;5395,336;5399,342;5403,314;5408,326;5412,312;5417,326;5421,318;5425,346;5430,316;5434,330;5438,316;5443,330;5447,322;5451,322;5456,334;5460,320;5464,334;5469,318;5473,326;5477,324;5482,338;5486,324;5491,338;5495,324;5499,330;5504,328;5508,314;5512,328;5517,314;5521,334;5525,334;5530,334;5534,332;5538,332;5543,318;5547,324;5551,336;5556,322;5560,322;5565,306;5569,320;5573,326;5578,340;5582,326;5586,340;5591,324;5595,316;5599,330;5604,316;5608,330;5612,330;5617,330;5621,320;5625,334;5630,320;5634,334;5639,320;5643,326;5647,326;5652,324;5656,324;5660,310;5665,322;5669,330;5673,328;5678,314;5682,328;5686,326;5691,328;5695,332;5699,320;5704,318;5708,316;5713,318;5717,324;5721,338;5726,322;5730,336;5734,320;5739,336;5743,342;5747,326;5752,326;5756,312;5760,324;5765,310;5769,344;5773,330;5778,344;5782,328;5787,342;5791,320;5795,320;5800,334;5804,318;5808,332;5813,304;5817,338;5821,322;5826,336;5830,322;5834,336;5839,320;5843,314;5848,312;5852,326;5856,326;5861,312;5865,318;5869,316;5874,318;5878,314;5882,314;5887,314;5891,306;5895,320;5900,320;5904,318;5908,318;5913,310;5917,310;5922,324;5926,322;5930,320;5935,308;5939,300;5943,314;5948,300;5952,328;5956,312;5961,326;5965,318;5969,332;5974,318;5978,318;5982,316;5987,310;5991,322;5996,308;6000,322;6004,320;6009,320;6013,312;6017,326;6022,310;6026,324;6030,310;6035,338;6039,316;6043,300;6048,314;6052,314;6057,328;6061,314;6065,320;6070,318;6074,334;6078,318;6083,318;6087,310;6091,310;6096,310;6100,308;6104,308;6109,308;6113,328;6117,314;6122,328;6126,328;6131,328;6135,312;6139,318;6144,318;6148,318;6152,316;6157,302;6161,322;6165,308;6170,322;6174,306;6178,320;6183,304;6187,296;6191,296;6196,296;6200,296;6205,280;6209,302;6213,300;6218,300;6222,284;6226,284;6231,298;6235,290;6239,276;6244,274;6248,274;6252,288;6257,280;6261,294;6265,294;6270,294;6274,278;6279,292;6283,282;6287,284;6292,270;6296,282;6300,282;6305,282;6309,288;6313,302;6318,288;6322,288;6326,300;6331,278;6335,278;6339,264;6344,278;6348,278;6353,290;6357,296;6361,296;6366,296;6370,296;6374,294;6379,308;6383,286;6387,272;6392,284;6396,284;6400,284;6405,290;6409,304;6413,288;6418,288;6422,288;6427,302;6431,278;6435,264;6440,292;6444,292;6448,290;6453,290;6457,282;6461,282;6466,282;6470,282;6474,294;6479,288;6483,288;6488,286;6492,286;6496,284;6501,256;6505,290;6509,290;6514,290;6518,290;6522,274;6527,280;6531,264;6535,278;6540,278;6544,276;6548,262;6553,296;6557,296;6562,282;6566,294;6570,294;6575,294;6579,270;6583,284;6588,270;6592,284;6596,268;\r\nBuffer sent in 0.973 secondsreturn;buffer;965\r\n'), 12:29:32
bytearray(b'received from UR: measure -> measure (0,1)\r\nSTEPPER: Moving to mstep: 6600 with speed [msteps/sec]: 1000 in StealthChop.\r\n'), 12:29:33
bytearray(b'STEPPER: Moving to mstep: 2400 with speed [msteps/sec]: 4000 in SpreadCycle.\r\n'), 12:29:37
bytearray(b'STEPPER: Moved 4200.00 msteps (ramp: 35%) in 1324.888 ms -> average speed [msteps/sec]: 3170.08\r\nreturn;measure;965\r\n'), 12:29:39
bytearray(b'received from UR: buffer -> buffer (0,1)\r\nSending buffer of size 965data;2400,296;2404,460;2408,158;2413,272;2417,314;2421,322;2426,336;2430,320;2434,348;2439,320;2443,310;2447,324;2452,308;2456,322;2460,322;2465,336;2469,326;2474,326;2478,324;2482,338;2487,324;2491,330;2495,328;2500,314;2504,328;2508,326;2513,340;2517,318;2521,330;2526,316;2530,330;2534,328;2539,328;2543,334;2548,304;2552,332;2556,318;2561,330;2565,336;2569,336;2574,322;2578,334;2582,320;2587,334;2591,340;2595,324;2600,324;2604,310;2608,336;2613,322;2617,330;2622,328;2626,326;2630,326;2635,340;2639,332;2643,332;2648,330;2652,316;2656,330;2661,314;2665,334;2669,334;2674,334;2678,318;2683,332;2687,318;2691,324;2696,324;2700,322;2704,322;2709,322;2713,342;2717,326;2722,328;2726,326;2730,340;2735,324;2739,330;2743,330;2748,316;2752,330;2757,314;2761,342;2765,320;2770,332;2774,318;2778,332;2783,330;2787,308;2791,322;2796,308;2800,322;2804,306;2809,334;2813,326;2817,340;2822,312;2826,324;2831,324;2835,316;2839,330;2844,328;2848,328;2852,314;2857,326;2861,318;2865,332;2870,318;2874,330;2878,316;2883,330;2887,336;2891,336;2896,322;2900,320;2905,320;2909,320;2913,340;2918,326;2922,338;2926,322;2931,336;2935,328;2939,312;2944,326;2948,326;2952,338;2957,310;2961,330;2965,330;2970,344;2974,328;2979,342;2983,314;2987,318;2992,332;2996,332;3000,330;3005,316;3009,336;3013,334;3018,334;3022,320;3026,332;3031,318;3035,324;3039,324;3044,322;3048,322;3053,308;3057,334;3061,326;3066,340;3070,324;3074,324;3079,324;3083,316;3087,328;3092,314;3096,326;3100,312;3105,326;3109,318;3113,332;3118,316;3122,330;3127,328;3131,320;3135,348;3140,332;3144,332;3148,316;3153,330;3157,322;3161,336;3166,320;3170,320;3174,320;3179,332;3183,338;3188,310;3192,322;3196,308;3201,336;3205,326;3209,340;3214,326;3218,340;3222,324;3227,338;3231,330;3235,314;3240,326;3244,312;3248,326;3253,324;3257,332;3262,316;3266,328;3270,328;3275,340;3279,334;3283,332;3288,318;3292,316;3296,330;3301,316;3305,336;3309,334;3314,334;3318,332;3323,332;3327,330;3331,322;3336,336;3340,322;3344,320;3349,306;3353,328;3357,326;3362,340;3366,324;3370,338;3375,322;3379,314;3383,342;3388,314;3392,326;3397,312;3401,326;3405,330;3410,344;3414,330;3418,330;3423,326;3427,320;3431,332;3436,332;3440,318;3444,316;3449,330;3453,322;3457,336;3462,322;3466,320;3471,320;3475,334;3479,340;3484,326;3488,324;3492,324;3497,324;3501,328;3505,330;3510,326;3514,328;3518,326;3523,340;3527,332;3531,330;3536,330;3540,314;3545,328;3549,314;3553,334;3558,332;3562,332;3566,318;3571,332;3575,338;3579,322;3584,322;3588,308;3592,336;3597,320;3601,342;3605,326;3610,340;3614,324;3619,338;3623,324;3627,314;3632,328;3636,314;3640,328;3645,312;3649,348;3653,320;3658,346;3662,330;3666,330;3671,316;3675,322;3679,334;3684,334;3688,320;3693,318;3697,332;3701,324;3706,338;3710,324;3714,338;3719,322;3723,314;3727,328;3732,326;3736,340;3740,312;3745,324;3749,316;3753,330;3758,330;3762,330;3767,328;3771,318;3775,320;3780,318;3784,332;3788,316;3793,344;3797,322;3801,322;3806,320;3810,334;3814,320;3819,334;3823,324;3827,310;3832,324;3836,310;3841,322;3845,328;3849,342;3854,326;3858,340;3862,326;3867,340;3871,344;3875,330;3880,330;3884,314;3888,328;3893,314;3897,334;3902,318;3906,318;3910,316;3915,330;3919,336;3923,322;3928,334;3932,320;3936,332;3941,318;3945,338;3949,322;3954,322;3958,322;3962,336;3967,320;3971,312;3976,326;3980,310;3984,324;3989,310;3993,324;3997,330;4002,344;4006,328;4010,342;4015,326;4019,318;4023,332;4028,330;4032,330;4036,316;4041,328;4045,320;4050,334;4054,318;4058,332;4063,318;4067,324;4071,336;4076,336;4080,322;4084,320;4089,334;4093,326;4097,326;4102,324;4106,324;4110,324;4115,338;4119,342;4124,328;4128,328;4132,312;4137,326;4141,318;4145,332;4150,330;4154,330;4158,316;4163,330;4167,336;4171,334;4176,334;4180,318;4184,332;4189,318;4193,336;4198,322;4202,336;4206,320;4211,334;4215,340;4219,326;4224,324;4228,324;4232,324;4237,322;4241,328;4245,314;4250,326;4254,326;4258,340;4263,324;4267,330;4272,328;4276,314;4280,328;4285,326;4289,332;4293,318;4298,318;4302,316;4306,330;4311,328;4315,320;4319,320;4324,306;4328,332;4332,318;4337,344;4341,322;4346,322;4350,322;4354,334;4359,334;4363,312;4367,324;4372,310;4376,324;4380,322;4385,336;4389,328;4393,340;4398,326;4402,340;4407,324;4411,316;4415,330;4420,314;4424,314;4428,312;4433,326;4437,318;4441,332;4446,316;4450,330;4454,316;4459,344;4463,336;4467,334;4472,320;4476,318;4481,332;4485,324;4489,324;4494,322;4498,322;4502,320;4507,334;4511,326;4515,324;4520,324;4524,308;4528,336;4533,322;4537,328;4541,324;4546,326;4550,326;4555,326;4559,324;4563,330;4568,330;4572,314;4576,328;4581,312;4585,332;4589,332;4594,332;4598,316;4602,330;4607,316;4611,322;4615,320;4620,306;4624,320;4629,318;4633,318;4637,324;4642,338;4646,322;4650,336;4655,322;4659,314;4663,328;4668,314;4672,326;4676,310;4681,324;4685,330;4689,330;4694,330;4698,330;4703,328;4707,320;4711,334;4716,320;4720,320;4724,304;4729,332;4733,324;4737,338;4742,322;4746,336;4750,334;4755,334;4759,326;4763,312;4768,338;4772,324;4777,324;4781,314;4785,342;4790,328;4794,340;4798,326;4803,340;4807,330;4811,316;4816,328;4820,328;4824,328;4829,312;4833,332;4838,318;4842,332;4846,316;4851,330;4855,328;4859,320;4864,320;4868,318;4872,332;4877,332;4881,322;4885,322;4890,336;4894,320;4898,334;4903,320;4907,310;4912,324;4916,324;4920,324;4925,308;4929,328;4933,328;4938,328;4942,326;4946,340;4951,326;4955,318;4959,332;4964,316;4968,330;4972,316;4977,330;4981,322;4986,334;4990,320;4994,334;4999,320;5003,310;5007,324;5012,324;5016,322;5020,322;5025,336;5029,328;5033,326;5038,326;5042,340;5046,324;5051,338;5055,330;5060,316;5064,328;5068,314;5073,326;5077,318;5081,332;5086,318;5090,332;5094,330;5099,330;5103,322;5107,322;5112,334;5116,320;5121,320;5125,306;5129,340;5134,324;5138,340;5142,326;5147,338;5151,330;5155,316;5160,342;5164,328;5168,328;5173,314;5177,334;5181,318;5186,334;5190,318;5195,332;5199,316;5203,310;5208,336;5212,322;5216,336;5221,320;5225,342;5229,326;5234,340;5238,324;5242,324;5247,324;5251,316;5255,330;5260,330;5264,328;5269,314;5273,328;5277,320;5282,334;5286,320;5290,334;5295,320;5299,326;5303,326;5308,324;5312,324;5316,324;5321,324;5325,330;5329,330;5334,316;5338,330;5343,328;5347,320;5351,320;5356,320;5360,332;5364,318;5369,332;5373,324;5377,338;5382,322;5386,336;5390,322;5395,336;5399,328;5403,312;5408,326;5412,312;5417,340;5421,318;5425,330;5430,316;5434,330;5438,316;5443,328;5447,322;5451,320;5456,334;5460,318;5464,332;5469,332;5473,324;5477,322;5482,336;5486,322;5491,336;5495,320;5499,312;5504,326;5508,324;5512,338;5517,324;5521,330;5525,326;5530,328;5534,326;5538,342;5543,326;5547,318;5551,332;5556,316;5560,330;5565,316;5569,328;5573,320;5578,334;5582,320;5586,334;5591,318;5595,324;5599,324;5604,310;5608,336;5612,322;5617,336;5621,328;5626,342;5630,314;5634,340;5639,326;5643,330;5647,318;5652,316;5656,330;5660,316;5665,344;5669,320;5673,320;5678,318;5682,332;5686,318;5691,332;5695,324;5700,324;5704,324;5708,322;5713,336;5717,328;5721,328;5726,326;5730,326;5734,324;5739,326;5743,330;5747,316;5752,330;5756,316;5760,330;5765,314;5769,336;5774,320;5778,334;5782,320;5787,334;5791,326;5795,310;5800,324;5804,310;5808,338;5813,322;5817,330;5821,314;5826,328;5830,312;5834,326;5839,312;5843,318;5848,316;5852,316;5856,316;5861,314;5865,322;5869,306;5874,320;5878,318;5882,318;5887,318;5891,324;5895,310;5900,308;5904,322;5909,308;5913,322;5917,312;5922,326;5926,312;5930,312;5935,310;5939,302;5943,330;5948,302;5952,328;5956,300;5961,314;5965,320;5969,334;5974,318;5978,320;5983,318;5987,310;5991,322;5996,308;6000,322;6004,308;6009,320;6013,312;6017,326;6022,312;6026,310;6030,310;6035,324;6039,314;6043,314;6048,314;6052,312;6057,326;6061,304;6065,318;6070,316;6074,316;6078,314;6083,314;6087,320;6091,306;6096,306;6100,318;6104,318;6109,304;6113,324;6117,308;6122,322;6126,322;6131,322;6135,314;6139,298;6144,312;6148,298;6152,312;6157,310;6161,316;6165,302;6170,316;6174,314;6178,314;6183,300;6187,292;6191,290;6196,290;6200,290;6205,288;6209,280;6213,280;6218,294;6222,294;6226,292;6231,292;6235,270;6239,298;6244,296;6248,282;6252,296;6257,274;6261,286;6266,258;6270,286;6274,298;6279,284;6283,290;6287,290;6292,290;6296,286;6300,288;6305,252;6309,280;6313,292;6318,292;6322,290;6326,290;6331,282;6335,294;6340,280;6344,294;6348,292;6353,292;6357,284;6361,284;6366,282;6370,296;6374,294;6379,274;6383,272;6387,286;6392,300;6396,286;6400,286;6405,292;6409,290;6414,276;6418,290;6422,290;6427,290;6431,280;6435,280;6440,294;6444,278;6448,278;6453,284;6457,284;6461,282;6466,266;6470,282;6474,294;6479,286;6483,272;6488,286;6492,284;6496,284;6501,284;6505,290;6509,288;6514,288;6518,288;6522,258;6527,286;6531,278;6535,290;6540,276;6544,274;6549,274;6553,294;6557,294;6562,280;6566,278;6570,278;6575,290;6579,268;6583,282;6588,268;6592,280;6596,266;\r\nBuffer sent in 0.973 secondsreturn;buffer;965\r\n'), 12:29:41
bytearray(b'received from UR: measure -> measure (0,1)\r\nSTEPPER: Moving to mstep: 6600 with speed [msteps/sec]: 1000 in StealthChop.\r\n'), 12:29:42
bytearray(b'STEPPER: Moving to mstep: 2400 with speed [msteps/sec]: 4000 in SpreadCycle.\r\n'), 12:29:46
bytearray(b'STEPPER: Moved 4200.00 msteps (ramp: 35%) in 1324.892 ms -> average speed [msteps/sec]: 3170.07\r\nreturn;measure;963\r\n'), 12:29:47
bytearray(b'received from UR: buffer -> buffer (0,1)\r\nSending buffer of size 963data;2400,306;2404,452;2408,162;2413,276;2417,318;2421,324;2426,338;2430,322;2434,336;2439,322;2443,314;2447,326;2452,326;2456,326;2460,326;2465,324;2469,330;2474,330;2478,330;2482,330;2487,314;2491,320;2495,320;2500,334;2504,332;2508,320;2513,332;2517,324;2521,322;2526,322;2530,336;2534,320;2539,334;2543,326;2548,326;2552,340;2556,324;2561,324;2565,330;2569,330;2574,328;2578,344;2582,328;2587,342;2591,334;2595,304;2600,318;2604,318;2608,332;2613,318;2617,338;2622,324;2626,336;2630,322;2635,336;2639,328;2643,312;2648,326;2652,326;2656,340;2661,324;2665,332;2669,330;2674,330;2678,328;2682,328;2687,328;2691,320;2696,320;2700,318;2704,332;2709,316;2713,338;2717,324;2722,336;2726,322;2730,336;2735,320;2739,326;2743,340;2748,326;2752,338;2757,310;2761,338;2765,314;2770,328;2774,328;2778,340;2783,326;2787,304;2791,318;2796,316;2800,330;2804,314;2809,328;2813,320;2817,334;2822,318;2826,332;2831,330;2835,322;2839,336;2844,320;2848,320;2852,334;2857,332;2861,324;2865,338;2870,322;2874,336;2878,322;2883,336;2887,328;2891,326;2896,326;2900,310;2905,324;2909,316;2913,344;2918,328;2922,328;2926,328;2931,342;2935,320;2939,318;2944,332;2948,318;2952,330;2957,316;2961,336;2965,322;2970,334;2974,320;2979,334;2983,326;2987,326;2992,340;2996,324;3000,338;3005,310;3009,344;3013,328;3018,342;3022,326;3026,342;3031,312;3035,318;3039,318;3044,318;3048,330;3053,316;3057,328;3061,322;3066,334;3070,320;3074,334;3079,332;3083,326;3087,324;3092,310;3096,324;3100,324;3105,338;3109,316;3113,342;3118,328;3122,328;3127,328;3131,306;3135,320;3140,318;3144,332;3148,304;3153,330;3157,324;3161,338;3166,322;3170,336;3174,322;3179,336;3183,326;3187,312;3192,326;3196,310;3201,338;3205,330;3209,344;3214,328;3218,342;3222,326;3227,326;3231,332;3235,328;3240,330;3244,316;3248,314;3253,314;3257,348;3262,320;3266,332;3270,318;3275,332;3279,322;3283,322;3288,336;3292,320;3296,320;3301,318;3305,340;3309,324;3314,338;3318,322;3322,336;3327,322;3331,328;3336,342;3340,326;3344,324;3349,312;3353,332;3357,330;3362,330;3366,318;3370,330;3375,314;3379,306;3383,334;3388,320;3392,334;3396,318;3401,332;3405,324;3410,338;3414,322;3418,336;3423,322;3427,328;3431,326;3436,312;3440,326;3444,312;3449,326;3453,330;3457,344;3462,316;3466,330;3470,314;3475,328;3479,334;3484,320;3488,332;3492,318;3497,332;3501,324;3505,338;3510,322;3514,336;3518,320;3523,334;3527,340;3531,314;3536,340;3540,312;3544,338;3549,316;3553,330;3558,330;3562,328;3566,328;3571,328;3575,320;3579,306;3584,332;3588,318;3592,332;3597,316;3601,336;3605,322;3610,336;3614,322;3619,334;3623,322;3627,312;3632,326;3636,310;3640,324;3645,324;3649,344;3653,328;3658,342;3662,314;3666,328;3671,326;3675,332;3679,318;3684,316;3688,330;3693,330;3697,328;3701,320;3706,334;3710,318;3714,332;3719,330;3723,322;3727,322;3732,308;3736,320;3740,320;3745,332;3749,324;3753,324;3758,322;3762,336;3767,334;3771,312;3775,326;3780,310;3784,324;3788,324;3793,334;3797,328;3801,328;3806,314;3810,326;3814,326;3819,340;3823,330;3827,316;3832,330;3836,330;3841,328;3845,320;3849,334;3854,320;3858,334;3862,318;3867,332;3871,324;3875,324;3880,324;3884,308;3888,322;3893,320;3897,328;3901,326;3906,326;3910,324;3915,326;3919,324;3923,316;3928,330;3932,302;3936,328;3941,314;3945,334;3949,334;3954,334;3958,320;3962,332;3967,316;3971,310;3976,338;3980,322;3984,336;3989,322;3993,322;3997,314;4002,328;4006,322;4010,340;4015,324;4019,316;4023,330;4028,316;4032,328;4036,314;4041,326;4045,320;4050,332;4054,318;4058,330;4063,316;4067,322;4071,334;4076,318;4080,334;4084,318;4089,332;4093,324;4097,336;4102,322;4106,334;4110,320;4115,332;4119,338;4124,324;4128,322;4132,308;4137,322;4141,328;4145,340;4150,326;4154,326;4158,326;4163,326;4167,316;4171,316;4176,328;4180,328;4184,340;4189,326;4193,332;4198,316;4202,330;4206,314;4211,328;4215,334;4219,320;4224,318;4228,304;4232,316;4237,316;4241,336;4245,322;4250,334;4254,318;4258,334;4263,318;4267,324;4272,336;4276,322;4280,334;4285,318;4289,326;4293,326;4298,324;4302,324;4306,338;4311,322;4315,328;4319,328;4324,314;4328,326;4332,312;4337,326;4341,318;4346,344;4350,330;4354,344;4359,328;4363,306;4367,320;4372,318;4376,332;4380,304;4385,330;4389,324;4393,322;4402,336;4406,320;4411,334;4415,326;4419,326;4424,326;4428,324;4433,324;4437,316;4441,330;4446,328;4450,342;4454,314;4459,342;4463,318;4467,318;4472,330;4476,316;4480,316;4485,330;4489,336;4493,320;4498,334;4502,320;4507,332;4511,326;4515,324;4520,324;4524,308;4528,322;4533,306;4537,342;4541,326;4546,326;4550,326;4554,324;4559,324;4563,328;4567,330;4572,316;4576,328;4581,314;4585,326;4589,318;4594,334;4598,330;4602,346;4607,330;4611,308;4615,336;4620,320;4624,320;4628,332;4633,332;4637,324;4642,336;4646,322;4650,336;4655,320;4659,326;4663,324;4668,310;4672,324;4676,308;4681,338;4685,328;4689,342;4694,326;4698,326;4702,324;4707,324;4711,330;4716,314;4720,342;4724,326;4729,326;4733,318;4737,332;4742,316;4746,344;4750,328;4755,328;4759,334;4763,304;4768,318;4772,318;4776,328;4781,316;4785,322;4794,334;4798,320;4803,334;4807,326;4811,324;4816,338;4820,324;4824,322;4829,308;4833,328;4837,326;4842,342;4846,326;4850,340;4855,322;4859,330;4863,328;4868,328;4872,326;4877,312;4881,326;4885,332;4890,332;4894,316;4898,330;4903,328;4907,320;4911,334;4916,306;4920,318;4924,318;4929,332;4933,324;4938,336;4942,322;4946,336;4951,320;4955,312;4959,326;4964,324;4968,338;4972,324;4977,322;4981,314;4985,328;4990,326;4994,340;4998,326;5003,340;5007,330;5012,330;5016,330;5020,328;5025,328;5029,320;5033,334;5038,318;5042,346;5046,316;5051,330;5055,322;5059,308;5064,320;5068,320;5072,334;5077,320;5081,340;5086,326;5090,326;5094,324;5099,324;5103,330;5107,316;5112,328;5116,314;5120,328;5125,312;5129,332;5133,332;5138,332;5142,318;5146,332;5151,316;5155,324;5160,336;5164,322;5168,336;5173,306;5177,328;5181,326;5186,340;5190,326;5194,338;5199,324;5203,316;5207,330;5212,330;5216,330;5220,316;5225,328;5229,320;5234,334;5238,320;5242,346;5247,332;5251,324;5255,324;5260,308;5264,322;5268,334;5273,334;5277,312;5281,340;5286,324;5290,336;5294,322;5299,336;5303,328;5308,312;5312,326;5316,326;5321,338;5325,316;5329,330;5334,316;5338,328;5342,328;5347,328;5351,334;5355,318;5360,318;5364,318;5369,330;5373,302;5377,336;5382,322;5386,334;5390,320;5395,334;5399,324;5403,310;5408,338;5412,322;5416,336;5421,320;5425,340;5429,326;5434,324;5438,324;5443,338;5447,322;5451,314;5456,328;5460,328;5464,326;5469,326;5473,332;5477,316;5482,330;5486,328;5490,328;5495,314;5499,320;5503,320;5508,318;5512,332;5517,304;5521,330;5525,322;5530,336;5534,320;5538,334;5543,320;5547,326;5551,340;5556,310;5560,338;5564,310;5569,336;5573,328;5577,342;5582,326;5586,340;5591,324;5595,316;5599,330;5604,314;5608,328;5612,328;5617,342;5621,320;5625,332;5630,318;5634,332;5638,330;5643,344;5647,336;5651,320;5656,320;5660,334;5665,332;5669,324;5673,324;5678,322;5682,322;5686,322;5691,334;5695,326;5699,324;5704,324;5708,324;5712,336;5717,322;5721,342;5726,328;5730,328;5734,326;5739,326;5743,332;5747,316;5752,330;5756,316;5760,330;5765,316;5769,334;5773,320;5778,334;5782,320;5786,332;5791,318;5795,310;5800,324;5804,310;5808,336;5813,322;5817,336;5821,328;5826,328;5830,312;5834,326;5839,312;5843,318;5847,318;5852,316;5856,316;5860,316;5865,316;5869,308;5874,322;5878,322;5882,322;5887,320;5891,312;5895,312;5900,298;5904,310;5908,310;5913,310;5917,316;5921,330;5926,316;5930,314;5934,314;5939,306;5943,318;5948,318;5952,332;5956,316;5961,316;5965,308;5969,322;5974,308;5978,334;5982,320;5987,334;5991,312;5995,310;6000,324;6004,294;6008,308;6013,314;6017,328;6022,312;6026,326;6030,324;6035,324;6039,316;6043,314;6048,314;6052,300;6056,312;6061,312;6065,332;6069,316;6074,330;6078,316;6083,316;6087,314;6091,306;6096,306;6100,318;6104,318;6109,302;6113,324;6117,322;6122,322;6126,306;6130,320;6135,318;6139,310;6143,322;6148,308;6152,320;6157,306;6161,320;6165,312;6170,326;6174,310;6178,310;6183,294;6187,300;6191,300;6196,298;6200,298;6204,282;6209,296;6213,290;6217,302;6222,300;6226,286;6231,286;6235,278;6239,276;6244,276;6248,274;6252,260;6257,288;6261,294;6265,294;6270,292;6274,278;6278,276;6283,268;6287,282;6291,282;6296,280;6300,280;6305,294;6309,300;6313,298;6318,284;6322,284;6326,296;6331,296;6335,288;6339,272;6344,286;6348,272;6352,284;6357,290;6361,290;6365,276;6370,260;6374,288;6379,302;6383,294;6387,292;6392,306;6396,292;6400,292;6405,290;6409,296;6413,280;6418,280;6422,278;6426,264;6431,284;6435,284;6439,282;6444,282;6448,282;6453,280;6457,258;6461,286;6466,300;6470,286;6474,298;6479,284;6483,290;6487,276;6492,274;6496,272;6500,272;6505,278;6509,292;6514,292;6518,290;6522,290;6527,288;6531,280;6535,280;6540,264;6544,278;6548,278;6553,278;6557,296;6561,296;6566,296;6570,280;6574,294;6579,272;6583,272;6588,270;6592,284;6596,270;\r\nBuffer sent in 0.971 secondsreturn;buffer;963\r\n'), 12:29:49
bytearray(b'received from UR: measure -> measure (0,1)\r\nSTEPPER: Moving to mstep: 6600 with speed [msteps/sec]: 1000 in StealthChop.\r\n'), 12:29:50
bytearray(b'STEPPER: Moving to mstep: 2400 with speed [msteps/sec]: 4000 in SpreadCycle.\r\n'), 12:29:54
bytearray(b'STEPPER: Moved 4200.00 msteps (ramp: 35%) in 1324.888 ms -> average speed [msteps/sec]: 3170.08\r\nreturn;measure;963\r\n'), 12:29:56
bytearray(b'received from UR: buffer -> buffer (0,1)\r\nSending buffer of size 963data;2400,296;2404,448;2408,160;2413,272;2417,314;2421,320;2426,334;2430,318;2434,332;2439,330;2443,322;2447,334;2452,320;2456,318;2460,332;2465,330;2469,322;2474,336;2478,320;2482,334;2487,320;2491,324;2495,324;2500,324;2504,322;2508,322;2513,320;2517,326;2521,326;2526,324;2530,338;2534,324;2539,336;2543,328;2548,314;2552,324;2556,312;2561,324;2565,330;2569,330;2574,330;2578,330;2582,314;2587,328;2591,334;2595,318;2600,330;2604,316;2608,330;2613,314;2617,336;2622,320;2626,334;2630,332;2635,332;2639,324;2643,310;2648,322;2652,334;2656,334;2661,320;2665,338;2669,324;2674,336;2678,336;2682,334;2687,320;2691,312;2696,324;2700,324;2704,338;2709,322;2713,342;2717,326;2722,340;2726,324;2730,338;2735,324;2739,316;2743,344;2748,314;2752,326;2757,326;2761,340;2765,328;2770,330;2774,316;2778,328;2783,328;2787,320;2791,332;2796,318;2800,332;2804,330;2809,330;2813,322;2817,336;2822,320;2826,336;2831,320;2835,348;2839,326;2844,324;2848,324;2852,310;2857,322;2861,328;2865,330;2870,314;2874,328;2878,326;2883,326;2887,332;2891,332;2896,318;2900,316;2905,316;2909,322;2913,336;2918,322;2922,334;2926,320;2931,334;2935,326;2939,326;2944,338;2948,310;2952,338;2957,310;2961,328;2965,314;2970,326;2974,326;2979,340;2983,324;2987,316;2992,330;2996,328;3000,342;3005,314;3009,334;3013,318;3018,332;3022,330;3026,330;3031,328;3035,320;3039,320;3044,334;3048,334;3053,318;3057,324;3061,322;3066,336;3070,322;3074,334;3079,320;3083,312;3087,324;3092,324;3096,336;3100,322;3105,322;3109,326;3113,340;3118,326;3122,340;3127,324;3131,316;3135,344;3140,314;3144,328;3148,326;3153,342;3157,332;3161,332;3166,330;3170,330;3174,330;3179,344;3183,334;3188,306;3192,318;3196,318;3201,330;3205,322;3209,320;3218,334;3222,320;3227,332;3231,326;3235,324;3240,324;3244,308;3248,322;3253,308;3257,342;3261,328;3266,342;3270,326;3275,340;3279,318;3283,318;3288,330;3292,330;3296,330;3301,328;3305,336;3309,320;3314,334;3318,318;3322,332;3327,332;3331,310;3335,324;3340,308;3344,322;3349,322;3353,328;3357,328;3362,342;3366,326;3370,340;3375,326;3379,318;3383,332;3388,316;3392,330;3396,330;3401,344;3405,320;3410,334;3414,320;3418,334;3423,332;3427,324;3431,324;3436,310;3440,322;3444,322;3449,322;3453,328;3457,342;3462,328;3466,328;3470,326;3475,304;3479,318;3484,318;3488,330;3492,330;3497,330;3501,322;3505,334;3510,322;3514,334;3518,334;3523,334;3527,326;3531,310;3536,322;3540,310;3544,338;3549,324;3553,344;3558,330;3562,330;3566,314;3571,328;3575,334;3579,320;3584,332;3588,318;3592,332;3597,316;3601,338;3605,322;3610,336;3614,322;3618,336;3623,320;3627,326;3632,326;3636,310;3640,324;3645,324;3649,338;3653,328;3658,330;3662,314;3666,328;3671,326;3675,332;3679,318;3684,316;3688,316;3692,316;3697,330;3701,322;3706,334;3710,320;3714,334;3719,318;3723,324;3727,338;3732,322;3736,322;3740,308;3745,322;3749,326;3753,340;3758,326;3762,340;3766,326;3771,304;3775,316;3780,316;3784,330;3788,316;3793,330;3797,320;3801,334;3806,320;3810,334;3814,318;3819,346;3823,324;3827,322;3832,322;3836,308;3840,320;3845,322;3849,328;3854,326;3858,326;3862,324;3867,324;3871,330;3875,330;3880,328;3884,314;3888,328;3893,326;3897,332;3901,318;3906,332;3910,330;3915,330;3919,330;3923,322;3928,322;3932,306;3936,320;3941,306;3945,340;3949,326;3954,338;3958,324;3962,338;3967,322;3971,328;3975,342;3980,326;3984,340;3989,310;3993,338;3997,314;4002,328;4006,328;4010,342;4015,312;4019,318;4023,318;4028,330;4032,330;4036,328;4041,328;4045,320;4049,334;4054,318;4058,346;4063,330;4067,322;4071,322;4076,306;4080,320;4084,318;4089,332;4093,324;4097,336;4102,322;4106,336;4110,320;4115,332;4119,324;4124,310;4128,322;4132,322;4137,336;4141,326;4145,340;4150,324;4154,338;4158,336;4163,336;4167,326;4171,312;4176,324;4180,324;4184,338;4189,322;4193,328;4198,314;4202,326;4206,326;4211,340;4215,318;4219,316;4224,316;4228,314;4232,328;4237,328;4241,334;4245,318;4250,332;4254,316;4258,330;4263,328;4267,322;4272,322;4276,320;4280,320;4285,320;4289,326;4293,326;4298,340;4302,326;4306,336;4311,324;4315,316;4319,330;4324,316;4328,330;4332,314;4337,328;4341,334;4346,334;4350,320;4354,334;4359,320;4363,312;4367,326;4372,310;4376,324;4380,324;4385,338;4389,330;4393,330;4398,314;4402,328;4406,314;4411,328;4415,334;4420,318;4424,318;4428,304;4433,318;4437,322;4441,338;4446,322;4450,320;4459,334;4463,326;4467,326;4472,326;4476,324;4480,324;4485,308;4489,330;4493,316;4498,342;4502,328;4507,342;4511,320;4515,332;4520,332;4524,318;4528,330;4533,316;4537,322;4541,322;4546,336;4550,320;4554,334;4559,320;4563,326;4567,340;4572,324;4576,324;4581,310;4585,322;4589,314;4594,342;4598,328;4602,342;4607,326;4611,318;4615,332;4620,318;4624,316;4628,316;4633,316;4637,322;4641,336;4646,320;4650,336;4655,320;4659,312;4663,326;4668,324;4672,324;4676,310;4681,324;4685,330;4689,330;4694,314;4698,328;4702,326;4707,326;4711,332;4715,318;4720,330;4724,316;4729,330;4733,328;4737,334;4742,320;4746,334;4750,318;4755,332;4759,338;4763,322;4768,336;4772,322;4776,336;4781,308;4785,328;4789,314;4794,326;4798,326;4803,340;4807,332;4811,304;4816,318;4820,316;4824,330;4829,330;4833,336;4837,320;4842,334;4846,320;4850,334;4855,318;4859,324;4864,322;4868,308;4872,322;4877,334;4881,326;4885,326;4890,326;4894,324;4898,322;4903,322;4907,328;4911,328;4916,326;4920,326;4924,310;4929,324;4933,330;4938,330;4942,328;4946,342;4951,326;4955,318;4959,332;4964,318;4968,330;4972,302;4977,316;4981,320;4985,336;4990,320;4994,334;4998,318;5003,310;5007,324;5012,322;5016,336;5020,322;5025,320;5029,326;5033,326;5038,324;5042,338;5046,324;5051,338;5055,328;5059,314;5064,328;5068,326;5072,340;5077,322;5081,330;5086,316;5090,330;5094,328;5099,328;5103,332;5107,318;5112,332;5116,330;5120,330;5125,316;5129,336;5133,320;5138,334;5142,334;5146,334;5151,318;5155,310;5160,324;5164,308;5168,336;5173,322;5177,342;5181,326;5186,340;5190,326;5194,338;5199,324;5203,316;5207,330;5212,314;5216,328;5220,312;5225,326;5229,332;5234,332;5238,316;5242,332;5247,316;5251,324;5255,336;5260,322;5264,322;5268,320;5273,320;5277,326;5281,340;5286,324;5290,338;5294,324;5299,336;5303,328;5308,314;5312,328;5316,326;5321,340;5325,318;5329,332;5334,330;5338,330;5342,330;5347,330;5351,334;5355,308;5360,320;5364,320;5369,334;5373,318;5377,338;5382,324;5386,336;5390,322;5395,336;5399,330;5403,314;5408,326;5412,312;5416,326;5421,310;5425,346;5429,330;5434,344;5438,328;5443,330;5447,320;5451,334;5456,332;5460,318;5464,332;5469,318;5473,338;5477,322;5482,336;5486,322;5490,336;5495,320;5499,326;5503,326;5508,324;5512,324;5517,310;5521,330;5525,328;5530,328;5534,314;5538,328;5543,326;5547,318;5551,332;5556,318;5560,330;5564,316;5569,330;5573,322;5577,336;5582,320;5586,334;5591,318;5595,326;5599,324;5604,310;5608,324;5612,324;5617,336;5621,314;5625,328;5630,314;5634,328;5638,326;5643,340;5647,318;5651,316;5656,330;5660,330;5665,330;5669,322;5673,336;5678,320;5682,334;5686,318;5691,334;5695,338;5699,324;5704,324;5708,308;5712,322;5717,320;5721,328;5726,326;5730,326;5734,324;5739,326;5743,332;5747,316;5752,330;5756,314;5760,328;5765,314;5769,334;5773,330;5778,346;5782,318;5786,330;5791,316;5795,322;5800,334;5804,320;5808,320;5813,304;5817,318;5821,324;5826,336;5830,322;5834,336;5839,306;5843,312;5847,312;5852,324;5856,324;5860,310;5865,322;5869,314;5874,314;5878,312;5882,312;5887,312;5891,302;5895,316;5900,316;5904,314;5908,312;5913,314;5917,320;5921,320;5926,318;5930,318;5934,316;5939,294;5943,308;5948,306;5952,320;5956,306;5961,332;5965,310;5969,324;5974,308;5978,322;5982,320;5987,320;5991,312;5995,296;6000,310;6004,308;6008,322;6013,314;6017,328;6022,310;6026,324;6030,310;6035,324;6039,316;6043,314;6048,314;6052,298;6056,312;6061,310;6065,330;6069,316;6074,330;6078,328;6083,328;6087,318;6091,318;6096,316;6100,302;6104,314;6109,314;6113,320;6117,306;6122,318;6126,316;6130,316;6135,316;6139,308;6143,320;6148,306;6152,318;6157,318;6161,324;6165,308;6170,322;6174,306;6178,320;6183,304;6187,294;6191,294;6196,278;6200,292;6204,290;6209,296;6213,296;6217,296;6222,294;6226,294;6231,292;6235,284;6239,298;6244,298;6248,296;6252,268;6257,294;6261,286;6265,286;6270,284;6274,284;6278,296;6283,276;6287,274;6291,274;6296,272;6300,272;6305,284;6309,292;6313,292;6318,290;6322,288;6326,288;6331,302;6335,280;6339,264;6344,278;6348,292;6352,290;6357,296;6361,296;6365,294;6370,294;6374,294;6379,306;6383,284;6387,256;6392,296;6396,282;6400,294;6405,274;6409,272;6413,270;6418,284;6422,284;6426,296;6431,274;6435,258;6440,286;6444,286;6448,284;6453,284;6457,274;6461,274;6466,286;6470,286;6474,298;6479,284;6483,290;6487,288;6492,288;6496,286;6500,258;6505,292;6509,290;6514,290;6518,276;6522,274;6527,274;6531,280;6535,292;6540,276;6544,290;6548,288;6553,252;6557,294;6561,294;6566,292;6570,292;6574,276;6579,282;6583,280;6588,280;6592,292;6596,278;\r\nBuffer sent in 0.971 secondsreturn;buffer;963\r\n'), 12:29:58
bytearray(b'received from UR: home -> home (0,1)\r\nSTEPPER: Moving to mstep: 0 with speed [msteps/sec]: 4000 in SpreadCycle.\r\n'), 12:29:59
bytearray(b'STEPPER: Moved 2400.00 msteps (ramp: 35%) in 813.424 ms -> average speed [msteps/sec]: 2950.49\r\nreturn;home;1\r\n'), 12:30:00
