bytearray(b'STEPPER: Moving to mstep: 2400 with speed [msteps/sec]: 4000 in SpreadCycle.\r\n'), 12:36:25
bytearray(b'STEPPER: Moved 2400.00 msteps (ramp: 35%) in 812.836 ms -> average speed [msteps/sec]: 2952.63\r\n'), 12:36:25
bytearray(b'received from UR: status -> status (0,1)\r\n*** STATUS ***\r\nid        :         3 -\r\nstep      :      2400 steps\r\nspeed     :      1500 msteps/s\r\nmspeed    :      1000 msteps/s\r\nsg-thrs   :        80 -\r\ndefault   :     12000 \xc2\xb5m\r\ndispense  :     30350 \xc2\xb5m\r\nblowout   :     33000 \xc2\xb5m\r\nd-offset  :        20 \xc2\xb5m\r\nur0       :         0 -\r\nur1       :         1 -\r\nhomed     :         1 -\r\nreturn;status;2400\r\n'), 12:36:27
bytearray(b'received from UR: measure -> measure (0,1)\r\nSTEPPER: Moving to mstep: 6600 with speed [msteps/sec]: 1000 in StealthChop.\r\n'), 12:36:28
bytearray(b'STEPPER: Moving to mstep: 2400 with speed [msteps/sec]: 4000 in SpreadCycle.\r\n'), 12:36:33
bytearray(b'STEPPER: Moved 4200.00 msteps (ramp: 35%) in 1324.884 ms -> average speed [msteps/sec]: 3170.09\r\nreturn;measure;965\r\n'), 12:36:34
bytearray(b'received from UR: buffer -> buffer (0,1)\r\nSending buffer of size 965data;2400,126;2404,486;2408,128;2413,270;2417,326;2421,318;2426,332;2430,318;2434,332;2439,318;2443,322;2447,322;2452,322;2456,336;2460,320;2465,320;2469,326;2474,340;2478,326;2482,326;2487,326;2491,318;2495,332;2500,332;2504,330;2508,316;2513,330;2517,336;2521,336;2526,320;2530,334;2534,320;2539,334;2543,338;2547,310;2552,324;2556,308;2561,336;2565,328;2569,342;2574,326;2578,340;2582,326;2587,340;2591,330;2595,316;2600,330;2604,314;2608,328;2613,312;2617,332;2622,318;2626,332;2630,316;2635,330;2639,322;2643,322;2648,334;2652,334;2656,320;2661,318;2665,326;2669,324;2674,324;2678,310;2682,322;2687,322;2691,314;2696,328;2700,314;2704,314;2709,312;2713,332;2717,318;2722,332;2726,316;2730,330;2735,316;2739,308;2743,322;2748,308;2752,336;2756,320;2761,334;2765,314;2770,340;2774,326;2778,340;2783,312;2787,316;2791,330;2796,316;2800,344;2804,328;2809,328;2813,320;2817,334;2822,318;2826,332;2830,318;2835,332;2839,324;2844,322;2848,336;2852,336;2857,320;2861,326;2865,340;2870,326;2874,338;2878,324;2883,324;2887,330;2891,330;2896,344;2900,328;2905,328;2909,320;2913,334;2918,320;2922,332;2926,318;2931,330;2935,324;2939,322;2944,336;2948,308;2952,320;2957,306;2961,340;2965,324;2970,326;2974,322;2979,322;2983,320;2987,312;2992,340;2996,324;3000,324;3005,310;3009,344;3013,328;3018,344;3022,328;3026,328;3031,312;3035,320;3039,332;3044,332;3048,316;3053,316;3057,330;3061,320;3066,334;3070,320;3074,332;3079,318;3083,310;3087,324;3092,322;3096,322;3100,320;3105,320;3109,326;3113,326;3118,324;3122,324;3127,324;3131,314;3135,328;3140,314;3144,328;3148,312;3153,324;3157,316;3161,330;3166,330;3170,330;3174,314;3179,342;3183,332;3187,318;3192,332;3196,316;3201,316;3205,322;3209,336;3214,320;3218,336;3222,320;3227,334;3231,324;3235,324;3240,338;3244,336;3248,322;3253,322;3257,342;3262,326;3266,340;3270,326;3275,324;3279,330;3283,316;3288,330;3292,328;3296,328;3301,314;3305,334;3309,318;3314,334;3318,318;3322,320;3327,318;3331,324;3336,336;3340,322;3344,322;3349,320;3353,328;3357,326;3362,340;3366,324;3370,338;3375,322;3379,316;3383,328;3388,314;3392,326;3396,312;3401,324;3405,316;3410,344;3414,330;3418,344;3423,328;3427,306;3431,320;3436,318;3440,332;3444,332;3449,316;3453,322;3457,336;3462,320;3466,322;3471,320;3475,312;3479,326;3484,312;3488,324;3492,310;3497,322;3501,314;3505,328;3510,316;3514,328;3518,314;3523,326;3527,332;3531,304;3536,318;3540,304;3545,330;3549,316;3553,324;3558,322;3562,322;3566,322;3571,336;3575,328;3579,312;3584,326;3588,312;3592,326;3597,312;3601,332;3605,316;3610,330;3614,316;3619,344;3623,328;3627,320;3632,320;3636,306;3640,320;3645,318;3649,340;3653,324;3658,338;3662,324;3666,338;3671,322;3675,316;3679,344;3684,328;3688,328;3693,314;3697,328;3701,318;3706,332;3710,318;3714,332;3719,318;3723,324;3727,338;3732,322;3736,322;3740,322;3745,334;3749,328;3753,328;3758,326;3762,326;3767,326;3771,318;3775,332;3780,330;3784,330;3788,314;3793,328;3797,320;3801,334;3806,320;3810,332;3814,318;3819,332;3823,338;3827,324;3832,322;3836,322;3841,322;3845,312;3849,326;3854,310;3858,324;3862,322;3867,324;3871,330;3875,328;3880,328;3884,312;3888,326;3893,312;3897,318;3901,316;3906,316;3910,316;3915,330;3919,322;3923,308;3928,320;3932,306;3936,334;3941,320;3945,326;3949,324;3954,324;3958,324;3962,338;3967,322;3971,328;3976,328;3980,314;3984,326;3989,312;3993,332;3997,318;4002,332;4006,316;4010,332;4015,330;4019,322;4023,322;4028,306;4032,320;4036,318;4041,332;4045,324;4050,338;4054,322;4058,336;4063,322;4067,314;4071,328;4076,326;4080,324;4084,310;4089,324;4093,328;4097,328;4102,328;4106,328;4110,326;4115,326;4119,332;4124,332;4128,330;4132,316;4137,328;4141,334;4145,334;4150,332;4154,332;4158,316;4163,330;4167,336;4171,320;4176,320;4180,306;4184,320;4189,318;4193,338;4198,324;4202,338;4206,322;4211,336;4215,328;4219,314;4224,328;4228,326;4232,326;4237,312;4241,332;4245,318;4250,332;4254,316;4258,330;4263,330;4267,320;4272,320;4276,306;4280,320;4285,318;4289,324;4293,322;4298,322;4302,322;4306,322;4311,320;4315,312;4319,326;4324,310;4328,324;4332,310;4337,338;4341,314;4346,328;4350,314;4354,326;4359,326;4363,316;4367,330;4372,314;4376,328;4380,314;4385,328;4389,320;4393,332;4398,318;4402,332;4406,316;4411,332;4415,322;4420,320;4424,334;4428,320;4433,332;4437,312;4441,324;4446,324;4450,338;4454,322;4459,336;4463,328;4467,314;4472,326;4476,326;4481,340;4485,318;4489,332;4494,316;4498,330;4502,330;4507,330;4511,334;4515,306;4520,332;4524,318;4528,332;4533,332;4537,324;4541,322;4546,336;4550,336;4555,334;4559,326;4563,312;4568,326;4572,310;4576,324;4581,310;4585,344;4589,330;4594,328;4598,314;4602,342;4607,326;4611,332;4616,318;4620,316;4624,330;4629,316;4633,330;4637,320;4642,320;4646,320;4650,334;4655,320;4659,326;4663,324;4668,322;4672,322;4676,322;4681,322;4685,326;4690,326;4694,326;4698,326;4703,324;4707,316;4711,328;4716,314;4720,328;4724,312;4729,328;4733,318;4737,332;4742,316;4746,330;4750,330;4755,330;4759,334;4764,320;4768,332;4772,318;4777,332;4781,324;4785,338;4790,322;4794,336;4798,322;4803,336;4807,328;4811,326;4816,340;4820,312;4824,324;4829,324;4833,344;4838,314;4842,342;4846,326;4851,340;4855,332;4859,318;4864,316;4868,316;4872,330;4877,316;4881,336;4885,320;4890,320;4894,322;4898,334;4903,318;4907,326;4912,324;4916,324;4920,322;4925,322;4929,330;4933,328;4938,328;4942,326;4946,326;4951,326;4955,318;4959,318;4964,318;4968,330;4972,316;4977,344;4981,322;4986,320;4990,320;4994,334;4999,318;5003,310;5007,324;5012,310;5016,322;5020,320;5025,336;5029,314;5033,326;5038,314;5042,340;5046,324;5051,326;5055,316;5060,316;5064,326;5068,314;5073,328;5077,320;5081,320;5086,318;5090,332;5094,330;5099,330;5103,322;5107,308;5112,320;5116,318;5121,332;5125,318;5129,324;5134,322;5138,336;5142,322;5147,334;5151,326;5155,312;5160,324;5164,310;5168,324;5173,322;5177,330;5181,314;5186,328;5190,326;5195,340;5199,324;5203,316;5208,316;5212,314;5216,328;5221,314;5225,334;5229,320;5234,332;5238,316;5242,332;5247,330;5251,322;5255,322;5260,320;5264,320;5269,320;5273,326;5277,322;5282,324;5286,324;5290,336;5295,322;5299,328;5303,328;5308,312;5312,326;5316,326;5321,340;5325,318;5329,318;5334,316;5338,330;5343,330;5347,322;5351,320;5356,320;5360,332;5364,318;5369,332;5373,310;5377,324;5382,322;5386,336;5390,320;5395,334;5399,326;5403,310;5408,324;5412,310;5417,338;5421,314;5425,328;5430,314;5434,328;5438,326;5443,326;5447,316;5451,316;5456,328;5460,314;5464,328;5469,312;5473,332;5477,318;5482,330;5486,316;5491,330;5495,328;5499,322;5504,320;5508,320;5512,320;5517,304;5521,326;5525,324;5530,338;5534,324;5538,338;5543,322;5547,300;5551,328;5556,312;5560,328;5565,326;5569,338;5573,316;5578,330;5582,328;5586,342;5591,328;5595,306;5599,332;5604,318;5608,332;5612,330;5617,330;5621,322;5625,336;5630,320;5634,334;5639,320;5643,312;5647,324;5652,324;5656,338;5660,324;5665,324;5669,314;5673,328;5678,326;5682,328;5686,326;5691,326;5695,332;5700,316;5704,330;5708,330;5713,330;5717,322;5721,334;5726,320;5730,334;5734,332;5739,332;5743,324;5747,310;5752,322;5756,308;5760,322;5765,314;5769,328;5774,326;5778,326;5782,310;5787,324;5791,330;5795,316;5800,342;5804,328;5808,326;5813,312;5817,332;5821,316;5826,332;5830,316;5835,314;5839,322;5843,306;5848,320;5852,306;5856,306;5861,304;5865,310;5869,310;5874,310;5878,308;5882,308;5887,308;5891,300;5895,312;5900,298;5904,312;5909,298;5913,318;5917,304;5922,318;5926,302;5930,316;5935,302;5939,308;5943,322;5948,306;5952,306;5956,292;5961,318;5965,312;5969,324;5974,310;5978,324;5983,310;5987,302;5991,330;5996,314;6000,314;6004,300;6009,314;6013,304;6017,320;6022,304;6026,318;6030,304;6035,318;6039,322;6043,322;6048,304;6052,306;6057,306;6061,312;6065,312;6070,298;6074,310;6078,310;6083,310;6087,316;6091,316;6096,314;6100,314;6104,314;6109,312;6113,304;6117,304;6122,304;6126,304;6131,316;6135,322;6139,308;6144,308;6148,306;6152,320;6157,306;6161,312;6165,310;6170,310;6174,308;6178,308;6183,306;6187,298;6191,298;6196,298;6200,296;6205,282;6209,302;6213,288;6218,286;6222,286;6226,270;6231,284;6235,276;6239,276;6244,276;6248,276;6252,276;6257,254;6261,280;6266,294;6270,294;6274,292;6279,292;6283,270;6287,284;6292,268;6296,268;6300,268;6305,268;6309,274;6313,244;6318,272;6322,286;6326,286;6331,278;6335,292;6340,276;6344,276;6348,276;6353,276;6357,282;6361,252;6366,280;6370,280;6374,280;6379,286;6383,272;6387,284;6392,284;6396,270;6401,282;6405,276;6409,276;6414,288;6418,274;6422,288;6427,288;6431,280;6435,294;6440,264;6444,278;6448,278;6453,284;6457,270;6461,282;6466,282;6470,268;6475,282;6479,272;6483,272;6488,272;6492,260;6496,270;6501,256;6505,292;6509,278;6514,276;6518,274;6522,262;6527,282;6531,282;6535,280;6540,280;6544,280;6549,280;6553,286;6557,286;6562,284;6566,284;6570,284;6575,270;6579,276;6583,274;6588,274;6592,260;6596,274;\r\nBuffer sent in 0.973 secondsreturn;buffer;965\r\n'), 12:36:36
bytearray(b'received from UR: measure -> measure (0,1)\r\nSTEPPER: Moving to mstep: 6600 with speed [msteps/sec]: 1000 in StealthChop.\r\n'), 12:36:37
bytearray(b'STEPPER: Moving to mstep: 2400 with speed [msteps/sec]: 4000 in SpreadCycle.\r\n'), 12:36:41
bytearray(b'STEPPER: Moved 4200.00 msteps (ramp: 35%) in 1324.888 ms -> average speed [msteps/sec]: 3170.08\r\nreturn;measure;965\r\n'), 12:36:42
bytearray(b'received from UR: buffer -> buffer (0,1)\r\nSending buffer of size 965data;2400,304;2404,454;2408,164;2413,266;2417,322;2421,328;2426,328;2430,328;2434,342;2439,326;2443,320;2447,318;2452,318;2456,332;2460,318;2465,330;2469,324;2474,338;2478,320;2482,336;2487,322;2491,328;2495,328;2500,314;2504,326;2508,326;2513,326;2517,318;2521,332;2526,318;2530,330;2534,316;2539,310;2543,322;2548,308;2552,322;2556,308;2561,322;2565,328;2569,328;2574,326;2578,340;2582,326;2587,340;2591,332;2595,316;2600,330;2604,316;2608,316;2613,316;2617,336;2622,322;2626,334;2630,320;2635,334;2639,328;2643,326;2648,326;2652,326;2656,324;2661,324;2665,332;2669,316;2674,330;2678,316;2683,330;2687,328;2691,322;2696,334;2700,320;2704,320;2709,318;2713,326;2717,324;2722,338;2726,324;2730,338;2735,322;2739,314;2743,328;2748,314;2752,326;2757,312;2761,326;2765,318;2770,332;2774,316;2778,330;2783,316;2787,322;2791,336;2796,308;2800,322;2804,306;2809,320;2813,326;2817,340;2822,326;2826,340;2831,324;2835,338;2839,318;2844,316;2848,316;2852,316;2857,330;2861,322;2865,336;2870,322;2874,334;2878,334;2883,334;2887,326;2891,326;2896,326;2900,324;2905,324;2909,316;2913,330;2918,328;2922,328;2926,328;2931,328;2935,320;2939,318;2944,332;2948,318;2952,318;2957,316;2961,336;2965,322;2970,336;2974,320;2979,334;2983,320;2987,326;2992,326;2996,312;3000,324;3005,310;3009,344;3013,330;3018,330;3022,328;3026,342;3031,328;3035,320;3039,320;3044,332;3048,332;3053,332;3057,318;3061,322;3066,336;3070,336;3074,336;3079,336;3083,314;3087,326;3092,326;3096,326;3100,310;3105,324;3109,330;3114,330;3118,330;3122,330;3127,330;3131,306;3135,320;3140,318;3144,332;3148,318;3153,332;3157,324;3161,338;3166,322;3170,336;3174,322;3179,334;3183,326;3188,312;3192,326;3196,324;3201,322;3205,330;3209,344;3214,328;3218,344;3222,328;3227,342;3231,334;3235,318;3240,318;3244,332;3248,332;3253,330;3257,336;3262,322;3266,336;3270,322;3275,334;3279,326;3283,326;3288,324;3292,324;3296,324;3301,324;3305,330;3309,328;3314,328;3318,326;3322,326;3327,324;3331,332;3336,330;3340,330;3344,330;3349,316;3353,336;3357,320;3362,334;3366,320;3370,334;3375,318;3379,324;3383,338;3388,322;3392,322;3396,322;3401,322;3405,314;3410,328;3414,326;3418,340;3423,310;3427,316;3431,316;3436,330;3440,330;3444,328;3449,328;3453,320;3457,334;3462,318;3466,334;3470,318;3475,310;3479,322;3484,324;3488,336;3492,322;3497,322;3501,328;3505,328;3510,326;3514,326;3518,326;3523,326;3527,332;3531,316;3536,330;3540,316;3544,330;3549,316;3553,336;3558,320;3562,336;3566,320;3571,334;3575,340;3579,326;3584,326;3588,312;3592,326;3597,312;3601,346;3605,316;3610,330;3614,330;3619,332;3623,316;3627,322;3632,322;3636,308;3640,320;3645,322;3649,342;3653,312;3658,340;3662,312;3666,326;3671,326;3675,332;3679,318;3684,318;3688,316;3693,316;3697,324;3701,322;3706,336;3710,320;3714,336;3719,320;3723,326;3727,326;3732,312;3736,324;3740,310;3745,324;3749,330;3753,330;3758,316;3762,330;3767,328;3771,320;3775,334;3780,320;3784,334;3788,318;3793,332;3797,326;3801,338;3806,324;3810,338;3814,322;3819,336;3823,330;3828,328;3832,328;3836,314;3841,326;3845,318;3849,334;3854,330;3858,332;3862,330;3867,330;3871,322;3875,322;3880,322;3884,320;3888,320;3893,318;3897,338;3901,324;3906,338;3910,322;3915,336;3919,328;3923,314;3928,328;3932,312;3936,326;3941,310;3945,332;3949,330;3954,330;3958,314;3962,342;3967,326;3971,306;3975,332;3980,332;3984,332;3989,316;3993,330;3997,322;4002,334;4006,334;4010,348;4015,318;4019,310;4023,322;4028,322;4032,336;4036,322;4041,320;4045,312;4050,326;4054,324;4058,338;4063,324;4067,314;4071,328;4076,328;4080,328;4084,312;4089,326;4093,332;4097,332;4102,316;4106,330;4110,330;4115,342;4119,320;4124,320;4128,320;4132,318;4137,318;4141,324;4145,324;4150,324;4154,336;4158,322;4163,336;4167,328;4171,312;4176,326;4180,326;4184,340;4189,324;4193,332;4198,330;4202,330;4206,316;4211,330;4215,336;4219,320;4224,320;4228,306;4232,318;4237,318;4241,338;4245,324;4250,336;4254,322;4258,336;4263,334;4267,312;4272,326;4276,312;4280,324;4285,324;4289,330;4293,328;4298,328;4302,326;4306,326;4311,326;4315,318;4319,330;4324,316;4328,330;4333,314;4337,328;4341,320;4346,332;4350,332;4354,332;4359,330;4363,308;4367,322;4372,320;4376,334;4380,318;4385,320;4389,324;4393,338;4398,324;4402,338;4407,322;4411,314;4415,328;4420,314;4424,326;4428,326;4433,326;4437,318;4441,330;4446,330;4450,344;4454,316;4459,342;4463,322;4467,320;4472,320;4476,332;4481,332;4485,324;4489,338;4494,322;4498,336;4502,320;4507,334;4511,326;4515,312;4520,324;4524,324;4528,324;4533,308;4537,344;4541,328;4546,328;4550,326;4555,328;4559,326;4563,318;4568,320;4572,318;4576,318;4581,316;4585,336;4589,322;4594,336;4598,320;4602,334;4607,320;4611,326;4615,326;4620,312;4624,324;4629,310;4633,322;4637,330;4642,342;4646,328;4650,328;4655,326;4659,320;4663,332;4668,316;4672,330;4676,330;4681,328;4685,322;4689,334;4694,320;4698,332;4703,318;4707,322;4711,322;4716,322;4720,322;4724,306;4729,320;4733,326;4737,324;4742,324;4746,324;4750,322;4755,336;4759,328;4763,314;4768,326;4772,312;4777,326;4781,318;4785,332;4790,318;4794,332;4798,316;4803,330;4807,322;4811,320;4816,334;4820,320;4824,318;4829,318;4833,338;4838,324;4842,338;4846,322;4851,336;4855,326;4859,326;4864,326;4868,324;4872,324;4877,324;4881,330;4885,328;4890,328;4894,328;4898,328;4903,326;4907,318;4912,332;4916,330;4920,330;4925,314;4929,336;4933,320;4938,334;4942,318;4946,332;4951,318;4955,324;4959,322;4964,322;4968,336;4972,320;4977,320;4981,326;4986,326;4990,324;4994,338;4999,324;5003,316;5007,330;5012,314;5016,328;5020,328;5025,326;5029,318;5033,332;5038,318;5042,332;5046,316;5051,330;5055,322;5060,322;5064,322;5068,320;5073,334;5077,326;5081,326;5086,324;5090,324;5094,322;5099,324;5103,328;5107,314;5112,328;5116,314;5120,326;5125,312;5129,332;5134,318;5138,332;5142,318;5147,330;5151,322;5155,322;5160,336;5164,306;5168,320;5173,304;5177,326;5181,324;5186,338;5190,324;5194,324;5199,324;5203,316;5208,344;5212,316;5216,328;5221,314;5225,334;5229,320;5234,332;5238,318;5242,346;5247,318;5251,324;5255,324;5260,322;5264,322;5269,322;5273,322;5277,328;5282,328;5286,326;5290,326;5295,324;5299,320;5303,332;5308,318;5312,330;5316,330;5321,330;5325,322;5329,336;5334,322;5338,336;5343,334;5347,312;5351,326;5356,312;5360,326;5364,312;5369,338;5373,318;5377,332;5382,316;5386,330;5390,330;5395,344;5399,320;5403,320;5408,320;5412,318;5417,332;5421,324;5425,338;5430,322;5434,336;5438,322;5443,334;5447,326;5451,326;5456,324;5460,324;5464,324;5469,322;5473,328;5478,328;5482,328;5486,326;5491,324;5495,316;5499,316;5504,316;5508,328;5512,328;5517,314;5521,334;5525,320;5530,332;5534,332;5538,332;5543,330;5547,308;5552,322;5556,320;5560,334;5565,320;5569,326;5573,324;5578,338;5582,324;5586,338;5591,322;5595,300;5599,328;5604,314;5608,328;5612,314;5617,328;5621,318;5626,334;5630,318;5634,346;5639,332;5643,310;5647,322;5652,308;5656,322;5660,322;5665,320;5669,328;5673,340;5678,326;5682,326;5686,324;5691,338;5695,316;5700,316;5704,316;5708,314;5713,328;5717,334;5721,330;5726,320;5730,334;5734,318;5739,332;5743,324;5747,310;5752,322;5756,308;5760,322;5765,322;5769,328;5774,326;5778,326;5782,324;5787,338;5791,330;5795,316;5800,330;5804,300;5808,314;5813,314;5817,334;5821,320;5826,332;5830,318;5834,318;5839,316;5843,310;5848,322;5852,306;5856,306;5861,320;5865,312;5869,298;5874,310;5878,310;5882,310;5887,310;5891,316;5895,314;5900,300;5904,300;5908,298;5913,312;5917,318;5922,318;5926,316;5930,316;5935,316;5939,308;5943,308;5948,306;5952,306;5956,304;5961,318;5965,310;5969,324;5974,308;5978,322;5983,306;5987,312;5991,312;5996,298;6000,310;6004,296;6009,310;6013,302;6017,314;6022,300;6026,314;6030,312;6035,326;6039,304;6043,304;6048,302;6052,302;6057,302;6061,308;6065,322;6070,320;6074,320;6078,306;6083,320;6087,312;6091,312;6096,310;6100,310;6104,310;6109,312;6113,316;6117,302;6122,316;6126,314;6131,328;6135,306;6139,306;6144,318;6148,304;6152,318;6157,304;6161,310;6165,308;6170,322;6174,308;6178,320;6183,306;6187,298;6192,298;6196,296;6200,296;6205,296;6209,286;6213,286;6218,286;6222,272;6226,284;6231,284;6235,276;6239,274;6244,274;6248,274;6252,274;6257,280;6261,280;6266,280;6270,278;6274,278;6279,276;6283,256;6287,284;6292,284;6296,282;6300,282;6305,274;6309,274;6313,288;6318,286;6322,286;6326,272;6331,278;6335,278;6340,278;6344,278;6348,276;6353,276;6357,282;6361,270;6366,282;6370,282;6374,280;6379,272;6383,258;6387,286;6392,284;6396,284;6400,284;6405,276;6409,248;6414,276;6418,290;6422,288;6427,288;6431,266;6435,280;6440,280;6444,278;6448,278;6453,264;6457,286;6461,284;6466,284;6470,270;6474,240;6479,276;6483,276;6488,274;6492,272;6496,274;6501,258;6505,294;6509,280;6514,280;6518,278;6522,236;6527,278;6531,272;6535,284;6540,270;6544,270;6548,254;6553,290;6557,290;6562,290;6566,274;6570,246;6575,274;6579,280;6583,280;6588,266;6592,280;6596,280;\r\nBuffer sent in 0.973 secondsreturn;buffer;965\r\n'), 12:36:44
bytearray(b'received from UR: measure -> measure (0,1)\r\nSTEPPER: Moving to mstep: 6600 with speed [msteps/sec]: 1000 in StealthChop.\r\n'), 12:36:46
bytearray(b'STEPPER: Moving to mstep: 2400 with speed [msteps/sec]: 4000 in SpreadCycle.\r\n'), 12:36:50
bytearray(b'STEPPER: Moved 4200.00 msteps (ramp: 35%) in 1324.888 ms -> average speed [msteps/sec]: 3170.08\r\nreturn;measure;964\r\n'), 12:36:51
bytearray(b'received from UR: buffer -> buffer (0,1)\r\nSending buffer of size 964data;2400,300;2404,444;2408,168;2413,282;2417,310;2421,330;2426,346;2430,316;2434,344;2439,330;2443,320;2447,320;2452,318;2456,318;2460,318;2465,332;2469,324;2474,338;2478,322;2482,336;2487,320;2491,326;2495,326;2500,326;2504,324;2508,310;2513,322;2517,328;2521,328;2526,314;2530,328;2534,326;2539,340;2543,332;2548,318;2552,330;2556,314;2561,328;2565,322;2569,334;2574,320;2578,332;2582,318;2587,332;2591,338;2595,322;2600,336;2604,322;2609,320;2613,314;2617,326;2622,326;2626,338;2630,324;2635,338;2639,328;2643,328;2648,328;2652,326;2656,328;2661,312;2665,332;2669,330;2674,330;2678,316;2683,330;2687,322;2691,334;2696,334;2700,320;2704,320;2709,304;2713,326;2717,324;2722,338;2726,336;2730,336;2735,322;2739,314;2743,326;2748,326;2752,340;2757,326;2761,324;2765,328;2770,330;2774,328;2778,342;2783,312;2787,318;2791,318;2796,318;2800,330;2804,316;2809,328;2813,320;2817,334;2822,318;2826,346;2831,330;2835,322;2839,322;2844,320;2848,320;2852,332;2857,332;2861,310;2865,338;2870,322;2874,336;2878,322;2883,336;2887,328;2891,312;2896,326;2900,326;2905,324;2909,310;2913,330;2918,328;2922,328;2926,328;2931,328;2935,320;2939,318;2944,332;2948,318;2952,318;2957,316;2961,336;2965,322;2970,336;2974,320;2979,334;2983,326;2987,326;2992,338;2996,324;3000,324;3005,308;3009,328;3013,328;3018,328;3022,312;3026,340;3031,324;3035,330;3039,330;3044,328;3048,328;3053,312;3057,314;3061,318;3066,334;3070,330;3074,332;3079,330;3083,308;3087,322;3092,322;3096,334;3100,320;3105,334;3109,326;3114,326;3118,324;3122,338;3127,322;3131,314;3135,328;3140,328;3144,328;3148,312;3153,326;3157,318;3161,332;3166,330;3170,330;3174,316;3179,308;3183,322;3188,320;3192,334;3196,320;3201,320;3205,324;3209,338;3214,324;3218,338;3222,322;3227,328;3235,312;3240,326;3244,326;3248,324;3253,310;3257,344;3262,330;3266,330;3270,316;3275,328;3279,320;3283,334;3288,334;3292,320;3296,332;3301,318;3305,324;3309,324;3314,336;3318,322;3322,322;3327,320;3331,328;3336,342;3340,326;3344,326;3349,310;3353,330;3357,330;3362,342;3366,328;3370,328;3375,314;3379,320;3383,332;3388,318;3392,330;3396,316;3401,330;3405,322;3410,336;3414,322;3418,334;3423,320;3427,312;3431,326;3436,326;3440,338;3444,324;3449,324;3453,314;3457,328;3462,328;3466,328;3470,312;3475,340;3479,318;3484,330;3488,330;3492,328;3497,328;3501,320;3505,330;3510,332;3514,346;3518,330;3523,330;3527,322;3531,306;3536,334;3540,318;3544,332;3549,318;3553,338;3558,322;3562,336;3566,322;3571,334;3575,326;3579,310;3584,324;3588,324;3592,338;3597,322;3601,342;3605,312;3610,326;3614,326;3618,340;3623,324;3627,316;3632,330;3636,314;3640,328;3645,314;3649,334;3653,320;3658,332;3662,316;3666,330;3671,316;3675,324;3679,336;3684,322;3688,322;3692,320;3697,318;3701,324;3706,324;3710,322;3714,324;3719,322;3723,328;3727,342;3732,326;3736,326;3740,312;3745,324;3749,330;3753,330;3758,316;3762,330;3767,328;3771,322;3775,334;3780,320;3784,320;3788,304;3793,318;3797,324;3801,338;3806,322;3810,336;3814,320;3819,334;3823,326;3827,324;3832,324;3836,324;3841,322;3845,314;3849,328;3854,328;3858,340;3862,326;3867,326;3871,318;3875,316;3880,316;3884,330;3888,330;3893,328;3897,334;3901,320;3906,334;3910,332;3915,332;3919,324;3923,308;3928,322;3932,322;3936,334;3941,320;3945,340;3949,326;3954,338;3958,324;3962,338;3967,322;3971,316;3975,342;3980,314;3984,328;3989,326;3993,340;3997,318;4002,332;4006,316;4010,330;4015,330;4019,322;4023,334;4028,320;4032,320;4036,334;4041,332;4045,324;4050,338;4054,322;4058,336;4063,322;4067,328;4071,326;4076,312;4080,324;4084,324;4089,324;4093,316;4097,342;4102,328;4106,328;4110,326;4115,326;4119,318;4124,316;4128,330;4132,330;4137,330;4141,322;4145,334;4150,320;4154,334;4158,332;4163,332;4167,324;4171,310;4176,322;4180,322;4184,334;4189,320;4193,340;4198,326;4202,338;4206,324;4211,338;4215,330;4219,316;4224,328;4228,312;4232,326;4237,326;4241,332;4245,316;4250,330;4254,314;4258,328;4263,328;4267,320;4272,334;4276,318;4280,318;4285,332;4289,324;4293,322;4298,322;4302,322;4306,322;4311,334;4315,326;4319,326;4324,310;4328,324;4332,324;4337,336;4341,314;4346,342;4350,326;4354,328;4359,326;4363,318;4367,332;4372,316;4376,330;4380,316;4385,330;4389,320;4393,334;4398,320;4402,332;4406,318;4411,332;4415,338;4420,308;4424,322;4428,322;4433,334;4437,326;4441,340;4446,324;4450,338;4454,322;4459,338;4463,328;4467,328;4472,328;4476,312;4481,326;4485,326;4489,330;4494,318;4498,330;4502,316;4507,330;4511,336;4515,322;4520,334;4524,320;4528,320;4533,318;4537,326;4541,324;4546,324;4550,322;4555,322;4559,320;4563,326;4568,340;4572,324;4576,338;4581,310;4585,330;4589,314;4594,328;4598,328;4602,328;4607,326;4611,304;4615,316;4620,316;4624,330;4629,328;4633,328;4637,320;4642,334;4646,318;4650,332;4655,318;4659,322;4663,336;4668,322;4672,320;4676,334;4681,334;4685,326;4689,324;4694,324;4698,338;4703,322;4707,336;4711,328;4716,312;4720,326;4724,324;4729,338;4733,330;4737,330;4742,314;4746,328;4750,326;4755,326;4759,332;4763,316;4768,344;4772,330;4777,328;4781,320;4785,334;4790,318;4794,346;4798,330;4803,346;4807,322;4811,308;4816,322;4820,322;4824,334;4829,320;4833,340;4837,324;4842,338;4846,322;4851,338;4855,322;4859,328;4864,328;4868,312;4872,326;4877,326;4881,330;4885,330;4890,330;4894,314;4898,328;4903,326;4907,320;4912,332;4916,318;4920,318;4925,318;4929,330;4933,322;4938,336;4942,320;4946,334;4951,332;4955,324;4959,324;4964,308;4968,322;4972,322;4977,334;4981,326;4986,340;4990,326;4994,326;4999,324;5003,316;5007,330;5012,316;5016,330;5020,314;5025,328;5029,320;5033,334;5038,318;5042,332;5046,314;5051,330;5055,336;5060,320;5064,320;5068,306;5073,318;5077,324;5081,338;5086,336;5090,336;5094,320;5099,334;5103,326;5107,326;5112,326;5116,324;5121,322;5125,316;5129,330;5134,316;5138,330;5142,328;5147,328;5151,320;5155,318;5160,332;5164,318;5168,332;5173,316;5177,338;5181,322;5186,336;5190,322;5195,334;5199,320;5203,312;5208,324;5212,324;5216,338;5221,322;5225,328;5229,314;5234,328;5238,326;5242,340;5247,310;5251,316;5255,330;5260,328;5264,330;5269,328;5273,328;5277,320;5282,334;5286,318;5290,332;5295,332;5299,310;5303,322;5308,322;5312,334;5316,320;5321,322;5325,326;5329,326;5334,326;5338,326;5343,324;5347,316;5351,316;5356,316;5360,330;5364,314;5369,326;5373,318;5377,332;5382,318;5386,332;5390,316;5395,330;5399,322;5403,320;5408,334;5412,318;5417,318;5421,304;5425,326;5430,324;5434,338;5438,322;5443,336;5447,328;5451,314;5456,326;5460,312;5464,326;5469,310;5473,330;5477,330;5482,330;5486,314;5491,328;5495,318;5499,318;5504,332;5508,318;5512,316;5517,316;5521,322;5525,322;5530,336;5534,320;5538,334;5543,318;5547,310;5551,326;5556,324;5560,336;5565,322;5569,328;5573,314;5578,326;5582,326;5586,340;5591,324;5595,302;5599,316;5604,316;5608,330;5612,314;5617,328;5621,320;5625,334;5630,318;5634,332;5639,318;5643,322;5647,322;5652,306;5656,320;5660,320;5665,334;5669,324;5673,338;5678,322;5682,336;5686,322;5691,336;5695,328;5700,326;5704,326;5708,312;5713,324;5717,330;5721,330;5726,328;5730,328;5734,326;5739,326;5743,330;5747,316;5752,328;5756,314;5760,326;5765,312;5769,332;5774,330;5778,344;5782,328;5787,328;5791,320;5795,318;5800,332;5804,318;5808,330;5813,302;5817,334;5821,320;5826,334;5830,318;5834,318;5839,302;5843,308;5848,308;5852,320;5856,318;5861,306;5865,310;5869,308;5874,308;5878,306;5882,306;5887,304;5891,296;5895,310;5900,310;5904,308;5908,308;5913,320;5917,312;5922,312;5926,310;5930,310;5935,296;5939,300;5943,302;5948,300;5952,312;5956,298;5961,310;5965,318;5969,316;5974,316;5978,330;5982,314;5987,292;5991,306;5996,304;6000,304;6004,290;6009,302;6013,308;6017,322;6022,308;6026,320;6030,318;6035,320;6039,296;6043,310;6048,308;6052,308;6056,322;6061,298;6065,312;6070,310;6074,310;6078,296;6083,310;6087,314;6091,314;6096,314;6100,312;6104,312;6109,298;6113,318;6117,316;6122,316;6126,300;6131,314;6135,306;6139,304;6144,318;6148,302;6152,316;6157,302;6161,322;6165,306;6170,320;6174,306;6178,320;6183,304;6187,296;6191,308;6196,294;6200,292;6205,292;6209,270;6213,284;6218,296;6222,282;6226,280;6231,272;6235,270;6239,270;6244,270;6248,268;6252,254;6257,302;6261,286;6266,286;6270,284;6274,270;6279,268;6283,262;6287,274;6292,274;6296,274;6300,246;6305,286;6309,290;6313,278;6318,276;6322,262;6326,274;6331,282;6335,280;6340,280;6344,280;6348,278;6353,278;6357,284;6361,284;6366,282;6370,296;6374,282;6379,294;6383,288;6387,286;6392,286;6396,284;6400,284;6405,276;6409,290;6414,274;6418,274;6422,272;6427,242;6431,276;6435,276;6440,276;6444,276;6448,274;6453,266;6457,266;6461,280;6466,292;6470,292;6474,276;6479,268;6483,268;6488,266;6492,266;6496,266;6501,264;6505,270;6509,284;6514,284;6518,282;6522,268;6527,272;6531,272;6535,272;6540,256;6544,268;6548,268;6553,274;6557,286;6562,300;6566,284;6570,284;6575,282;6579,274;6583,288;6588,286;6592,286;6596,270;\r\nBuffer sent in 0.972 secondsreturn;buffer;964\r\n'), 12:36:53
bytearray(b'received from UR: measure -> measure (0,1)\r\nSTEPPER: Moving to mstep: 6600 with speed [msteps/sec]: 1000 in StealthChop.\r\n'), 12:36:54
bytearray(b'STEPPER: Moving to mstep: 2400 with speed [msteps/sec]: 4000 in SpreadCycle.\r\n'), 12:36:58
bytearray(b'STEPPER: Moved 4200.00 msteps (ramp: 35%) in 1324.892 ms -> average speed [msteps/sec]: 3170.07\r\nreturn;measure;965\r\n'), 12:37:00
bytearray(b'received from UR: buffer -> buffer (0,1)\r\nSending buffer of size 965data;2400,298;2404,450;2408,160;2413,274;2417,316;2421,324;2426,338;2430,322;2434,336;2439,320;2443,314;2447,326;2452,326;2456,326;2460,326;2465,324;2469,316;2474,330;2478,328;2482,328;2487,328;2491,320;2495,332;2500,318;2504,330;2508,332;2513,330;2517,322;2521,336;2526,322;2530,336;2534,334;2539,334;2543,326;2548,312;2552,338;2556,322;2561,324;2565,316;2569,330;2574,328;2578,342;2582,328;2587,342;2591,334;2595,320;2600,332;2604,318;2608,332;2613,316;2617,338;2622,322;2626,336;2630,320;2635,322;2639,326;2643,326;2648,340;2652,326;2656,324;2661,324;2665,330;2669,316;2674,330;2678,328;2682,328;2687,328;2691,320;2696,332;2700,318;2704,318;2709,316;2713,338;2717,322;2722,336;2726,322;2730,322;2735,320;2739,314;2743,328;2748,312;2752,326;2756,310;2761,324;2765,316;2770,344;2774,328;2778,342;2783,328;2787,306;2791,332;2796,318;2800,330;2804,316;2809,330;2813,322;2817,336;2822,320;2826,348;2830,320;2835,334;2839,322;2844,324;2848,324;2852,322;2857,336;2861,314;2865,328;2870,326;2874,340;2878,326;2883,326;2887,330;2891,316;2896,330;2900,314;2904,342;2909,328;2913,320;2918,318;2922,332;2926,318;2931,330;2935,322;2939,320;2944,334;2948,320;2952,334;2957,318;2961,338;2965,324;2970,338;2974,322;2979,336;2983,320;2987,312;2992,326;2996,312;3000,338;3005,310;3009,344;3013,328;3018,342;3022,328;3026,340;3031,326;3035,318;3039,332;3044,330;3048,330;3053,314;3057,328;3061,320;3066,332;3070,318;3074,330;3079,316;3083,322;3087,334;3092,318;3096,318;3100,304;3105,320;3109,322;3113,336;3118,322;3122,334;3127,320;3131,324;3135,338;3140,310;3144,322;3148,308;3153,336;3157,326;3161,326;3166,324;3170,338;3174,324;3179,338;3183,330;3187,314;3192,314;3196,312;3201,326;3205,318;3209,332;3214,316;3218,328;3222,314;3227,340;3231,332;3235,332;3240,316;3244,316;3248,328;3253,314;3257,334;3262,318;3266,332;3270,316;3275,328;3279,328;3283,334;3288,320;3292,318;3296,332;3301,318;3305,338;3309,322;3314,322;3318,320;3322,334;3327,318;3331,324;3336,324;3340,322;3344,336;3349,320;3353,328;3357,326;3362,326;3366,324;3370,338;3375,322;3379,328;3383,328;3388,312;3392,326;3396,312;3401,338;3405,316;3410,328;3414,314;3418,342;3423,326;3427,332;3431,318;3436,316;3440,330;3444,316;3449,328;3453,320;3457,334;3462,318;3466,332;3470,318;3475,332;3479,324;3484,322;3488,318;3492,308;3497,334;3501,326;3505,326;3510,324;3514,324;3518,322;3523,336;3527,328;3531,312;3536,326;3540,310;3544,326;3549,310;3553,330;3558,328;3562,328;3566,326;3571,340;3575,346;3579,330;3584,328;3588,314;3592,328;3597,312;3601,334;3605,318;3610,330;3614,316;3618,344;3623,326;3627,334;3632,318;3636,318;3640,330;3645,316;3649,336;3653,320;3658,334;3662,318;3666,332;3671,316;3675,336;3679,322;3684,320;3688,332;3693,318;3697,332;3701,322;3706,336;3710,320;3714,334;3719,320;3723,312;3727,324;3732,310;3736,324;3740,322;3745,336;3749,326;3753,326;3758,326;3762,338;3767,324;3771,316;3775,342;3780,314;3784,328;3788,312;3793,340;3797,318;3801,332;3806,316;3810,330;3814,328;3819,342;3823,334;3827,318;3832,332;3836,318;3841,332;3845,322;3849,322;3854,320;3858,334;3862,320;3867,332;3871,324;3875,324;3880,336;3884,322;3888,334;3893,320;3897,326;3901,324;3906,338;3910,322;3915,336;3919,322;3923,312;3928,326;3932,324;3936,336;3941,310;3945,330;3949,328;3954,328;3958,326;3962,328;3967,326;3971,318;3975,330;3980,316;3984,330;3989,314;3993,326;3997,318;4002,332;4006,330;4010,344;4015,330;4019,306;4023,334;4028,320;4032,332;4036,332;4041,318;4045,322;4049,336;4054,322;4058,336;4063,320;4067,312;4071,326;4076,324;4080,338;4084,336;4089,322;4093,326;4097,328;4102,326;4106,328;4110,326;4115,324;4119,330;4124,316;4128,344;4132,328;4137,326;4141,318;4145,332;4150,330;4154,330;4158,330;4163,330;4167,320;4171,306;4176,332;4180,318;4184,332;4189,332;4193,322;4198,322;4202,336;4206,322;4211,334;4215,326;4219,310;4224,324;4228,324;4232,336;4237,336;4241,326;4245,326;4250,340;4254,324;4258,334;4263,322;4267,314;4272,326;4276,326;4280,338;4285,324;4289,330;4293,316;4298,328;4302,326;4306,326;4311,324;4315,316;4319,330;4324,314;4328,328;4333,312;4337,326;4341,318;4346,332;4350,330;4354,330;4359,328;4363,306;4367,334;4372,318;4376,332;4380,318;4385,330;4389,322;4393,336;4398,320;4402,334;4407,318;4411,310;4415,326;4420,322;4424,336;4428,336;4433,320;4437,314;4441,340;4446,324;4450,338;4454,310;4459,324;4463,328;4467,314;4472,342;4476,328;4481,326;4485,318;4489,330;4494,316;4498,330;4502,314;4507,328;4511,332;4515,318;4520,332;4524,330;4528,330;4533,314;4537,334;4541,318;4546,332;4550,332;4555,330;4559,316;4563,322;4568,334;4572,320;4576,334;4581,306;4585,338;4589,324;4594,338;4598,322;4602,322;4607,320;4611,312;4615,326;4620,324;4624,324;4629,322;4633,322;4637,328;4642,340;4646,326;4650,340;4655,324;4659,316;4663,330;4668,314;4672,328;4676,314;4681,326;4685,318;4689,332;4694,330;4698,330;4703,328;4707,320;4711,320;4716,318;4720,332;4724,318;4729,344;4733,322;4737,322;4742,320;4746,334;4750,332;4755,332;4759,324;4763,308;4768,336;4772,322;4777,336;4781,312;4785,326;4790,324;4794,338;4798,324;4803,338;4807,328;4811,314;4816,328;4820,312;4824,340;4829,326;4833,332;4838,316;4842,344;4846,316;4851,330;4855,320;4859,320;4864,332;4868,318;4872,332;4877,330;4881,322;4885,322;4890,336;4894,320;4898,334;4903,318;4907,310;4912,324;4916,322;4920,336;4925,322;4929,328;4933,326;4938,326;4942,326;4946,326;4951,324;4955,316;4959,330;4964,316;4968,330;4972,314;4977,328;4981,318;4986,332;4990,318;4994,332;4999,330;5003,322;5007,322;5012,308;5016,334;5020,320;5025,334;5029,324;5033,324;5038,322;5042,336;5046,320;5051,334;5055,326;5060,324;5064,324;5068,322;5073,336;5077,328;5081,328;5086,326;5090,326;5094,324;5099,324;5103,328;5107,314;5112,328;5116,312;5120,340;5125,324;5129,330;5134,316;5138,328;5142,328;5147,342;5151,332;5155,318;5160,330;5164,316;5168,330;5173,314;5177,334;5181,320;5186,334;5190,318;5194,346;5199,332;5203,308;5208,322;5212,308;5216,334;5221,320;5225,340;5229,324;5234,324;5238,322;5242,336;5247,320;5251,328;5255,326;5260,312;5264,324;5268,324;5273,338;5277,314;5282,328;5286,314;5290,326;5295,326;5299,332;5303,318;5308,316;5312,330;5316,314;5321,328;5325,320;5329,334;5334,318;5338,332;5343,330;5347,330;5351,320;5356,306;5360,334;5364,318;5369,332;5373,310;5377,324;5382,322;5386,336;5390,320;5395,334;5399,326;5403,310;5408,322;5412,308;5417,322;5421,326;5425,340;5430,326;5434,338;5438,324;5443,338;5447,328;5451,328;5456,328;5460,312;5464,326;5469,324;5473,330;5477,314;5482,328;5486,328;5491,328;5495,318;5499,304;5504,330;5508,316;5512,328;5517,314;5521,334;5525,332;5530,332;5534,318;5538,332;5543,330;5547,308;5552,322;5556,306;5560,334;5565,320;5569,334;5573,310;5578,324;5582,322;5586,336;5591,320;5595,326;5599,326;5604,310;5608,336;5612,322;5617,336;5621,312;5626,326;5630,326;5634,340;5639,324;5643,330;5647,330;5652,314;5656,328;5660,314;5665,342;5669,318;5673,332;5678,318;5682,332;5686,330;5691,330;5695,322;5700,320;5704,320;5708,320;5713,318;5717,324;5721,338;5726,322;5730,336;5734,320;5739,334;5743,340;5747,310;5752,324;5756,310;5760,336;5765,322;5769,342;5774,314;5778,340;5782,326;5787,338;5791,330;5795,314;5800,328;5804,300;5808,326;5813,312;5817,332;5821,316;5826,330;5830,314;5834,328;5839,312;5843,318;5848,316;5852,302;5856,314;5861,300;5865,320;5869,306;5874,304;5878,304;5882,316;5887,302;5891,308;5895,306;5900,292;5904,304;5908,304;5913,310;5917,310;5922,308;5926,308;5930,306;5935,306;5939,312;5943,310;5948,296;5952,308;5956,294;5961,306;5965,312;5969,312;5974,310;5978,324;5983,308;5987,314;5991,314;5996,298;6000,312;6004,310;6009,324;6013,302;6017,316;6022,314;6026,314;6030,298;6035,326;6039,304;6043,304;6048,302;6052,300;6057,314;6061,306;6065,318;6070,304;6074,318;6078,304;6083,316;6087,308;6091,306;6096,320;6100,306;6104,304;6109,304;6113,324;6117,322;6122,322;6126,306;6131,320;6135,312;6139,310;6144,324;6148,310;6152,322;6157,308;6161,314;6165,312;6170,312;6174,296;6178,310;6183,310;6187,300;6191,314;6196,300;6200,298;6205,284;6209,290;6213,288;6218,274;6222,288;6226,300;6231,286;6235,278;6239,276;6244,276;6248,274;6252,260;6257,294;6261,280;6266,278;6270,278;6274,262;6279,276;6283,268;6287,280;6292,280;6296,278;6300,278;6305,278;6309,284;6313,282;6318,282;6322,280;6326,280;6331,272;6335,284;6340,270;6344,282;6348,268;6353,268;6357,286;6361,286;6366,286;6370,272;6374,284;6379,284;6383,276;6387,288;6392,286;6396,272;6400,270;6405,290;6409,276;6414,276;6418,288;6422,274;6427,272;6431,278;6435,278;6440,278;6444,276;6448,262;6453,268;6457,240;6461,280;6466,294;6470,280;6475,278;6479,270;6483,254;6488,282;6492,282;6496,280;6501,294;6505,258;6509,270;6514,284;6518,282;6522,268;6527,274;6531,272;6535,286;6540,284;6544,284;6549,282;6553,288;6557,288;6562,274;6566,272;6570,286;6575,284;6579,276;6583,276;6588,276;6592,288;6596,274;\r\nBuffer sent in 0.973 secondsreturn;buffer;965\r\n'), 12:37:02
bytearray(b'received from UR: measure -> measure (0,1)\r\nSTEPPER: Moving to mstep: 6600 with speed [msteps/sec]: 1000 in StealthChop.\r\n'), 12:37:03
bytearray(b'STEPPER: Moving to mstep: 2400 with speed [msteps/sec]: 4000 in SpreadCycle.\r\n'), 12:37:07
bytearray(b'STEPPER: Moved 4200.00 msteps (ramp: 35%) in 1324.888 ms -> average speed [msteps/sec]: 3170.08\r\nreturn;measure;965\r\n'), 12:37:08
bytearray(b'received from UR: buffer -> buffer (0,1)\r\nSending buffer of size 965data;2400,308;2404,452;2408,164;2413,276;2417,320;2421,324;2426,338;2430,322;2434,336;2439,320;2443,312;2447,326;2452,310;2456,324;2460,324;2465,336;2469,314;2474,342;2478,326;2482,326;2487,324;2491,330;2495,330;2500,330;2504,328;2508,314;2513,326;2517,318;2521,332;2526,330;2530,330;2534,316;2539,328;2543,334;2548,320;2552,320;2556,318;2561,318;2565,324;2569,338;2574,322;2578,336;2582,320;2587,334;2591,326;2595,312;2600,324;2604,310;2608,322;2613,322;2617,328;2622,312;2626,326;2630,324;2635,326;2639,330;2643,328;2648,328;2652,314;2656,326;2661,326;2665,332;2669,330;2674,330;2678,316;2682,330;2687,328;2691,320;2696,334;2700,318;2704,318;2709,330;2713,336;2717,322;2722,334;2726,322;2730,334;2735,320;2739,310;2743,324;2748,310;2752,322;2757,308;2761,322;2765,314;2770,326;2774,326;2778,338;2783,324;2787,316;2791,330;2796,328;2800,328;2804,314;2809,326;2813,318;2817,332;2822,318;2826,344;2831,330;2835,320;2839,320;2844,320;2848,318;2852,318;2857,330;2861,322;2865,336;2870,322;2874,334;2878,320;2883,332;2887,324;2891,324;2896,322;2900,322;2905,322;2909,320;2913,326;2918,324;2922,324;2926,322;2931,336;2935,328;2939,312;2944,326;2948,326;2952,324;2957,308;2961,330;2965,328;2970,328;2974,326;2979,340;2983,326;2987,316;2992,330;2996,316;3000,328;3005,328;3009,334;3013,320;3018,332;3022,318;3026,332;3031,316;3035,322;3039,322;3044,320;3048,318;3053,318;3057,332;3061,310;3066,322;3070,322;3074,322;3079,334;3083,326;3087,324;3092,310;3096,324;3100,322;3105,336;3109,328;3113,340;3118,326;3122,326;3127,324;3131,316;3135,330;3140,314;3144,328;3148,312;3153,326;3157,318;3161,330;3166,328;3170,328;3174,326;3179,340;3183,332;3188,330;3192,328;3196,314;3201,326;3205,318;3209,332;3214,330;3218,344;3222,328;3227,342;3231,320;3235,332;3240,332;3244,318;3248,330;3253,314;3257,334;3262,320;3266,334;3270,332;3275,330;3279,320;3283,336;3288,334;3292,320;3296,318;3301,318;3305,338;3309,322;3314,336;3318,334;3322,334;3327,320;3331,324;3336,338;3340,322;3344,336;3349,322;3353,328;3357,328;3362,340;3366,326;3370,338;3375,324;3379,316;3383,330;3388,314;3392,328;3396,328;3401,328;3405,318;3410,332;3414,318;3418,332;3423,316;3427,322;3431,322;3436,320;3440,334;3444,320;3449,332;3453,324;3457,324;3462,324;3466,336;3470,322;3475,314;3479,326;3484,312;3488,324;3492,324;3497,338;3501,316;3505,328;3510,314;3514,328;3518,326;3523,326;3527,332;3531,316;3536,316;3540,314;3544,328;3549,314;3553,334;3558,318;3562,332;3566,330;3571,344;3575,320;3579,306;3584,320;3588,318;3592,332;3597,318;3601,336;3605,320;3610,334;3614,320;3618,334;3623,318;3627,324;3632,324;3636,322;3640,322;3645,320;3649,340;3653,326;3658,340;3662,324;3666,338;3671,324;3675,314;3679,326;3684,326;3688,326;3692,324;3697,324;3701,330;3706,330;3710,328;3714,328;3719,326;3723,318;3727,332;3732,318;3736,330;3740,316;3745,328;3749,334;3753,334;3758,320;3762,332;3767,318;3771,344;3775,322;3780,308;3784,322;3788,320;3793,318;3797,324;3801,338;3806,322;3810,336;3814,322;3819,336;3823,326;3827,312;3832,324;3836,324;3841,322;3845,322;3849,328;3854,326;3858,338;3862,324;3867,336;3871,328;3875,312;3880,326;3884,312;3888,324;3893,322;3897,328;3901,328;3906,326;3910,326;3915,324;3919,330;3923,316;3928,328;3932,312;3936,326;3941,312;3945,330;3949,330;3954,330;3958,328;3962,326;3967,326;3971,318;3976,330;3980,316;3984,330;3989,314;3993,328;3997,320;4002,334;4006,318;4010,332;4015,318;4019,322;4023,322;4028,322;4032,320;4036,320;4041,332;4045,324;4050,336;4054,322;4058,336;4063,322;4067,326;4071,326;4076,312;4080,324;4084,324;4089,338;4093,316;4097,342;4102,326;4106,328;4110,326;4115,338;4119,330;4124,314;4128,328;4132,312;4137,326;4141,332;4145,330;4150,330;4154,330;4158,328;4163,328;4167,332;4171,318;4176,318;4180,316;4184,328;4189,328;4193,334;4198,320;4202,332;4206,318;4211,330;4215,322;4219,320;4224,320;4228,320;4232,318;4237,318;4241,338;4245,322;4250,336;4254,320;4258,334;4263,320;4267,324;4272,324;4276,322;4280,322;4285,322;4289,326;4293,326;4298,326;4302,324;4306,324;4311,322;4315,314;4319,326;4324,312;4328,324;4332,310;4337,322;4341,330;4346,330;4350,328;4354,326;4359,326;4363,316;4367,330;4372,314;4376,328;4380,298;4385,326;4389,318;4393,344;4398,316;4402,328;4406,328;4411,342;4415,332;4420,316;4424,316;4428,314;4433,314;4437,320;4441,348;4446,332;4450,346;4454,330;4459,330;4463,322;4467,322;4472,334;4476,318;4481,332;4485,332;4489,324;4494,322;4498,334;4502,320;4507,334;4511,324;4515,324;4520,338;4524,324;4528,322;4533,322;4537,328;4541,326;4546,326;4550,326;4555,326;4559,324;4563,316;4568,328;4572,314;4576,328;4581,312;4585,332;4589,316;4594,330;4598,328;4602,328;4607,314;4611,318;4615,332;4620,316;4624,316;4629,314;4633,328;4637,320;4642,334;4646,318;4650,334;4655,318;4659,308;4663,322;4668,322;4672,334;4676,320;4681,318;4685,324;4689,338;4694,322;4698,336;4703,322;4707,314;4711,326;4716,326;4720,338;4724,324;4729,324;4733,328;4737,328;4742,326;4746,326;4750,326;4755,326;4759,344;4763,316;4768,330;4772,316;4777,328;4781,322;4785,334;4790,320;4794,334;4798,318;4803,346;4807,324;4811,308;4816,322;4820,318;4824,320;4829,320;4833,340;4837,310;4842,338;4846,322;4851,336;4855,328;4859,326;4864,326;4868,312;4872,324;4877,324;4881,330;4885,314;4890,342;4894,326;4898,326;4903,326;4907,332;4911,330;4916,328;4920,328;4925,314;4929,326;4933,318;4938,332;4942,332;4946,330;4951,330;4955,322;4959,320;4964,306;4968,320;4972,320;4977,332;4981,324;4986,338;4990,322;4994,336;4999,334;5003,312;5007,326;5012,310;5016,324;5020,322;5025,322;5029,328;5033,338;5038,326;5042,326;5046,324;5051,338;5055,328;5060,314;5064,326;5068,312;5073,324;5077,330;5081,330;5086,328;5090,328;5094,326;5099,326;5103,316;5107,316;5112,330;5116,328;5120,328;5125,312;5129,334;5134,332;5138,332;5142,330;5147,330;5151,336;5155,308;5160,334;5164,318;5168,318;5173,318;5177,338;5181,322;5186,336;5190,322;5195,334;5199,320;5203,326;5208,324;5212,310;5216,322;5221,322;5225,328;5229,326;5234,340;5238,324;5242,338;5247,322;5251,328;5255,328;5260,314;5264,326;5269,312;5273,324;5277,330;5282,330;5286,328;5290,328;5295,326;5299,318;5303,332;5308,330;5312,330;5316,314;5321,328;5325,320;5329,332;5334,318;5338,332;5343,316;5347,322;5351,322;5356,306;5360,320;5364,320;5369,332;5373,310;5377,324;5382,322;5386,336;5390,320;5395,334;5399,326;5403,312;5408,324;5412,324;5417,322;5421,308;5425,342;5430,326;5434,340;5438,324;5443,338;5447,330;5451,328;5456,328;5460,328;5464,326;5469,312;5473,332;5477,330;5482,330;5486,328;5491,328;5495,320;5499,320;5504,318;5508,332;5512,330;5517,316;5521,336;5525,320;5530,334;5534,318;5538,332;5543,318;5547,310;5551,336;5556,308;5560,322;5565,306;5569,320;5573,324;5578,338;5582,324;5586,338;5591,320;5595,314;5599,326;5604,312;5608,340;5612,310;5617,324;5621,316;5626,328;5630,328;5634,342;5639,326;5643,318;5647,330;5652,330;5656,328;5660,314;5665,326;5669,332;5673,332;5678,318;5682,330;5686,328;5691,342;5695,320;5700,320;5704,318;5708,332;5713,330;5717,322;5721,336;5726,334;5730,334;5734,332;5739,332;5743,322;5747,322;5752,334;5756,320;5760,318;5765,318;5769,324;5774,322;5778,334;5782,318;5787,332;5791,324;5795,322;5800,322;5804,318;5808,320;5813,318;5817,338;5821,324;5826,336;5830,322;5834,322;5839,312;5843,312;5848,312;5852,310;5856,310;5861,308;5865,314;5869,314;5874,298;5878,298;5882,310;5887,310;5891,316;5895,314;5900,314;5904,314;5908,298;5913,298;5917,304;5922,316;5926,316;5930,314;5935,300;5939,292;5943,318;5948,304;5952,316;5956,302;5961,314;5965,308;5969,322;5974,306;5978,320;5982,304;5987,296;5991,310;5996,308;6000,308;6004,292;6009,306;6013,312;6017,326;6022,310;6026,324;6030,308;6035,322;6039,314;6043,312;6048,298;6052,296;6057,298;6061,316;6065,316;6070,300;6074,314;6078,312;6083,312;6087,304;6091,304;6096,316;6100,316;6104,314;6109,314;6113,320;6117,304;6122,318;6126,302;6131,316;6135,322;6139,306;6144,320;6148,290;6152,304;6157,304;6161,324;6165,308;6170,308;6174,306;6178,320;6183,304;6187,296;6191,294;6196,280;6200,294;6205,280;6209,298;6213,284;6218,282;6222,282;6226,282;6231,272;6235,286;6239,286;6244,270;6248,284;6252,268;6257,274;6261,274;6266,272;6270,272;6274,284;6279,284;6283,276;6287,274;6292,274;6296,272;6300,272;6305,264;6309,276;6313,276;6318,288;6322,288;6326,286;6331,264;6335,278;6340,276;6344,290;6348,288;6353,252;6357,280;6361,294;6366,278;6370,292;6374,276;6379,268;6383,266;6387,266;6392,278;6396,278;6400,276;6405,282;6409,296;6414,282;6418,294;6422,280;6427,250;6431,284;6435,270;6440,282;6444,268;6448,266;6453,266;6457,286;6461,286;6466,284;6470,270;6474,240;6479,276;6483,274;6488,274;6492,272;6496,272;6501,286;6505,278;6509,276;6514,276;6518,274;6522,260;6527,272;6531,280;6535,278;6540,278;6544,278;6548,276;6553,268;6557,282;6562,294;6566,280;6570,264;6575,276;6579,270;6583,268;6588,268;6592,282;6596,254;\r\nBuffer sent in 0.973 secondsreturn;buffer;965\r\n'), 12:37:10
bytearray(b'received from UR: measure -> measure (0,1)\r\nSTEPPER: Moving to mstep: 6600 with speed [msteps/sec]: 1000 in StealthChop.\r\n'), 12:37:11
bytearray(b'STEPPER: Moving to mstep: 2400 with speed [msteps/sec]: 4000 in SpreadCycle.\r\n'), 12:37:16
bytearray(b'STEPPER: Moved 4200.00 msteps (ramp: 35%) in 1324.880 ms -> average speed [msteps/sec]: 3170.10\r\nreturn;measure;965\r\n'), 12:37:17
bytearray(b'received from UR: buffer -> buffer (0,1)\r\nSending buffer of size 965data;2400,314;2404,430;2408,228;2413,300;2417,320;2421,320;2426,334;2430,318;2434,332;2439,318;2443,324;2447,324;2452,322;2456,322;2460,322;2465,322;2469,328;2474,326;2478,326;2482,340;2487,324;2491,316;2495,316;2500,314;2504,328;2508,328;2513,328;2517,318;2521,332;2526,318;2530,332;2534,330;2539,330;2543,336;2548,322;2552,322;2556,308;2561,334;2565,326;2569,326;2574,324;2578,338;2582,324;2587,324;2591,330;2595,316;2600,328;2604,314;2608,314;2613,312;2617,332;2622,332;2626,332;2630,330;2635,344;2639,308;2643,308;2648,334;2652,334;2656,334;2661,320;2665,338;2669,324;2674,324;2678,322;2682,336;2687,322;2691,314;2696,326;2700,312;2704,340;2709,326;2713,332;2717,330;2722,330;2726,330;2730,342;2735,328;2739,306;2743,334;2748,318;2752,332;2756,318;2761,332;2765,324;2770,338;2774,322;2778,336;2783,322;2787,314;2791,328;2796,312;2800,340;2804,326;2809,326;2813,318;2817,332;2822,330;2826,344;2830,328;2835,306;2839,320;2844,320;2848,332;2852,318;2857,318;2861,324;2865,336;2870,322;2874,336;2878,322;2883,334;2887,326;2891,326;2896,324;2900,312;2904,310;2909,310;2913,330;2918,328;2922,328;2926,328;2931,328;2935,332;2939,332;2944,332;2948,316;2952,330;2957,316;2961,336;2965,322;2970,334;2974,320;2979,334;2983,326;2987,312;2992,324;2996,324;3000,322;3005,308;3009,342;3013,314;3018,342;3022,326;3026,326;3031,326;3035,318;3039,316;3044,316;3048,330;3053,330;3057,328;3061,320;3066,334;3070,320;3074,332;3079,318;3083,322;3087,322;3092,320;3096,320;3100,304;3105,318;3109,324;3113,338;3118,322;3122,336;3127,320;3131,312;3135,340;3140,324;3144,338;3148,322;3153,336;3157,328;3161,342;3166,326;3170,340;3174,324;3179,338;3183,330;3187,314;3192,328;3196,312;3201,326;3205,316;3209,344;3214,316;3218,328;3222,326;3227,340;3231,330;3235,316;3240,328;3244,328;3248,326;3253,312;3257,332;3262,330;3266,330;3270,328;3275,328;3279,332;3283,318;3288,330;3292,330;3296,328;3301,326;3305,332;3309,332;3314,330;3318,330;3322,330;3327,328;3331,318;3336,318;3340,316;3344,332;3349,330;3353,328;3357,334;3362,334;3366,318;3370,332;3375,316;3379,322;3383,336;3388,320;3392,334;3396,320;3401,332;3405,324;3410,338;3414,324;3418,336;3423,336;3427,314;3431,312;3436,310;3440,340;3444,324;3449,324;3453,316;3457,330;3462,328;3466,328;3470,326;3475,328;3479,332;3484,318;3488,318;3492,316;3497,330;3501,322;3505,322;3510,320;3514,334;3518,332;3523,332;3527,324;3531,308;3536,336;3540,322;3545,334;3549,320;3553,326;3558,326;3562,326;3566,324;3571,338;3575,330;3579,314;3584,314;3588,314;3592,342;3597,326;3601,332;3605,318;3610,332;3614,330;3619,346;3623,322;3627,308;3632,336;3636,322;3640,320;3645,320;3649,338;3653,324;3658,340;3662,324;3666,338;3671,324;3675,316;3679,316;3684,314;3688,328;3693,328;3697,326;3701,318;3706,332;3710,332;3714,332;3719,330;3723,322;3727,336;3732,322;3736,320;3740,320;3745,334;3749,326;3753,326;3758,324;3762,326;3767,324;3771,316;3775,316;3780,314;3784,342;3788,328;3793,328;3797,320;3801,332;3806,332;3810,332;3814,330;3819,330;3823,322;3827,322;3832,334;3836,320;3841,334;3845,318;3849,338;3854,324;3858,338;3862,322;3867,336;3871,328;3875,328;3880,326;3884,326;3888,326;3893,324;3897,332;3901,332;3906,332;3910,330;3915,330;3919,316;3923,322;3928,334;3932,320;3936,334;3941,318;3945,324;3949,324;3954,338;3958,336;3962,336;3967,322;3971,314;3975,340;3980,326;3984,326;3989,310;3993,324;3997,330;4002,344;4006,328;4010,342;4015,314;4019,320;4023,332;4028,318;4032,318;4036,320;4041,332;4045,322;4049,336;4054,322;4058,334;4063,320;4067,326;4071,324;4076,324;4080,324;4084,322;4089,322;4093,328;4097,328;4102,326;4106,326;4110,324;4115,326;4119,330;4124,316;4128,330;4132,328;4137,328;4141,320;4145,334;4150,332;4154,330;4158,316;4163,330;4167,322;4171,306;4176,320;4180,304;4184,332;4189,318;4193,338;4198,322;4202,336;4206,320;4211,334;4215,340;4219,324;4224,324;4228,322;4232,322;4237,322;4241,328;4245,326;4250,340;4254,324;4258,324;4263,324;4267,330;4272,328;4276,314;4280,328;4285,312;4289,332;4293,332;4298,332;4302,330;4306,330;4311,328;4315,320;4319,334;4324,320;4328,320;4332,318;4337,332;4341,324;4346,336;4350,322;4354,336;4359,320;4363,326;4367,326;4372,310;4376,324;4380,322;4385,336;4389,328;4393,342;4398,326;4402,340;4406,324;4411,316;4415,330;4420,312;4424,314;4428,312;4433,312;4437,332;4441,346;4446,330;4450,344;4454,330;4459,342;4463,320;4467,320;4472,332;4476,332;4481,330;4485,316;4489,334;4494,320;4498,334;4502,318;4507,332;4511,338;4515,324;4520,322;4524,322;4528,320;4533,306;4537,340;4541,324;4546,324;4550,324;4555,336;4559,322;4563,328;4568,326;4572,312;4576,326;4581,310;4585,330;4589,314;4594,328;4598,328;4602,340;4607,326;4611,332;4615,330;4620,316;4624,330;4629,328;4633,328;4637,320;4642,334;4646,320;4650,332;4655,318;4659,324;4663,322;4668,322;4672,320;4676,306;4681,320;4685,326;4689,340;4694,324;4698,324;4703,322;4707,328;4711,328;4716,314;4720,326;4724,312;4729,326;4733,332;4737,332;4742,330;4746,330;4750,328;4755,306;4759,334;4764,320;4768,332;4772,318;4777,330;4781,324;4785,336;4790,322;4794,336;4798,320;4803,334;4807,328;4811,312;4816,324;4820,324;4824,324;4829,322;4833,342;4838,328;4842,342;4846,326;4851,340;4855,332;4859,332;4864,332;4868,316;4872,330;4877,330;4881,322;4885,320;4890,336;4894,320;4898,334;4903,318;4907,326;4912,324;4916,322;4920,322;4925,322;4929,328;4933,326;4938,328;4942,324;4946,340;4951,324;4955,316;4959,330;4964,330;4968,330;4972,314;4977,326;4981,334;4986,334;4990,320;4994,332;4999,318;5003,324;5007,324;5012,322;5016,322;5020,320;5025,334;5029,326;5033,340;5038,324;5042,324;5046,322;5051,336;5055,328;5060,314;5064,312;5068,312;5073,324;5077,330;5081,330;5086,330;5090,330;5094,328;5099,328;5103,334;5107,318;5112,332;5116,318;5120,330;5125,316;5129,336;5134,334;5138,334;5142,332;5147,332;5151,338;5155,324;5160,336;5164,322;5168,322;5173,308;5177,342;5181,326;5186,340;5190,322;5194,338;5199,322;5203,328;5208,328;5212,314;5216,326;5221,326;5225,332;5229,316;5234,330;5238,330;5242,330;5247,328;5251,320;5255,332;5260,318;5264,318;5269,332;5273,330;5277,322;5282,336;5286,322;5290,334;5295,320;5299,326;5303,326;5308,324;5312,324;5316,324;5321,324;5325,328;5329,328;5334,328;5338,328;5343,326;5347,318;5351,332;5356,318;5360,316;5364,316;5369,330;5373,322;5377,336;5382,322;5386,334;5390,320;5395,334;5399,326;5403,310;5408,324;5412,310;5417,336;5421,314;5425,328;5430,326;5434,340;5438,312;5443,340;5447,330;5451,316;5456,330;5460,314;5464,328;5469,328;5473,334;5477,318;5482,332;5486,318;5491,330;5495,316;5499,322;5504,322;5508,320;5512,320;5517,318;5521,324;5525,324;5530,336;5534,336;5538,336;5543,332;5547,312;5551,340;5556,326;5560,324;5565,310;5569,330;5573,328;5578,342;5582,326;5586,340;5591,312;5595,330;5599,330;5604,316;5608,328;5612,328;5617,326;5621,318;5625,332;5630,316;5634,330;5639,328;5643,320;5647,334;5652,318;5656,332;5660,330;5665,330;5669,322;5673,334;5678,334;5682,334;5686,318;5691,332;5695,324;5700,322;5704,322;5708,322;5713,334;5717,326;5721,326;5726,326;5730,324;5734,324;5739,326;5743,330;5747,330;5752,330;5756,314;5760,328;5765,328;5769,334;5773,320;5778,332;5782,318;5787,332;5791,316;5795,322;5800,336;5804,320;5808,334;5813,318;5817,340;5821,324;5826,324;5830,324;5834,324;5839,308;5843,314;5848,312;5852,298;5856,310;5861,310;5865,316;5869,314;5874,312;5878,314;5882,314;5887,312;5891,304;5895,304;5900,302;5904,302;5908,302;5913,308;5917,306;5922,320;5926,306;5930,320;5935,304;5939,310;5943,310;5948,310;5952,308;5956,308;5961,304;5965,312;5969,326;5974,298;5978,312;5983,310;5987,304;5991,316;5996,300;6000,314;6004,298;6009,312;6013,304;6017,318;6022,302;6026,316;6030,302;6035,316;6039,292;6043,292;6048,304;6052,304;6057,304;6061,310;6065,310;6070,308;6074,322;6078,308;6083,308;6087,312;6091,312;6096,312;6100,296;6104,310;6109,310;6113,316;6117,314;6122,314;6126,314;6131,314;6135,318;6139,318;6144,318;6148,302;6152,316;6157,316;6161,322;6165,308;6170,322;6174,306;6178,320;6183,304;6187,296;6191,308;6196,294;6200,294;6205,292;6209,300;6213,284;6218,284;6222,268;6226,268;6231,282;6235,288;6239,274;6244,286;6248,272;6252,286;6257,278;6261,276;6265,276;6270,288;6274,288;6279,288;6283,266;6287,264;6292,262;6296,276;6300,276;6305,268;6309,282;6313,280;6318,280;6322,280;6326,278;6331,270;6335,270;6339,270;6344,296;6348,254;6353,282;6357,286;6361,286;6366,272;6370,256;6374,284;6379,298;6383,276;6387,276;6392,274;6396,274;6400,272;6405,278;6409,278;6414,290;6418,290;6422,290;6427,276;6431,280;6435,280;6440,280;6444,264;6448,278;6453,278;6457,298;6461,282;6466,268;6470,282;6474,282;6479,286;6483,258;6488,270;6492,270;6496,270;6501,270;6505,274;6509,274;6514,288;6518,286;6522,286;6527,278;6531,262;6535,276;6540,276;6544,288;6549,258;6553,294;6557,294;6562,292;6566,278;6570,278;6575,276;6579,268;6583,268;6588,268;6592,280;6596,280;\r\nBuffer sent in 0.973 secondsreturn;buffer;965\r\n'), 12:37:19
bytearray(b'received from UR: measure -> measure (0,1)\r\nSTEPPER: Moving to mstep: 6600 with speed [msteps/sec]: 1000 in StealthChop.\r\n'), 12:37:20
bytearray(b'STEPPER: Moving to mstep: 2400 with speed [msteps/sec]: 4000 in SpreadCycle.\r\n'), 12:37:24
bytearray(b'STEPPER: Moved 4200.00 msteps (ramp: 35%) in 1324.880 ms -> average speed [msteps/sec]: 3170.10\r\nreturn;measure;965\r\n'), 12:37:25
bytearray(b'received from UR: buffer -> buffer (0,1)\r\nSending buffer of size 965data;2400,312;2404,436;2408,190;2413,290;2417,304;2421,324;2426,338;2430,322;2434,336;2439,322;2443,314;2447,328;2452,312;2456,326;2460,326;2465,326;2469,318;2474,330;2478,330;2482,330;2487,328;2491,320;2495,320;2500,332;2504,332;2508,330;2513,330;2517,324;2521,336;2526,322;2530,336;2534,322;2539,334;2543,326;2548,312;2552,338;2556,324;2561,324;2565,316;2569,330;2574,328;2578,342;2582,328;2587,340;2591,318;2595,318;2600,332;2604,316;2608,330;2613,316;2617,336;2622,320;2626,334;2630,318;2635,332;2639,326;2643,324;2648,324;2652,310;2656,322;2661,322;2665,342;2669,326;2674,326;2678,326;2682,326;2687,324;2691,316;2696,330;2700,330;2704,328;2709,314;2713,334;2717,320;2722,332;2726,332;2730,330;2735,330;2739,322;2743,336;2748,320;2752,334;2756,306;2761,318;2765,324;2770,338;2774,324;2778,336;2783,320;2787,314;2791,340;2796,326;2800,326;2804,310;2809,324;2813,328;2817,330;2822,328;2826,340;2831,326;2835,318;2839,330;2844,330;2848,328;2852,314;2857,326;2861,320;2865,332;2870,332;2874,330;2878,330;2883,330;2887,334;2891,320;2896,320;2900,332;2905,332;2909,322;2913,336;2918,336;2922,336;2926,334;2931,334;2935,326;2939,324;2944,338;2948,324;2952,322;2957,308;2961,328;2965,326;2970,340;2974,324;2979,338;2983,322;2987,328;2992,330;2996,326;3000,326;3005,312;3009,332;3013,330;3018,344;3022,330;3026,328;3031,314;3035,334;3039,332;3044,318;3048,318;3053,316;3057,316;3061,322;3066,334;3070,320;3074,334;3079,332;3083,324;3087,324;3092,322;3096,322;3100,320;3105,320;3109,326;3113,340;3118,324;3122,338;3127,322;3131,314;3135,328;3140,314;3144,326;3148,312;3153,324;3157,330;3161,344;3166,328;3170,330;3174,328;3179,342;3183,332;3187,318;3192,332;3196,316;3201,330;3205,322;3209,334;3214,320;3218,334;3222,320;3227,332;3231,324;3235,324;3240,324;3244,322;3248,322;3253,320;3257,340;3261,326;3266,338;3270,324;3275,338;3279,328;3283,328;3288,328;3292,326;3296,326;3301,326;3305,332;3309,330;3314,330;3318,328;3322,342;3327,328;3331,318;3336,318;3340,318;3344,330;3349,316;3353,330;3357,320;3362,334;3366,320;3370,332;3375,318;3379,324;3383,322;3388,308;3392,320;3396,306;3401,334;3405,326;3410,340;3414,324;3418,338;3423,322;3427,328;3431,328;3436,314;3440,326;3444,326;3449,324;3453,316;3457,330;3462,328;3466,328;3470,328;3475,328;3479,334;3484,320;3488,318;3492,318;3497,332;3501,324;3505,324;3510,322;3514,322;3518,334;3523,334;3527,326;3531,310;3536,324;3540,310;3544,336;3549,322;3553,328;3558,326;3562,326;3566,326;3571,338;3575,330;3579,316;3584,330;3588,316;3592,328;3597,312;3601,334;3605,318;3610,332;3614,316;3618,330;3623,328;3627,320;3632,320;3636,318;3640,318;3645,332;3649,338;3653,322;3658,336;3662,320;3666,334;3671,318;3675,324;3679,338;3684,336;3688,322;3693,320;3697,334;3701,324;3706,324;3710,322;3714,336;3719,336;3723,314;3727,326;3732,312;3736,324;3740,310;3745,324;3749,328;3753,328;3758,328;3762,328;3767,326;3771,318;3775,332;3780,316;3784,328;3788,328;3793,342;3797,320;3801,334;3806,320;3810,332;3814,318;3819,346;3823,322;3827,322;3832,322;3836,320;3841,334;3845,320;3849,340;3854,326;3858,326;3862,324;3867,338;3871,330;3875,314;3880,328;3884,326;3888,326;3893,326;3897,332;3901,330;3906,330;3910,330;3914,328;3919,328;3923,318;3928,332;3932,318;3936,332;3941,316;3945,336;3949,322;3954,336;3958,320;3962,334;3967,320;3971,326;3975,324;3980,310;3984,322;3989,308;3993,322;3997,328;4002,340;4006,326;4010,340;4015,324;4019,330;4023,330;4028,328;4032,328;4036,312;4041,326;4045,316;4050,330;4054,330;4058,330;4063,314;4067,320;4071,332;4076,318;4080,316;4084,330;4089,330;4093,320;4097,334;4102,320;4106,332;4110,318;4115,332;4119,338;4124,324;4128,336;4132,320;4137,320;4141,326;4145,340;4150,324;4154,326;4158,322;4163,322;4167,330;4171,328;4176,326;4180,312;4184,326;4189,324;4193,330;4198,316;4202,330;4206,328;4211,342;4215,334;4219,318;4224,318;4228,318;4232,330;4237,318;4241,336;4245,322;4250,336;4254,322;4258,334;4263,320;4267,312;4272,326;4276,326;4280,324;4285,324;4289,328;4293,326;4298,328;4302,326;4306,328;4311,326;4315,318;4319,330;4324,318;4328,330;4332,316;4337,328;4341,320;4346,334;4350,320;4354,334;4359,332;4363,310;4367,324;4372,322;4376,336;4380,320;4385,334;4389,326;4393,340;4398,326;4402,340;4406,324;4411,338;4415,316;4420,316;4424,328;4428,314;4433,326;4437,318;4441,332;4446,318;4450,332;4454,316;4459,330;4463,322;4467,334;4472,334;4476,320;4480,320;4485,318;4489,340;4494,324;4498,338;4502,322;4507,322;4511,328;4515,328;4520,326;4524,312;4528,326;4533,310;4537,330;4541,330;4546,330;4550,314;4555,328;4559,320;4563,306;4568,318;4572,318;4576,332;4581,318;4585,336;4589,322;4594,336;4598,320;4602,334;4607,318;4611,312;4615,338;4620,324;4624,322;4629,322;4633,320;4637,326;4642,340;4646,326;4650,340;4655,310;4659,316;4663,330;4668,330;4672,330;4676,328;4681,328;4685,334;4689,334;4694,318;4698,332;4703,330;4707,322;4711,336;4716,308;4720,320;4724,320;4729,334;4733,324;4737,326;4742,324;4746,338;4750,322;4755,336;4759,328;4763,314;4768,328;4772,312;4777,326;4781,318;4785,332;4790,318;4794,332;4798,316;4803,330;4807,322;4811,322;4816,336;4820,320;4824,334;4829,320;4833,340;4837,324;4842,340;4846,310;4851,336;4855,316;4859,330;4864,328;4868,328;4872,328;4877,326;4881,332;4885,318;4890,332;4894,334;4898,332;4903,316;4907,322;4911,322;4916,322;4920,336;4925,318;4929,326;4933,326;4938,326;4942,324;4946,338;4951,324;4955,316;4959,330;4964,314;4968,328;4972,328;4977,340;4981,318;4985,332;4990,316;4994,332;4999,330;5003,308;5007,322;5012,306;5016,320;5020,332;5025,332;5029,324;5033,338;5038,322;5042,336;5046,320;5051,334;5055,324;5059,310;5064,322;5068,308;5073,322;5077,328;5081,342;5086,326;5090,326;5094,324;5099,326;5103,316;5107,316;5112,330;5116,314;5120,314;5125,314;5129,334;5134,332;5138,332;5142,318;5147,330;5151,336;5155,322;5160,334;5164,320;5168,334;5173,320;5177,338;5181,324;5186,338;5190,324;5194,336;5199,322;5203,314;5208,326;5212,312;5216,326;5221,310;5225,332;5229,316;5234,344;5238,314;5242,330;5247,314;5251,334;5255,332;5260,318;5264,318;5268,316;5273,330;5277,334;5282,336;5286,320;5290,334;5295,320;5299,326;5303,324;5308,324;5312,322;5316,322;5321,322;5325,328;5329,328;5334,326;5338,326;5343,324;5347,324;5351,330;5356,316;5360,328;5364,314;5369,328;5373,320;5377,334;5382,318;5386,332;5390,318;5395,332;5399,324;5403,308;5408,322;5412,308;5417,320;5421,320;5425,340;5430,326;5434,338;5438,324;5443,338;5447,328;5451,328;5456,328;5460,312;5464,326;5469,312;5473,332;5477,332;5482,330;5486,316;5491,330;5495,322;5499,320;5504,320;5508,318;5512,318;5517,318;5521,338;5525,322;5530,336;5534,322;5538,336;5543,334;5547,312;5551,326;5556,312;5560,324;5565,324;5569,338;5573,316;5578,330;5582,314;5586,328;5591,328;5595,320;5599,332;5604,316;5608,330;5612,316;5617,330;5621,322;5625,336;5630,320;5634,334;5639,318;5643,312;5647,324;5652,308;5656,322;5660,322;5665,336;5669,314;5673,328;5678,326;5682,340;5686,324;5691,338;5695,316;5699,314;5704,314;5708,314;5713,328;5717,320;5721,332;5726,318;5730,330;5734,330;5739,330;5743,322;5747,306;5752,320;5756,320;5760,332;5765,318;5769,324;5774,324;5778,324;5782,322;5787,336;5791,328;5795,312;5800,326;5804,326;5808,326;5813,310;5817,332;5821,316;5826,330;5830,314;5834,326;5839,306;5843,304;5848,304;5852,304;5856,316;5861,316;5865,308;5869,306;5874,306;5878,306;5882,318;5887,304;5891,308;5895,308;5900,308;5904,306;5908,292;5913,312;5917,310;5922,310;5926,308;5930,308;5935,308;5939,300;5943,312;5948,298;5952,312;5956,298;5961,310;5965,316;5969,330;5974,314;5978,328;5983,314;5987,306;5991,306;5996,304;6000,318;6004,304;6009,302;6013,308;6017,322;6022,308;6026,322;6030,306;6035,320;6039,298;6043,298;6048,310;6052,310;6057,308;6061,314;6065,314;6070,314;6074,312;6078,312;6083,312;6087,316;6091,302;6096,314;6100,314;6104,314;6109,312;6113,318;6117,304;6122,316;6126,316;6131,314;6135,320;6139,306;6144,304;6148,304;6152,316;6157,316;6161,308;6165,306;6170,320;6174,304;6178,318;6183,304;6187,296;6191,310;6196,294;6200,294;6205,294;6209,270;6213,284;6218,298;6222,284;6226,282;6231,282;6235,274;6239,272;6244,258;6248,284;6252,284;6257,278;6261,276;6265,276;6270,274;6274,274;6279,288;6283,278;6287,278;6292,278;6296,276;6300,276;6305,268;6309,282;6313,294;6318,280;6322,280;6326,278;6331,256;6335,284;6339,270;6344,282;6348,282;6353,296;6357,260;6361,272;6366,272;6370,286;6374,286;6379,286;6383,276;6387,262;6392,274;6396,274;6400,274;6405,266;6409,280;6414,294;6418,294;6422,292;6427,278;6431,284;6435,282;6440,282;6444,282;6448,280;6453,272;6457,286;6461,284;6466,284;6470,270;6474,270;6479,262;6483,262;6488,274;6492,274;6496,274;6501,260;6505,294;6509,294;6514,280;6518,280;6522,278;6527,270;6531,256;6535,270;6540,254;6544,268;6548,268;6553,288;6557,274;6562,244;6566,272;6570,286;6575,286;6579,278;6583,290;6588,276;6592,290;6596,262;\r\nBuffer sent in 0.973 secondsreturn;buffer;965\r\n'), 12:37:27
bytearray(b'received from UR: measure -> measure (0,1)\r\nSTEPPER: Moving to mstep: 6600 with speed [msteps/sec]: 1000 in StealthChop.\r\n'), 12:37:28
bytearray(b'STEPPER: Moving to mstep: 2400 with speed [msteps/sec]: 4000 in SpreadCycle.\r\n'), 12:37:33
bytearray(b'STEPPER: Moved 4200.00 msteps (ramp: 35%) in 1324.892 ms -> average speed [msteps/sec]: 3170.07\r\nreturn;measure;965\r\n'), 12:37:34
bytearray(b'received from UR: buffer -> buffer (0,1)\r\nSending buffer of size 965data;2400,302;2404,448;2408,158;2413,272;2417,314;2421,334;2426,334;2430,320;2434,334;2439,318;2443,324;2447,324;2452,308;2456,322;2460,322;2465,334;2469,326;2474,340;2478,326;2482,340;2487,324;2491,314;2495,330;2500,316;2504,328;2508,314;2513,326;2517,318;2521,332;2526,318;2530,332;2534,316;2539,330;2543,336;2548,320;2552,334;2556,306;2561,334;2565,326;2569,326;2574,312;2578,324;2582,324;2587,338;2591,330;2595,314;2600,328;2604,314;2608,328;2613,314;2617,334;2622,318;2626,332;2630,316;2635,332;2639,336;2643,322;2648,322;2652,322;2656,334;2661,320;2665,340;2669,326;2674,326;2678,324;2682,324;2687,324;2691,330;2696,330;2700,314;2704,328;2709,314;2713,334;2717,318;2722,332;2726,318;2730,330;2735,330;2739,322;2743,322;2748,320;2752,334;2756,318;2761,334;2765,324;2770,324;2774,322;2778,336;2783,322;2787,328;2791,326;2796,312;2800,326;2804,312;2809,338;2813,316;2817,330;2822,316;2826,344;2830,328;2835,342;2839,320;2844,318;2848,332;2852,316;2857,332;2861,322;2865,320;2870,320;2874,334;2878,318;2883,332;2887,324;2891,322;2896,336;2900,322;2905,334;2909,320;2913,326;2918,324;2922,338;2926,322;2931,336;2935,328;2939,312;2944,326;2948,324;2952,324;2957,310;2961,330;2965,314;2970,328;2974,326;2979,340;2983,318;2987,304;2992,330;2996,316;3000,330;3005,314;3009,348;3013,320;3018,332;3022,318;3026,332;3031,316;3035,322;3039,334;3044,320;3048,332;3053,332;3057,332;3061,322;3066,336;3070,336;3074,336;3079,320;3083,312;3087,326;3092,324;3096,324;3100,324;3105,322;3109,328;3114,328;3118,326;3122,326;3127,326;3131,316;3135,330;3140,316;3144,330;3148,314;3153,328;3157,320;3161,334;3166,316;3170,346;3174,332;3179,344;3183,322;3188,306;3192,334;3196,318;3201,332;3205,324;3209,340;3214,322;3218,336;3222,322;3227,336;3231,326;3235,326;3240,324;3244,322;3248,310;3253,322;3257,342;3262,326;3266,340;3270,324;3275,324;3279,330;3283,316;3288,328;3292,328;3296,328;3301,314;3305,334;3309,318;3314,332;3318,316;3322,330;3327,316;3331,320;3336,334;3340,320;3344,320;3349,306;3353,326;3357,324;3362,338;3366,322;3370,322;3375,322;3379,312;3383,328;3388,312;3392,326;3396,312;3401,326;3405,316;3410,330;3414,316;3418,326;3423,328;3427,320;3431,332;3436,318;3440,318;3444,316;3449,316;3453,322;3457,336;3462,320;3466,334;3470,318;3475,332;3479,324;3484,322;3488,322;3492,308;3497,334;3501,326;3505,326;3510,324;3514,324;3518,322;3523,336;3527,330;3531,314;3536,326;3540,312;3544,326;3549,310;3553,330;3558,328;3562,328;3566,328;3571,342;3575,334;3579,318;3584,332;3588,316;3592,330;3597,314;3601,336;3605,320;3610,334;3614,318;3619,332;3623,318;3627,324;3632,322;3636,322;3640,322;3645,322;3649,342;3653,312;3658,326;3662,324;3666,338;3671,324;3675,316;3679,330;3684,314;3688,328;3693,328;3697,340;3701,318;3706,318;3710,318;3714,332;3719,330;3723,322;3727,336;3732,306;3736,334;3740,320;3745,334;3749,324;3753,324;3758,322;3762,336;3767,322;3771,314;3775,326;3780,312;3784,326;3788,312;3793,338;3797,316;3801,328;3806,314;3810,342;3814,326;3819,340;3823,318;3827,318;3832,330;3836,316;3841,330;3845,322;3849,332;3854,320;3858,334;3862,318;3867,332;3871,324;3875,322;3880,336;3884,320;3888,334;3893,320;3897,326;3901,326;3906,340;3910,324;3915,324;3919,330;3923,316;3928,328;3932,314;3936,342;3941,312;3945,332;3949,318;3954,332;3958,330;3962,332;3967,330;3971,308;3975,334;3980,320;3984,334;3989,318;3993,332;3997,324;4002,338;4006,322;4010,336;4015,322;4019,312;4023,326;4028,324;4032,324;4036,322;4041,322;4045,326;4049,342;4054,314;4058,340;4063,324;4067,316;4071,330;4076,328;4080,328;4084,314;4089,312;4093,318;4097,332;4102,318;4106,330;4110,314;4115,328;4119,332;4123,318;4128,332;4132,318;4137,330;4141,322;4145,336;4150,320;4154,334;4158,334;4163,332;4167,324;4171,310;4176,322;4180,308;4184,322;4189,306;4193,340;4197,326;4202,338;4206,324;4211,324;4215,328;4219,314;4224,328;4228,312;4232,326;4237,312;4241,332;4245,330;4250,330;4254,314;4258,328;4263,314;4267,320;4272,334;4276,332;4280,330;4285,316;4289,336;4293,336;4298,334;4302,332;4306,334;4311,318;4315,310;4319,338;4324,322;4328,322;4333,308;4337,334;4341,326;4346,340;4350,326;4354,338;4359,324;4363,316;4367,330;4372,316;4376,342;4380,314;4385,328;4389,318;4393,346;4398,332;4402,344;4407,328;4411,308;4415,334;4420,320;4424,334;4428,318;4433,318;4437,322;4441,336;4446,320;4450,334;4454,318;4459,332;4463,324;4467,322;4472,336;4476,320;4481,334;4485,318;4489,338;4494,322;4498,336;4502,322;4507,320;4511,326;4515,326;4520,338;4524,324;4528,322;4533,322;4537,328;4541,326;4546,326;4550,324;4555,324;4559,322;4563,314;4568,328;4572,312;4576,326;4581,310;4585,330;4589,316;4594,328;4598,314;4602,328;4607,326;4611,318;4615,330;4620,328;4624,328;4629,314;4633,328;4637,318;4642,332;4646,316;4650,330;4655,316;4659,320;4663,334;4668,318;4672,318;4676,316;4681,330;4685,322;4689,334;4694,334;4698,332;4703,318;4707,324;4711,336;4716,322;4720,322;4724,320;4729,332;4733,324;4737,338;4742,322;4746,320;4750,320;4755,334;4759,340;4763,324;4768,324;4772,322;4777,334;4781,326;4785,338;4790,310;4794,324;4798,322;4803,336;4807,326;4811,312;4816,324;4820,310;4824,324;4829,322;4833,338;4838,312;4842,324;4846,322;4851,336;4855,328;4859,312;4864,326;4868,310;4872,324;4877,322;4881,342;4885,326;4890,340;4894,324;4898,338;4903,322;4907,314;4912,326;4916,312;4920,326;4925,310;4929,324;4933,330;4938,344;4942,328;4946,342;4951,326;4955,316;4959,318;4964,316;4968,330;4972,314;4977,328;4981,320;4986,334;4990,318;4994,332;4999,316;5003,322;5007,336;5012,322;5016,320;5020,320;5025,332;5029,324;5033,338;5038,322;5042,336;5046,320;5051,334;5055,340;5060,324;5064,322;5068,322;5073,336;5077,326;5081,326;5086,326;5090,324;5094,324;5099,336;5103,328;5107,328;5112,326;5116,312;5120,326;5125,310;5129,330;5134,328;5138,328;5142,326;5147,340;5151,332;5155,316;5160,330;5164,314;5168,328;5173,312;5177,332;5181,316;5186,344;5190,328;5194,340;5199,326;5203,318;5208,330;5212,316;5216,328;5221,314;5225,332;5229,318;5234,346;5238,316;5242,330;5247,314;5251,320;5255,318;5260,316;5264,330;5268,316;5273,330;5277,320;5282,334;5286,318;5290,332;5295,316;5299,308;5303,320;5308,320;5312,320;5316,318;5321,330;5325,322;5329,336;5334,320;5338,334;5342,318;5347,332;5351,322;5356,322;5360,334;5364,320;5369,334;5373,310;5377,324;5382,324;5386,336;5390,320;5395,334;5399,326;5403,310;5408,324;5412,310;5417,336;5421,314;5425,326;5430,326;5434,340;5438,324;5443,338;5447,328;5451,314;5456,326;5460,326;5464,338;5469,324;5473,330;5477,316;5482,330;5486,328;5491,328;5495,318;5499,318;5504,332;5508,316;5512,330;5517,314;5521,334;5525,334;5530,334;5534,318;5538,332;5543,330;5547,308;5551,322;5556,306;5560,334;5565,318;5569,334;5573,310;5578,324;5582,322;5586,336;5591,320;5595,312;5599,326;5604,308;5608,324;5612,310;5617,338;5621,314;5626,328;5630,314;5634,340;5639,324;5643,330;5647,330;5652,314;5656,328;5660,326;5665,326;5669,330;5673,330;5678,316;5682,328;5686,328;5691,340;5695,332;5700,316;5704,330;5708,316;5713,328;5717,320;5721,334;5726,318;5730,332;5734,330;5739,332;5743,322;5747,306;5752,334;5756,318;5760,332;5765,330;5769,322;5774,320;5778,334;5782,320;5787,332;5791,324;5795,310;5800,336;5804,320;5808,334;5813,318;5817,326;5821,324;5826,336;5830,322;5834,322;5839,306;5843,312;5848,312;5852,310;5856,324;5861,310;5865,302;5869,300;5874,314;5878,314;5882,314;5887,312;5891,304;5895,304;5900,304;5904,316;5908,302;5913,300;5917,306;5922,320;5926,304;5930,318;5935,318;5939,294;5943,322;5948,308;5952,320;5956,306;5961,304;5965,310;5969,324;5974,308;5978,322;5982,308;5987,298;5991,312;5996,310;6000,310;6004,308;6009,322;6013,314;6017,326;6022,312;6026,326;6030,310;6035,310;6039,302;6043,300;6048,314;6052,300;6057,312;6061,304;6065,316;6070,302;6074,302;6078,300;6083,312;6087,318;6091,304;6096,316;6100,316;6104,314;6109,312;6113,318;6117,304;6122,304;6126,302;6131,316;6135,320;6139,306;6144,320;6148,304;6152,304;6157,304;6161,310;6165,308;6170,308;6174,308;6178,308;6183,306;6187,298;6191,296;6196,282;6200,282;6205,280;6209,286;6213,284;6218,270;6222,268;6226,282;6231,282;6235,272;6239,272;6244,272;6248,270;6252,256;6257,290;6261,288;6266,288;6270,272;6274,260;6279,272;6283,262;6287,276;6292,274;6296,274;6300,260;6305,272;6309,278;6313,292;6318,276;6322,288;6326,274;6331,280;6335,278;6340,278;6344,276;6348,276;6353,274;6357,294;6361,278;6366,278;6370,262;6374,288;6379,268;6383,280;6387,266;6392,278;6396,264;6400,276;6405,282;6409,296;6414,280;6418,280;6422,278;6427,264;6431,282;6435,270;6440,282;6444,280;6448,266;6453,264;6457,286;6461,284;6466,270;6470,282;6474,282;6479,274;6483,274;6488,272;6492,286;6496,270;6501,270;6505,290;6509,290;6514,288;6518,288;6522,272;6527,264;6531,264;6535,278;6540,276;6544,276;6548,262;6553,282;6557,280;6562,266;6566,280;6570,278;6575,278;6579,270;6583,284;6588,268;6592,280;6596,266;\r\nBuffer sent in 0.973 secondsreturn;buffer;965\r\n'), 12:37:36
bytearray(b'received from UR: measure -> measure (0,1)\r\nSTEPPER: Moving to mstep: 6600 with speed [msteps/sec]: 1000 in StealthChop.\r\n'), 12:37:37
bytearray(b'STEPPER: Moving to mstep: 2400 with speed [msteps/sec]: 4000 in SpreadCycle.\r\n'), 12:37:41
bytearray(b'STEPPER: Moved 4200.00 msteps (ramp: 35%) in 1324.888 ms -> average speed [msteps/sec]: 3170.08\r\nreturn;measure;965\r\n'), 12:37:43
bytearray(b'received from UR: buffer -> buffer (0,1)\r\nSending buffer of size 965data;2400,304;2404,464;2408,146;2413,274;2417,316;2421,322;2426,336;2430,320;2434,336;2439,320;2443,326;2447,324;2452,324;2456,324;2460,322;2465,322;2469,328;2474,342;2478,326;2482,340;2487,324;2491,318;2495,330;2500,330;2504,328;2508,314;2513,328;2517,320;2521,332;2526,332;2530,332;2534,330;2539,330;2543,322;2548,306;2552,334;2556,320;2561,334;2565,326;2569,326;2574,324;2578,338;2582,322;2587,336;2591,328;2595,312;2600,326;2604,310;2608,338;2613,324;2617,330;2622,328;2626,328;2630,326;2635,326;2639,318;2643,332;2648,330;2652,316;2656,330;2661,328;2665,334;2669,334;2674,334;2678,318;2682,332;2687,316;2691,322;2696,322;2700,320;2704,334;2709,320;2713,340;2717,324;2722,338;2726,322;2730,324;2735,322;2739,312;2743,340;2748,324;2752,338;2756,322;2761,336;2765,328;2770,342;2774,326;2778,340;2783,324;2787,316;2791,330;2796,314;2800,328;2804,312;2809,326;2813,318;2817,344;2822,330;2826,344;2831,328;2835,320;2839,320;2844,318;2848,332;2852,316;2857,330;2861,322;2865,334;2870,320;2874,334;2878,332;2883,330;2887,322;2891,322;2896,334;2900,320;2905,332;2909,332;2913,324;2918,324;2922,336;2926,322;2931,334;2935,326;2939,312;2944,324;2948,324;2952,324;2957,322;2961,330;2965,326;2970,328;2974,314;2979,340;2983,312;2987,318;2992,330;2996,316;3000,328;3005,314;3009,334;3013,318;3018,332;3022,318;3026,330;3031,328;3035,322;3039,322;3044,320;3048,332;3053,332;3057,330;3061,322;3066,336;3070,334;3074,334;3079,334;3083,312;3087,326;3092,324;3096,324;3100,322;3105,322;3109,326;3113,340;3118,324;3122,338;3127,324;3131,314;3135,328;3140,312;3144,340;3148,324;3153,326;3157,330;3161,330;3166,316;3170,328;3174,328;3179,340;3183,332;3187,318;3192,316;3196,302;3201,316;3205,322;3209,336;3214,320;3218,332;3222,318;3227,332;3231,322;3235,308;3240,322;3244,306;3248,320;3253,320;3257,338;3262,324;3266,338;3270,324;3275,336;3279,330;3283,328;3288,326;3292,326;3296,326;3301,326;3305,332;3309,316;3314,330;3318,330;3322,328;3327,328;3331,320;3336,334;3340,318;3344,332;3349,318;3353,338;3357,322;3362,336;3366,320;3370,334;3375,320;3379,312;3383,326;3388,310;3392,338;3396,322;3401,336;3405,328;3410,342;3414,326;3418,340;3423,324;3427,316;3431,330;3436,330;3440,328;3444,314;3449,326;3453,320;3457,332;3462,332;3466,332;3470,330;3475,308;3479,336;3484,334;3488,334;3492,320;3497,320;3501,324;3505,324;3510,324;3514,336;3518,322;3523,336;3527,326;3531,326;3536,326;3540,312;3544,324;3549,324;3553,330;3558,330;3562,328;3566,314;3571,342;3575,332;3579,318;3584,332;3588,318;3592,332;3597,330;3601,336;3605,322;3610,336;3614,320;3618,334;3623,320;3627,326;3632,324;3636,324;3640,324;3645,322;3649,342;3653,328;3658,328;3662,326;3666,340;3671,326;3675,318;3679,332;3684,330;3688,330;3692,316;3697,316;3701,320;3706,334;3710,332;3714,332;3719,332;3723,310;3727,322;3732,308;3736,336;3740,320;3745,334;3749,326;3753,326;3758,324;3762,324;3766,322;3771,336;3775,326;3780,312;3784,326;3788,324;3793,324;3797,316;3801,330;3806,328;3810,328;3814,326;3819,340;3823,332;3827,318;3832,330;3836,330;3841,330;3845,314;3849,334;3854,320;3858,334;3862,318;3867,332;3871,324;3875,324;3880,322;3884,322;3888,322;3893,320;3897,326;3901,326;3906,338;3910,324;3915,324;3919,324;3923,316;3928,342;3932,328;3936,328;3941,312;3945,332;3949,318;3954,332;3958,316;3962,330;3967,314;3971,322;3975,334;3980,320;3984,334;3989,318;3993,332;3997,324;4002,338;4006,322;4010,336;4015,322;4019,312;4023,312;4028,324;4032,326;4036,324;4041,324;4045,330;4050,344;4054,314;4058,342;4063,326;4067,318;4071,332;4076,330;4080,330;4084,316;4089,328;4093,322;4097,334;4102,318;4106,332;4110,318;4115,330;4119,324;4124,322;4128,322;4132,308;4137,320;4141,326;4145,340;4150,324;4154,324;4158,322;4163,336;4167,328;4171,314;4176,326;4180,312;4184,340;4189,326;4193,332;4198,316;4202,330;4206,328;4211,328;4215,334;4219,318;4224,332;4228,330;4232,330;4237,316;4241,332;4245,320;4250,334;4254,318;4258,332;4263,318;4267,324;4272,324;4276,322;4280,320;4285,320;4289,328;4293,326;4298,326;4302,324;4306,326;4311,324;4315,316;4319,328;4324,328;4328,328;4332,314;4337,326;4341,332;4346,332;4350,318;4354,330;4359,330;4363,322;4367,322;4372,306;4376,334;4380,320;4385,332;4389,324;4393,338;4398,324;4402,338;4406,322;4411,334;4415,328;4420,326;4424,326;4428,326;4433,324;4437,330;4441,344;4446,328;4450,342;4454,312;4459,328;4463,332;4467,318;4472,318;4476,316;4480,316;4485,314;4489,334;4494,318;4498,332;4502,318;4507,330;4511,322;4515,322;4520,322;4524,320;4528,334;4533,318;4537,326;4541,326;4546,338;4550,322;4555,336;4559,320;4563,326;4568,326;4572,312;4576,324;4581,324;4585,330;4589,314;4594,328;4598,326;4602,340;4607,326;4611,302;4615,328;4620,316;4624,328;4629,328;4633,326;4637,320;4642,332;4646,316;4650,344;4655,314;4659,320;4663,334;4668,320;4672,332;4676,316;4681,330;4685,336;4689,336;4694,334;4698,334;4703,318;4707,324;4711,324;4716,324;4720,322;4724,322;4729,336;4733,328;4737,326;4742,326;4746,340;4750,324;4755,324;4759,330;4763,328;4768,328;4772,312;4777,326;4781,318;4785,332;4790,330;4794,344;4798,328;4803,344;4807,320;4811,306;4816,334;4820,332;4824,332;4829,318;4833,338;4837,322;4842,338;4846,320;4851,334;4855,326;4859,312;4864,326;4868,324;4872,324;4877,322;4881,328;4885,328;4890,326;4894,326;4898,326;4903,324;4907,316;4911,328;4916,328;4920,328;4925,312;4929,326;4933,332;4938,330;4942,330;4946,330;4951,328;4955,320;4959,320;4964,318;4968,332;4972,330;4977,330;4981,322;4985,334;4990,320;4994,334;4999,318;5003,310;5007,324;5012,320;5016,322;5020,320;5025,320;5029,324;5033,338;5038,322;5042,336;5046,320;5051,334;5055,326;5060,324;5064,324;5068,324;5073,322;5077,328;5081,328;5086,326;5090,328;5094,324;5099,338;5103,330;5107,316;5112,328;5116,328;5120,326;5125,312;5129,332;5134,330;5138,330;5142,328;5147,328;5151,334;5155,318;5160,332;5164,316;5168,330;5173,328;5177,334;5181,318;5186,332;5190,316;5194,344;5199,314;5203,320;5208,334;5212,318;5216,332;5221,316;5225,336;5229,334;5234,336;5238,320;5242,332;5247,316;5251,322;5255,322;5260,320;5264,320;5269,318;5273,318;5277,324;5282,336;5286,322;5290,334;5295,320;5299,326;5303,324;5308,324;5312,322;5316,308;5321,320;5325,326;5329,340;5334,324;5338,324;5343,322;5347,336;5351,328;5356,312;5360,326;5364,324;5369,324;5373,316;5377,328;5382,328;5386,328;5390,326;5395,340;5399,330;5403,316;5408,328;5412,328;5417,328;5421,320;5425,332;5430,318;5434,330;5438,316;5443,330;5447,320;5451,320;5456,320;5460,318;5464,332;5469,316;5473,336;5477,322;5482,322;5486,320;5491,320;5495,318;5499,326;5504,324;5508,324;5512,324;5517,322;5521,328;5525,326;5530,326;5534,324;5538,338;5543,322;5547,314;5551,328;5556,328;5560,326;5565,312;5569,324;5573,330;5578,330;5582,314;5586,328;5591,326;5595,304;5599,330;5604,316;5608,328;5612,316;5617,326;5621,318;5625,332;5630,316;5634,330;5639,328;5643,320;5647,318;5652,318;5656,316;5660,316;5665,316;5669,334;5673,334;5678,332;5682,332;5686,330;5691,330;5695,322;5699,322;5704,334;5708,320;5713,320;5717,324;5721,338;5726,322;5730,336;5734,322;5739,334;5743,326;5747,310;5752,324;5756,310;5760,336;5765,322;5769,328;5774,326;5778,340;5782,322;5787,324;5791,330;5795,314;5800,328;5804,314;5808,326;5813,312;5817,332;5821,316;5826,330;5830,314;5834,328;5839,304;5843,304;5848,318;5852,316;5856,316;5861,302;5865,320;5869,306;5874,318;5878,304;5882,302;5887,316;5891,294;5895,306;5900,306;5904,306;5908,304;5913,310;5917,310;5922,310;5926,308;5930,308;5935,308;5939,298;5943,312;5948,298;5952,310;5956,310;5961,310;5965,302;5969,316;5974,314;5978,314;5982,312;5987,290;5991,304;5996,316;6000,316;6004,300;6009,314;6013,306;6017,320;6022,304;6026,318;6030,302;6035,316;6039,308;6043,308;6048,308;6052,308;6056,306;6061,312;6065,310;6070,310;6074,310;6078,310;6083,322;6087,300;6091,300;6096,298;6100,312;6104,312;6109,310;6113,316;6117,316;6122,316;6126,314;6131,314;6135,318;6139,304;6144,318;6148,290;6152,302;6157,302;6161,308;6165,306;6170,306;6174,306;6178,320;6183,304;6187,310;6191,310;6196,294;6200,294;6205,294;6209,286;6213,284;6218,298;6222,298;6226,296;6231,282;6235,260;6239,286;6244,286;6248,286;6252,286;6257,248;6261,276;6265,288;6270,288;6274,288;6279,286;6283,278;6287,262;6292,262;6296,276;6300,274;6305,268;6309,280;6313,280;6318,278;6322,278;6326,276;6331,282;6335,282;6340,268;6344,280;6348,266;6353,278;6357,284;6361,298;6366,282;6370,282;6374,280;6379,274;6383,286;6387,286;6392,284;6396,270;6400,268;6405,288;6409,302;6414,288;6418,272;6422,286;6427,284;6431,276;6435,290;6440,274;6444,274;6448,258;6453,272;6457,292;6461,278;6466,276;6470,278;6474,290;6479,280;6483,280;6488,278;6492,278;6496,262;6501,262;6505,296;6509,282;6514,266;6518,280;6522,294;6527,278;6531,270;6535,282;6540,268;6544,282;6548,266;6553,272;6557,272;6562,270;6566,270;6570,284;6575,282;6579,274;6583,274;6588,272;6592,258;6596,286;\r\nBuffer sent in 0.973 secondsreturn;buffer;965\r\n'), 12:37:45
bytearray(b'received from UR: measure -> measure (0,1)\r\nSTEPPER: Moving to mstep: 6600 with speed [msteps/sec]: 1000 in StealthChop.\r\n'), 12:37:46
bytearray(b'STEPPER: Moving to mstep: 2400 with speed [msteps/sec]: 4000 in SpreadCycle.\r\n'), 12:37:50
bytearray(b'STEPPER: Moved 4200.00 msteps (ramp: 35%) in 1324.880 ms -> average speed [msteps/sec]: 3170.10\r\nreturn;measure;964\r\n'), 12:37:51
bytearray(b'received from UR: buffer -> buffer (0,1)\r\nSending buffer of size 964data;2400,306;2404,440;2408,194;2413,280;2417,308;2421,328;2426,342;2430,328;2434,342;2439,326;2443,318;2447,330;2452,332;2456,316;2460,316;2465,316;2469,322;2474,336;2478,320;2482,334;2487,320;2491,312;2495,326;2500,324;2504,338;2508,324;2513,324;2517,328;2521,328;2526,328;2530,328;2534,326;2539,326;2543,332;2548,318;2552,330;2556,316;2561,330;2565,322;2569,334;2574,320;2578,334;2582,318;2587,332;2591,324;2595,310;2600,338;2604,324;2608,322;2613,308;2617,342;2622,328;2626,340;2630,326;2635,340;2639,330;2643,330;2648,330;2652,316;2656,316;2661,314;2665,336;2669,320;2674,334;2678,318;2682,332;2687,318;2691,324;2696,336;2700,320;2704,322;2709,334;2713,326;2717,326;2722,326;2726,324;2730,338;2735,324;2739,316;2743,328;2748,314;2752,328;2756,328;2761,340;2765,318;2770,332;2774,318;2778,332;2783,316;2787,308;2791,322;2796,306;2800,320;2804,320;2809,332;2813,324;2817,338;2822,322;2826,336;2831,322;2835,326;2844,312;2848,326;2852,324;2857,324;2861,330;2865,330;2870,328;2874,342;2878,326;2883,340;2887,318;2891,316;2896,330;2900,314;2904,328;2909,326;2913,334;2918,318;2922,330;2926,330;2931,344;2935,322;2939,320;2944,320;2948,320;2952,318;2957,318;2961,338;2965,322;2970,336;2974,320;2978,334;2983,320;2987,324;2992,324;2996,310;3000,322;3005,322;3009,342;3013,314;3018,340;3022,326;3026,326;3031,324;3035,330;3039,330;3044,328;3048,328;3052,314;3057,326;3061,318;3066,332;3070,316;3074,330;3079,330;3083,322;3087,322;3092,320;3096,320;3100,320;3105,332;3109,324;3113,338;3118,322;3122,336;3127,322;3131,314;3135,326;3140,326;3144,324;3148,310;3153,324;3157,330;3161,344;3166,328;3170,328;3174,328;3179,328;3183,334;3187,318;3192,332;3196,316;3201,330;3205,316;3209,336;3214,320;3218,334;3222,320;3227,332;3231,338;3235,324;3240,324;3244,322;3248,322;3253,322;3257,342;3261,312;3266,326;3270,312;3275,326;3279,324;3283,330;3288,330;3292,316;3296,316;3301,316;3305,336;3309,332;3314,334;3318,320;3322,334;3327,332;3331,324;3335,324;3340,310;3344,322;3349,308;3353,322;3357,328;3362,328;3366,314;3370,328;3375,326;3379,318;3383,332;3388,318;3392,318;3396,318;3401,330;3405,322;3409,336;3414,322;3418,336;3423,320;3427,334;3431,326;3436,312;3440,324;3444,310;3449,324;3453,328;3457,328;3462,328;3466,328;3470,326;3475,340;3479,318;3483,316;3488,318;3492,316;3497,316;3501,314;3505,334;3510,320;3514,334;3518,320;3523,334;3527,326;3531,310;3536,324;3540,324;3544,322;3549,308;3553,328;3558,328;3562,328;3566,326;3571,340;3575,332;3579,316;3584,330;3588,316;3592,330;3597,316;3601,336;3605,320;3610,348;3614,334;3618,334;3623,332;3627,312;3632,324;3636,324;3640,322;3645,322;3649,322;3653,326;3658,340;3662,326;3666,338;3671,324;3675,316;3679,314;3684,328;3688,328;3692,326;3697,326;3701,330;3706,330;3710,316;3714,328;3719,328;3723,320;3727,334;3732,318;3736,318;3740,306;3745,330;3749,322;3753,336;3758,320;3762,334;3766,320;3771,310;3775,324;3780,310;3784,322;3788,308;3793,322;3797,326;3801,326;3806,326;3810,338;3814,322;3819,338;3823,328;3827,314;3832,328;3836,314;3840,326;3845,312;3849,332;3854,316;3858,330;3862,328;3867,328;3871,334;3875,318;3880,332;3884,332;3888,330;3893,316;3897,336;3901,322;3906,334;3910,320;3914,334;3919,318;3923,324;3928,322;3932,308;3936,320;3941,320;3945,340;3949,326;3954,324;3958,324;3962,324;3967,322;3971,314;3975,328;3980,314;3984,326;3989,326;3993,326;3997,316;4002,330;4006,316;4010,330;4015,314;4019,320;4023,320;4028,318;4032,318;4036,318;4041,330;4045,324;4049,336;4054,322;4058,336;4063,322;4067,312;4071,326;4076,312;4080,324;4084,324;4089,338;4093,316;4097,330;4102,314;4106,328;4110,328;4115,326;4119,318;4123,318;4128,328;4132,316;4137,330;4141,322;4145,334;4150,320;4154,332;4158,332;4163,332;4167,324;4171,322;4176,336;4180,320;4184,334;4189,320;4193,340;4198,324;4202,338;4206,324;4211,336;4215,328;4219,314;4224,326;4228,326;4232,326;4237,326;4241,332;4245,316;4250,330;4254,330;4258,328;4263,328;4267,320;4272,334;4276,320;4280,332;4285,320;4289,324;4293,322;4298,324;4302,336;4306,336;4311,336;4315,312;4319,326;4324,312;4328,338;4332,324;4337,338;4341,330;4346,328;4350,328;4354,328;4359,328;4363,306;4367,332;4372,318;4376,330;4380,316;4385,330;4389,322;4393,336;4398,320;4402,334;4406,320;4411,332;4415,324;4420,324;4424,336;4428,322;4433,322;4437,314;4441,326;4446,326;4450,340;4454,324;4459,338;4463,316;4467,314;4472,328;4476,328;4480,326;4485,326;4489,332;4494,330;4498,330;4502,314;4507,328;4511,334;4515,318;4520,318;4524,318;4528,330;4533,316;4537,322;4541,322;4546,334;4550,320;4554,334;4559,318;4563,324;4568,324;4572,310;4576,322;4581,322;4585,328;4589,326;4594,340;4598,326;4602,326;4607,324;4611,316;4615,330;4620,314;4624,328;4629,312;4633,326;4637,332;4642,332;4646,330;4650,330;4655,316;4659,322;4663,334;4668,320;4672,320;4676,318;4681,334;4685,324;4689,338;4694,322;4698,336;4703,322;4707,334;4711,328;4716,326;4720,324;4724,310;4729,324;4733,330;4737,330;4742,330;4746,328;4750,328;4755,328;4759,334;4763,318;4768,332;4772,316;4777,330;4781,322;4785,336;4790,320;4794,336;4798,320;4803,334;4807,324;4811,310;4816,338;4820,322;4824,322;4829,322;4833,340;4837,326;4842,340;4846,324;4851,338;4855,316;4859,330;4864,328;4868,328;4872,326;4877,312;4881,332;4885,330;4890,330;4894,316;4898,328;4903,314;4907,334;4911,332;4916,318;4920,330;4925,316;4929,322;4933,322;4938,334;4942,320;4946,332;4951,330;4955,322;4959,336;4964,320;4968,334;4972,318;4977,332;4981,324;4985,336;4990,322;4994,334;4999,320;5003,310;5007,338;5012,322;5016,322;5020,322;5025,320;5029,326;5033,340;5038,324;5042,338;5046,322;5051,338;5055,328;5059,312;5064,324;5068,324;5073,324;5077,330;5081,330;5086,328;5090,328;5094,326;5099,326;5103,318;5107,316;5112,330;5116,314;5120,328;5125,312;5129,334;5133,332;5138,332;5142,330;5147,330;5151,320;5155,320;5160,332;5164,318;5168,332;5173,316;5177,336;5181,322;5186,334;5190,320;5194,334;5199,318;5203,310;5208,338;5212,322;5216,322;5221,308;5225,328;5229,326;5234,340;5238,326;5242,340;5247,324;5251,330;5255,330;5260,314;5264,328;5268,328;5273,328;5277,316;5282,332;5286,318;5290,332;5295,316;5299,322;5303,322;5308,320;5312,320;5316,320;5321,320;5325,324;5329,338;5334,338;5338,336;5343,322;5347,314;5351,326;5356,312;5360,326;5364,310;5369,324;5373,330;5377,344;5382,328;5386,328;5390,326;5395,326;5399,332;5403,318;5408,330;5412,314;5417,328;5421,320;5425,334;5430,320;5434,334;5438,332;5443,332;5447,322;5451,322;5456,336;5460,320;5464,320;5469,318;5473,324;5477,324;5482,324;5486,322;5491,336;5495,322;5499,312;5504,326;5508,326;5512,338;5517,324;5521,330;5525,314;5530,328;5534,328;5538,326;5543,326;5547,318;5551,330;5556,316;5560,330;5565,314;5569,326;5573,320;5578,332;5582,318;5586,344;5591,316;5595,320;5599,320;5604,318;5608,332;5612,316;5617,330;5621,322;5625,334;5630,320;5634,334;5639,318;5643,308;5647,322;5652,320;5656,334;5660,318;5665,320;5669,324;5673,338;5678,322;5682,334;5686,320;5691,332;5695,338;5699,324;5704,322;5708,322;5713,320;5717,326;5721,340;5726,324;5730,324;5734,322;5739,322;5743,340;5747,326;5752,340;5756,310;5760,338;5765,310;5769,328;5773,314;5778,326;5782,326;5787,338;5791,330;5795,316;5800,328;5804,328;5808,326;5813,312;5817,332;5821,316;5826,330;5830,314;5834,312;5839,312;5843,318;5848,316;5852,316;5856,314;5861,300;5865,320;5869,306;5874,318;5878,304;5882,316;5887,316;5891,306;5895,306;5900,306;5904,306;5908,304;5913,302;5917,308;5922,322;5926,306;5930,320;5935,304;5939,310;5943,308;5948,294;5952,306;5956,306;5961,318;5965,310;5969,324;5974,308;5978,322;5982,306;5987,298;5991,312;5996,298;6000,310;6004,310;6009,322;6013,314;6017,314;6022,312;6026,326;6030,310;6035,324;6039,300;6043,300;6048,300;6052,298;6056,298;6061,316;6065,330;6070,314;6074,314;6078,312;6083,312;6087,316;6091,316;6096,314;6100,300;6104,300;6109,298;6113,318;6117,304;6122,304;6126,302;6131,314;6135,308;6139,308;6144,320;6148,304;6152,318;6157,302;6161,324;6165,308;6170,308;6174,306;6178,320;6183,304;6187,296;6191,294;6196,280;6200,292;6205,278;6209,298;6213,284;6218,282;6222,282;6226,282;6231,280;6235,286;6239,284;6244,284;6248,282;6252,282;6257,260;6261,272;6265,272;6270,284;6274,284;6279,282;6283,274;6287,274;6292,274;6296,284;6300,272;6305,270;6309,276;6313,276;6318,288;6322,288;6326,286;6331,264;6335,276;6339,262;6344,274;6348,274;6353,286;6357,278;6361,276;6366,278;6370,290;6374,276;6379,276;6383,280;6387,266;6392,278;6396,266;6400,276;6405,270;6409,282;6414,282;6418,282;6422,280;6427,266;6431,272;6435,270;6440,270;6444,270;6448,268;6453,268;6457,290;6461,288;6466,274;6470,272;6474,272;6479,278;6483,278;6488,276;6492,262;6496,276;6501,274;6505,280;6509,280;6514,236;6518,278;6522,292;6527,284;6531,268;6535,268;6540,266;6544,266;6548,264;6553,286;6557,270;6562,242;6566,282;6570,282;6575,282;6579,274;6583,274;6588,260;6592,272;6596,270;\r\nBuffer sent in 0.972 secondsreturn;buffer;964\r\n'), 12:37:53
bytearray(b'received from UR: home -> home (0,1)\r\nSTEPPER: Moving to mstep: 0 with speed [msteps/sec]: 4000 in SpreadCycle.\r\n'), 12:37:54
bytearray(b'STEPPER: Moved 2400.00 msteps (ramp: 35%) in 813.416 ms -> average speed [msteps/sec]: 2950.52\r\nreturn;home;1\r\n'), 12:37:55
