bytearray(b'STEPPER: Moving to mstep: 2400 with speed [msteps/sec]: 4000 in SpreadCycle.\r\n'), 12:30:26
bytearray(b'STEPPER: Moved 2400.00 msteps (ramp: 35%) in 812.824 ms -> average speed [msteps/sec]: 2952.67\r\n'), 12:30:27
bytearray(b'received from UR: status -> status (0,1)\r\n*** STATUS ***\r\nid        :         3 -\r\nstep      :      2400 steps\r\nspeed     :      1500 msteps/s\r\nmspeed    :      1000 msteps/s\r\nsg-thrs   :        80 -\r\ndefault   :     12000 \xc2\xb5m\r\ndispense  :     30350 \xc2\xb5m\r\nblowout   :     33000 \xc2\xb5m\r\nd-offset  :        20 \xc2\xb5m\r\nur0       :         0 -\r\nur1       :         1 -\r\nhomed     :         1 -\r\nreturn;status;2400\r\n'), 12:30:29
bytearray(b'received from UR: measure -> measure (0,1)\r\nSTEPPER: Moving to mstep: 6600 with speed [msteps/sec]: 1000 in StealthChop.\r\n'), 12:30:30
bytearray(b'STEPPER: Moving to mstep: 2400 with speed [msteps/sec]: 4000 in SpreadCycle.\r\n'), 12:30:34
bytearray(b'STEPPER: Moved 4200.00 msteps (ramp: 35%) in 1324.888 ms -> average speed [msteps/sec]: 3170.08\r\nreturn;measure;964\r\n'), 12:30:36
bytearray(b'received from UR: buffer -> buffer (0,1)\r\nSending buffer of size 964data;2400,126;2404,448;2408,230;2413,302;2417,330;2421,320;2426,336;2430,320;2434,334;2439,320;2443,324;2447,338;2452,310;2456,322;2460,322;2465,336;2469,314;2474,342;2478,326;2482,340;2487,324;2491,316;2495,316;2500,330;2504,330;2508,330;2513,328;2517,320;2521,334;2526,334;2530,332;2534,332;2539,310;2543,324;2548,324;2552,336;2556,322;2561,336;2565,328;2569,328;2574,326;2578,340;2582,326;2587,340;2591,318;2595,316;2600,330;2604,316;2609,330;2613,322;2617,334;2622,320;2626,334;2630,332;2635,332;2639,324;2643,310;2648,324;2652,324;2656,336;2661,322;2665,342;2669,326;2674,326;2678,326;2683,324;2687,318;2691,316;2696,316;2700,328;2704,328;2709,316;2713,332;2717,320;2722,334;2726,332;2730,332;2735,318;2739,310;2743,324;2748,324;2752,336;2757,322;2761,336;2765,328;2770,342;2774,326;2778,340;2783,326;2787,318;2791,332;2796,316;2800,330;2804,302;2809,330;2813,322;2817,320;2826,334;2830,320;2835,334;2839,326;2844,326;2848,326;2852,324;2857,324;2861,316;2865,330;2870,330;2874,328;2878,314;2883,328;2887,320;2891,332;2896,332;2900,332;2904,318;2909,316;2913,336;2918,334;2922,334;2926,320;2931,334;2935,324;2939,324;2944,336;2948,322;2952,322;2957,306;2961,328;2965,326;2970,326;2974,312;2978,326;2983,324;2987,330;2992,330;2996,314;3000,328;3005,312;3009,332;3013,318;3018,332;3022,316;3026,330;3031,316;3035,322;3039,334;3044,320;3048,320;3052,318;3057,318;3061,324;3066,338;3070,322;3074,336;3079,322;3083,328;3087,328;3092,314;3096,326;3100,326;3105,326;3109,318;3113,332;3118,318;3122,330;3126,328;3131,330;3135,336;3140,308;3144,334;3148,306;3153,320;3157,326;3161,326;3166,312;3170,326;3174,324;3179,338;3183,344;3187,316;3192,330;3196,314;3200,328;3205,314;3209,348;3214,320;3218,334;3222,318;3227,332;3231,324;3235,324;3240,336;3244,320;3248,322;3253,320;3257,340;3261,324;3266,338;3270,324;3275,338;3279,322;3283,328;3288,328;3292,312;3296,326;3301,312;3305,334;3309,332;3314,330;3318,330;3322,330;3327,328;3331,320;3336,334;3340,306;3344,320;3349,320;3353,326;3357,324;3362,326;3366,324;3370,324;3375,322;3379,314;3383,342;3388,326;3392,326;3396,310;3401,324;3405,330;3410,344;3414,328;3418,342;3423,326;3427,306;3431,318;3436,318;3440,330;3444,328;3449,328;3453,320;3457,334;3462,318;3466,332;3470,330;3475,330;3479,322;3484,308;3488,320;3492,320;3497,320;3501,326;3505,326;3510,324;3514,324;3518,324;3523,324;3527,328;3531,314;3536,328;3540,314;3544,326;3549,312;3553,330;3558,318;3562,344;3566,330;3571,330;3575,336;3579,306;3584,320;3588,306;3592,334;3597,320;3601,338;3605,324;3610,336;3614,322;3618,336;3623,320;3627,326;3632,328;3636,326;3640,326;3645,324;3649,330;3653,316;3658,330;3662,328;3666,328;3671,314;3675,318;3679,318;3684,318;3688,330;3692,316;3697,316;3701,322;3706,336;3710,322;3714,334;3719,320;3723,326;3727,340;3732,324;3736,324;3740,310;3745,324;3749,330;3753,328;3758,314;3762,328;3766,326;3771,340;3775,332;3780,316;3784,328;3788,314;3793,328;3797,334;3801,334;3806,332;3810,346;3814,318;3819,332;3823,336;3827,306;3832,320;3836,320;3840,334;3845,318;3849,338;3854,324;3858,338;3862,322;3867,336;3871,328;3875,328;3880,326;3884,312;3888,326;3893,324;3897,330;3901,314;3906,330;3910,328;3915,330;3919,328;3923,320;3928,320;3932,304;3936,318;3941,316;3945,338;3949,324;3954,336;3958,320;3962,334;3967,320;3971,326;3975,338;3980,324;3984,324;3989,308;3993,322;3997,314;4002,342;4006,326;4010,340;4015,326;4019,316;4023,330;4028,330;4032,330;4036,328;4041,328;4045,320;4049,334;4054,318;4058,346;4063,330;4067,322;4071,322;4076,322;4080,322;4084,334;4089,334;4093,326;4097,326;4102,324;4106,324;4110,322;4115,336;4119,328;4123,312;4128,326;4132,312;4137,324;4141,310;4145,330;4150,328;4154,328;4158,314;4163,342;4167,320;4171,320;4176,332;4180,318;4184,332;4189,318;4193,336;4197,322;4202,336;4206,322;4211,334;4215,326;4219,326;4224,326;4228,326;4232,324;4237,310;4241,330;4245,330;4250,330;4254,314;4258,328;4263,314;4267,334;4271,332;4276,318;4280,330;4285,316;4289,318;4293,322;4298,322;4302,320;4306,334;4311,318;4315,324;4319,324;4324,324;4328,322;4332,308;4337,322;4341,328;4345,326;4350,312;4354,326;4359,324;4363,318;4367,332;4372,316;4376,330;4380,314;4385,328;4389,320;4393,348;4398,332;4402,346;4406,318;4411,330;4415,322;4419,320;4424,334;4428,320;4433,320;4437,324;4441,338;4446,324;4450,338;4454,322;4459,334;4463,328;4467,312;4472,326;4476,326;4480,326;4485,310;4489,330;4494,330;4498,330;4502,314;4507,342;4511,320;4515,318;4520,332;4524,318;4528,330;4533,316;4537,336;4541,322;4546,334;4550,320;4554,334;4559,332;4563,324;4568,324;4572,308;4576,322;4581,308;4585,342;4589,328;4594,340;4598,326;4602,340;4607,324;4611,316;4615,330;4620,330;4624,328;4628,328;4633,328;4637,320;4642,332;4646,318;4650,332;4655,316;4659,322;4663,322;4668,322;4672,332;4676,320;4681,334;4685,326;4689,326;4694,324;4698,338;4702,322;4707,336;4711,328;4716,314;4720,326;4724,312;4729,324;4733,332;4737,330;4742,328;4746,330;4750,316;4755,328;4759,334;4763,320;4768,332;4772,318;4777,332;4781,316;4785,336;4790,322;4794,336;4798,320;4803,334;4807,326;4811,326;4816,340;4820,326;4824,324;4829,310;4833,332;4837,330;4842,330;4846,314;4850,330;4855,314;4859,334;4864,334;4868,320;4872,334;4877,318;4881,338;4885,324;4890,338;4894,324;4898,338;4903,322;4907,328;4911,328;4916,328;4920,328;4925,312;4929,326;4933,332;4938,332;4942,316;4946,330;4951,330;4955,322;4959,336;4964,320;4968,334;4972,318;4977,320;4981,324;4985,338;4990,324;4994,338;4999,322;5003,336;5007,342;5012,328;5016,326;5020,312;5025,326;5029,332;5033,332;5038,316;5042,330;5046,314;5051,328;5055,334;5059,320;5064,334;5068,318;5073,318;5077,332;5081,324;5086,322;5090,322;5094,322;5099,322;5103,328;5107,326;5112,326;5116,310;5120,324;5125,324;5129,330;5133,314;5138,328;5142,326;5147,326;5151,326;5155,318;5160,332;5164,318;5168,330;5173,330;5177,338;5181,322;5186,336;5190,322;5194,336;5199,320;5203,314;5208,326;5212,312;5216,324;5221,310;5225,332;5229,318;5234,346;5238,330;5242,344;5247,316;5251,322;5255,322;5260,334;5264,334;5268,320;5273,334;5277,326;5282,326;5286,326;5290,324;5295,324;5299,316;5303,330;5308,330;5312,330;5316,328;5321,328;5325,320;5329,334;5334,334;5338,334;5342,320;5347,332;5351,324;5356,324;5360,338;5364,324;5369,324;5373,316;5377,330;5382,330;5386,330;5390,314;5395,330;5399,322;5403,322;5408,336;5412,320;5416,320;5421,320;5425,326;5430,326;5434,326;5438,312;5443,336;5447,330;5451,330;5456,330;5460,330;5464,330;5469,314;5473,336;5477,322;5482,334;5486,320;5490,334;5495,318;5499,326;5504,326;5508,324;5512,324;5517,310;5521,332;5525,332;5530,332;5534,330;5538,330;5543,316;5547,324;5551,338;5556,322;5560,322;5564,308;5569,322;5573,314;5578,342;5582,328;5586,342;5591,326;5595,304;5599,318;5604,318;5608,332;5612,318;5617,330;5621,322;5625,336;5630,322;5634,336;5638,320;5643,334;5647,326;5652,312;5656,324;5660,324;5665,338;5669,316;5673,328;5678,314;5682,328;5686,314;5691,314;5695,320;5699,304;5704,318;5708,318;5713,318;5717,308;5721,322;5726,322;5730,322;5734,320;5739,320;5743,312;5747,296;5752,310;5756,310;5760,310;5765,294;5769,314;5773,298;5778,312;5782,312;5787,312;5791,318;5795,316;5800,316;5804,302;5808,314;5813,314;5817,320;5821,306;5826,318;5830,318;5834,318;5839,316;5843,308;5847,322;5852,308;5856,306;5861,306;5865,312;5869,310;5874,310;5878,308;5882,322;5887,308;5891,314;5895,312;5900,312;5904,312;5908,296;5913,310;5917,316;5921,316;5926,300;5930,314;5935,314;5939,306;5943,318;5948,304;5952,318;5956,302;5961,316;5965,308;5969,322;5974,306;5978,320;5982,306;5987,320;5991,324;5996,310;6000,322;6004,308;6009,322;6013,300;6017,312;6022,298;6026,282;6030,282;6035,296;6039,288;6043,288;6048,286;6052,272;6056,272;6061,292;6065,290;6070,290;6074,290;6078,290;6083,288;6087,280;6091,280;6096,280;6100,278;6104,278;6109,278;6113,284;6117,298;6122,296;6126,296;6130,282;6135,286;6139,272;6144,286;6148,270;6152,284;6157,270;6161,288;6165,288;6170,302;6174,286;6178,286;6183,286;6187,276;6191,276;6196,274;6200,274;6204,272;6209,280;6213,292;6218,292;6222,290;6226,290;6231,276;6235,282;6239,280;6244,252;6248,294;6252,278;6257,284;6261,284;6265,270;6270,282;6274,268;6279,282;6283,274;6287,272;6292,258;6296,286;6300,286;6305,284;6309,276;6313,262;6318,276;6322,274;6326,288;6331,266;6335,278;6339,250;6344,292;6348,278;6353,290;6357,282;6361,282;6366,280;6370,280;6374,280;6379,294;6383,270;6387,270;6392,270;6396,268;6400,268;6405,288;6409,302;6413,286;6418,272;6422,286;6427,286;6431,264;6435,262;6440,290;6444,276;6448,290;6453,290;6457,268;6461,266;6466,238;6470,280;6474,294;6479,286;6483,272;6487,284;6492,256;6496,270;6501,270;6505,276;6509,274;6514,274;6518,288;6522,286;6527,286;6531,264;6535,276;6540,276;6544,276;6548,260;6553,294;6557,282;6561,280;6566,280;6570,294;6575,278;6579,284;6583,284;6588,284;6592,282;6596,254;\r\nBuffer sent in 0.972 secondsreturn;buffer;964\r\n'), 12:30:38
bytearray(b'received from UR: measure -> measure (0,1)\r\nSTEPPER: Moving to mstep: 6600 with speed [msteps/sec]: 1000 in StealthChop.\r\n'), 12:30:39
bytearray(b'STEPPER: Moving to mstep: 2400 with speed [msteps/sec]: 4000 in SpreadCycle.\r\n'), 12:30:43
bytearray(b'STEPPER: Moved 4200.00 msteps (ramp: 35%) in 1324.888 ms -> average speed [msteps/sec]: 3170.08\r\nreturn;measure;964\r\n'), 12:30:44
bytearray(b'received from UR: buffer -> buffer (0,1)\r\nSending buffer of size 964data;2400,294;2404,460;2408,158;2413,272;2417,312;2421,332;2426,332;2430,316;2434,332;2439,330;2443,322;2447,320;2452,320;2456,332;2460,318;2465,330;2469,322;2474,336;2478,322;2482,336;2487,322;2491,326;2495,326;2500,326;2504,326;2508,324;2513,324;2517,330;2521,328;2526,328;2530,328;2534,328;2539,326;2543,332;2548,318;2552,330;2556,330;2561,330;2565,320;2569,334;2574,334;2578,334;2582,318;2587,332;2591,324;2595,324;2600,338;2604,308;2608,322;2613,308;2617,342;2622,326;2626,328;2630,326;2635,340;2639,332;2643,330;2648,330;2652,316;2656,328;2661,328;2665,334;2669,320;2674,332;2678,318;2682,332;2687,332;2691,322;2696,336;2700,308;2704,320;2709,320;2713,334;2717,326;2722,338;2726,324;2730,336;2735,322;2739,314;2743,326;2748,326;2752,340;2756,310;2761,324;2765,330;2770,328;2774,314;2778,342;2783,326;2787,320;2791,332;2796,318;2800,332;2804,316;2809,328;2813,320;2817,334;2822,320;2826,332;2830,318;2835,332;2839,322;2844,322;2848,336;2852,320;2857,320;2861,324;2865,338;2870,324;2874,336;2878,320;2883,336;2887,328;2891,326;2896,326;2900,324;2904,338;2909,324;2913,330;2918,328;2922,328;2926,326;2931,326;2935,332;2939,316;2944,330;2948,314;2952,328;2957,314;2961,334;2965,332;2970,346;2974,316;2979,330;2983,316;2987,320;2992,334;2996,320;3000,332;3005,318;3009,338;3013,324;3018,338;3022,322;3026,336;3031,320;3035,326;3039,340;3044,326;3048,324;3053,324;3057,324;3061,316;3066,330;3070,328;3074,328;3079,326;3083,320;3087,332;3092,318;3096,332;3100,316;3105,330;3109,336;3113,336;3118,322;3122,334;3127,334;3131,312;3135,326;3140,312;3144,326;3148,324;3153,338;3157,318;3161,330;3166,330;3170,344;3174,330;3179,342;3183,334;3187,320;3192,334;3196,318;3201,332;3205,324;3209,338;3214,324;3218,338;3222,324;3227,336;3231,328;3235,328;3240,328;3244,314;3248,326;3253,326;3257,332;3261,316;3266,330;3270,330;3275,330;3279,328;3283,320;3288,334;3292,318;3296,332;3301,332;3305,338;3309,322;3314,336;3318,322;3322,334;3327,320;3331,312;3335,326;3340,324;3344,338;3349,310;3353,330;3357,330;3362,342;3366,328;3370,342;3375,326;3379,318;3383,332;3388,316;3392,330;3396,314;3401,328;3405,332;3409,332;3414,332;3418,344;3423,328;3427,322;3431,320;3436,320;3440,332;3444,318;3449,332;3453,322;3457,336;3462,322;3466,336;3470,334;3475,334;3479,324;3484,324;3488,324;3492,322;3497,324;3501,328;3505,328;3510,326;3514,340;3518,324;3523,338;3527,316;3531,314;3536,328;3540,328;3544,340;3549,312;3553,332;3558,330;3562,330;3566,330;3571,328;3575,334;3579,320;3584,334;3588,318;3592,332;3597,316;3601,336;3605,322;3610,320;3618,334;3623,318;3627,324;3631,324;3636,310;3640,322;3645,322;3649,334;3653,314;3658,340;3662,324;3666,338;3671,324;3675,330;3679,328;3684,314;3688,326;3692,326;3697,326;3701,316;3706,330;3710,330;3714,328;3719,328;3723,320;3727,334;3732,318;3736,332;3740,330;3745,344;3749,322;3753,334;3758,334;3762,332;3766,318;3771,332;3775,322;3780,322;3784,336;3788,306;3793,320;3797,326;3801,338;3806,324;3810,338;3814,322;3819,336;3823,328;3827,326;3832,328;3836,312;3840,324;3845,310;3849,330;3854,328;3858,328;3862,326;3867,326;3871,332;3875,330;3880,330;3884,316;3888,328;3893,314;3897,334;3901,334;3906,334;3910,318;3914,332;3919,332;3923,322;3928,336;3932,308;3936,320;3941,320;3945,340;3949,326;3954,340;3958,324;3962,338;3967,322;3971,314;3975,342;3980,312;3984,326;3988,310;3993,324;3997,330;4002,330;4006,328;4010,342;4015,314;4019,320;4023,332;4028,318;4032,318;4036,318;4041,330;4045,324;4049,336;4054,322;4058,336;4062,320;4067,336;4071,326;4076,326;4080,324;4084,324;4089,338;4093,316;4097,330;4102,330;4106,330;4110,326;4115,328;4119,334;4123,320;4128,332;4132,318;4136,332;4141,318;4145,338;4150,324;4154,336;4158,322;4163,334;4167,340;4171,312;4176,324;4180,324;4184,338;4189,310;4193,328;4197,328;4202,340;4206,326;4211,340;4215,324;4219,316;4224,316;4228,314;4232,314;4237,328;4241,334;4245,320;4250,332;4254,318;4258,332;4263,332;4267,310;4271,324;4276,324;4280,336;4285,322;4289,322;4293,328;4298,328;4302,326;4306,326;4311,326;4315,318;4319,330;4324,330;4328,330;4332,314;4337,328;4341,320;4345,332;4350,332;4354,332;4359,316;4363,322;4367,336;4372,320;4376,334;4380,320;4385,334;4389,324;4393,338;4398,324;4402,338;4406,322;4411,336;4415,326;4420,324;4424,324;4428,310;4433,324;4437,328;4441,342;4446,314;4450,340;4454,324;4459,340;4463,330;4467,330;4472,330;4476,314;4480,328;4485,328;4489,332;4494,318;4498,332;4502,330;4507,344;4511,322;4515,320;4520,334;4524,320;4528,332;4533,304;4537,336;4541,338;4546,336;4550,320;4554,334;4559,320;4563,326;4568,338;4572,310;4576,322;4581,322;4585,330;4589,314;4594,328;4598,326;4602,340;4607,326;4611,318;4615,332;4620,316;4624,330;4628,330;4633,328;4637,320;4642,334;4646,320;4650,332;4655,332;4659,310;4663,322;4668,322;4672,336;4676,320;4681,320;4685,324;4689,338;4694,324;4698,324;4702,322;4707,336;4711,340;4716,312;4720,324;4724,324;4729,338;4733,328;4737,328;4742,328;4746,328;4750,326;4755,338;4759,330;4763,330;4768,344;4772,314;4776,328;4781,314;4785,348;4790,332;4794,346;4798,330;4803,344;4807,322;4811,322;4816,334;4820,320;4824,334;4829,318;4833,338;4837,324;4842,338;4846,322;4851,336;4855,320;4859,326;4864,326;4868,324;4872,324;4877,324;4881,344;4885,314;4890,328;4894,328;4898,326;4903,326;4907,332;4911,332;4916,316;4920,330;4925,330;4929,330;4933,322;4938,334;4942,334;4946,334;4951,318;4955,310;4959,324;4964,322;4968,336;4972,308;4977,322;4981,326;4985,340;4990,326;4994,338;4999,324;5003,316;5007,330;5012,314;5016,328;5020,326;5025,326;5029,316;5033,330;5038,330;5042,330;5046,314;5051,328;5055,334;5059,318;5064,330;5068,330;5073,330;5077,322;5081,334;5086,334;5090,334;5094,318;5099,332;5103,322;5107,322;5112,336;5116,306;5120,320;5125,320;5129,340;5133,326;5138,340;5142,324;5147,338;5151,330;5155,316;5160,342;5164,314;5168,328;5173,328;5177,334;5181,320;5186,334;5190,318;5194,332;5199,318;5203,324;5207,338;5212,310;5216,322;5221,308;5225,322;5229,328;5234,342;5238,326;5242,340;5247,326;5251,332;5255,330;5260,316;5264,330;5268,328;5273,328;5277,320;5282,332;5286,332;5290,332;5295,316;5299,322;5303,336;5308,320;5312,320;5316,320;5321,332;5325,324;5329,338;5334,322;5338,336;5342,322;5347,336;5351,328;5356,312;5360,326;5364,326;5369,338;5373,316;5377,330;5382,330;5386,342;5390,328;5395,342;5399,334;5403,318;5408,332;5412,316;5416,316;5421,316;5425,336;5430,322;5434,336;5438,320;5443,334;5447,326;5451,326;5456,324;5460,324;5464,338;5469,322;5473,330;5477,328;5482,328;5486,326;5490,326;5495,324;5499,318;5504,330;5508,316;5512,330;5517,316;5521,336;5525,320;5530,334;5534,320;5538,332;5543,332;5547,310;5551,324;5556,322;5560,336;5565,308;5569,320;5573,326;5578,340;5582,326;5586,340;5591,324;5595,316;5599,328;5604,314;5608,328;5612,312;5617,326;5621,318;5625,332;5630,330;5634,344;5639,330;5643,322;5647,320;5652,320;5656,332;5660,318;5665,330;5669,336;5673,336;5678,320;5682,320;5686,318;5691,318;5695,310;5699,308;5704,308;5708,322;5713,320;5717,312;5721,324;5726,310;5730,322;5734,308;5739,322;5743,312;5747,312;5752,324;5756,308;5760,322;5765,308;5769,314;5773,312;5778,326;5782,310;5787,324;5791,316;5795,300;5800,316;5804,300;5808,312;5813,298;5817,318;5821,316;5826,330;5830,314;5834,314;5839,312;5843,304;5847,304;5852,316;5856,314;5861,314;5865,306;5869,304;5874,318;5878,316;5882,316;5887,314;5891,306;5895,306;5900,304;5904,318;5908,304;5913,294;5917,308;5921,322;5926,306;5930,320;5935,318;5939,310;5943,308;5948,308;5952,322;5956,292;5961,306;5965,312;5969,322;5974,310;5978,322;5982,308;5987,320;5991,326;5995,310;6000,310;6004,308;6009,322;6013,300;6017,314;6022,298;6026,310;6030,294;6035,296;6039,286;6043,284;6048,284;6052,282;6056,282;6061,288;6065,286;6070,286;6074,286;6078,298;6083,296;6087,274;6091,274;6096,272;6100,284;6104,298;6109,296;6113,288;6117,286;6122,284;6126,284;6130,284;6135,288;6139,288;6144,286;6148,286;6152,298;6157,284;6161,290;6165,288;6170,288;6174,272;6178,286;6183,278;6187,278;6191,290;6196,288;6200,286;6204,286;6209,278;6213,276;6218,290;6222,288;6226,274;6231,272;6235,278;6239,264;6244,276;6248,276;6252,288;6257,288;6261,280;6265,280;6270,278;6274,264;6278,276;6283,282;6287,282;6292,268;6296,280;6300,264;6305,278;6309,298;6313,298;6318,296;6322,282;6326,280;6331,286;6335,284;6339,284;6344,296;6348,282;6353,280;6357,286;6361,286;6366,286;6370,298;6374,284;6379,296;6383,274;6387,272;6392,270;6396,270;6400,270;6405,290;6409,288;6413,288;6418,288;6422,286;6427,286;6431,276;6435,290;6440,290;6444,288;6448,274;6453,286;6457,264;6461,278;6466,276;6470,276;6474,262;6479,266;6483,280;6487,278;6492,278;6496,264;6501,264;6505,282;6509,282;6514,282;6518,294;6522,294;6527,278;6531,286;6535,270;6540,268;6544,270;6548,268;6553,288;6557,272;6561,244;6566,286;6570,286;6575,284;6579,290;6583,274;6588,288;6592,274;6596,272;\r\nBuffer sent in 0.972 secondsreturn;buffer;964\r\n'), 12:30:46
bytearray(b'received from UR: measure -> measure (0,1)\r\nSTEPPER: Moving to mstep: 6600 with speed [msteps/sec]: 1000 in StealthChop.\r\n'), 12:30:47
bytearray(b'STEPPER: Moving to mstep: 2400 with speed [msteps/sec]: 4000 in SpreadCycle.\r\n'), 12:30:52
bytearray(b'STEPPER: Moved 4200.00 msteps (ramp: 35%) in 1324.888 ms -> average speed [msteps/sec]: 3170.08\r\nreturn;measure;965\r\n'), 12:30:53
bytearray(b'received from UR: buffer -> buffer (0,1)\r\nSending buffer of size 965data;2400,308;2404,462;2408,142;2413,272;2417,328;2421,320;2426,332;2430,318;2434,332;2439,330;2443,322;2447,322;2452,320;2456,334;2460,318;2465,332;2469,324;2474,338;2478,322;2482,336;2487,320;2491,326;2495,326;2500,326;2504,324;2508,310;2513,322;2517,316;2521,342;2526,324;2530,326;2534,326;2539,326;2543,330;2548,330;2552,330;2556,314;2561,326;2565,318;2569,346;2574,330;2578,330;2582,328;2587,342;2591,334;2595,320;2600,332;2604,316;2608,330;2613,314;2617,334;2622,332;2626,346;2630,330;2635,330;2639,322;2643,320;2648,332;2652,318;2656,330;2661,330;2665,336;2669,320;2674,334;2678,318;2682,332;2687,330;2691,322;2696,322;2700,320;2704,318;2709,304;2713,336;2717,336;2722,336;2726,322;2730,334;2735,318;2739,310;2743,336;2748,322;2752,334;2756,320;2761,332;2765,324;2770,324;2774,322;2778,336;2783,320;2787,310;2791,324;2796,308;2800,322;2804,320;2809,334;2813,324;2817,338;2822,322;2826,336;2830,320;2835,348;2839,324;2844,324;2848,322;2852,308;2857,320;2861,328;2865,340;2870,326;2874,338;2878,324;2883,336;2887,328;2891,328;2896,326;2900,324;2904,324;2909,322;2913,342;2918,328;2922,340;2926,326;2931,340;2935,330;2939,316;2944,328;2948,314;2952,340;2957,326;2961,332;2965,330;2970,330;2974,316;2979,342;2983,314;2987,318;2992,332;2996,316;3000,330;3005,330;3009,334;3013,320;3018,332;3022,316;3026,330;3031,330;3035,322;3039,320;3044,320;3048,332;3053,332;3057,330;3061,322;3066,336;3070,322;3074,334;3079,318;3083,324;3087,324;3092,310;3096,322;3100,308;3105,334;3109,326;3114,326;3118,326;3122,326;3127,324;3131,316;3135,330;3140,314;3144,328;3148,312;3153,326;3157,318;3161,332;3166,316;3170,330;3174,316;3179,330;3183,334;3188,320;3192,318;3196,304;3201,318;3205,322;3209,336;3214,334;3218,334;3222,332;3227,332;3231,324;3235,322;3240,322;3244,320;3248,334;3253,320;3257,340;3261,324;3266,338;3270,322;3275,336;3279,326;3283,326;3288,326;3292,310;3296,334;3301,336;3305,328;3309,328;3314,326;3318,326;3322,326;3327,324;3331,330;3336,328;3340,314;3344,328;3349,312;3353,334;3357,332;3362,332;3366,332;3370,332;3375,330;3379,308;3383,320;3388,320;3392,332;3396,318;3401,330;3405,322;3410,336;3414,320;3418,334;3423,318;3427,324;3431,322;3436,322;3440,322;3444,320;3449,334;3453,324;3457,338;3462,322;3466,336;3470,320;3475,334;3479,326;3484,324;3488,324;3492,322;3497,322;3501,326;3505,328;3510,326;3514,340;3518,324;3523,324;3527,330;3531,316;3536,328;3540,314;3544,326;3549,312;3553,332;3558,316;3562,328;3566,328;3571,328;3575,332;3579,318;3584,330;3588,316;3592,316;3597,314;3601,348;3605,318;3610,332;3614,316;3618,332;3623,328;3627,320;3632,320;3636,320;3640,332;3645,318;3649,338;3653,322;3658,336;3662,334;3666,334;3671,334;3675,312;3679,324;3684,322;3688,336;3693,336;3697,334;3701,326;3706,326;3710,324;3714,324;3719,324;3723,330;3727,326;3732,314;3736,326;3740,312;3745,340;3749,318;3753,330;3758,330;3762,328;3767,328;3771,320;3775,318;3780,304;3784,316;3788,316;3793,328;3797,320;3801,334;3806,318;3810,332;3814,330;3819,344;3823,322;3827,320;3832,320;3836,320;3841,318;3845,324;3849,338;3854,322;3858,336;3862,322;3867,336;3871,326;3875,314;3880,326;3884,312;3888,324;3893,324;3897,330;3901,330;3906,330;3910,328;3915,328;3919,326;3923,318;3928,332;3932,316;3936,330;3941,316;3945,336;3949,320;3954,334;3958,318;3962,332;3967,318;3971,324;3975,336;3980,322;3984,322;3989,306;3993,334;3997,324;4002,338;4006,324;4010,336;4015,322;4019,328;4023,326;4028,326;4032,324;4036,324;4041,324;4045,330;4049,344;4054,314;4058,342;4063,314;4067,318;4071,332;4076,332;4080,330;4084,316;4089,314;4093,320;4097,334;4102,318;4106,332;4110,318;4115,330;4119,322;4123,308;4128,322;4132,306;4137,334;4141,326;4145,324;4150,324;4154,324;4158,322;4163,338;4167,328;4171,314;4176,326;4180,310;4184,324;4189,324;4193,344;4198,330;4202,342;4206,328;4211,340;4215,318;4219,318;4224,330;4228,316;4232,328;4237,314;4241,334;4245,318;4250,332;4254,330;4258,332;4263,328;4267,320;4272,320;4276,304;4280,318;4285,318;4289,338;4293,336;4298,336;4302,336;4306,334;4311,320;4315,326;4319,324;4324,324;4328,322;4332,308;4337,334;4341,326;4346,326;4350,324;4354,338;4359,336;4363,314;4367,326;4372,312;4376,340;4380,324;4385,336;4389,314;4393,342;4398,312;4402,340;4406,324;4411,316;4415,316;4420,314;4424,328;4428,326;4433,326;4437,316;4441,332;4446,330;4450,330;4454,326;4459,342;4463,318;4467,318;4472,316;4476,316;4480,314;4485,328;4489,334;4494,318;4498,332;4502,318;4507,330;4511,322;4515,320;4520,318;4524,318;4528,332;4533,330;4537,324;4541,322;4546,334;4550,320;4554,334;4559,318;4563,324;4568,324;4572,322;4576,336;4581,320;4585,340;4589,326;4594,326;4598,322;4602,336;4607,322;4611,314;4615,326;4620,312;4624,324;4628,324;4633,324;4637,328;4642,342;4646,314;4650,340;4655,312;4659,316;4663,328;4668,328;4672,328;4676,312;4681,326;4685,318;4689,330;4694,330;4698,328;4703,328;4707,326;4711,332;4716,318;4720,316;4724,316;4729,342;4733,320;4737,334;4742,318;4746,332;4750,316;4755,330;4759,336;4763,320;4768,320;4772,318;4777,332;4781,322;4785,336;4790,322;4794,336;4798,320;4803,332;4807,324;4811,322;4816,322;4820,308;4824,320;4829,306;4833,340;4837,324;4842,338;4846,322;4851,336;4855,326;4859,326;4864,324;4868,322;4872,322;4877,320;4881,326;4885,324;4890,338;4894,322;4898,336;4903,320;4907,312;4912,338;4916,324;4920,336;4925,320;4929,326;4933,326;4938,324;4942,322;4946,336;4951,322;4955,312;4959,324;4964,310;4968,338;4972,322;4977,334;4981,326;4986,338;4990,324;4994,336;4999,322;5003,312;5007,326;5012,324;5016,324;5020,322;5025,322;5029,328;5033,340;5038,326;5042,326;5046,324;5051,338;5055,328;5060,314;5064,312;5068,310;5073,324;5077,330;5081,328;5086,328;5090,328;5094,326;5099,340;5103,316;5107,330;5112,328;5116,314;5120,326;5125,312;5129,330;5134,330;5138,330;5142,328;5147,326;5151,332;5155,330;5160,330;5164,314;5168,328;5173,312;5177,346;5181,318;5186,332;5190,316;5194,330;5199,316;5203,320;5208,334;5212,318;5216,332;5221,304;5225,336;5229,322;5234,336;5238,320;5242,334;5247,318;5251,322;5255,322;5260,322;5264,320;5268,320;5273,334;5277,324;5282,324;5286,322;5290,336;5295,336;5299,314;5303,326;5308,310;5312,324;5316,324;5321,322;5325,328;5329,328;5334,326;5338,326;5342,324;5347,340;5351,330;5356,316;5360,328;5364,312;5369,326;5373,332;5377,332;5382,330;5386,344;5390,328;5395,342;5399,320;5403,318;5408,332;5412,316;5417,328;5421,314;5425,334;5430,320;5434,332;5438,318;5443,330;5447,322;5451,322;5456,334;5460,320;5464,332;5469,316;5473,324;5477,336;5482,336;5486,320;5491,334;5495,318;5499,326;5504,324;5508,322;5512,322;5517,308;5521,328;5525,326;5530,340;5534,326;5538,336;5543,324;5547,314;5551,342;5556,328;5560,326;5565,312;5569,324;5573,330;5578,344;5582,328;5586,342;5591,326;5595,318;5599,332;5604,316;5608,316;5612,314;5617,330;5621,320;5625,334;5630,318;5634,332;5639,316;5643,344;5647,322;5652,320;5656,334;5660,320;5665,332;5669,324;5673,336;5678,322;5682,322;5686,320;5691,320;5695,310;5699,310;5704,308;5708,308;5713,306;5717,312;5721,326;5726,310;5730,310;5734,310;5739,322;5743,328;5747,314;5752,314;5756,310;5760,310;5765,296;5769,316;5773,300;5778,314;5782,312;5787,326;5791,304;5795,304;5800,316;5804,302;5808,314;5813,300;5817,334;5821,304;5826,318;5830,302;5834,316;5839,302;5843,308;5847,306;5852,304;5856,304;5861,304;5865,324;5869,310;5874,322;5878,322;5882,320;5887,306;5891,312;5895,310;5900,310;5904,308;5908,308;5913,308;5917,314;5922,314;5926,312;5930,326;5935,312;5939,302;5943,302;5948,298;5952,328;5956,312;5961,312;5965,304;5969,318;5974,304;5978,330;5982,300;5987,306;5991,322;5996,306;6000,318;6004,304;6009,316;6013,308;6017,322;6022,306;6026,306;6030,290;6035,270;6039,282;6043,282;6048,280;6052,280;6057,266;6061,300;6065,300;6070,286;6074,284;6078,282;6083,296;6087,288;6091,286;6096,286;6100,286;6104,284;6109,290;6113,288;6117,288;6122,286;6126,286;6131,300;6135,290;6139,260;6144,288;6148,274;6152,274;6157,286;6161,290;6165,276;6170,290;6174,288;6178,274;6183,280;6187,278;6191,290;6196,276;6200,274;6205,286;6209,278;6213,278;6218,290;6222,290;6226,274;6231,266;6235,266;6239,278;6244,278;6248,276;6252,262;6257,296;6261,280;6265,278;6270,264;6274,264;6279,276;6283,268;6287,280;6292,280;6296,278;6300,278;6305,264;6309,298;6313,284;6318,282;6322,252;6326,280;6331,272;6335,272;6339,256;6344,284;6348,282;6353,282;6357,274;6361,260;6366,286;6370,300;6374,284;6379,298;6383,274;6387,274;6392,288;6396,286;6400,272;6405,278;6409,292;6413,290;6418,290;6422,288;6427,274;6431,280;6435,278;6440,290;6444,292;6448,290;6453,290;6457,296;6461,282;6466,294;6470,292;6474,278;6479,282;6483,282;6487,282;6492,294;6496,280;6501,280;6505,270;6509,284;6514,284;6518,296;6522,296;6527,280;6531,270;6535,270;6540,256;6544,268;6548,268;6553,274;6557,272;6562,286;6566,284;6570,270;6575,268;6579,260;6583,272;6588,272;6592,272;6596,270;\r\nBuffer sent in 0.973 secondsreturn;buffer;965\r\n'), 12:30:55
bytearray(b'received from UR: measure -> measure (0,1)\r\nSTEPPER: Moving to mstep: 6600 with speed [msteps/sec]: 1000 in StealthChop.\r\n'), 12:30:56
bytearray(b'STEPPER: Moving to mstep: 2400 with speed [msteps/sec]: 4000 in SpreadCycle.\r\n'), 12:31:00
bytearray(b'STEPPER: Moved 4200.00 msteps (ramp: 35%) in 1324.888 ms -> average speed [msteps/sec]: 3170.08\r\nreturn;measure;964\r\n'), 12:31:02
bytearray(b'received from UR: buffer -> buffer (0,1)\r\nSending buffer of size 964data;2400,296;2404,452;2408,164;2413,278;2417,306;2421,326;2426,342;2430,326;2434,340;2439,324;2443,318;2447,330;2452,316;2456,328;2460,314;2465,314;2469,320;2474,348;2478,332;2482,346;2487,330;2491,310;2495,322;2500,336;2504,334;2508,320;2513,332;2517,324;2521,338;2526,324;2530,336;2534,322;2539,314;2543,328;2548,326;2552,340;2556,326;2561,324;2565,318;2569,332;2574,316;2578,344;2582,328;2587,330;2591,334;2595,320;2600,320;2604,318;2609,332;2613,318;2617,338;2622,322;2626,336;2630,320;2635,336;2639,326;2643,312;2648,326;2652,324;2656,324;2661,310;2665,330;2669,330;2674,328;2678,328;2683,342;2687,320;2691,332;2696,332;2700,318;2704,328;2709,316;2713,336;2717,336;2722,334;2726,320;2730,332;2735,320;2739,326;2743,338;2748,324;2752,324;2757,308;2761,322;2765,316;2770,342;2774,328;2778,342;2783,328;2787,320;2791,334;2796,318;2800,332;2804,304;2809,318;2813,324;2817,338;2822,322;2826,338;2831,322;2835,314;2839,328;2844,328;2848,328;2852,326;2857,326;2861,318;2865,332;2870,332;2874,332;2878,316;2883,330;2887,336;2891,322;2896,336;2900,320;2905,320;2909,334;2913,328;2918,326;2922,326;2926,326;2931,340;2935,332;2939,318;2944,332;2948,316;2952,330;2957,330;2961,334;2965,320;2970,336;2974,320;2979,334;2983,320;2987,326;2992,326;2996,310;3000,324;3005,310;3009,344;3013,330;3018,330;3022,314;3026,328;3031,328;3035,332;3039,332;3044,330;3048,318;3053,316;3057,330;3061,322;3066,336;3070,320;3074,334;3079,318;3083,324;3087,338;3092,324;3096,324;3100,308;3105,322;3109,328;3114,328;3118,328;3122,328;3127,326;3131,320;3135,334;3140,318;3144,332;3148,304;3153,318;3157,324;3161,338;3166,324;3170,338;3174,322;3179,336;3183,328;3188,314;3192,328;3196,326;3201,340;3205,318;3209,332;3214,316;3218,330;3222,328;3227,342;3231,334;3235,320;3240,334;3244,318;3248,318;3253,332;3257,338;3262,322;3266,336;3270,322;3275,336;3279,328;3283,326;3288,326;3292,312;3296,324;3301,324;3305,330;3309,316;3314,328;3318,314;3322,328;3327,326;3331,318;3336,332;3340,304;3344,318;3349,316;3353,336;3357,336;3362,336;3366,320;3370,334;3375,318;3379,324;3383,338;3388,324;3392,322;3396,308;3401,322;3405,328;3410,342;3414,326;3418,340;3423,324;3427,316;3431,316;3436,328;3440,328;3444,328;3449,326;3453,318;3457,332;3462,332;3466,330;3471,330;3475,308;3479,322;3484,320;3488,334;3492,320;3497,332;3501,324;3505,324;3510,324;3514,338;3518,322;3523,336;3527,328;3531,328;3536,340;3540,326;3545,326;3549,318;3553,330;3558,316;3562,344;3566,328;3571,328;3575,334;3579,304;3584,318;3588,316;3592,330;3597,314;3601,348;3605,318;3610,346;3614,316;3619,330;3623,314;3627,322;3632,334;3636,318;3640,318;3645,316;3649,336;3653,322;3658,334;3662,318;3666,332;3671,318;3675,324;3679,336;3684,322;3688,322;3693,318;3697,318;3701,324;3706,338;3710,322;3714,322;3719,320;3723,326;3727,340;3732,324;3736,324;3740,308;3745,322;3749,328;3753,326;3758,324;3762,324;3767,324;3771,328;3775,330;3780,328;3784,326;3788,310;3793,324;3797,316;3801,342;3806,328;3810,342;3814,326;3819,304;3823,318;3828,316;3832,328;3836,328;3841,328;3845,320;3849,334;3854,318;3858,332;3862,330;3867,330;3871,322;3875,320;3880,320;3884,334;3888,332;3893,318;3897,324;3902,322;3906,322;3910,322;3915,334;3919,326;3923,312;3928,324;3932,324;3936,338;3941,322;3945,328;3949,328;3954,328;3958,326;3962,340;3967,324;3971,316;3976,330;3980,314;3984,342;3989,312;3993,334;3997,318;4002,332;4006,316;4010,332;4015,316;4019,308;4023,320;4028,322;4032,334;4036,320;4041,332;4045,324;4050,338;4054,322;4058,336;4063,322;4067,312;4071,326;4076,310;4080,324;4084,324;4089,336;4093,314;4097,342;4102,326;4106,326;4110,324;4115,338;4119,328;4124,328;4128,342;4132,326;4137,326;4141,318;4145,330;4150,330;4154,328;4158,314;4163,328;4167,318;4171,318;4176,332;4180,316;4184,330;4189,314;4193,334;4198,320;4202,334;4206,318;4211,330;4215,322;4219,322;4224,334;4228,320;4232,318;4237,304;4241,338;4245,322;4250,336;4254,322;4258,334;4263,318;4267,312;4272,324;4276,324;4280,338;4285,324;4289,330;4293,314;4298,328;4302,328;4306,326;4311,326;4315,304;4319,316;4324,316;4328,330;4332,314;4337,342;4341,320;4346,332;4350,318;4354,330;4359,328;4363,322;4367,334;4372,320;4376,334;4380,318;4385,332;4389,322;4393,336;4398,320;4402,334;4407,320;4411,312;4415,326;4420,324;4424,336;4428,322;4433,322;4437,326;4441,340;4446,324;4450,338;4454,324;4459,328;4467,312;4472,326;4476,312;4480,324;4485,324;4489,330;4494,314;4498,342;4502,326;4507,326;4511,332;4515,316;4520,330;4524,330;4528,330;4533,314;4537,334;4541,318;4546,332;4550,332;4555,330;4559,316;4563,308;4568,322;4572,320;4576,334;4581,304;4585,338;4589,324;4594,338;4598,322;4602,336;4607,320;4611,326;4615,340;4620,324;4624,324;4629,308;4633,322;4637,328;4642,328;4646,312;4650,340;4655,324;4659,330;4663,330;4668,330;4672,328;4676,314;4681,326;4685,318;4689,332;4694,330;4698,330;4703,330;4707,322;4711,334;4716,320;4720,320;4724,304;4729,318;4733,322;4737,336;4742,322;4746,334;4750,320;4755,334;4759,324;4763,324;4768,338;4772,322;4777,322;4781,314;4785,326;4790,326;4794,340;4798,310;4803,338;4807,328;4811,328;4816,328;4820,326;4824,326;4829,310;4833,332;4837,316;4842,344;4846,328;4851,342;4855,312;4859,318;4864,332;4868,330;4872,330;4877,328;4881,336;4885,320;4890,332;4894,332;4898,332;4903,330;4907,322;4911,334;4916,306;4920,320;4925,318;4929,330;4933,324;4938,336;4942,336;4946,334;4951,320;4955,310;4959,324;4964,324;4968,336;4972,322;4977,322;4981,326;4985,326;4990,324;4994,338;4999,324;5003,314;5007,328;5012,312;5016,326;5020,312;5025,324;5029,330;5033,344;5038,328;5042,328;5046,312;5051,326;5055,332;5060,332;5064,330;5068,316;5073,316;5077,320;5081,334;5086,320;5090,332;5094,318;5099,330;5103,322;5107,322;5112,334;5116,320;5120,334;5125,306;5129,338;5134,324;5138,338;5142,322;5147,336;5151,328;5155,328;5160,342;5164,326;5168,326;5173,310;5177,332;5181,316;5186,344;5190,328;5194,342;5199,326;5203,304;5208,318;5212,316;5216,330;5221,316;5225,328;5229,320;5234,332;5238,318;5242,332;5247,330;5251,322;5255,322;5260,320;5264,320;5268,318;5273,332;5277,324;5282,336;5286,322;5290,334;5295,320;5299,312;5303,324;5308,324;5312,336;5316,322;5321,334;5325,326;5329,340;5334,324;5338,338;5342,322;5347,314;5351,326;5356,324;5360,338;5364,322;5369,322;5373,314;5377,328;5382,326;5386,338;5390,324;5395,338;5399,332;5403,300;5408,328;5412,312;5416,326;5421,324;5425,344;5430,328;5434,330;5438,314;5443,326;5447,332;5451,318;5456,318;5460,314;5464,316;5469,314;5473,334;5477,318;5482,332;5486,316;5490,330;5495,314;5499,322;5504,334;5508,318;5512,318;5517,316;5521,322;5525,322;5530,334;5534,318;5538,332;5543,330;5547,322;5551,334;5556,320;5560,332;5565,304;5569,332;5573,322;5578,336;5582,322;5586,334;5591,320;5595,312;5599,338;5604,324;5608,336;5612,322;5617,322;5621,314;5625,326;5630,326;5634,340;5639,324;5643,314;5647,328;5652,328;5656,326;5660,326;5665,324;5669,316;5673,330;5678,328;5682,328;5686,314;5691,304;5695,318;5700,316;5704,316;5708,302;5713,314;5717,320;5721,320;5726,318;5730,318;5734,316;5739,316;5743,322;5747,294;5752,306;5756,304;5760,318;5765,304;5769,324;5774,310;5778,324;5782,308;5787,322;5791,312;5795,296;5800,310;5804,310;5808,322;5813,308;5817,314;5821,312;5826,326;5830,310;5834,310;5839,308;5843,300;5848,312;5852,312;5856,312;5861,310;5865,304;5869,302;5874,314;5878,314;5882,312;5887,298;5891,304;5895,316;5900,316;5904,314;5908,314;5913,314;5917,306;5922,318;5926,316;5930,316;5935,316;5939,292;5943,306;5948,306;5952,318;5956,304;5961,318;5965,308;5969,322;5974,306;5978,320;5982,306;5987,312;5991,312;5996,296;6000,310;6004,308;6009,308;6013,314;6017,314;6022,298;6026,298;6030,296;6035,310;6039,274;6043,272;6048,272;6052,284;6056,282;6061,288;6065,302;6070,286;6074,286;6078,286;6083,270;6087,276;6091,274;6096,274;6100,274;6104,272;6109,292;6113,292;6117,290;6122,288;6126,286;6131,272;6135,292;6139,262;6144,276;6148,274;6152,274;6157,272;6161,292;6165,292;6170,292;6174,290;6178,302;6183,280;6187,264;6191,278;6196,276;6200,276;6205,260;6209,294;6213,280;6218,292;6222,278;6226,276;6231,276;6235,268;6239,280;6244,280;6248,278;6252,278;6257,282;6261,282;6266,280;6270,280;6274,294;6279,278;6283,284;6287,296;6292,282;6296,282;6300,266;6305,280;6309,286;6313,272;6318,284;6322,296;6326,282;6331,274;6335,286;6340,256;6344,284;6348,284;6353,298;6357,274;6361,274;6366,286;6370,300;6374,284;6379,262;6383,276;6387,274;6392,272;6396,272;6400,270;6405,290;6409,290;6414,288;6418,288;6422,286;6427,272;6431,290;6435,276;6440,288;6444,288;6448,286;6453,278;6457,278;6461,276;6466,290;6470,274;6474,288;6479,292;6483,278;6488,276;6492,262;6496,290;6501,274;6505,280;6509,280;6514,264;6518,276;6522,276;6527,268;6531,268;6535,280;6540,264;6544,278;6548,264;6553,280;6557,282;6562,296;6566,280;6570,280;6575,278;6579,284;6583,284;6588,268;6592,268;6596,266;\r\nBuffer sent in 0.972 secondsreturn;buffer;964\r\n'), 12:31:04
bytearray(b'received from UR: measure -> measure (0,1)\r\nSTEPPER: Moving to mstep: 6600 with speed [msteps/sec]: 1000 in StealthChop.\r\n'), 12:31:05
bytearray(b'STEPPER: Moving to mstep: 2400 with speed [msteps/sec]: 4000 in SpreadCycle.\r\n'), 12:31:09
bytearray(b'STEPPER: Moved 4200.00 msteps (ramp: 35%) in 1324.888 ms -> average speed [msteps/sec]: 3170.08\r\nreturn;measure;964\r\n'), 12:31:10
bytearray(b'received from UR: buffer -> buffer (0,1)\r\nSending buffer of size 964data;2400,300;2404,452;2408,162;2413,276;2417,318;2421,324;2426,338;2430,322;2434,336;2439,320;2443,312;2447,326;2452,324;2456,338;2460,322;2465,322;2469,326;2474,340;2478,326;2482,338;2487,322;2491,330;2495,328;2500,314;2504,326;2508,324;2513,338;2517,314;2521,328;2526,328;2530,328;2534,326;2539,340;2543,330;2548,316;2552,330;2556,314;2561,340;2565,320;2569,332;2574,318;2578,332;2582,316;2587,330;2591,322;2595,320;2600,334;2604,318;2609,332;2613,330;2617,322;2622,320;2626,334;2630,320;2635,332;2639,324;2643,322;2648,336;2652,320;2656,334;2661,334;2665,324;2669,324;2674,338;2678,322;2683,336;2687,320;2691,312;2696,326;2700,324;2704,338;2709,324;2713,328;2717,328;2722,328;2726,326;2730,340;2735,324;2739,316;2743,330;2748,314;2752,328;2757,312;2761,326;2765,318;2770,330;2774,316;2778,330;2783,314;2787,320;2791,332;2796,316;2800,330;2804,316;2809,330;2813,320;2817,334;2822,318;2826,332;2831,316;2835,330;2839,322;2844,320;2848,334;2852,320;2857,332;2861,324;2865,338;2870,322;2874,336;2878,320;2883,320;2887,326;2891,324;2896,338;2900,336;2905,322;2909,318;2913,328;2918,326;2922,338;2926,322;2931,322;2935,328;2939,312;2944,326;2948,310;2952,324;2957,310;2961,330;2965,328;2970,340;2974,326;2979,340;2983,312;2987,316;2992,330;2996,314;3000,328;3005,314;3009,334;3013,318;3018,332;3022,318;3026,344;3031,328;3035,320;3039,320;3044,318;3048,332;3053,318;3057,330;3061,322;3066,336;3070,320;3074,334;3079,318;3083,324;3087,322;3092,320;3096,334;3100,320;3105,332;3109,324;3113,324;3118,322;3122,336;3127,334;3131,312;3135,326;3140,310;3144,336;3148,322;3153,334;3157,326;3161,324;3166,324;3170,336;3174,322;3179,336;3183,326;3188,310;3192,324;3196,310;3201,322;3205,328;3209,340;3214,324;3218,338;3222,322;3227,336;3231,326;3235,324;3240,324;3244,322;3248,322;3253,320;3257,340;3262,324;3266,336;3270,322;3275,334;3279,326;3283,324;3288,338;3292,322;3296,322;3301,320;3305,340;3309,324;3314,324;3318,322;3322,336;3327,320;3331,312;3336,326;3340,310;3344,322;3349,322;3353,328;3357,326;3362,326;3366,324;3370,338;3375,324;3379,314;3383,314;3388,312;3392,326;3396,310;3401,338;3405,328;3410,342;3414,326;3418,340;3423,324;3427,330;3431,328;3436,314;3440,326;3444,326;3449,338;3453,316;3457,328;3462,314;3466,328;3470,324;3475,324;3479,330;3484,314;3488,328;3492,326;3497,340;3501,318;3505,330;3510,328;3514,328;3518,326;3523,340;3527,332;3531,316;3536,330;3540,314;3544,342;3549,326;3553,318;3558,316;3562,330;3566,328;3571,342;3575,332;3579,316;3584,330;3588,314;3592,342;3597,312;3601,332;3605,316;3610,344;3614,328;3618,342;3623,314;3627,318;3632,332;3636,316;3640,330;3645,328;3649,334;3653,318;3658,332;3662,316;3666,330;3671,316;3675,320;3679,334;3684,318;3688,332;3693,330;3697,322;3701,320;3706,332;3710,318;3714,330;3719,316;3723,320;3727,334;3732,318;3736,332;3740,330;3745,328;3749,320;3753,334;3758,318;3762,332;3767,330;3771,308;3775,334;3780,320;3784,332;3788,318;3793,330;3797,322;3801,336;3806,320;3810,334;3814,318;3819,332;3823,322;3827,320;3832,320;3836,318;3841,332;3845,322;3849,322;3854,320;3858,334;3862,318;3867,332;3871,324;3875,322;3880,336;3884,320;3888,334;3893,318;3897,324;3901,322;3906,336;3910,320;3915,334;3919,324;3923,310;3928,338;3932,322;3936,336;3941,320;3945,328;3949,326;3954,338;3958,324;3962,338;3967,336;3971,314;3976,326;3980,312;3984,326;3989,312;3993,338;3997,316;4002,328;4006,314;4010,342;4015,326;4019,332;4023,318;4028,316;4032,330;4036,314;4041,328;4045,318;4050,346;4054,330;4058,330;4063,314;4067,320;4071,334;4076,318;4080,318;4084,316;4089,330;4093,336;4097,334;4102,320;4106,332;4110,318;4115,330;4119,336;4124,322;4128,334;4132,306;4137,332;4141,324;4145,336;4150,336;4154,334;4158,318;4163,332;4167,338;4171,324;4176,322;4180,322;4184,334;4189,318;4193,340;4198,310;4202,322;4206,322;4211,336;4215,320;4219,326;4224,324;4228,324;4232,322;4237,322;4241,340;4245,326;4250,324;4254,322;4258,336;4263,320;4267,314;4272,326;4276,312;4280,324;4285,324;4289,330;4293,328;4298,328;4302,326;4306,340;4311,324;4315,330;4319,328;4324,314;4328,328;4332,312;4337,340;4341,316;4346,330;4350,316;4354,328;4359,328;4363,318;4367,332;4372,316;4376,330;4380,314;4385,342;4389,318;4393,330;4398,316;4402,332;4407,316;4411,322;4415,320;4420,318;4424,332;4428,316;4433,330;4437,322;4441,334;4446,320;4450,334;4454,318;4459,332;4463,322;4467,320;4472,334;4476,318;4481,332;4485,324;4489,322;4494,320;4498,334;4502,334;4507,332;4511,324;4515,322;4520,336;4524,320;4528,334;4533,318;4537,324;4541,324;4546,338;4550,322;4555,334;4559,320;4563,312;4568,324;4572,310;4576,324;4581,308;4585,330;4589,314;4594,342;4598,326;4602,340;4607,324;4611,316;4615,330;4620,316;4624,328;4629,314;4633,326;4637,318;4642,332;4646,316;4650,330;4655,314;4659,320;4663,332;4668,318;4672,332;4676,330;4681,330;4685,320;4689,334;4694,332;4698,332;4703,330;4707,308;4711,336;4716,320;4720,332;4724,318;4729,330;4733,322;4737,334;4742,334;4746,334;4750,332;4755,332;4759,324;4763,322;4768,336;4772,320;4777,334;4781,324;4785,338;4790,324;4794,322;4803,336;4807,326;4811,312;4816,338;4820,324;4824,322;4829,322;4833,344;4837,326;4842,340;4846,312;4850,324;4855,324;4859,316;4864,328;4868,314;4872,326;4877,312;4881,332;4885,316;4890,330;4894,328;4898,328;4903,314;4907,320;4911,332;4916,332;4920,332;4924,316;4929,330;4933,322;4938,336;4942,334;4946,334;4951,320;4955,312;4959,324;4964,310;4968,324;4972,308;4977,336;4981,314;4985,340;4990,326;4994,340;4998,324;5003,338;5007,330;5012,316;5016,328;5020,314;5025,326;5029,318;5033,332;5038,316;5042,330;5046,314;5051,328;5055,334;5059,320;5064,332;5068,318;5073,330;5077,316;5081,336;5086,320;5090,334;5094,320;5099,334;5103,324;5107,310;5112,324;5116,322;5120,336;5125,320;5129,326;5133,324;5138,338;5142,324;5147,336;5151,322;5155,312;5160,326;5164,312;5168,340;5173,324;5177,330;5181,314;5186,342;5190,328;5194,340;5199,312;5203,318;5208,330;5212,316;5216,344;5221,328;5225,326;5229,320;5234,334;5238,318;5242,332;5247,316;5251,322;5255,322;5260,320;5264,334;5268,318;5273,330;5277,322;5282,336;5286,322;5290,336;5295,320;5299,312;5303,326;5308,324;5312,338;5316,324;5321,322;5325,328;5329,328;5334,326;5338,324;5342,324;5347,324;5351,330;5356,314;5360,342;5364,326;5369,326;5373,318;5377,332;5382,330;5386,344;5390,330;5395,342;5399,320;5403,304;5408,332;5412,316;5416,330;5421,330;5425,322;5430,320;5434,334;5438,318;5443,332;5447,324;5451,322;5456,322;5460,320;5464,334;5469,334;5473,324;5477,324;5482,324;5486,322;5490,322;5495,320;5499,312;5504,324;5508,324;5512,322;5517,308;5521,328;5525,326;5530,340;5534,324;5538,338;5543,324;5547,314;5551,328;5556,314;5560,340;5564,312;5569,324;5573,316;5578,330;5582,316;5586,342;5591,326;5595,318;5599,332;5604,318;5608,330;5612,316;5617,330;5621,320;5625,334;5630,318;5634,332;5638,330;5643,344;5647,320;5652,320;5656,334;5660,318;5665,332;5669,324;5673,322;5678,320;5682,320;5686,320;5691,318;5695,310;5699,310;5704,322;5708,306;5712,320;5717,312;5721,326;5726,310;5730,324;5734,322;5739,322;5743,312;5747,298;5752,324;5756,310;5760,322;5765,308;5769,314;5773,310;5778,326;5782,310;5787,324;5791,316;5795,300;5800,314;5804,312;5808,326;5813,312;5817,316;5821,316;5826,314;5830,314;5834,328;5839,312;5843,304;5847,316;5852,304;5856,316;5861,314;5865,306;5869,304;5874,316;5878,302;5882,316;5887,314;5891,306;5895,318;5900,304;5904,316;5908,300;5913,314;5917,320;5921,320;5926,318;5930,330;5935,316;5939,294;5943,306;5948,304;5952,318;5956,302;5961,330;5965,308;5969,320;5974,306;5978,320;5982,304;5987,330;5991,308;5995,306;6000,320;6004,304;6009,318;6013,308;6017,308;6022,292;6026,304;6030,290;6035,276;6039,280;6043,278;6048,278;6052,278;6056,276;6061,296;6065,280;6069,294;6074,292;6078,290;6083,290;6087,268;6091,266;6096,278;6100,278;6104,276;6109,276;6113,296;6117,294;6122,294;6126,292;6130,292;6135,284;6139,282;6144,296;6148,266;6152,278;6157,278;6161,284;6165,282;6170,266;6174,280;6178,294;6183,292;6187,270;6191,282;6196,268;6200,280;6204,264;6209,300;6213,284;6218,284;6222,280;6226,280;6231,278;6235,286;6239,284;6244,284;6248,282;6252,280;6257,294;6261,270;6265,284;6270,282;6274,282;6278,294;6283,272;6287,272;6292,270;6296,270;6300,254;6305,282;6309,288;6313,286;6318,272;6322,270;6326,270;6331,276;6335,288;6339,272;6344,272;6348,270;6353,284;6357,276;6361,276;6366,274;6370,288;6374,274;6379,256;6383,290;6387,276;6392,274;6396,272;6400,272;6405,278;6409,290;6413,274;6418,288;6422,272;6427,256;6431,276;6435,276;6440,274;6444,288;6448,272;6453,270;6457,276;6461,276;6466,288;6470,288;6474,286;6479,278;6483,290;6487,276;6492,274;6496,274;6501,274;6505,278;6509,292;6514,276;6518,288;6522,290;6527,288;6531,280;6535,278;6540,278;6544,276;6548,276;6553,268;6557,268;6561,280;6566,294;6570,292;6575,290;6579,268;6583,282;6588,266;6592,280;6596,264;\r\nBuffer sent in 0.972 secondsreturn;buffer;964\r\n'), 12:31:12
bytearray(b'received from UR: measure -> measure (0,1)\r\nSTEPPER: Moving to mstep: 6600 with speed [msteps/sec]: 1000 in StealthChop.\r\n'), 12:31:13
bytearray(b'STEPPER: Moving to mstep: 2400 with speed [msteps/sec]: 4000 in SpreadCycle.\r\n'), 12:31:17
bytearray(b'STEPPER: Moved 4200.00 msteps (ramp: 35%) in 1324.888 ms -> average speed [msteps/sec]: 3170.08\r\nreturn;measure;964\r\n'), 12:31:19
bytearray(b'received from UR: buffer -> buffer (0,1)\r\nSending buffer of size 964data;2400,312;2404,468;2408,138;2413,280;2417,322;2421,328;2426,342;2430,326;2434,340;2439,324;2443,330;2447,330;2452,314;2456,314;2460,312;2465,326;2469,332;2474,346;2478,330;2482,330;2487,316;2491,320;2495,334;2500,332;2504,332;2508,318;2513,318;2517,322;2521,336;2526,334;2530,334;2534,334;2539,332;2543,324;2547,310;2552,336;2556,322;2561,336;2565,326;2569,340;2574,326;2578,326;2582,324;2587,338;2591,330;2595,314;2600,328;2604,314;2608,326;2613,326;2617,346;2622,330;2626,330;2630,316;2635,328;2639,334;2643,320;2648,318;2652,318;2656,316;2661,316;2665,336;2669,322;2674,336;2678,320;2682,334;2687,318;2691,324;2696,338;2700,324;2704,322;2709,308;2713,328;2717,328;2722,328;2726,326;2730,326;2735,324;2739,316;2743,330;2748,316;2752,330;2756,314;2761,328;2765,320;2770,332;2774,318;2778,332;2783,316;2787,308;2791,322;2796,322;2800,334;2804,320;2809,332;2813,324;2817,338;2822,322;2826,336;2831,322;2835,334;2839,326;2844,312;2848,324;2852,324;2857,336;2861,314;2865,342;2870,326;2874,340;2878,324;2883,338;2887,328;2891,314;2896,326;2900,312;2905,326;2909,324;2913,330;2918,316;2922,342;2926,326;2931,328;2935,332;2939,316;2944,330;2948,316;2952,328;2957,328;2961,334;2965,318;2970,332;2974,316;2979,330;2983,328;2987,320;2992,320;2996,304;3000,316;3005,316;3009,336;3013,320;3018,334;3022,318;3026,332;3031,330;3035,322;3039,334;3044,320;3048,334;3053,318;3057,330;3061,324;3066,336;3070,320;3074,334;3079,320;3083,326;3087,326;3092,324;3096,324;3100,308;3105,322;3109,328;3113,328;3118,326;3122,326;3127,324;3131,316;3135,330;3140,316;3144,342;3148,314;3153,326;3157,318;3161,332;3166,318;3170,344;3174,330;3179,344;3183,322;3187,306;3192,318;3196,304;3201,332;3205,322;3209,320;3218,334;3222,318;3227,332;3231,324;3235,324;3240,336;3244,322;3248,320;3253,320;3257,340;3261,326;3266,338;3270,324;3274,336;3279,314;3283,314;3288,326;3292,326;3296,338;3301,324;3305,330;3309,314;3314,328;3318,326;3322,326;3327,324;3331,316;3335,330;3340,328;3344,328;3349,328;3353,326;3357,318;3362,332;3366,330;3370,330;3375,328;3379,306;3383,318;3388,318;3392,332;3396,316;3401,330;3405,320;3409,334;3414,320;3418,332;3423,332;3427,324;3431,322;3436,308;3440,320;3444,320;3449,332;3453,324;3457,338;3462,322;3466,336;3470,320;3475,334;3479,340;3483,324;3488,324;3492,310;3497,322;3501,328;3505,328;3510,326;3514,326;3518,324;3523,324;3527,330;3531,316;3536,328;3540,312;3544,326;3549,326;3553,332;3558,330;3562,330;3566,314;3571,328;3575,334;3579,318;3584,332;3588,316;3592,330;3597,316;3601,336;3605,320;3610,334;3614,318;3618,332;3623,316;3627,324;3632,336;3636,320;3640,320;3645,320;3649,318;3653,324;3658,338;3662,322;3666,336;3671,322;3675,326;3679,326;3684,310;3688,324;3692,324;3697,336;3701,314;3706,340;3710,326;3714,338;3719,324;3723,316;3727,328;3732,314;3736,328;3740,326;3745,340;3749,316;3753,330;3758,316;3762,328;3766,328;3771,328;3775,320;3780,304;3784,318;3788,316;3793,330;3797,320;3801,334;3806,318;3810,332;3814,318;3819,332;3823,324;3827,322;3832,322;3836,320;3840,320;3845,318;3849,326;3854,324;3858,338;3862,322;3867,336;3871,328;3875,326;3880,340;3884,324;3888,324;3893,310;3897,330;3901,328;3906,328;3910,326;3914,340;3919,324;3923,316;3928,330;3932,314;3936,328;3941,312;3945,332;3949,332;3954,330;3958,330;3962,330;3967,314;3971,320;3975,334;3980,318;3984,332;3988,316;3993,344;3997,320;4002,334;4006,318;4010,332;4015,316;4019,308;4023,320;4028,334;4032,334;4036,318;4041,318;4045,322;4049,336;4054,320;4058,336;4063,320;4067,312;4071,326;4076,324;4080,324;4084,322;4089,322;4093,328;4097,328;4102,326;4106,340;4110,324;4115,338;4119,330;4123,328;4128,328;4132,312;4137,326;4141,324;4145,330;4150,316;4154,328;4158,328;4163,328;4167,332;4171,318;4176,330;4180,302;4184,328;4189,314;4193,336;4197,318;4202,332;4206,318;4211,330;4215,322;4219,322;4224,336;4228,320;4232,320;4237,318;4241,336;4245,324;4250,338;4254,322;4258,336;4263,320;4267,328;4271,328;4276,326;4280,324;4285,310;4289,324;4293,330;4298,330;4302,316;4306,342;4311,326;4315,320;4319,332;4324,318;4328,330;4332,316;4337,330;4341,322;4345,336;4350,320;4354,334;4359,320;4363,312;4367,338;4372,324;4376,338;4380,310;4385,336;4389,314;4393,326;4398,312;4402,326;4406,326;4411,340;4415,330;4419,316;4424,330;4428,328;4433,328;4437,320;4441,334;4446,320;4450,332;4454,318;4459,332;4463,322;4467,308;4472,322;4476,320;4480,334;4485,320;4489,340;4493,326;4498,340;4502,324;4507,338;4511,330;4515,314;4520,328;4524,328;4528,340;4533,326;4537,332;4541,318;4546,330;4550,316;4554,344;4559,328;4563,320;4568,334;4572,318;4576,332;4581,332;4585,338;4589,322;4594,336;4598,320;4602,334;4607,320;4611,324;4615,338;4620,324;4624,322;4628,308;4633,320;4637,326;4642,340;4646,326;4650,340;4655,324;4659,316;4663,330;4668,330;4672,328;4676,328;4681,328;4685,318;4689,332;4694,332;4698,332;4703,316;4707,330;4711,322;4716,320;4720,334;4724,320;4729,332;4733,324;4737,324;4742,322;4746,336;4750,320;4755,334;4759,326;4763,310;4768,324;4772,324;4777,336;4781,322;4785,342;4790,326;4794,326;4798,324;4803,338;4807,330;4811,314;4816,328;4820,312;4824,326;4829,312;4833,346;4837,318;4842,334;4846,316;4851,330;4855,322;4859,320;4864,334;4868,320;4872,332;4877,318;4881,338;4885,322;4890,336;4894,322;4898,336;4903,320;4907,326;4911,326;4916,324;4920,324;4925,310;4929,322;4933,328;4938,328;4942,326;4946,326;4951,324;4955,318;4959,330;4964,316;4968,328;4972,314;4977,326;4981,318;4985,332;4990,318;4994,330;4999,316;5003,322;5007,334;5012,318;5016,318;5020,316;5025,316;5029,322;5033,336;5038,320;5042,334;5046,318;5051,332;5055,338;5059,322;5064,322;5068,320;5073,320;5077,332;5081,324;5086,322;5090,336;5094,322;5099,334;5103,326;5107,326;5112,338;5116,324;5120,322;5125,306;5129,328;5133,326;5138,326;5142,324;5147,338;5151,330;5155,328;5160,342;5164,314;5168,326;5173,312;5177,332;5181,330;5186,344;5190,328;5194,342;5199,328;5203,306;5207,332;5212,318;5216,330;5221,316;5225,330;5229,320;5234,334;5238,318;5242,332;5247,318;5251,322;5255,322;5260,320;5264,320;5268,334;5273,332;5277,312;5282,324;5286,322;5290,322;5295,322;5299,326;5303,326;5308,312;5312,324;5316,324;5321,336;5325,328;5329,328;5334,326;5338,326;5342,324;5347,338;5351,330;5356,314;5360,328;5364,314;5369,326;5373,318;5377,332;5382,316;5386,330;5390,314;5395,328;5399,334;5403,318;5408,332;5412,316;5416,330;5421,316;5425,336;5430,320;5434,334;5438,332;5443,332;5447,324;5451,322;5456,336;5460,322;5464,322;5469,320;5473,326;5477,326;5482,324;5486,324;5490,336;5495,314;5499,314;5504,326;5508,326;5512,326;5517,324;5521,332;5525,330;5530,330;5534,328;5538,328;5543,326;5547,306;5551,332;5556,318;5560,332;5564,316;5569,332;5573,322;5578,336;5582,320;5586,334;5591,320;5595,324;5599,324;5604,310;5608,324;5612,324;5617,336;5621,328;5625,342;5630,314;5634,340;5638,312;5643,340;5647,332;5652,316;5656,330;5660,314;5665,328;5669,320;5673,334;5678,320;5682,318;5686,316;5691,316;5695,308;5699,322;5704,320;5708,320;5713,318;5717,310;5721,324;5726,310;5730,310;5734,308;5739,322;5743,312;5747,312;5752,312;5756,296;5760,308;5765,308;5769,314;5773,300;5778,314;5782,310;5787,326;5791,318;5795,316;5800,316;5804,300;5808,314;5813,314;5817,318;5821,304;5826,318;5830,316;5834,316;5839,314;5843,306;5848,304;5852,304;5856,304;5861,316;5865,308;5869,308;5874,322;5878,306;5882,320;5887,318;5891,296;5895,308;5900,308;5904,320;5908,306;5913,318;5917,310;5922,324;5926,308;5930,308;5935,306;5939,298;5943,312;5948,310;5952,324;5956,310;5961,322;5965,314;5969,328;5974,314;5978,326;5982,312;5987,304;5991,316;5996,300;6000,316;6004,300;6009,314;6013,306;6017,320;6022,304;6026,304;6030,288;6035,280;6039,292;6043,278;6048,278;6052,290;6056,290;6061,282;6065,296;6070,282;6074,280;6078,280;6083,280;6087,272;6091,272;6096,284;6100,256;6104,284;6109,282;6113,288;6117,288;6122,274;6126,272;6130,258;6135,292;6139,278;6144,290;6148,276;6152,290;6157,288;6161,252;6165,280;6170,294;6174,292;6178,292;6183,284;6187,282;6191,282;6196,282;6200,294;6205,280;6209,286;6213,272;6218,272;6222,284;6226,298;6231,282;6235,260;6239,288;6244,286;6248,286;6252,284;6257,276;6261,276;6265,246;6270,288;6274,288;6279,286;6283,278;6287,278;6292,278;6296,290;6300,262;6305,288;6309,294;6313,294;6318,292;6322,278;6326,290;6331,268;6335,282;6339,266;6344,280;6348,266;6353,278;6357,284;6361,298;6366,282;6370,282;6374,280;6379,294;6383,286;6387,284;6392,284;6396,284;6400,282;6405,288;6409,302;6414,286;6418,272;6422,284;6427,298;6431,276;6435,288;6440,274;6444,288;6448,286;6453,278;6457,278;6461,278;6466,290;6470,290;6474,274;6479,280;6483,266;6488,264;6492,278;6496,276;6501,248;6505,296;6509,280;6514,280;6518,278;6522,264;6527,264;6531,254;6535,282;6540,268;6544,280;6548,266;6553,286;6557,284;6562,270;6566,284;6570,298;6575,282;6579,246;6583,288;6588,286;6592,286;6596,286;\r\nBuffer sent in 0.972 secondsreturn;buffer;964\r\n'), 12:31:21
bytearray(b'received from UR: measure -> measure (0,1)\r\nSTEPPER: Moving to mstep: 6600 with speed [msteps/sec]: 1000 in StealthChop.\r\n'), 12:31:22
bytearray(b'STEPPER: Moving to mstep: 2400 with speed [msteps/sec]: 4000 in SpreadCycle.\r\n'), 12:31:26
bytearray(b'STEPPER: Moved 4200.00 msteps (ramp: 35%) in 1324.884 ms -> average speed [msteps/sec]: 3170.09\r\nreturn;measure;965\r\n'), 12:31:27
bytearray(b'received from UR: buffer -> buffer (0,1)\r\nSending buffer of size 965data;2400,290;2404,456;2408,168;2413,282;2417,310;2421,316;2426,344;2430,314;2434,328;2439,326;2443,318;2447,332;2452,316;2456,330;2460,330;2465,330;2469,322;2474,336;2478,320;2482,334;2487,320;2491,326;2495,326;2500,324;2504,324;2508,310;2513,322;2517,328;2521,328;2526,326;2530,326;2534,326;2539,326;2543,332;2548,316;2552,330;2556,314;2561,328;2565,334;2569,334;2574,318;2578,332;2582,316;2587,330;2591,336;2595,320;2600,334;2604,320;2609,332;2613,316;2617,338;2622,322;2626,336;2630,320;2635,334;2639,326;2643,326;2648,324;2652,310;2656,324;2661,322;2665,328;2669,314;2674,342;2678,326;2683,328;2687,326;2691,318;2696,330;2700,316;2704,330;2709,328;2713,334;2717,320;2722,332;2726,318;2730,330;2735,316;2739,320;2743,332;2748,318;2752,332;2757,316;2761,328;2765,322;2770,334;2774,318;2778,332;2783,318;2787,324;2791,338;2796,322;2800,322;2804,306;2809,320;2813,324;2817,338;2822,324;2826,338;2831,322;2835,314;2839,328;2844,326;2848,326;2852,324;2857,324;2861,316;2865,344;2870,328;2874,328;2878,314;2883,326;2887,318;2891,332;2896,330;2900,330;2905,328;2909,320;2913,334;2918,332;2922,332;2926,330;2931,330;2935,320;2939,308;2944,334;2948,320;2952,332;2957,318;2961,324;2965,322;2970,336;2974,322;2979,334;2983,320;2987,310;2992,324;2996,324;3000,336;3005,322;3009,328;3013,326;3018,326;3022,326;3026,338;3031,324;3035,314;3039,326;3044,328;3048,326;3053,326;3057,324;3061,316;3066,330;3070,328;3074,328;3079,314;3083,318;3087,318;3092,332;3096,330;3100,330;3105,328;3109,322;3114,334;3118,334;3122,334;3127,320;3131,308;3135,324;3140,310;3144,338;3148,322;3153,336;3157,328;3161,328;3166,326;3170,324;3174,324;3179,338;3183,330;3188,314;3192,328;3196,314;3201,328;3205,332;3209,346;3214,318;3218,332;3222,316;3227,330;3231,320;3235,320;3240,332;3244,318;3248,316;3253,316;3257,336;3262,320;3266,334;3270,318;3275,332;3279,324;3283,324;3288,336;3292,322;3296,322;3301,320;3305,326;3309,324;3314,338;3318,324;3322,338;3327,324;3331,328;3336,342;3340,328;3344,326;3349,312;3353,332;3357,332;3362,330;3366,318;3370,330;3375,314;3379,306;3383,334;3388,320;3392,334;3396,318;3401,332;3405,324;3410,338;3414,322;3418,336;3423,320;3427,312;3431,326;3436,326;3440,326;3444,310;3449,324;3453,330;3457,330;3462,328;3466,328;3470,328;3475,328;3479,334;3484,318;3488,332;3492,318;3497,318;3501,322;3505,322;3510,334;3514,334;3518,320;3523,334;3527,324;3531,324;3536,338;3540,322;3544,336;3549,308;3553,328;3558,328;3562,328;3566,326;3571,340;3575,318;3579,316;3584,330;3588,316;3592,330;3597,314;3601,334;3605,320;3610,334;3614,318;3619,346;3623,330;3627,322;3632,322;3636,308;3640,320;3645,320;3649,340;3653,324;3658,338;3662,324;3666,336;3671,322;3675,328;3679,328;3684,312;3688,324;3693,326;3697,324;3701,330;3706,330;3710,314;3714,328;3719,326;3723,318;3727,332;3732,318;3736,330;3740,316;3745,328;3749,334;3753,334;3758,320;3762,332;3767,316;3771,322;3775,336;3780,322;3784,334;3788,306;3793,320;3797,324;3801,338;3806,322;3810,336;3814,322;3819,334;3823,326;3828,312;3832,324;3836,310;3841,322;3845,328;3849,342;3854,326;3858,340;3862,324;3867,324;3871,328;3875,328;3880,328;3884,326;3888,324;3893,310;3897,330;3902,328;3906,342;3910,328;3915,328;3919,320;3923,304;3928,318;3932,304;3936,332;3941,318;3945,336;3949,322;3954,334;3958,320;3962,334;3967,318;3971,324;3976,338;3980,322;3984,320;3989,306;3993,326;3997,324;4002,338;4006,322;4010,336;4015,322;4019,314;4023,326;4028,326;4032,324;4036,324;4041,322;4045,314;4050,328;4054,326;4058,340;4063,324;4067,316;4071,330;4076,328;4080,328;4084,326;4089,326;4093,318;4097,330;4102,328;4106,328;4110,314;4115,340;4119,318;4124,318;4128,330;4132,316;4137,328;4141,322;4145,334;4150,332;4154,332;4158,330;4163,330;4167,322;4171,320;4176,334;4180,318;4184,332;4189,316;4193,336;4198,322;4202,336;4206,320;4211,334;4215,326;4219,324;4224,324;4228,322;4232,322;4237,322;4241,326;4245,326;4250,340;4254,324;4258,338;4263,322;4267,328;4272,328;4276,326;4280,326;4285,310;4289,330;4293,328;4298,328;4302,328;4306,342;4311,326;4315,318;4319,332;4324,316;4328,330;4332,314;4337,342;4341,320;4346,332;4350,332;4354,332;4359,330;4363,308;4367,322;4372,320;4376,334;4380,320;4385,332;4389,322;4393,336;4398,320;4402,334;4407,320;4411,332;4415,324;4420,308;4424,322;4428,322;4433,334;4437,326;4441,340;4446,324;4450,338;4454,322;4459,336;4463,328;4467,312;4472,326;4476,312;4481,324;4485,324;4489,328;4494,314;4498,328;4502,328;4507,326;4511,330;4515,330;4520,328;4524,314;4528,328;4533,312;4537,334;4541,332;4546,332;4550,318;4555,332;4559,324;4563,322;4568,336;4572,322;4576,334;4581,306;4585,340;4589,324;4594,338;4598,322;4602,336;4607,322;4611,312;4615,326;4620,326;4624,338;4629,324;4633,322;4637,314;4642,328;4646,326;4650,340;4655,324;4659,316;4663,328;4668,314;4672,326;4676,326;4681,340;4685,318;4689,330;4694,316;4698,330;4703,328;4707,320;4711,318;4716,304;4720,316;4724,316;4729,328;4733,334;4737,334;4742,318;4746,332;4750,330;4755,328;4759,334;4763,320;4768,332;4772,304;4777,318;4781,322;4785,336;4790,320;4794,334;4798,320;4803,332;4807,324;4811,324;4816,338;4820,322;4824,322;4829,306;4833,328;4838,326;4842,340;4846,324;4851,338;4855,330;4859,314;4864,314;4868,312;4872,326;4877,326;4881,346;4885,328;4890,344;4894,328;4898,328;4903,328;4907,320;4912,320;4916,304;4920,318;4925,316;4929,336;4933,322;4938,336;4942,320;4946,334;4951,318;4955,324;4959,338;4964,322;4968,322;4972,308;4977,320;4981,326;4986,340;4990,312;4994,326;4999,324;5003,330;5007,330;5012,316;5016,328;5020,312;5025,326;5029,318;5033,346;5038,318;5042,330;5047,316;5051,308;5055,320;5060,320;5064,332;5068,318;5073,332;5077,324;5081,336;5086,322;5090,336;5094,334;5099,334;5103,324;5107,324;5112,338;5116,324;5121,322;5125,308;5129,328;5134,326;5138,326;5142,326;5147,324;5151,330;5155,330;5160,344;5164,328;5168,328;5173,312;5177,334;5181,318;5186,346;5190,316;5195,344;5199,322;5203,306;5208,320;5212,318;5216,332;5221,318;5225,352;5229,322;5234,336;5238,320;5242,334;5247,320;5251,326;5255,324;5260,310;5264,322;5269,322;5273,336;5277,314;5282,328;5286,312;5290,326;5295,324;5299,330;5303,330;5308,316;5312,328;5316,328;5321,328;5325,320;5329,332;5334,318;5338,330;5343,330;5347,322;5351,334;5356,320;5360,334;5364,318;5369,332;5373,324;5377,338;5382,322;5386,336;5390,320;5395,334;5399,340;5403,326;5408,324;5412,310;5417,324;5421,324;5425,330;5430,314;5434,342;5438,328;5443,340;5447,332;5451,318;5456,318;5460,316;5464,316;5469,316;5473,336;5478,322;5482,336;5486,320;5491,334;5495,326;5499,326;5504,326;5508,324;5512,324;5517,308;5521,328;5525,328;5530,342;5534,326;5538,340;5543,326;5547,318;5552,330;5556,316;5560,344;5565,316;5569,336;5573,320;5578,334;5582,318;5586,332;5591,318;5595,310;5599,336;5604,308;5608,322;5612,322;5617,334;5621,326;5626,340;5630,324;5634,338;5639,324;5643,330;5647,328;5652,314;5656,324;5660,312;5665,326;5669,318;5673,332;5678,316;5682,330;5686,316;5691,308;5695,320;5700,306;5704,306;5708,304;5713,318;5717,310;5721,322;5726,322;5730,320;5734,306;5739,320;5743,312;5747,310;5752,324;5756,310;5761,308;5765,314;5769,328;5774,312;5778,326;5782,310;5787,310;5791,316;5795,300;5800,314;5804,298;5808,312;5813,310;5817,316;5821,302;5826,328;5830,314;5835,328;5839,304;5843,302;5848,302;5852,302;5856,314;5861,298;5865,320;5869,316;5874,302;5878,302;5882,300;5887,314;5891,318;5895,318;5900,316;5904,316;5909,300;5913,320;5917,318;5922,318;5926,302;5930,316;5935,314;5939,306;5943,320;5948,306;5952,318;5956,302;5961,316;5965,308;5969,322;5974,306;5978,320;5983,306;5987,310;5991,310;5996,294;6000,306;6004,306;6009,318;6013,310;6017,324;6022,308;6026,308;6030,292;6035,284;6039,282;6043,280;6048,280;6052,278;6057,278;6061,284;6065,296;6070,282;6074,294;6078,294;6083,278;6087,284;6091,270;6096,282;6100,280;6104,280;6109,286;6113,298;6118,296;6122,296;6126,282;6131,280;6135,300;6139,270;6144,284;6148,282;6152,280;6157,280;6161,286;6165,284;6170,284;6174,284;6178,296;6183,288;6187,286;6192,300;6196,286;6200,298;6205,268;6209,302;6213,288;6218,286;6222,286;6226,298;6231,276;6235,274;6239,274;6244,272;6248,272;6252,256;6257,290;6261,288;6266,288;6270,286;6274,272;6279,284;6283,276;6287,290;6292,276;6296,288;6300,272;6305,272;6309,292;6313,278;6318,290;6322,290;6326,288;6331,280;6335,294;6340,278;6344,278;6348,262;6353,274;6357,282;6361,280;6366,292;6370,292;6374,290;6379,254;6383,282;6387,280;6392,294;6396,280;6400,292;6405,282;6409,282;6414,268;6418,252;6422,278;6427,276;6431,284;6435,284;6440,282;6444,268;6448,266;6453,286;6457,270;6461,284;6466,298;6470,282;6474,282;6479,286;6483,272;6488,270;6492,270;6496,282;6501,268;6505,272;6509,286;6514,286;6518,284;6522,270;6527,274;6531,274;6535,272;6540,244;6544,286;6549,272;6553,290;6557,276;6562,262;6566,260;6570,246;6575,288;6579,278;6583,278;6588,278;6592,276;6596,276;\r\nBuffer sent in 0.973 secondsreturn;buffer;965\r\n'), 12:31:29
bytearray(b'received from UR: measure -> measure (0,1)\r\nSTEPPER: Moving to mstep: 6600 with speed [msteps/sec]: 1000 in StealthChop.\r\n'), 12:31:30
bytearray(b'STEPPER: Moving to mstep: 2400 with speed [msteps/sec]: 4000 in SpreadCycle.\r\n'), 12:31:35
bytearray(b'STEPPER: Moved 4200.00 msteps (ramp: 35%) in 1324.892 ms -> average speed [msteps/sec]: 3170.07\r\nreturn;measure;965\r\n'), 12:31:36
bytearray(b'received from UR: buffer -> buffer (0,1)\r\nSending buffer of size 965data;2400,308;2404,440;2408,194;2413,280;2417,308;2421,328;2426,328;2430,326;2434,340;2439,324;2443,316;2447,330;2452,330;2456,328;2460,314;2465,328;2469,320;2474,332;2478,318;2482,332;2487,330;2491,322;2495,320;2500,320;2504,334;2508,332;2513,332;2517,324;2521,336;2526,336;2530,334;2534,334;2539,334;2543,338;2548,324;2552,324;2556,322;2561,336;2565,328;2569,328;2574,326;2578,340;2582,324;2587,338;2591,330;2595,316;2600,328;2604,314;2608,314;2613,312;2617,334;2622,318;2626,332;2630,316;2635,332;2639,324;2643,322;2648,322;2652,322;2656,334;2661,320;2665,340;2669,324;2674,324;2678,322;2682,336;2687,320;2691,328;2696,326;2700,326;2704,324;2709,310;2713,330;2717,328;2722,328;2726,328;2730,328;2735,326;2739,318;2743,330;2748,316;2752,316;2757,302;2761,326;2765,334;2770,334;2774,318;2778,332;2783,316;2787,308;2791,320;2796,320;2800,332;2804,318;2809,330;2813,322;2817,336;2822,320;2826,348;2831,318;2835,332;2839,324;2844,324;2848,322;2852,320;2857,320;2861,326;2865,340;2870,324;2874,338;2878,322;2883,336;2887,326;2891,326;2896,326;2900,326;2905,324;2909,324;2913,330;2918,328;2922,328;2926,328;2931,326;2935,318;2939,318;2944,330;2948,330;2952,330;2957,314;2961,334;2965,334;2970,332;2974,318;2979,332;2983,324;2987,322;2992,336;2996,320;3000,334;3005,318;3009,338;3013,324;3018,338;3022,322;3026,336;3031,320;3035,314;3039,326;3044,324;3048,324;3053,322;3057,322;3061,328;3066,328;3070,326;3074,326;3079,324;3083,316;3087,330;3092,328;3096,328;3100,312;3105,326;3109,318;3113,330;3118,330;3122,330;3127,328;3131,320;3135,318;3140,318;3144,332;3148,330;3153,330;3157,320;3161,334;3166,318;3170,332;3174,332;3179,344;3183,322;3188,308;3192,322;3196,306;3201,334;3205,326;3209,340;3214,324;3218,338;3222,324;3227,338;3231,314;3235,314;3240,328;3244,326;3248,326;3253,324;3257,332;3262,328;3266,330;3270,328;3275,328;3279,332;3283,318;3288,330;3292,330;3296,330;3301,314;3305,334;3309,334;3314,334;3318,318;3322,332;3327,316;3331,322;3336,322;3340,320;3344,334;3349,320;3353,324;3357,324;3362,336;3366,336;3370,334;3375,320;3379,312;3383,338;3388,324;3392,336;3396,320;3401,334;3405,326;3410,326;3414,324;3418,338;3423,336;3427,314;3431,312;3436,312;3440,338;3444,324;3449,324;3453,316;3457,328;3462,326;3466,340;3470,324;3475,338;3479,330;3484,314;3488,326;3492,312;3497,338;3501,316;3505,330;3510,328;3514,328;3518,326;3523,326;3527,330;3531,316;3536,328;3540,314;3544,326;3549,318;3553,332;3558,316;3562,330;3566,328;3571,328;3575,332;3579,318;3584,332;3588,316;3592,330;3597,314;3601,334;3605,320;3610,332;3614,316;3619,332;3623,330;3627,320;3632,320;3636,318;3640,332;3645,330;3649,336;3653,322;3658,334;3662,320;3666,332;3671,318;3675,322;3679,322;3684,320;3688,320;3693,318;3697,332;3701,324;3706,324;3710,322;3714,336;3719,320;3723,326;3727,326;3732,324;3736,324;3740,308;3745,322;3749,326;3753,342;3758,326;3762,326;3767,324;3771,318;3775,330;3780,314;3784,328;3788,314;3793,326;3797,318;3801,332;3806,316;3810,330;3814,328;3819,328;3823,334;3827,320;3832,320;3836,320;3841,332;3845,324;3849,338;3854,322;3858,336;3862,320;3867,334;3871,312;3875,312;3880,326;3884,324;3888,324;3893,322;3897,330;3901,328;3906,328;3910,326;3915,328;3919,318;3923,316;3928,330;3932,316;3936,328;3941,314;3945,334;3949,318;3954,332;3958,318;3962,330;3967,316;3971,322;3976,334;3980,308;3984,320;3989,318;3993,332;3997,324;4002,338;4006,322;4010,336;4015,322;4019,326;4023,326;4028,324;4032,324;4036,322;4041,322;4045,328;4050,342;4054,326;4058,340;4063,324;4067,316;4071,330;4076,328;4080,328;4084,326;4089,326;4093,332;4097,330;4102,330;4106,328;4110,328;4115,328;4119,332;4124,318;4128,330;4132,316;4137,314;4141,320;4145,334;4150,318;4154,332;4158,330;4163,330;4167,322;4171,320;4176,334;4180,320;4184,332;4189,316;4193,336;4198,322;4202,336;4206,320;4211,332;4215,324;4219,322;4224,322;4228,322;4232,320;4237,318;4241,338;4245,324;4250,336;4254,322;4258,336;4263,320;4267,326;4272,324;4276,324;4280,322;4285,322;4289,328;4293,326;4298,340;4302,324;4306,324;4311,322;4315,314;4319,328;4324,326;4328,326;4332,324;4337,324;4341,330;4346,328;4350,328;4354,340;4359,326;4363,316;4367,330;4372,330;4376,328;4380,314;4385,326;4389,318;4393,332;4398,330;4402,344;4406,328;4411,308;4415,320;4420,318;4424,332;4428,332;4433,330;4437,322;4441,334;4446,320;4450,334;4454,332;4459,346;4463,324;4467,322;4472,320;4476,320;4481,334;4485,332;4489,326;4494,324;4498,326;4502,324;4507,336;4511,314;4515,314;4520,340;4524,326;4528,326;4533,310;4537,330;4541,330;4546,328;4550,326;4555,326;4559,324;4563,318;4568,330;4572,314;4576,328;4581,312;4585,332;4589,316;4594,330;4598,330;4602,342;4607,328;4611,318;4615,318;4620,316;4624,330;4629,330;4633,328;4637,320;4642,334;4646,318;4650,332;4655,316;4659,322;4663,322;4668,320;4672,334;4676,318;4681,332;4685,324;4689,336;4694,322;4698,336;4703,320;4707,324;4711,324;4716,310;4720,324;4724,322;4729,334;4733,324;4737,338;4742,338;4746,338;4750,322;4755,336;4759,342;4763,326;4768,326;4772,312;4777,324;4781,330;4785,344;4790,328;4794,342;4798,326;4803,340;4807,330;4811,316;4816,328;4820,314;4824,314;4829,326;4833,346;4837,318;4842,330;4846,316;4851,342;4855,320;4859,320;4864,318;4868,332;4872,330;4877,316;4881,336;4885,334;4890,334;4894,332;4898,332;4903,318;4907,324;4911,322;4916,322;4920,322;4925,320;4929,334;4933,326;4938,326;4942,324;4946,338;4951,324;4955,328;4959,328;4964,314;4968,326;4972,312;4977,338;4981,316;4986,330;4990,316;4994,330;4999,328;5003,318;5007,332;5012,318;5016,316;5020,302;5025,316;5029,334;5033,334;5038,320;5042,334;5046,318;5051,332;5055,324;5060,310;5064,322;5068,308;5073,320;5077,328;5081,328;5086,326;5090,324;5094,324;5099,336;5103,330;5107,328;5112,328;5116,312;5120,326;5125,324;5129,332;5134,332;5138,330;5142,316;5147,330;5151,334;5155,320;5160,332;5164,318;5168,332;5173,316;5177,336;5181,322;5186,336;5190,320;5195,334;5199,318;5203,326;5208,324;5212,324;5216,324;5221,322;5225,328;5229,326;5234,340;5238,324;5242,338;5247,324;5251,330;5255,328;5260,314;5264,314;5269,312;5273,340;5277,318;5282,332;5286,316;5290,330;5295,330;5299,322;5303,320;5308,306;5312,318;5316,318;5321,332;5325,324;5329,338;5334,324;5338,336;5343,320;5347,334;5351,326;5356,312;5360,324;5364,324;5369,324;5373,330;5377,330;5382,314;5386,342;5390,314;5395,326;5399,330;5403,318;5408,330;5412,316;5417,328;5421,328;5425,334;5430,332;5434,332;5438,318;5443,330;5447,322;5451,322;5456,334;5460,320;5464,334;5469,320;5473,324;5477,322;5482,324;5486,334;5491,334;5495,332;5499,310;5504,336;5508,322;5512,336;5517,320;5521,328;5525,326;5530,338;5534,324;5538,324;5543,322;5547,328;5551,326;5556,310;5560,324;5565,310;5569,338;5573,328;5578,342;5582,328;5586,342;5591,312;5595,318;5599,330;5604,316;5608,330;5612,328;5617,326;5621,318;5625,332;5630,318;5634,330;5639,316;5643,322;5647,322;5652,320;5656,320;5660,332;5665,332;5669,322;5673,336;5678,322;5682,320;5686,318;5691,320;5695,324;5700,322;5704,322;5708,308;5713,320;5717,310;5721,312;5726,310;5730,324;5734,308;5739,322;5743,312;5747,298;5752,324;5756,310;5760,310;5765,308;5769,314;5774,312;5778,312;5782,310;5787,324;5791,314;5795,300;5800,312;5804,312;5808,310;5813,310;5817,316;5821,314;5826,314;5830,312;5834,326;5839,312;5843,316;5848,316;5852,314;5856,314;5861,312;5865,318;5869,304;5874,316;5878,316;5882,316;5887,314;5891,306;5895,320;5900,318;5904,304;5908,304;5913,318;5917,308;5922,322;5926,320;5930,320;5935,318;5939,310;5943,310;5948,310;5952,308;5956,294;5961,308;5965,314;5969,328;5974,312;5978,326;5982,310;5987,304;5991,316;5996,302;6000,314;6004,314;6009,314;6013,304;6017,306;6022,290;6026,304;6030,302;6035,302;6039,280;6043,266;6048,278;6052,292;6056,290;6061,282;6065,268;6070,282;6074,294;6078,292;6083,292;6087,284;6091,282;6096,268;6100,268;6104,282;6109,286;6113,286;6117,284;6122,298;6126,298;6130,296;6135,274;6139,274;6144,286;6148,286;6152,284;6157,270;6161,290;6165,288;6170,288;6174,274;6178,300;6183,278;6187,278;6191,276;6196,276;6200,276;6205,276;6209,282;6213,280;6218,280;6222,278;6226,278;6231,292;6235,284;6239,268;6244,282;6248,266;6252,266;6257,278;6261,286;6265,270;6270,284;6274,294;6279,296;6283,274;6287,272;6292,272;6296,270;6300,270;6305,270;6309,290;6313,276;6318,274;6322,274;6326,286;6331,264;6335,278;6339,276;6344,276;6348,274;6353,274;6357,280;6361,280;6366,292;6370,292;6374,290;6379,270;6383,282;6387,280;6392,280;6396,280;6400,278;6405,270;6409,284;6414,282;6418,296;6422,280;6427,280;6431,272;6435,284;6440,270;6444,284;6448,268;6453,268;6457,290;6461,288;6466,272;6470,286;6474,286;6479,278;6483,290;6488,274;6492,274;6496,260;6501,260;6505,292;6509,292;6514,276;6518,290;6522,288;6527,288;6531,280;6535,280;6540,266;6544,264;6548,262;6553,298;6557,282;6562,282;6566,280;6570,294;6575,292;6579,272;6583,270;6588,254;6592,282;6596,282;\r\nBuffer sent in 0.973 secondsreturn;buffer;965\r\n'), 12:31:38
bytearray(b'received from UR: measure -> measure (0,1)\r\nSTEPPER: Moving to mstep: 6600 with speed [msteps/sec]: 1000 in StealthChop.\r\n'), 12:31:39
bytearray(b'STEPPER: Moving to mstep: 2400 with speed [msteps/sec]: 4000 in SpreadCycle.\r\n'), 12:31:43
bytearray(b'STEPPER: Moved 4200.00 msteps (ramp: 35%) in 1324.884 ms -> average speed [msteps/sec]: 3170.09\r\nreturn;measure;965\r\n'), 12:31:45
bytearray(b'received from UR: buffer -> buffer (0,1)\r\nSending buffer of size 965data;2400,304;2404,468;2408,138;2413,280;2417,322;2421,328;2426,340;2430,326;2434,340;2439,324;2443,330;2447,330;2452,328;2456,328;2460,312;2465,326;2469,318;2474,332;2478,330;2482,330;2487,328;2491,320;2495,320;2500,318;2504,332;2508,332;2513,332;2517,322;2521,336;2526,336;2530,336;2534,334;2539,334;2543,340;2548,324;2552,324;2556,322;2561,336;2565,328;2569,340;2574,326;2578,338;2582,324;2587,338;2591,328;2595,314;2600,326;2604,312;2608,340;2613,324;2617,330;2622,316;2626,330;2630,328;2635,328;2639,320;2643,304;2648,318;2652,316;2656,330;2661,328;2665,334;2669,334;2674,334;2678,318;2682,332;2687,318;2691,322;2696,322;2700,322;2704,320;2709,320;2713,332;2717,324;2722,324;2726,324;2730,338;2735,322;2739,328;2743,328;2748,312;2752,326;2756,312;2761,326;2765,332;2770,332;2774,318;2778,330;2783,316;2787,320;2791,334;2796,320;2800,318;2804,304;2809,332;2813,324;2817,338;2822,322;2826,336;2830,320;2835,334;2839,326;2844,326;2848,326;2852,310;2857,324;2861,316;2865,330;2870,328;2874,342;2878,326;2883,326;2887,332;2891,332;2896,330;2900,316;2904,330;2909,330;2913,336;2918,334;2922,334;2926,318;2931,332;2935,326;2939,324;2944,324;2948,308;2952,322;2957,322;2961,330;2965,328;2970,342;2974,326;2979,340;2983,326;2987,332;2992,330;2996,316;3000,328;3005,314;3009,334;3013,332;3018,334;3022,318;3026,330;3031,316;3035,322;3039,334;3044,320;3048,320;3053,320;3057,326;3061,324;3066,336;3070,322;3074,334;3079,320;3083,326;3087,324;3092,324;3096,324;3100,322;3105,322;3109,326;3113,328;3118,326;3122,338;3127,324;3131,316;3135,330;3140,328;3144,328;3148,314;3153,326;3157,318;3161,332;3166,318;3170,332;3174,316;3179,330;3183,322;3187,308;3192,320;3196,306;3201,320;3205,326;3209,340;3214,324;3218,338;3222,322;3227,336;3231,328;3235,328;3240,326;3244,326;3248,326;3253,310;3257,330;3261,330;3266,344;3270,330;3275,344;3279,322;3283,320;3288,334;3292,334;3296,334;3301,318;3305,326;3309,326;3314,338;3318,324;3322,338;3327,322;3331,328;3335,328;3340,314;3344,326;3349,312;3353,324;3357,332;3362,330;3366,330;3370,342;3375,328;3379,306;3383,334;3388,320;3392,332;3396,318;3401,330;3405,322;3409,336;3414,322;3418,334;3423,320;3427,312;3431,324;3436,324;3440,324;3444,322;3449,322;3453,314;3457,328;3462,326;3466,340;3470,326;3475,338;3479,316;3483,316;3488,330;3492,328;3497,326;3501,318;3505,332;3510,330;3514,330;3518,328;3523,328;3527,334;3531,320;3536,332;3540,318;3544,332;3549,316;3553,338;3558,322;3562,336;3566,322;3571,336;3575,328;3579,312;3584,326;3588,312;3592,324;3597,324;3601,346;3605,330;3610,344;3614,328;3618,342;3623,314;3627,320;3632,334;3636,320;3640,318;3645,318;3649,338;3653,324;3658,338;3662,322;3666,336;3671,322;3675,328;3679,314;3684,312;3688,340;3692,326;3697,324;3701,318;3706,330;3710,330;3714,330;3719,328;3723,320;3727,334;3732,318;3736,318;3740,318;3745,332;3749,324;3753,324;3758,322;3762,336;3767,322;3771,336;3775,328;3780,312;3784,326;3788,312;3793,340;3797,318;3801,330;3806,316;3810,330;3814,316;3819,330;3823,322;3827,322;3832,334;3836,320;3841,334;3845,320;3849,326;3854,324;3858,338;3862,322;3867,336;3871,328;3875,312;3880,340;3884,326;3888,326;3893,324;3897,332;3901,332;3906,332;3910,330;3915,330;3919,328;3923,322;3928,336;3932,320;3936,334;3941,318;3945,326;3949,326;3954,340;3958,324;3962,338;3967,322;3971,316;3975,328;3980,314;3984,342;3989,328;3993,328;3997,318;4002,332;4006,316;4010,332;4015,330;4019,322;4023,322;4028,322;4032,320;4036,306;4041,320;4045,326;4049,340;4054,326;4058,338;4063,324;4067,316;4071,330;4076,328;4080,328;4084,326;4089,326;4093,332;4097,330;4102,330;4106,330;4110,328;4115,328;4119,320;4123,318;4128,332;4132,330;4137,330;4141,322;4145,334;4150,334;4154,334;4158,332;4163,332;4167,338;4171,322;4176,336;4180,320;4184,334;4189,320;4193,340;4197,324;4202,338;4206,324;4211,336;4215,312;4219,312;4224,340;4228,326;4232,324;4237,324;4241,330;4245,328;4250,328;4254,326;4258,340;4263,326;4267,318;4272,330;4276,316;4280,330;4285,314;4289,334;4293,320;4298,332;4302,318;4306,330;4311,318;4315,322;4319,322;4324,308;4328,322;4332,306;4337,320;4341,326;4346,340;4350,326;4354,338;4359,324;4363,316;4367,342;4372,328;4376,328;4380,314;4385,326;4389,318;4393,332;4398,330;4402,346;4406,330;4411,330;4415,336;4420,322;4424,334;4428,320;4433,320;4437,326;4441,338;4446,324;4450,338;4454,322;4459,336;4463,328;4467,314;4472,314;4476,326;4480,326;4485,326;4489,332;4494,330;4498,330;4502,316;4507,330;4511,334;4515,320;4520,334;4524,318;4528,332;4533,316;4537,338;4541,322;4546,336;4550,320;4554,320;4559,320;4563,312;4568,324;4572,324;4576,324;4581,322;4585,322;4589,328;4594,342;4598,326;4602,340;4607,324;4611,316;4615,330;4620,328;4624,328;4628,314;4633,326;4637,318;4642,332;4646,316;4650,330;4655,330;4659,322;4663,322;4668,320;4672,334;4676,318;4681,332;4685,324;4689,338;4694,322;4698,336;4702,320;4707,334;4711,326;4716,312;4720,326;4724,324;4729,336;4733,328;4737,328;4742,326;4746,340;4750,324;4755,324;4759,328;4763,328;4768,328;4772,312;4776,326;4781,310;4785,346;4790,316;4794,330;4798,316;4803,330;4807,334;4811,320;4816,334;4820,304;4824,318;4829,318;4833,336;4837,322;4842,336;4846,320;4851,334;4855,324;4859,324;4864,324;4868,322;4872,322;4877,320;4881,328;4885,326;4890,326;4894,324;4898,338;4903,322;4907,314;4911,326;4916,312;4920,340;4925,324;4929,330;4933,330;4938,328;4942,328;4946,328;4951,326;4955,318;4959,332;4964,330;4968,330;4972,330;4977,328;4981,320;4985,334;4990,318;4994,332;4999,332;5003,324;5007,322;5012,308;5016,320;5020,306;5025,320;5029,326;5033,338;5038,324;5042,338;5046,322;5051,336;5055,328;5060,326;5064,326;5068,324;5073,324;5077,330;5081,330;5086,328;5090,328;5094,326;5099,326;5103,330;5107,330;5112,330;5116,314;5120,328;5125,326;5129,332;5134,318;5138,332;5142,330;5147,330;5151,320;5155,306;5160,334;5164,320;5168,332;5173,316;5177,338;5181,322;5186,336;5190,320;5194,334;5199,320;5203,310;5208,324;5212,324;5216,324;5221,322;5225,322;5229,326;5234,342;5238,326;5242,338;5247,324;5251,316;5255,328;5260,314;5264,312;5268,310;5273,324;5277,330;5282,330;5286,328;5290,328;5295,326;5299,332;5303,332;5308,316;5312,330;5316,330;5321,328;5325,320;5329,334;5334,318;5338,332;5342,316;5347,330;5351,322;5356,306;5360,334;5364,318;5369,332;5373,324;5377,338;5382,322;5386,336;5390,320;5395,334;5399,326;5403,310;5408,324;5412,322;5416,322;5421,320;5425,342;5430,326;5434,326;5438,324;5443,338;5447,328;5451,314;5456,328;5460,312;5464,326;5469,324;5473,330;5477,330;5482,328;5486,328;5490,328;5495,326;5499,332;5504,330;5508,316;5512,328;5517,328;5521,334;5525,320;5530,332;5534,318;5538,332;5543,330;5547,322;5551,336;5556,306;5560,320;5565,306;5569,332;5573,324;5578,338;5582,322;5586,336;5591,320;5595,326;5599,326;5604,310;5608,324;5612,308;5617,322;5621,328;5625,342;5630,326;5634,340;5639,326;5643,338;5647,318;5652,316;5656,316;5660,314;5665,328;5669,320;5673,334;5678,318;5682,318;5686,318;5691,330;5695,308;5699,308;5704,306;5708,306;5713,306;5717,324;5721,324;5726,324;5730,324;5734,322;5739,322;5743,326;5747,312;5752,312;5756,310;5760,310;5765,308;5769,314;5773,314;5778,328;5782,312;5787,326;5791,316;5795,302;5800,314;5804,300;5808,312;5813,298;5817,318;5821,302;5826,316;5830,314;5834,314;5839,312;5843,304;5847,318;5852,316;5856,316;5861,302;5865,320;5869,306;5874,318;5878,318;5882,316;5887,316;5891,308;5895,308;5900,306;5904,306;5908,304;5913,320;5917,310;5921,322;5926,308;5930,322;5935,306;5939,312;5943,312;5948,296;5952,310;5956,308;5961,322;5965,314;5969,326;5974,312;5978,324;5982,310;5987,302;5991,314;5996,300;6000,312;6004,298;6009,312;6013,304;6017,318;6022,302;6026,302;6030,300;6035,276;6039,276;6043,290;6048,274;6052,274;6056,286;6061,292;6065,292;6070,290;6074,262;6078,274;6083,274;6087,278;6091,294;6096,276;6100,276;6104,276;6109,288;6113,280;6117,280;6122,294;6126,292;6130,292;6135,282;6139,282;6144,282;6148,280;6152,280;6157,280;6161,272;6165,284;6170,284;6174,296;6178,298;6183,274;6187,260;6191,288;6196,286;6200,286;6205,286;6209,278;6213,276;6218,290;6222,290;6226,276;6231,274;6235,280;6239,294;6244,280;6248,280;6252,278;6257,284;6261,284;6265,296;6270,296;6274,296;6279,282;6283,272;6287,272;6292,272;6296,270;6300,284;6305,270;6309,276;6313,290;6318,288;6322,288;6326,288;6331,266;6335,278;6339,278;6344,278;6348,262;6353,276;6357,282;6361,282;6366,280;6370,280;6374,280;6379,280;6383,270;6387,284;6392,270;6396,268;6400,268;6405,288;6409,302;6413,286;6418,272;6422,284;6427,284;6431,276;6435,290;6440,290;6444,288;6448,288;6453,288;6457,252;6461,278;6466,292;6470,290;6474,292;6479,282;6483,266;6487,280;6492,280;6496,278;6501,292;6505,256;6509,270;6514,268;6518,282;6522,282;6527,282;6531,274;6535,274;6540,258;6544,286;6548,272;6553,292;6557,276;6561,276;6566,276;6570,288;6575,288;6579,280;6583,266;6588,264;6592,278;6596,276;\r\nBuffer sent in 0.973 secondsreturn;buffer;965\r\n'), 12:31:47
bytearray(b'received from UR: measure -> measure (0,1)\r\nSTEPPER: Moving to mstep: 6600 with speed [msteps/sec]: 1000 in StealthChop.\r\n'), 12:31:48
bytearray(b'STEPPER: Moving to mstep: 2400 with speed [msteps/sec]: 4000 in SpreadCycle.\r\n'), 12:31:52
bytearray(b'STEPPER: Moved 4200.00 msteps (ramp: 35%) in 1324.880 ms -> average speed [msteps/sec]: 3170.10\r\nreturn;measure;965\r\n'), 12:31:53
bytearray(b'received from UR: buffer -> buffer (0,1)\r\nSending buffer of size 965data;2400,298;2404,450;2408,160;2413,274;2417,316;2421,322;2426,336;2430,320;2434,334;2439,318;2443,310;2447,324;2452,322;2456,322;2460,320;2465,334;2469,326;2474,338;2478,324;2482,338;2487,322;2491,328;2495,326;2500,314;2504,326;2508,324;2513,338;2517,316;2521,330;2526,328;2530,328;2534,326;2539,340;2543,318;2547,316;2552,330;2556,314;2561,328;2565,312;2569,332;2574,318;2578,332;2582,316;2587,330;2591,322;2595,320;2600,334;2604,318;2608,332;2613,316;2617,336;2622,322;2626,336;2630,320;2635,336;2639,326;2643,312;2648,326;2652,312;2656,324;2661,310;2665,344;2669,330;2674,328;2678,328;2682,328;2687,328;2691,334;2696,318;2700,318;2704,330;2709,316;2713,336;2717,336;2722,334;2726,318;2730,334;2735,320;2739,310;2743,324;2748,308;2752,322;2757,306;2761,334;2765,326;2770,340;2774,310;2778,324;2783,322;2787,314;2791,328;2796,312;2800,324;2804,310;2809,324;2813,328;2817,342;2822,326;2826,340;2831,326;2835,318;2839,330;2844,316;2848,328;2852,328;2857,328;2861,318;2865,332;2870,330;2874,344;2878,328;2883,328;2887,334;2891,318;2896,332;2900,330;2905,328;2909,320;2913,334;2918,318;2922,332;2926,316;2931,330;2935,336;2939,320;2944,334;2948,318;2952,320;2957,302;2961,338;2965,322;2970,336;2974,320;2979,334;2983,326;2987,324;2992,338;2996,310;3000,336;3005,322;3009,328;3013,314;3018,340;3022,326;3026,340;3031,324;3035,330;3039,330;3044,316;3048,328;3053,328;3057,328;3061,320;3066,334;3070,318;3074,332;3079,330;3083,320;3087,322;3092,308;3096,334;3100,318;3105,332;3109,324;3113,338;3118,322;3122,336;3127,322;3131,312;3135,326;3140,310;3144,324;3148,310;3153,336;3157,328;3161,328;3166,326;3170,340;3174,324;3179,338;3183,330;3187,316;3192,328;3196,312;3201,326;3205,318;3209,332;3214,316;3218,344;3222,328;3227,330;3231,334;3235,320;3240,332;3244,332;3248,330;3253,316;3257,336;3262,320;3266,334;3270,320;3275,332;3279,324;3283,324;3288,324;3292,322;3296,322;3301,322;3305,328;3309,326;3314,326;3318,326;3322,324;3327,324;3331,316;3336,330;3340,314;3344,328;3349,312;3353,332;3357,318;3362,332;3366,316;3370,330;3375,316;3379,322;3383,334;3388,320;3392,320;3396,304;3401,330;3405,324;3410,338;3414,322;3418,336;3423,320;3427,326;3431,326;3436,312;3440,324;3444,324;3449,336;3453,314;3457,328;3462,328;3466,328;3470,326;3475,326;3479,330;3484,316;3488,328;3492,314;3497,326;3501,318;3505,320;3510,316;3514,330;3518,330;3523,330;3527,320;3531,320;3536,334;3540,318;3544,346;3549,330;3553,322;3558,322;3562,336;3566,320;3571,334;3575,324;3579,310;3584,324;3588,310;3592,324;3597,322;3601,342;3605,326;3610,340;3614,326;3618,338;3623,324;3627,316;3632,330;3636,314;3640,328;3645,314;3649,334;3653,318;3658,332;3662,316;3666,344;3671,330;3675,320;3679,334;3684,320;3688,318;3692,318;3697,332;3701,322;3706,336;3710,322;3714,334;3719,320;3723,326;3727,340;3732,310;3736,324;3740,310;3745,322;3749,328;3753,342;3758,326;3762,340;3766,324;3771,338;3775,330;3780,316;3784,328;3788,312;3793,326;3797,318;3801,332;3806,330;3810,330;3814,316;3819,342;3823,334;3827,318;3832,332;3836,316;3840,330;3845,316;3849,336;3854,320;3858,320;3862,318;3867,332;3871,338;3875,324;3880,322;3884,320;3888,334;3893,318;3897,340;3901,324;3906,324;3910,322;3915,336;3919,320;3923,312;3928,326;3932,310;3936,338;3941,322;3945,330;3949,328;3954,342;3958,326;3962,340;3967,324;3971,316;3975,344;3980,328;3984,328;3989,312;3993,326;3997,330;4002,344;4006,330;4010,344;4015,314;4019,320;4023,320;4028,316;4032,330;4036,316;4041,328;4045,320;4050,334;4054,320;4058,334;4063,318;4067,310;4071,324;4076,322;4080,336;4084,336;4089,320;4093,326;4097,328;4102,324;4106,324;4110,324;4115,322;4119,328;4124,312;4128,340;4132,312;4137,326;4141,316;4145,330;4150,330;4154,330;4158,328;4163,328;4167,334;4171,318;4176,332;4180,330;4184,330;4189,314;4193,334;4198,318;4202,334;4206,332;4211,330;4215,324;4219,320;4224,332;4228,334;4232,318;4237,318;4241,336;4245,322;4250,334;4254,320;4258,332;4263,318;4267,322;4272,322;4276,320;4280,320;4285,318;4289,326;4293,322;4298,336;4302,320;4306,320;4311,320;4315,324;4319,336;4324,322;4328,322;4332,320;4337,332;4341,324;4346,336;4350,322;4354,322;4359,320;4363,312;4367,338;4372,322;4376,336;4380,320;4385,334;4389,324;4393,338;4398,322;4402,322;4406,320;4411,334;4415,340;4420,324;4424,324;4428,322;4433,336;4437,326;4441,340;4446,324;4450,338;4454,324;4459,336;4463,328;4467,314;4472,326;4476,312;4480,324;4485,322;4489,328;4494,314;4498,326;4502,326;4507,338;4511,330;4515,314;4520,328;4524,314;4528,326;4533,312;4537,332;4541,316;4546,330;4550,314;4554,328;4559,328;4563,320;4568,318;4572,318;4576,332;4581,316;4585,336;4589,322;4594,322;4598,320;4602,334;4607,318;4611,310;4615,324;4620,308;4624,336;4629,320;4633,334;4637,326;4642,326;4646,324;4650,336;4655,322;4659,326;4663,326;4668,326;4672,324;4676,324;4681,336;4685,328;4689,328;4694,326;4698,326;4703,324;4707,324;4711,330;4716,316;4720,328;4724,314;4729,328;4733,332;4737,332;4742,318;4746,330;4750,328;4755,342;4759,334;4763,320;4768,332;4772,318;4777,332;4781,322;4785,324;4790,322;4794,334;4798,320;4803,334;4807,326;4811,310;4816,324;4820,322;4824,336;4829,334;4833,326;4837,324;4842,340;4846,324;4851,338;4855,330;4859,314;4864,328;4868,314;4872,340;4877,326;4881,332;4885,318;4890,330;4894,330;4898,330;4903,328;4907,320;4911,334;4916,320;4920,332;4925,318;4929,332;4933,324;4938,338;4942,336;4946,336;4951,320;4955,312;4959,326;4964,310;4968,338;4972,322;4977,322;4981,314;4985,342;4990,326;4994,340;4999,324;5003,316;5007,330;5012,314;5016,342;5020,328;5025,326;5029,318;5033,332;5038,316;5042,330;5046,314;5051,328;5055,334;5060,318;5064,332;5068,332;5073,330;5077,322;5081,336;5086,320;5090,334;5094,320;5099,332;5103,324;5107,322;5112,336;5116,322;5120,320;5125,320;5129,326;5134,324;5138,338;5142,322;5147,322;5151,328;5155,312;5160,326;5164,310;5168,324;5173,308;5177,342;5181,326;5186,340;5190,326;5194,338;5199,324;5203,316;5208,330;5212,314;5216,328;5221,312;5225,334;5229,318;5234,346;5238,314;5242,330;5247,314;5251,322;5255,334;5260,318;5264,318;5269,318;5273,330;5277,322;5282,336;5286,320;5290,320;5295,320;5299,326;5303,326;5308,326;5312,324;5316,310;5321,324;5325,328;5329,328;5334,326;5338,326;5343,326;5347,316;5351,330;5356,316;5360,330;5364,314;5369,328;5373,320;5377,332;5382,318;5386,332;5390,316;5395,330;5399,322;5403,320;5408,334;5412,318;5417,332;5421,332;5425,322;5430,322;5434,336;5438,320;5443,332;5447,324;5451,310;5456,322;5460,322;5464,334;5469,320;5473,324;5477,324;5482,324;5486,322;5491,336;5495,320;5499,312;5504,324;5508,324;5512,324;5517,308;5521,328;5525,328;5530,328;5534,326;5538,326;5543,324;5547,316;5551,328;5556,312;5560,340;5565,312;5569,326;5573,330;5578,344;5582,328;5586,340;5591,326;5595,318;5599,330;5604,316;5608,330;5612,314;5617,314;5621,320;5625,332;5630,318;5634,332;5639,318;5643,322;5647,322;5652,322;5656,334;5660,320;5665,318;5669,324;5673,324;5678,310;5682,322;5686,308;5691,322;5695,328;5700,312;5704,312;5708,312;5713,324;5717,314;5721,314;5726,314;5730,326;5734,310;5739,324;5743,316;5747,302;5752,314;5756,300;5760,312;5765,304;5769,318;5774,304;5778,316;5782,300;5787,314;5791,320;5795,306;5800,318;5804,304;5808,304;5813,302;5817,322;5821,308;5826,320;5830,306;5834,318;5839,310;5843,310;5848,322;5852,322;5856,306;5861,306;5865,326;5869,312;5874,324;5878,308;5882,310;5887,308;5891,300;5895,314;5900,298;5904,310;5908,296;5913,316;5917,314;5922,328;5926,312;5930,326;5935,310;5939,302;5943,316;5948,300;5952,314;5956,298;5961,312;5965,318;5969,318;5974,316;5978,328;5982,314;5987,290;5991,318;5996,302;6000,316;6004,300;6009,314;6013,304;6017,318;6022,302;6026,286;6030,286;6035,300;6039,276;6043,288;6048,288;6052,286;6056,284;6061,290;6065,304;6070,286;6074,286;6078,284;6083,270;6087,274;6091,272;6096,286;6100,270;6104,284;6109,282;6113,274;6117,286;6122,300;6126,284;6131,282;6135,288;6139,274;6144,300;6148,270;6152,284;6157,270;6161,290;6165,288;6170,286;6174,286;6178,284;6183,276;6187,274;6191,286;6196,272;6200,284;6205,270;6209,304;6213,288;6218,288;6222,272;6226,272;6231,270;6235,276;6239,276;6244,276;6248,274;6252,272;6257,292;6261,290;6265,290;6270,290;6274,274;6279,286;6283,264;6287,276;6292,276;6296,274;6300,274;6305,272;6309,278;6313,276;6318,290;6322,288;6326,288;6331,264;6335,278;6340,276;6344,288;6348,274;6353,272;6357,292;6361,278;6366,276;6370,274;6374,286;6379,278;6383,290;6387,274;6392,288;6396,272;6400,284;6405,290;6409,290;6414,288;6418,286;6422,284;6427,284;6431,274;6435,286;6440,272;6444,284;6448,268;6453,274;6457,286;6461,286;6466,284;6470,284;6474,282;6479,272;6483,258;6488,286;6492,284;6496,282;6501,282;6505,258;6509,272;6514,284;6518,282;6522,282;6527,274;6531,270;6535,284;6540,282;6544,282;6548,280;6553,286;6557,270;6562,268;6566,268;6570,280;6575,280;6579,270;6583,270;6588,268;6592,266;6596,266;\r\nBuffer sent in 0.973 secondsreturn;buffer;965\r\n'), 12:31:55
bytearray(b'received from UR: home -> home (0,1)\r\nSTEPPER: Moving to mstep: 0 with speed [msteps/sec]: 4000 in SpreadCycle.\r\n'), 12:31:56
bytearray(b'STEPPER: Moved 2400.00 msteps (ramp: 35%) in 813.416 ms -> average speed [msteps/sec]: 2950.52\r\nreturn;home;1\r\n'), 12:31:57
