bytearray(b'STEPPER: Moving to mstep: 2400 with speed [msteps/sec]: 4000 in SpreadCycle.\r\n'), 12:38:26
bytearray(b'STEPPER: Moved 2400.00 msteps (ramp: 35%) in 812.836 ms -> average speed [msteps/sec]: 2952.63\r\n'), 12:38:27
bytearray(b'received from UR: status -> status (0,1)\r\n*** STATUS ***\r\nid        :         3 -\r\nstep      :      2400 steps\r\nspeed     :      1500 msteps/s\r\nmspeed    :      1000 msteps/s\r\nsg-thrs   :        80 -\r\ndefault   :     12000 \xc2\xb5m\r\ndispense  :     30350 \xc2\xb5m\r\nblowout   :     33000 \xc2\xb5m\r\nd-offset  :        20 \xc2\xb5m\r\nur0       :         0 -\r\nur1       :         1 -\r\nhomed     :         1 -\r\nreturn;status;2400\r\n'), 12:38:29
bytearray(b'received from UR: measure -> measure (0,1)\r\nSTEPPER: Moving to mstep: 6600 with speed [msteps/sec]: 1000 in StealthChop.\r\n'), 12:38:30
bytearray(b'STEPPER: Moving to mstep: 2400 with speed [msteps/sec]: 4000 in SpreadCycle.\r\n'), 12:38:34
bytearray(b'STEPPER: Moved 4200.00 msteps (ramp: 35%) in 1324.880 ms -> average speed [msteps/sec]: 3170.10\r\nreturn;measure;965\r\n'), 12:38:35
bytearray(b'received from UR: buffer -> buffer (0,1)\r\nSending buffer of size 965data;2400,126;2404,470;2408,166;2413,266;2417,330;2421,328;2426,328;2430,314;2434,342;2439,326;2443,318;2447,318;2452,330;2456,316;2460,314;2465,314;2469,320;2474,334;2478,318;2482,330;2487,316;2491,322;2495,320;2500,320;2504,318;2508,304;2513,318;2517,324;2521,336;2526,322;2530,336;2534,320;2539,334;2543,340;2548,324;2552,324;2556,322;2561,322;2565,328;2569,328;2574,326;2578,340;2582,324;2587,326;2591,330;2595,316;2600,328;2604,314;2608,312;2613,312;2617,332;2622,330;2626,332;2630,330;2635,328;2639,320;2643,320;2648,332;2652,332;2656,330;2661,316;2665,322;2669,320;2674,334;2678,318;2682,332;2687,316;2691,324;2696,322;2700,322;2704,320;2709,320;2713,326;2717,324;2722,324;2726,324;2730,336;2735,322;2739,312;2743,340;2748,324;2752,324;2756,322;2761,336;2765,326;2770,326;2774,326;2778,338;2783,324;2787,314;2791,314;2796,312;2800,340;2804,324;2809,338;2813,316;2817,342;2822,328;2826,340;2830,326;2835,340;2839,332;2844,316;2848,330;2852,330;2857,328;2861,320;2865,334;2870,332;2874,332;2878,318;2883,330;2887,322;2891,320;2896,320;2900,306;2904,318;2909,318;2913,338;2918,336;2922,336;2926,336;2931,334;2935,340;2939,326;2944,326;2948,312;2952,324;2957,324;2961,328;2965,328;2970,328;2974,326;2979,324;2983,324;2987,316;2992,330;2996,328;3000,328;3005,312;3009,332;3013,318;3018,330;3022,330;3026,330;3031,328;3035,320;3039,320;3044,304;3048,318;3053,316;3057,316;3061,322;3066,336;3070,320;3074,334;3079,318;3083,324;3087,324;3092,324;3096,324;3100,310;3105,322;3109,328;3113,328;3118,314;3122,328;3127,314;3131,318;3135,332;3140,316;3144,316;3148,316;3153,330;3157,320;3161,334;3166,318;3170,332;3174,316;3179,330;3183,336;3188,320;3192,334;3196,318;3201,332;3205,324;3209,338;3214,322;3218,334;3222,320;3227,348;3231,326;3235,324;3240,324;3244,308;3248,322;3253,322;3257,342;3262,326;3266,340;3270,324;3275,338;3279,330;3283,330;3288,328;3292,328;3296,326;3301,326;3305,334;3309,318;3314,332;3318,330;3322,330;3327,330;3331,308;3336,334;3340,320;3344,334;3349,318;3353,326;3357,338;3362,338;3366,322;3370,336;3375,322;3379,326;3383,326;3388,312;3392,324;3396,310;3401,338;3405,314;3410,328;3414,326;3418,340;3423,326;3427,318;3431,330;3436,316;3440,316;3444,314;3449,314;3453,320;3457,334;3462,320;3466,332;3470,318;3475,332;3479,322;3484,308;3488,322;3492,322;3497,320;3501,326;3505,326;3510,326;3514,324;3518,324;3523,324;3527,328;3531,314;3536,328;3540,312;3544,328;3549,324;3553,332;3558,316;3562,330;3566,328;3571,342;3575,320;3579,306;3584,332;3588,318;3592,330;3597,316;3601,336;3605,320;3610,334;3614,334;3618,346;3623,332;3627,310;3632,308;3636,308;3640,336;3645,334;3649,340;3653,324;3658,338;3662,322;3666,336;3671,320;3675,312;3679,338;3684,338;3688,324;3692,322;3697,322;3701,326;3706,326;3710,324;3714,326;3719,324;3723,314;3727,328;3732,312;3736,326;3740,324;3745,324;3749,330;3753,328;3758,328;3762,326;3767,326;3771,318;3775,330;3780,316;3784,316;3788,314;3793,328;3797,320;3801,332;3806,318;3810,332;3814,316;3819,330;3823,322;3827,320;3832,320;3836,306;3841,332;3845,310;3849,324;3854,322;3858,322;3862,322;3867,320;3871,326;3875,324;3880,324;3884,310;3888,324;3893,308;3897,328;3901,314;3906,326;3910,326;3915,326;3919,316;3923,316;3928,314;3932,300;3936,328;3941,326;3945,320;3949,318;3954,330;3958,330;3962,330;3967,316;3971,306;3975,334;3980,318;3984,330;3989,316;3993,328;3997,322;4002,334;4006,320;4010,334;4015,318;4019,324;4023,324;4028,322;4032,320;4036,322;4041,320;4045,326;4049,326;4054,324;4058,338;4063,324;4067,316;4071,314;4076,316;4080,328;4084,328;4089,326;4093,318;4097,332;4102,318;4106,330;4110,330;4115,330;4119,334;4123,320;4128,318;4132,318;4137,332;4141,322;4145,322;4150,320;4154,334;4158,318;4163,332;4167,324;4171,322;4176,322;4180,308;4184,334;4189,320;4193,326;4197,324;4202,338;4206,322;4211,336;4215,328;4219,312;4224,326;4228,310;4232,324;4237,324;4241,330;4245,312;4250,328;4254,312;4258,326;4263,310;4267,316;4272,330;4276,314;4280,328;4285,326;4289,318;4293,318;4298,332;4302,316;4306,330;4311,316;4315,320;4319,320;4324,306;4328,332;4332,318;4337,332;4341,322;4346,336;4350,320;4354,334;4359,332;4363,324;4367,324;4372,308;4376,322;4380,306;4385,334;4389,312;4393,338;4398,322;4402,336;4407,320;4411,312;4415,326;4420,324;4424,324;4428,308;4433,320;4437,314;4441,326;4446,326;4450,338;4454,324;4459,338;4463,328;4467,328;4472,326;4476,312;4481,312;4485,310;4489,344;4494,328;4498,328;4502,326;4507,340;4511,332;4515,330;4520,330;4524,314;4528,328;4533,312;4537,332;4541,318;4546,332;4550,330;4555,330;4559,328;4563,320;4568,332;4572,318;4576,330;4581,316;4585,336;4589,320;4594,334;4598,318;4602,332;4607,316;4611,322;4615,322;4620,320;4624,320;4629,318;4633,332;4637,324;4642,336;4646,320;4650,336;4655,320;4659,326;4663,326;4668,324;4672,324;4676,308;4681,308;4685,314;4689,328;4694,326;4698,324;4703,324;4707,324;4711,330;4716,314;4720,328;4724,312;4729,340;4733,316;4737,330;4742,328;4746,328;4750,326;4755,326;4759,332;4763,316;4768,328;4772,314;4777,314;4781,318;4785,346;4790,316;4794,330;4798,314;4803,340;4807,332;4811,318;4816,332;4820,330;4824,330;4829,314;4833,336;4838,320;4842,334;4846,320;4851,346;4855,322;4859,322;4864,320;4868,306;4872,320;4877,318;4881,338;4885,336;4890,336;4894,322;4898,334;4903,318;4907,324;4912,322;4916,322;4920,322;4925,320;4929,320;4933,324;4938,338;4942,322;4946,322;4951,320;4955,312;4959,338;4964,324;4968,336;4972,320;4977,334;4981,324;4986,326;4990,322;4994,336;4999,320;5003,326;5007,326;5012,310;5016,322;5020,322;5025,322;5029,326;5033,340;5038,324;5042,324;5046,322;5051,336;5055,328;5060,312;5064,312;5068,312;5073,324;5077,330;5081,330;5086,328;5090,328;5094,326;5099,326;5103,318;5107,316;5112,330;5116,314;5120,328;5125,312;5129,332;5134,318;5138,332;5142,330;5147,330;5151,322;5155,306;5160,320;5164,304;5168,330;5173,316;5177,338;5181,322;5186,336;5190,320;5194,334;5199,318;5203,324;5208,322;5212,322;5216,322;5221,306;5225,326;5229,322;5234,338;5238,322;5242,336;5247,320;5251,312;5255,324;5260,324;5264,324;5268,322;5273,320;5277,326;5282,328;5286,326;5290,338;5295,324;5299,316;5303,328;5308,328;5312,328;5316,312;5321,326;5325,332;5329,330;5334,328;5338,328;5342,328;5347,326;5351,332;5356,318;5360,330;5364,314;5369,314;5373,320;5377,334;5382,318;5386,332;5390,316;5395,330;5399,322;5403,322;5408,334;5412,320;5417,320;5421,318;5425,326;5430,324;5434,336;5438,322;5443,334;5447,326;5451,326;5456,324;5460,324;5464,324;5469,322;5473,328;5477,326;5482,326;5486,324;5491,324;5495,322;5499,328;5504,328;5508,312;5512,326;5517,310;5521,330;5525,330;5530,330;5534,328;5538,328;5543,326;5547,318;5552,332;5556,316;5560,330;5565,328;5569,334;5573,320;5578,332;5582,318;5586,332;5591,330;5595,322;5599,322;5604,306;5608,320;5612,306;5617,320;5621,324;5626,338;5630,322;5634,336;5639,322;5643,314;5647,328;5652,326;5656,324;5660,324;5665,324;5669,328;5673,328;5678,314;5682,326;5686,312;5691,324;5695,316;5700,316;5704,314;5708,314;5713,312;5717,318;5721,318;5726,316;5730,316;5734,316;5739,316;5743,322;5747,306;5752,318;5756,318;5760,318;5765,308;5769,322;5774,308;5778,320;5782,304;5787,316;5791,310;5795,308;5800,308;5804,306;5808,320;5813,306;5817,324;5821,310;5826,324;5830,322;5834,322;5839,306;5843,312;5848,312;5852,312;5856,310;5861,310;5865,316;5869,314;5874,314;5878,312;5882,312;5887,310;5891,316;5895,316;5900,302;5904,300;5908,298;5913,314;5917,304;5922,318;5926,316;5930,316;5935,314;5939,306;5943,306;5948,304;5952,320;5956,318;5961,318;5965,310;5969,322;5974,308;5978,322;5983,306;5987,298;5991,324;5996,310;6000,322;6004,310;6009,322;6013,314;6017,314;6022,298;6026,312;6030,296;6035,288;6039,288;6043,286;6048,270;6052,270;6057,284;6061,290;6065,288;6070,288;6074,300;6078,300;6083,298;6087,276;6091,290;6096,274;6100,274;6104,274;6109,292;6113,292;6118,292;6122,304;6126,292;6131,304;6135,280;6139,280;6144,278;6148,278;6152,292;6157,270;6161,284;6165,282;6170,284;6174,296;6178,296;6183,274;6187,272;6192,286;6196,284;6200,284;6205,284;6209,274;6213,286;6218,300;6222,286;6226,298;6231,276;6235,262;6239,288;6244,286;6248,286;6252,286;6257,262;6261,290;6266,290;6270,288;6274,288;6279,286;6283,264;6287,278;6292,276;6296,290;6300,274;6305,260;6309,294;6313,294;6318,292;6322,278;6326,276;6331,268;6335,280;6340,280;6344,280;6348,278;6353,278;6357,284;6361,284;6366,296;6370,296;6374,282;6379,272;6383,286;6387,284;6392,284;6396,270;6400,282;6405,288;6409,288;6414,274;6418,272;6422,284;6427,284;6431,262;6435,274;6440,274;6444,274;6448,272;6453,278;6457,292;6461,290;6466,290;6470,276;6474,260;6479,280;6483,280;6488,278;6492,278;6496,276;6501,276;6505,296;6509,296;6514,294;6518,294;6522,278;6527,284;6531,282;6535,282;6540,282;6544,282;6549,280;6553,286;6557,286;6562,284;6566,284;6570,282;6575,282;6579,274;6583,274;6588,272;6592,284;6596,284;\r\nBuffer sent in 0.973 secondsreturn;buffer;965\r\n'), 12:38:37
bytearray(b'received from UR: measure -> measure (0,1)\r\nSTEPPER: Moving to mstep: 6600 with speed [msteps/sec]: 1000 in StealthChop.\r\n'), 12:38:38
bytearray(b'STEPPER: Moving to mstep: 2400 with speed [msteps/sec]: 4000 in SpreadCycle.\r\n'), 12:38:42
bytearray(b'STEPPER: Moved 4200.00 msteps (ramp: 35%) in 1324.888 ms -> average speed [msteps/sec]: 3170.08\r\nreturn;measure;964\r\n'), 12:38:44
bytearray(b'received from UR: buffer -> buffer (0,1)\r\nSending buffer of size 964data;2400,302;2404,460;2408,158;2413,270;2417,312;2421,320;2426,334;2430,318;2434,346;2439,330;2443,324;2447,322;2452,322;2456,322;2460,320;2465,334;2469,326;2474,340;2478,324;2482,338;2487,324;2491,330;2495,328;2500,314;2504,328;2508,326;2513,326;2517,332;2521,332;2526,318;2530,332;2534,330;2539,308;2543,322;2548,306;2552,320;2556,306;2561,332;2565,324;2569,338;2574,322;2578,322;2582,320;2587,334;2591,340;2595,326;2600,324;2604,310;2608,324;2613,322;2617,344;2622,328;2626,328;2630,314;2635,340;2639,332;2643,330;2648,316;2652,316;2656,328;2661,314;2665,334;2669,320;2674,334;2678,332;2682,332;2687,316;2691,322;2696,336;2700,322;2704,320;2709,320;2713,340;2717,324;2722,338;2726,322;2730,324;2735,322;2739,314;2743,340;2748,312;2752,326;2756,310;2761,324;2765,316;2770,330;2774,328;2778,342;2783,326;2787,318;2791,332;2796,316;2800,330;2804,314;2809,328;2813,320;2817,334;2822,318;2826,332;2830,316;2835,330;2839,322;2844,320;2848,334;2852,318;2857,332;2861,324;2865,324;2870,322;2874,336;2878,320;2883,334;2887,326;2891,310;2896,324;2900,324;2904,336;2909,322;2913,326;2918,326;2922,326;2926,324;2931,338;2935,328;2939,314;2944,328;2948,312;2952,340;2957,324;2961,330;2965,316;2970,330;2974,316;2979,328;2983,312;2987,318;2992,332;2996,316;3000,344;3005,330;3009,322;3013,320;3018,334;3022,318;3026,332;3031,318;3035,324;3039,324;3044,322;3048,336;3053,336;3057,326;3061,326;3066,340;3070,324;3074,324;3079,324;3083,316;3087,328;3092,314;3096,328;3100,312;3105,326;3109,318;3114,332;3118,316;3122,330;3127,330;3131,308;3135,334;3140,320;3144,334;3148,318;3153,332;3157,324;3161,336;3166,322;3170,336;3174,320;3179,334;3183,326;3188,312;3192,326;3196,310;3201,324;3205,316;3209,342;3214,328;3218,342;3222,326;3227,342;3231,332;3235,318;3240,330;3244,316;3248,330;3253,314;3257,334;3262,320;3266,334;3270,318;3275,332;3279,324;3283,322;3288,336;3292,336;3296,322;3301,320;3305,328;3309,326;3314,326;3318,324;3322,324;3327,322;3331,316;3336,328;3340,314;3344,326;3349,312;3353,330;3357,330;3362,330;3366,328;3370,342;3375,328;3379,306;3383,332;3388,318;3392,332;3396,316;3401,330;3405,322;3410,336;3414,320;3418,334;3423,320;3427,312;3431,324;3436,324;3440,324;3444,322;3449,322;3453,328;3457,342;3462,326;3466,340;3470,324;3475,338;3479,330;3484,314;3488,326;3492,312;3497,326;3501,332;3505,332;3510,330;3514,330;3518,316;3523,328;3527,334;3531,318;3536,332;3540,316;3544,330;3549,316;3553,334;3558,320;3562,334;3566,318;3571,332;3575,324;3579,322;3584,336;3588,320;3592,320;3597,318;3601,338;3605,324;3610,338;3614,322;3619,334;3623,320;3627,324;3632,338;3636,322;3640,322;3645,320;3649,340;3653,326;3658,338;3662,324;3666,322;3671,322;3675,328;3679,340;3684,326;3688,324;3693,324;3697,322;3701,328;3706,328;3710,326;3714,326;3719,324;3723,314;3727,328;3732,328;3736,340;3740,312;3745,326;3749,330;3753,344;3758,328;3762,328;3767,326;3771,318;3775,332;3780,330;3784,330;3788,314;3793,328;3797,318;3801,332;3806,332;3810,332;3814,316;3819,330;3823,334;3827,334;3832,318;3836,318;3841,330;3845,322;3849,336;3854,320;3858,320;3862,320;3867,334;3871,340;3875,324;3880,324;3884,324;3888,322;3893,322;3897,328;3901,326;3906,326;3910,324;3915,338;3919,322;3923,314;3928,328;3932,298;3936,326;3941,312;3945,332;3949,330;3954,344;3958,328;3962,328;3967,326;3971,318;3975,344;3980,330;3984,330;3989,314;3993,326;3997,318;4002,346;4006,330;4010,330;4015,314;4019,320;4023,334;4028,332;4032,316;4036,316;4041,328;4045,320;4049,334;4054,316;4058,332;4063,316;4067,322;4071,336;4076,334;4080,320;4084,320;4089,334;4093,324;4097,324;4102,324;4106,322;4110,322;4115,336;4119,328;4123,312;4128,326;4132,310;4137,324;4141,330;4145,330;4150,328;4154,328;4158,328;4163,328;4167,332;4171,332;4176,330;4180,316;4184,330;4189,314;4193,334;4198,320;4202,334;4206,318;4211,332;4215,324;4219,322;4224,322;4228,306;4232,334;4237,318;4241,338;4245,322;4250,322;4254,320;4258,334;4263,320;4267,324;4272,324;4276,324;4280,324;4285,322;4289,328;4293,328;4298,328;4302,326;4306,326;4311,324;4315,330;4319,330;4324,314;4328,328;4333,314;4337,340;4341,318;4346,318;4350,318;4354,330;4359,328;4363,308;4367,334;4372,304;4376,332;4380,318;4385,330;4389,322;4393,322;4402,334;4406,318;4411,334;4415,338;4420,324;4424,322;4428,322;4433,322;4437,326;4441,340;4446,326;4450,340;4454,324;4459,338;4463,328;4467,314;4472,328;4476,312;4480,326;4485,324;4489,330;4494,316;4498,328;4502,328;4507,326;4511,332;4515,330;4520,330;4524,316;4528,328;4533,314;4537,334;4541,332;4546,332;4550,316;4554,330;4559,328;4563,320;4568,320;4572,304;4576,332;4581,316;4585,336;4589,334;4594,348;4598,320;4602,332;4607,318;4611,322;4615,336;4620,322;4624,320;4628,318;4633,332;4637,324;4642,336;4646,322;4650,322;4655,320;4659,326;4663,338;4668,324;4672,322;4676,322;4681,334;4685,324;4689,326;4694,324;4698,324;4702,322;4707,314;4711,328;4716,312;4720,326;4724,312;4729,324;4733,330;4737,328;4742,328;4746,328;4750,326;4755,340;4759,332;4763,330;4768,330;4772,314;4776,328;4781,312;4785,334;4790,318;4794,332;4798,316;4803,330;4807,334;4811,320;4816,332;4820,318;4824,328;4829,316;4833,336;4837,320;4842,332;4846,318;4851,332;4855,316;4859,322;4864,320;4868,320;4872,332;4877,316;4881,324;4885,322;4890,322;4894,320;4898,334;4903,318;4907,324;4911,322;4916,322;4920,320;4925,320;4929,318;4933,324;4938,336;4942,336;4946,334;4951,334;4955,310;4959,324;4964,322;4968,336;4972,322;4977,320;4981,324;4985,338;4990,322;4994,336;4999,320;5003,312;5007,324;5012,324;5016,322;5020,322;5025,320;5029,326;5033,340;5038,324;5042,338;5046,322;5051,322;5055,326;5060,326;5064,324;5068,324;5073,324;5077,314;5081,328;5086,326;5090,326;5094,322;5099,322;5103,328;5107,314;5112,326;5116,310;5120,324;5125,308;5129,328;5134,328;5138,328;5142,326;5147,326;5151,330;5155,316;5160,342;5164,328;5168,326;5173,312;5177,332;5181,330;5186,330;5190,328;5194,342;5199,312;5203,318;5208,332;5212,316;5216,330;5221,330;5225,336;5229,320;5234,334;5238,318;5242,332;5247,316;5251,322;5255,322;5260,320;5264,320;5268,318;5273,332;5277,324;5282,324;5286,324;5290,322;5295,322;5299,328;5303,328;5308,326;5312,326;5316,310;5321,324;5325,330;5329,330;5334,328;5338,328;5342,326;5347,326;5351,332;5356,318;5360,330;5364,316;5369,314;5373,320;5377,334;5382,318;5386,332;5390,318;5395,330;5399,324;5403,320;5408,334;5412,320;5416,320;5421,318;5425,338;5430,324;5434,338;5438,322;5443,336;5447,314;5451,326;5456,326;5460,310;5464,324;5469,308;5473,328;5477,328;5482,328;5486,326;5491,326;5495,324;5499,316;5504,330;5508,328;5512,328;5517,314;5521,334;5525,318;5530,332;5534,316;5538,316;5543,316;5547,320;5551,334;5556,320;5560,320;5565,318;5569,330;5573,322;5578,336;5582,322;5586,334;5591,320;5595,312;5599,338;5604,324;5608,336;5612,308;5617,334;5621,326;5625,340;5630,324;5634,338;5639,324;5643,316;5647,328;5652,328;5656,328;5660,312;5665,326;5669,318;5673,332;5678,316;5682,330;5686,314;5691,314;5695,320;5699,318;5704,332;5708,318;5713,316;5717,308;5721,322;5726,320;5730,320;5734,320;5739,318;5743,324;5747,310;5752,310;5756,308;5760,308;5765,306;5769,326;5773,312;5778,324;5782,310;5787,324;5791,314;5795,300;5800,314;5804,312;5808,324;5813,298;5817,318;5821,316;5826,316;5830,302;5834,314;5839,314;5843,306;5848,318;5852,304;5856,302;5861,302;5865,322;5869,306;5874,320;5878,318;5882,304;5887,304;5891,308;5895,322;5900,322;5904,306;5908,306;5913,318;5917,310;5922,310;5926,308;5930,308;5935,306;5939,312;5943,326;5948,310;5952,310;5956,296;5961,322;5965,314;5969,328;5974,312;5978,326;5982,312;5987,326;5991,318;5996,302;6000,316;6004,302;6009,328;6013,320;6017,320;6022,304;6026,304;6030,288;6035,280;6039,280;6043,278;6048,290;6052,278;6056,290;6061,296;6065,282;6070,294;6074,294;6078,292;6083,292;6087,284;6091,296;6096,282;6100,282;6104,280;6109,280;6113,300;6117,298;6122,282;6126,282;6131,296;6135,286;6139,286;6144,284;6148,284;6152,284;6157,268;6161,290;6165,288;6170,300;6174,286;6178,286;6183,276;6187,276;6191,288;6196,274;6200,286;6205,272;6209,292;6213,290;6218,290;6222,288;6226,286;6231,286;6235,278;6239,276;6244,276;6248,274;6252,274;6257,252;6261,280;6265,292;6270,292;6274,276;6279,276;6283,268;6287,280;6292,266;6296,278;6300,264;6305,276;6309,282;6313,268;6318,280;6322,294;6326,280;6331,270;6335,284;6339,282;6344,282;6348,252;6353,294;6357,284;6361,284;6366,282;6370,282;6374,280;6379,266;6383,286;6387,284;6392,284;6396,282;6400,296;6405,286;6409,300;6413,286;6418,298;6422,284;6427,296;6431,274;6435,272;6440,272;6444,270;6448,284;6453,284;6457,274;6461,288;6466,288;6470,286;6474,284;6479,262;6483,262;6487,274;6492,272;6496,272;6501,270;6505,290;6509,290;6514,288;6518,288;6522,274;6527,286;6531,262;6535,276;6540,276;6544,274;6548,274;6553,292;6557,292;6562,278;6566,278;6570,290;6575,276;6579,280;6583,280;6588,278;6592,276;6596,262;\r\nBuffer sent in 0.972 secondsreturn;buffer;964\r\n'), 12:38:46
bytearray(b'received from UR: measure -> measure (0,1)\r\nSTEPPER: Moving to mstep: 6600 with speed [msteps/sec]: 1000 in StealthChop.\r\n'), 12:38:47
bytearray(b'STEPPER: Moving to mstep: 2400 with speed [msteps/sec]: 4000 in SpreadCycle.\r\n'), 12:38:51
bytearray(b'STEPPER: Moved 4200.00 msteps (ramp: 35%) in 1324.888 ms -> average speed [msteps/sec]: 3170.08\r\nreturn;measure;965\r\n'), 12:38:52
bytearray(b'received from UR: buffer -> buffer (0,1)\r\nSending buffer of size 965data;2400,298;2404,470;2408,138;2413,282;2417,324;2421,330;2426,342;2430,314;2434,340;2439,326;2443,332;2447,316;2452,316;2456,328;2460,314;2465,326;2469,318;2474,332;2478,330;2482,330;2487,328;2491,320;2495,332;2500,318;2504,332;2508,316;2513,330;2517,322;2521,334;2526,334;2530,334;2534,318;2539,332;2543,324;2548,308;2552,322;2556,308;2561,336;2565,326;2569,340;2574,326;2578,340;2582,324;2587,338;2591,330;2595,302;2600,328;2604,314;2608,326;2613,312;2617,346;2622,330;2626,344;2630,328;2635,342;2639,320;2643,306;2648,320;2652,318;2656,330;2661,316;2665,336;2669,322;2674,334;2678,318;2682,334;2687,332;2691,308;2696,322;2700,320;2704,334;2709,318;2713,338;2717,324;2722,336;2726,322;2730,334;2735,334;2739,310;2743,324;2748,308;2752,336;2756,306;2761,334;2765,326;2770,338;2774,324;2778,338;2783,322;2787,314;2791,326;2796,312;2800,326;2804,310;2809,324;2813,328;2817,342;2822,326;2826,340;2831,326;2835,316;2839,330;2844,314;2848,328;2852,314;2857,326;2861,320;2865,332;2870,318;2874,344;2878,330;2883,330;2887,334;2891,318;2896,332;2900,316;2905,330;2909,322;2913,334;2918,320;2922,334;2926,332;2931,332;2935,324;2939,308;2944,334;2948,306;2952,332;2957,318;2961,338;2965,322;2970,336;2974,320;2979,334;2983,318;2987,310;2992,324;2996,308;3000,334;3005,306;3009,340;3013,324;3018,338;3022,324;3026,336;3031,320;3035,312;3039,326;3044,310;3048,324;3053,324;3057,322;3061,328;3066,328;3070,326;3074,326;3079,324;3083,316;3087,330;3092,314;3096,328;3100,314;3105,326;3109,318;3113,332;3118,330;3122,330;3127,328;3131,320;3135,332;3140,304;3144,330;3148,316;3153,328;3157,320;3161,334;3166,332;3170,332;3174,316;3179,344;3183,336;3187,308;3192,334;3196,320;3201,332;3205,324;3209,338;3214,322;3218,336;3222,320;3227,336;3231,326;3235,326;3240,324;3244,310;3248,324;3253,322;3257,342;3261,314;3266,326;3270,326;3275,340;3279,324;3283,330;3288,330;3292,314;3296,328;3301,328;3305,334;3309,318;3314,334;3318,332;3322,332;3327,318;3331,310;3335,322;3340,308;3344,336;3349,320;3353,334;3357,326;3362,340;3366,324;3370,338;3375,324;3379,316;3383,330;3388,314;3392,328;3396,312;3401,326;3405,318;3410,346;3414,330;3418,344;3423,328;3427,320;3431,322;3436,306;3440,332;3444,318;3449,332;3453,322;3457,336;3462,322;3466,336;3470,320;3475,334;3479,326;3484,310;3488,324;3492,310;3497,322;3501,328;3505,342;3510,326;3514,340;3518,326;3523,338;3527,330;3531,302;3536,330;3540,314;3544,328;3549,314;3553,332;3558,332;3562,332;3566,316;3571,344;3575,336;3579,306;3584,334;3588,320;3592,332;3597,304;3601,338;3605,324;3610,338;3614,322;3618,336;3623,322;3627,312;3632,328;3636,312;3640,324;3645,310;3649,344;3653,330;3658,344;3662,328;3666,342;3671,326;3675,318;3679,332;3684,316;3688,330;3692,314;3697,328;3701,334;3706,334;3710,320;3714,332;3719,332;3723,310;3727,322;3732,308;3736,336;3740,306;3745,334;3749,326;3753,340;3758,324;3762,338;3766,322;3771,314;3775,328;3780,312;3784,340;3788,326;3793,324;3797,316;3801,332;3806,328;3810,344;3814,328;3819,342;3823,334;3827,318;3832,332;3836,318;3840,332;3845,316;3849,338;3854,322;3858,336;3862,322;3867,320;3871,326;3875,326;3880,340;3884,324;3888,324;3893,322;3897,330;3901,328;3906,328;3910,326;3915,340;3919,326;3923,302;3928,330;3932,316;3936,328;3941,314;3945,334;3949,334;3954,334;3958,318;3962,332;3967,332;3971,310;3975,336;3980,308;3984,336;3989,306;3993,334;3997,326;4002,340;4006,324;4010,338;4015,322;4019,314;4023,328;4028,314;4032,326;4036,312;4041,324;4045,330;4050,344;4054,316;4058,344;4063,328;4067,306;4071,334;4076,320;4080,332;4084,318;4089,332;4093,324;4097,336;4102,322;4106,336;4110,322;4115,334;4119,326;4124,312;4128,324;4132,310;4137,324;4141,330;4145,330;4150,328;4154,342;4158,326;4163,340;4167,330;4171,316;4176,330;4180,314;4184,328;4189,314;4193,334;4198,318;4202,334;4206,330;4211,344;4215,322;4219,320;4224,334;4228,318;4232,332;4237,316;4241,338;4245,322;4250,336;4254,320;4258,334;4263,318;4267,310;4272,324;4276,308;4280,322;4285,322;4289,328;4293,326;4298,340;4302,324;4306,338;4311,322;4315,314;4319,328;4324,312;4328,326;4332,310;4337,324;4341,330;4346,344;4350,328;4354,342;4359,328;4363,318;4367,332;4372,304;4376,332;4380,316;4385,330;4389,322;4393,336;4398,320;4402,336;4406,320;4411,310;4415,324;4420,310;4424,324;4428,310;4433,322;4437,328;4441,342;4446,326;4450,340;4454,326;4459,340;4463,330;4467,316;4472,328;4476,314;4481,328;4485,312;4489,332;4494,332;4498,332;4502,330;4507,330;4511,322;4515,306;4520,334;4524,318;4528,332;4533,304;4537,338;4541,322;4546,336;4550,320;4555,334;4559,332;4563,310;4568,324;4572,308;4576,322;4581,308;4585,342;4589,326;4594,340;4598,326;4602,338;4607,324;4611,316;4615,330;4620,314;4624,328;4629,312;4633,326;4637,318;4642,332;4646,316;4650,344;4655,328;4659,306;4663,332;4668,318;4672,332;4676,318;4681,330;4685,322;4690,336;4694,322;4698,336;4703,334;4707,312;4711,326;4716,310;4720,324;4724,308;4729,336;4733,328;4737,342;4742,326;4746,340;4750,326;4755,304;4759,330;4764,316;4768,330;4772,314;4777,328;4781,320;4785,332;4790,316;4794,330;4798,316;4803,342;4807,334;4811,306;4816,332;4820,318;4824,330;4829,316;4833,336;4838,320;4842,336;4846,318;4851,346;4855,324;4859,310;4864,322;4868,322;4872,322;4877,306;4881,340;4885,324;4890,338;4894,324;4898,322;4903,320;4907,328;4912,328;4916,310;4920,326;4925,312;4929,332;4933,330;4938,344;4942,328;4946,328;4951,326;4955,318;4959,330;4964,316;4968,328;4972,314;4977,326;4981,318;4986,332;4990,330;4994,344;4999,328;5003,308;5007,332;5012,304;5016,332;5020,316;5025,330;5029,322;5033,322;5038,320;5042,334;5046,318;5051,332;5055,324;5060,322;5064,322;5068,320;5073,334;5077,326;5081,338;5086,324;5090,336;5094,322;5099,334;5103,326;5107,310;5112,324;5116,308;5120,336;5125,306;5129,340;5134,326;5138,338;5142,324;5147,336;5151,328;5155,312;5160,326;5164,310;5168,324;5173,310;5177,342;5181,326;5186,340;5190,324;5195,338;5199,322;5203,312;5208,326;5212,310;5216,324;5221,308;5225,342;5229,326;5234,340;5238,324;5242,338;5247,322;5251,328;5255,326;5260,310;5264,324;5269,310;5273,336;5277,328;5282,342;5286,326;5290,340;5295,324;5299,316;5303,328;5308,314;5312,328;5316,312;5321,326;5325,332;5329,332;5334,330;5338,330;5343,326;5347,306;5351,332;5356,318;5360,332;5364,302;5369,330;5373,322;5377,334;5382,318;5386,334;5390,318;5395,344;5399,336;5403,306;5408,334;5412,304;5417,332;5421,324;5425,336;5430,322;5434,336;5438,320;5443,334;5447,326;5451,310;5456,324;5460,310;5464,322;5469,322;5473,328;5477,326;5482,340;5486,324;5491,324;5495,316;5499,314;5504,328;5508,312;5512,326;5517,310;5521,330;5525,328;5530,330;5534,328;5538,342;5543,326;5547,304;5551,332;5556,314;5560,330;5565,314;5569,328;5573,318;5578,332;5582,316;5586,344;5591,328;5595,306;5599,334;5604,318;5608,332;5612,304;5617,330;5621,322;5625,336;5630,320;5634,348;5639,318;5643,324;5647,322;5652,322;5656,334;5660,320;5665,334;5669,310;5673,322;5678,322;5682,322;5686,320;5691,320;5695,310;5699,310;5704,322;5708,308;5713,322;5717,314;5721,312;5726,312;5730,326;5734,310;5739,324;5743,316;5747,300;5752,314;5756,298;5760,312;5765,298;5769,328;5774,316;5778,330;5782,316;5787,328;5791,320;5795,304;5800,318;5804,304;5808,316;5813,302;5817,322;5821,308;5826,320;5830,318;5834,320;5839,310;5843,296;5848,308;5852,294;5856,306;5861,306;5865,326;5869,310;5874,324;5878,310;5882,322;5887,308;5891,300;5895,312;5900,298;5904,312;5909,296;5913,316;5917,316;5922,330;5926,314;5930,326;5935,312;5939,304;5943,318;5948,302;5952,316;5956,300;5961,328;5965,320;5969,320;5974,306;5978,318;5983,304;5987,308;5991,322;5996,308;6000,322;6004,306;6009,320;6013,312;6017,326;6022,310;6026,310;6030,296;6035,274;6039,286;6043,286;6048,284;6052,272;6057,284;6061,290;6065,290;6070,288;6074,288;6078,288;6083,288;6087,278;6091,278;6096,278;6100,276;6104,276;6109,262;6113,296;6117,294;6122,294;6126,280;6131,266;6135,300;6139,270;6144,284;6148,268;6152,282;6157,268;6161,288;6165,288;6170,286;6174,286;6178,300;6183,276;6187,262;6191,276;6196,274;6200,274;6205,272;6209,294;6213,292;6218,278;6222,290;6226,290;6231,268;6235,252;6239,294;6244,278;6248,278;6252,292;6257,240;6261,282;6266,294;6270,280;6274,278;6279,278;6283,270;6287,282;6292,254;6296,280;6300,266;6305,280;6309,286;6313,270;6318,284;6322,282;6326,280;6331,260;6335,272;6340,256;6344,286;6348,284;6353,282;6357,276;6361,272;6366,272;6370,272;6374,286;6379,278;6383,278;6387,262;6392,274;6396,274;6400,272;6405,280;6409,278;6414,290;6418,290;6422,288;6427,288;6431,280;6435,264;6440,278;6444,276;6448,276;6453,282;6457,280;6461,280;6466,294;6470,278;6475,264;6479,284;6483,282;6488,282;6492,282;6496,266;6501,250;6505,286;6509,284;6514,284;6518,282;6522,254;6527,288;6531,274;6535,272;6540,270;6544,270;6549,256;6553,290;6557,288;6562,288;6566,272;6570,242;6575,270;6579,276;6583,290;6588,288;6592,274;6596,286;\r\nBuffer sent in 0.973 secondsreturn;buffer;965\r\n'), 12:38:54
bytearray(b'received from UR: measure -> measure (0,1)\r\nSTEPPER: Moving to mstep: 6600 with speed [msteps/sec]: 1000 in StealthChop.\r\n'), 12:38:55
bytearray(b'STEPPER: Moving to mstep: 2400 with speed [msteps/sec]: 4000 in SpreadCycle.\r\n'), 12:39:00
bytearray(b'STEPPER: Moved 4200.00 msteps (ramp: 35%) in 1324.888 ms -> average speed [msteps/sec]: 3170.08\r\nreturn;measure;964\r\n'), 12:39:01
bytearray(b'received from UR: buffer -> buffer (0,1)\r\nSending buffer of size 964data;2400,306;2404,468;2408,136;2413,280;2417,322;2421,328;2426,328;2430,326;2434,340;2439,324;2443,316;2447,330;2452,330;2456,328;2460,314;2465,326;2469,318;2474,332;2478,330;2482,330;2487,316;2491,322;2495,334;2500,320;2504,332;2508,332;2513,332;2517,324;2521,338;2526,336;2530,336;2534,322;2539,334;2543,326;2548,326;2552,326;2556,310;2561,324;2565,330;2569,330;2574,328;2578,342;2582,314;2587,328;2591,332;2595,316;2600,330;2604,316;2608,330;2613,312;2617,334;2622,320;2626,334;2630,318;2635,332;2639,324;2643,308;2648,322;2652,322;2656,334;2661,320;2665,326;2669,326;2674,338;2678,324;2682,324;2687,336;2691,314;2696,326;2700,328;2704,326;2709,326;2713,332;2717,316;2722,330;2726,328;2730,328;2735,328;2739,320;2743,334;2748,318;2752,332;2756,302;2761,316;2765,322;2770,336;2774,320;2778,334;2783,318;2787,324;2791,338;2796,310;2800,336;2804,322;2809,334;2813,326;2817,340;2822,324;2826,336;2830,324;2835,328;2843,328;2848,328;2852,314;2857,326;2861,318;2865,332;2870,332;2874,332;2878,328;2883,342;2887,320;2891,318;2896,332;2900,330;2904,330;2909,316;2913,336;2917,322;2922,336;2926,320;2931,334;2935,326;2939,310;2944,324;2948,324;2952,324;2957,322;2961,328;2965,314;2970,326;2974,326;2978,338;2983,324;2987,316;2992,316;2996,316;3000,330;3005,314;3009,336;3013,320;3018,334;3022,320;3026,334;3031,318;3035,324;3039,324;3044,310;3048,322;3052,322;3057,336;3061,314;3066,328;3070,326;3074,326;3079,324;3083,332;3087,330;3092,316;3096,330;3100,328;3105,328;3109,320;3113,334;3118,334;3122,334;3126,318;3131,334;3135,338;3140,310;3144,336;3148,322;3153,336;3157,328;3161,328;3166,326;3170,340;3174,326;3179,340;3183,330;3187,316;3192,330;3196,316;3201,328;3205,322;3209,334;3214,320;3218,334;3222,318;3227,346;3231,324;3235,308;3240,322;3244,308;3248,320;3253,320;3257,340;3261,326;3266,340;3270,324;3275,338;3279,322;3283,314;3288,328;3292,326;3296,326;3301,326;3305,332;3309,318;3314,330;3318,330;3322,330;3327,328;3331,320;3335,334;3340,320;3344,332;3349,318;3353,330;3357,336;3362,336;3366,320;3370,334;3375,320;3379,326;3383,340;3388,310;3392,324;3396,322;3401,336;3405,314;3409,342;3414,326;3418,326;3423,324;3427,316;3431,330;3436,330;3440,328;3444,314;3449,326;3453,318;3457,332;3462,316;3466,330;3470,330;3475,328;3479,334;3483,320;3488,332;3492,316;3497,330;3501,330;3505,336;3510,320;3514,336;3518,320;3523,334;3527,326;3531,326;3536,340;3540,310;3544,324;3549,324;3553,330;3557,316;3562,328;3566,328;3571,328;3575,312;3579,318;3584,332;3588,316;3592,330;3597,314;3601,336;3605,322;3610,336;3614,320;3618,334;3623,320;3627,324;3632,324;3636,324;3640,324;3645,322;3649,330;3653,328;3658,342;3662,314;3666,340;3671,326;3675,318;3679,332;3684,316;3688,330;3692,330;3697,330;3701,322;3706,336;3710,320;3714,334;3719,334;3723,312;3727,326;3732,310;3736,324;3740,324;3745,336;3749,330;3753,328;3758,328;3762,328;3766,326;3771,340;3775,330;3780,316;3784,330;3788,314;3793,328;3797,318;3801,334;3806,330;3810,342;3814,330;3819,330;3823,320;3827,320;3832,320;3836,318;3840,332;3845,316;3849,336;3854,322;3858,334;3862,320;3867,334;3871,340;3875,324;3880,324;3884,324;3888,336;3893,322;3897,328;3901,326;3906,326;3910,324;3914,324;3919,338;3923,314;3928,328;3932,312;3936,326;3941,324;3945,330;3949,316;3954,330;3958,328;3962,328;3967,326;3971,318;3975,330;3980,318;3984,330;3988,316;3993,344;3997,320;4002,334;4006,318;4010,332;4015,316;4019,322;4023,334;4028,320;4032,320;4036,318;4041,332;4045,322;4049,336;4054,320;4058,334;4063,318;4067,332;4071,338;4076,322;4080,322;4084,322;4089,334;4093,326;4097,340;4102,324;4106,338;4110,324;4115,338;4119,316;4123,314;4128,328;4132,326;4136,340;4141,312;4145,330;4150,330;4154,344;4158,328;4163,328;4167,318;4171,318;4176,330;4180,316;4184,328;4189,314;4193,334;4197,318;4202,332;4206,330;4211,330;4215,328;4219,320;4224,320;4228,320;4232,332;4237,318;4241,338;4245,322;4250,336;4254,320;4258,334;4263,318;4267,324;4271,324;4276,322;4280,336;4285,308;4289,328;4293,326;4298,326;4302,324;4306,324;4311,322;4315,314;4319,328;4324,314;4328,326;4332,312;4337,326;4341,330;4346,330;4350,330;4354,328;4359,326;4363,318;4367,320;4372,318;4376,330;4380,316;4385,342;4389,320;4393,334;4398,320;4402,332;4406,316;4411,332;4415,336;4420,320;4424,320;4428,320;4433,332;4437,322;4441,336;4446,322;4450,336;4454,318;4459,334;4463,326;4467,322;4472,322;4476,322;4480,334;4485,320;4489,326;4494,324;4498,338;4502,322;4507,336;4511,328;4515,314;4520,326;4524,326;4528,324;4533,308;4537,330;4541,328;4546,342;4550,326;4554,326;4559,324;4563,318;4568,330;4572,314;4576,328;4581,324;4585,334;4589,318;4594,332;4598,330;4602,344;4607,328;4611,320;4615,320;4620,320;4624,332;4628,316;4633,330;4637,322;4642,336;4646,320;4650,334;4655,318;4659,324;4663,338;4668,322;4672,322;4676,322;4681,334;4685,326;4689,326;4694,324;4698,338;4702,324;4707,338;4711,316;4716,314;4720,326;4724,326;4729,338;4733,316;4737,330;4742,328;4746,328;4750,326;4755,340;4759,332;4763,318;4768,330;4772,314;4777,328;4781,326;4785,334;4790,318;4794,332;4798,330;4803,314;4807,320;4811,318;4816,318;4820,316;4824,330;4829,330;4833,334;4837,320;4842,334;4846,318;4851,332;4855,324;4859,308;4864,320;4868,320;4872,320;4877,318;4881,338;4885,322;4890,336;4894,322;4898,334;4903,318;4907,324;4912,338;4916,322;4920,322;4925,320;4929,334;4933,324;4938,324;4942,322;4946,336;4951,320;4955,312;4959,324;4964,310;4968,324;4972,322;4977,334;4981,326;4986,340;4990,324;4994,338;4999,322;5003,328;5007,342;5012,312;5016,326;5020,324;5025,338;5029,314;5033,328;5038,326;5042,340;5046,324;5051,336;5055,328;5060,314;5064,326;5068,324;5073,338;5077,314;5081,328;5086,328;5090,326;5094,324;5099,324;5103,316;5107,326;5112,326;5116,312;5120,324;5125,322;5129,342;5134,326;5138,326;5142,324;5147,324;5151,330;5155,314;5160,326;5164,312;5168,326;5173,324;5177,330;5181,316;5186,328;5190,326;5194,340;5199,312;5203,316;5208,330;5212,316;5216,328;5221,312;5225,334;5229,318;5234,344;5238,330;5242,330;5247,328;5251,320;5255,318;5260,318;5264,330;5268,330;5273,328;5277,320;5282,334;5286,318;5290,332;5295,330;5299,322;5303,322;5308,320;5312,332;5316,318;5321,330;5325,322;5329,336;5334,320;5338,334;5343,320;5347,310;5351,324;5356,324;5360,336;5364,306;5369,320;5373,326;5377,340;5382,324;5386,338;5390,322;5395,336;5399,328;5403,326;5408,326;5412,310;5417,310;5421,322;5425,342;5430,328;5434,328;5438,312;5443,338;5447,330;5451,316;5456,314;5460,314;5464,326;5469,326;5473,330;5477,330;5482,330;5486,314;5491,328;5495,318;5499,318;5504,330;5508,314;5512,314;5517,312;5521,334;5525,318;5530,330;5534,330;5538,330;5543,314;5547,320;5551,332;5556,318;5560,330;5565,316;5569,342;5573,320;5578,334;5582,318;5586,332;5591,330;5595,320;5599,334;5604,304;5608,318;5612,316;5617,316;5621,322;5625,334;5630,320;5634,332;5639,316;5643,322;5647,322;5652,320;5656,320;5660,318;5665,332;5669,324;5673,336;5678,322;5682,334;5686,320;5691,332;5695,310;5699,324;5704,322;5708,308;5713,320;5717,312;5721,326;5726,310;5730,324;5734,322;5739,322;5743,326;5747,312;5752,324;5756,310;5760,308;5765,308;5769,314;5773,312;5778,326;5782,310;5787,322;5791,328;5795,312;5800,312;5804,310;5808,310;5813,308;5817,300;5821,312;5826,312;5830,310;5834,324;5839,308;5843,314;5847,312;5852,298;5856,310;5861,310;5865,314;5869,314;5874,312;5878,312;5882,324;5887,310;5891,314;5895,314;5900,298;5904,312;5908,312;5913,324;5917,314;5922,314;5926,312;5930,312;5935,310;5939,302;5943,316;5948,300;5952,312;5956,312;5961,326;5965,316;5969,316;5974,314;5978,328;5983,312;5987,304;5991,318;5996,316;6000,330;6004,300;6009,314;6013,306;6017,318;6022,302;6026,316;6030,300;6035,292;6039,290;6043,290;6048,290;6052,288;6057,302;6061,280;6065,292;6070,290;6074,304;6078,290;6083,302;6087,280;6091,264;6096,292;6100,290;6104,276;6109,296;6113,294;6117,294;6122,278;6126,292;6131,290;6135,282;6139,280;6144,280;6148,294;6152,292;6157,278;6161,296;6165,294;6170,296;6174,294;6178,294;6183,284;6187,284;6191,282;6196,282;6200,294;6205,280;6209,286;6213,284;6218,284;6222,268;6226,282;6231,282;6235,272;6239,270;6244,270;6248,282;6252,282;6257,288;6261,286;6265,286;6270,272;6274,270;6279,282;6283,276;6287,286;6292,288;6296,272;6300,286;6305,262;6309,276;6313,276;6318,288;6322,288;6326,286;6331,264;6335,278;6339,278;6344,276;6348,276;6353,290;6357,280;6361,294;6366,280;6370,292;6374,290;6379,290;6383,280;6387,268;6392,280;6396,278;6400,264;6405,284;6409,298;6414,282;6418,294;6422,280;6427,250;6431,284;6435,284;6440,284;6444,284;6448,268;6453,274;6457,286;6461,284;6466,286;6470,284;6474,284;6479,276;6483,288;6488,288;6492,288;6496,286;6501,286;6505,264;6509,276;6514,290;6518,288;6522,272;6527,264;6531,278;6535,276;6540,276;6544,274;6548,274;6553,280;6557,278;6562,248;6566,276;6570,290;6575,274;6579,280;6583,278;6588,278;6592,276;6596,276;\r\nBuffer sent in 0.972 secondsreturn;buffer;964\r\n'), 12:39:03
bytearray(b'received from UR: measure -> measure (0,1)\r\nSTEPPER: Moving to mstep: 6600 with speed [msteps/sec]: 1000 in StealthChop.\r\n'), 12:39:04
bytearray(b'STEPPER: Moving to mstep: 2400 with speed [msteps/sec]: 4000 in SpreadCycle.\r\n'), 12:39:08
bytearray(b'STEPPER: Moved 4200.00 msteps (ramp: 35%) in 1324.888 ms -> average speed [msteps/sec]: 3170.08\r\nreturn;measure;965\r\n'), 12:39:10
bytearray(b'received from UR: buffer -> buffer (0,1)\r\nSending buffer of size 965data;2400,304;2404,458;2408,170;2413,284;2417,312;2421,318;2426,332;2430,316;2434,344;2439,316;2443,336;2447,320;2452,320;2456,332;2460,318;2465,332;2469,324;2474,324;2478,324;2482,336;2487,322;2491,328;2495,326;2500,326;2504,326;2508,324;2513,338;2517,316;2521,328;2526,328;2530,328;2534,326;2539,340;2543,332;2548,316;2552,330;2556,316;2561,330;2565,322;2569,334;2574,320;2578,334;2582,318;2587,332;2591,324;2595,308;2600,336;2604,306;2608,334;2613,318;2617,340;2622,324;2626,338;2630,322;2635,336;2639,328;2643,312;2648,326;2652,310;2656,324;2661,310;2665,330;2669,328;2674,342;2678,326;2683,328;2687,324;2691,316;2696,330;2700,314;2704,328;2709,314;2713,334;2717,318;2722,332;2726,330;2730,332;2735,330;2739,308;2743,334;2748,306;2752,334;2757,318;2761,332;2765,324;2770,322;2774,322;2778,336;2783,322;2787,328;2791,326;2796,312;2800,326;2804,310;2809,324;2813,328;2817,342;2822,328;2826,342;2831,326;2835,318;2839,332;2844,316;2848,330;2852,316;2857,330;2861,322;2865,336;2870,334;2874,334;2878,318;2883,332;2887,324;2891,310;2896,322;2900,322;2905,322;2909,306;2913,342;2918,326;2922,340;2926,324;2931,340;2935,330;2939,314;2944,328;2948,314;2952,328;2957,312;2961,332;2965,318;2970,330;2974,316;2979,330;2983,314;2987,320;2992,334;2996,306;3000,332;3005,318;3009,338;3013,324;3018,336;3022,322;3026,336;3031,320;3035,312;3039,324;3044,324;3048,324;3053,310;3057,320;3061,314;3066,328;3070,326;3074,340;3079,326;3083,318;3087,332;3092,316;3096,330;3100,314;3105,328;3109,334;3113,334;3118,318;3122,332;3127,332;3131,310;3135,324;3140,308;3144,336;3148,306;3153,334;3157,326;3161,338;3166,324;3170,338;3174,322;3179,302;3183,328;3188,312;3192,326;3196,312;3201,326;3205,332;3209,344;3214,316;3218,344;3222,328;3227,342;3231,320;3235,320;3240,332;3244,332;3248,318;3253,316;3257,336;3262,322;3266,336;3270,334;3275,334;3279,326;3283,326;3288,324;3292,324;3296,324;3301,322;3305,328;3309,314;3314,328;3318,326;3322,340;3327,324;3331,330;3336,330;3340,314;3344,328;3349,312;3353,332;3357,318;3362,330;3366,330;3370,330;3375,328;3379,320;3383,334;3388,304;3392,332;3396,316;3401,332;3405,322;3410,336;3414,320;3418,334;3423,318;3427,310;3431,324;3436,308;3440,322;3444,320;3449,320;3453,326;3457,340;3462,324;3466,338;3470,324;3475,338;3479,328;3484,314;3488,326;3492,312;3497,326;3501,318;3505,330;3510,316;3514,330;3518,328;3523,328;3527,334;3531,318;3536,332;3540,304;3544,330;3549,316;3553,336;3558,320;3562,334;3566,318;3571,332;3575,324;3579,308;3584,336;3588,306;3592,334;3597,318;3601,338;3605,324;3610,338;3614,322;3618,336;3623,320;3627,312;3632,326;3636,310;3640,324;3645,322;3649,344;3653,328;3658,342;3662,326;3666,340;3671,324;3675,316;3679,330;3684,316;3688,330;3693,314;3697,328;3701,334;3706,334;3710,318;3714,332;3719,330;3723,308;3727,324;3732,308;3736,336;3740,306;3745,334;3749,326;3753,340;3758,324;3762,338;3767,324;3771,314;3775,328;3780,314;3784,328;3788,312;3793,326;3797,320;3801,332;3806,318;3810,344;3814,330;3819,344;3823,322;3827,322;3832,320;3836,306;3841,332;3845,324;3849,338;3854,324;3858,338;3862,322;3867,336;3871,328;3875,314;3880,326;3884,312;3888,326;3893,310;3897,330;3902,330;3906,344;3910,328;3915,342;3919,334;3923,318;3928,332;3932,304;3936,332;3941,316;3945,338;3949,322;3954,336;3958,322;3962,336;3967,320;3971,312;3976,326;3980,310;3984,324;3989,310;3993,324;3997,316;4002,344;4006,328;4010,342;4015,326;4019,318;4023,332;4028,318;4032,332;4036,316;4041,330;4045,322;4050,338;4054,322;4058,336;4063,320;4067,314;4071,326;4076,326;4080,324;4084,324;4089,324;4093,330;4097,330;4102,314;4106,326;4110,326;4115,340;4119,332;4124,330;4128,330;4132,314;4137,328;4141,320;4145,334;4150,318;4154,332;4158,332;4163,332;4167,322;4171,308;4176,336;4180,306;4184,334;4189,320;4193,340;4198,324;4202,338;4206,324;4211,338;4215,328;4219,314;4224,326;4228,312;4232,326;4237,312;4241,344;4245,316;4250,344;4254,328;4258,342;4263,326;4267,318;4272,332;4276,318;4280,330;4285,316;4289,336;4293,322;4298,334;4302,334;4306,334;4311,318;4315,310;4319,324;4324,308;4328,336;4333,306;4337,334;4341,326;4346,338;4350,324;4354,338;4359,322;4363,314;4367,328;4372,312;4376,326;4380,312;4385,326;4389,318;4393,346;4398,330;4402,344;4407,328;4411,320;4415,332;4420,304;4424,332;4428,316;4433,330;4437,322;4441,336;4446,320;4450,334;4454,318;4459,346;4463,324;4467,310;4472,324;4476,322;4481,322;4485,328;4489,342;4494,326;4498,340;4502,324;4507,338;4511,330;4515,314;4520,328;4524,314;4528,326;4533,312;4537,332;4541,332;4546,332;4550,330;4555,330;4559,328;4563,306;4568,334;4572,320;4576,332;4581,304;4585,338;4589,322;4594,336;4598,322;4602,336;4607,320;4611,312;4616,326;4620,310;4624,324;4629,308;4633,322;4637,328;4642,342;4646,326;4650,340;4655,326;4659,316;4663,330;4668,316;4672,328;4676,314;4681,326;4685,332;4690,332;4694,318;4698,330;4703,330;4707,308;4711,334;4716,320;4720,332;4724,304;4729,332;4733,324;4737,336;4742,322;4746,334;4750,334;4755,334;4759,326;4764,310;4768,338;4772,308;4777,336;4781,326;4785,342;4790,326;4794,340;4798,324;4803,338;4807,330;4811,316;4816,328;4820,314;4824,328;4829,312;4833,348;4838,318;4842,346;4846,318;4851,346;4855,324;4859,322;4864,322;4868,306;4872,320;4877,320;4881,338;4885,324;4890,336;4894,322;4898,334;4903,320;4907,326;4912,324;4916,310;4920,322;4925,308;4929,342;4933,326;4938,338;4942,324;4946,338;4951,322;4955,314;4959,328;4964,312;4968,326;4972,310;4977,324;4981,316;4986,342;4990,328;4994,340;4999,326;5003,316;5007,330;5012,302;5016,328;5020,314;5025,326;5029,318;5033,346;5038,330;5042,344;5047,328;5051,320;5055,334;5060,306;5064,332;5068,318;5073,330;5077,322;5081,336;5086,322;5090,334;5094,318;5099,332;5103,324;5107,324;5112,322;5116,308;5121,334;5125,320;5129,326;5134,324;5138,322;5142,322;5147,336;5151,326;5155,312;5160,326;5164,312;5168,324;5173,310;5177,344;5181,328;5186,342;5190,326;5195,340;5199,326;5203,304;5208,330;5212,316;5216,330;5221,314;5225,336;5229,320;5234,348;5238,318;5242,346;5247,318;5251,310;5255,324;5260,322;5264,322;5269,306;5273,320;5277,326;5282,340;5286,324;5290,338;5295,324;5299,314;5303,328;5308,314;5312,328;5316,312;5321,326;5325,332;5329,330;5334,316;5338,330;5343,316;5347,320;5351,334;5356,306;5360,332;5364,318;5369,332;5373,324;5377,338;5382,322;5386,336;5390,320;5395,334;5399,326;5403,310;5408,326;5412,310;5417,324;5421,316;5425,344;5430,326;5434,342;5438,326;5443,340;5447,318;5451,316;5456,330;5460,316;5464,328;5469,314;5473,334;5477,320;5482,332;5486,318;5491,330;5495,322;5499,308;5504,320;5508,320;5512,320;5517,304;5521,338;5525,324;5530,336;5534,322;5538,336;5543,320;5547,312;5552,326;5556,310;5560,324;5565,308;5569,336;5573,326;5578,340;5582,324;5586,338;5591,324;5595,314;5599,328;5604,312;5608,326;5612,310;5617,324;5621,330;5626,344;5630,328;5634,342;5639,326;5643,318;5647,330;5652,316;5656,328;5660,312;5665,326;5669,318;5673,330;5678,314;5682,328;5686,326;5691,304;5695,318;5700,316;5704,316;5708,300;5713,314;5717,318;5721,332;5726,316;5730,330;5734,328;5739,328;5743,318;5747,304;5752,318;5756,300;5760,314;5765,320;5769,320;5774,318;5778,332;5782,316;5787,328;5791,320;5795,306;5800,318;5804,304;5808,316;5813,302;5817,322;5821,320;5826,334;5830,318;5835,318;5839,310;5843,308;5848,308;5852,294;5856,306;5861,306;5865,326;5869,310;5874,324;5878,310;5882,322;5887,308;5891,300;5895,312;5900,298;5904,310;5909,296;5913,316;5917,314;5922,326;5926,314;5930,326;5935,310;5939,302;5943,316;5948,300;5952,314;5956,298;5961,312;5965,318;5969,332;5974,316;5978,330;5983,314;5987,306;5991,318;5996,304;6000,318;6004,302;6009,314;6013,308;6017,320;6022,304;6026,318;6030,302;6035,280;6039,278;6043,278;6048,292;6052,276;6057,276;6061,296;6065,296;6070,294;6074,292;6078,292;6083,292;6087,282;6091,282;6096,282;6100,280;6104,280;6109,280;6113,300;6117,298;6122,284;6126,298;6131,298;6135,286;6139,274;6144,288;6148,274;6152,286;6157,258;6161,292;6165,292;6170,292;6174,278;6178,262;6183,296;6187,282;6192,280;6196,266;6200,278;6205,264;6209,298;6213,284;6218,284;6222,282;6226,266;6231,280;6235,272;6239,272;6244,286;6248,270;6252,256;6257,290;6261,276;6266,274;6270,288;6274,286;6279,286;6283,278;6287,278;6292,264;6296,276;6300,262;6305,282;6309,282;6313,268;6318,280;6322,280;6326,292;6331,256;6335,284;6340,270;6344,282;6348,268;6353,282;6357,288;6361,288;6366,286;6370,300;6374,286;6379,262;6383,290;6387,276;6392,290;6396,290;6400,288;6405,280;6409,282;6414,280;6418,250;6422,278;6427,280;6431,284;6435,284;6440,284;6444,282;6448,282;6453,282;6457,274;6461,286;6466,272;6470,286;6474,286;6479,276;6483,290;6488,290;6492,260;6496,288;6501,274;6505,294;6509,280;6514,280;6518,292;6522,280;6527,284;6531,284;6535,282;6540,282;6544,280;6549,266;6553,272;6557,286;6562,300;6566,284;6570,284;6575,270;6579,290;6583,276;6588,274;6592,288;6596,272;\r\nBuffer sent in 0.973 secondsreturn;buffer;965\r\n'), 12:39:12
bytearray(b'received from UR: measure -> measure (0,1)\r\nSTEPPER: Moving to mstep: 6600 with speed [msteps/sec]: 1000 in StealthChop.\r\n'), 12:39:13
bytearray(b'STEPPER: Moving to mstep: 2400 with speed [msteps/sec]: 4000 in SpreadCycle.\r\n'), 12:39:17
bytearray(b'STEPPER: Moved 4200.00 msteps (ramp: 35%) in 1324.888 ms -> average speed [msteps/sec]: 3170.08\r\nreturn;measure;965\r\n'), 12:39:18
bytearray(b'received from UR: buffer -> buffer (0,1)\r\nSending buffer of size 965data;2400,306;2404,470;2408,138;2413,280;2417,322;2421,316;2426,344;2430,316;2434,344;2439,314;2443,320;2447,334;2452,320;2456,334;2460,332;2465,318;2469,324;2473,338;2478,324;2482,338;2487,322;2491,314;2495,328;2500,314;2504,328;2508,312;2513,326;2517,332;2521,332;2526,318;2530,332;2534,330;2539,330;2543,324;2548,308;2552,336;2556,306;2561,334;2565,326;2569,340;2574,326;2578,340;2582,324;2587,340;2591,330;2595,316;2600,330;2604,300;2608,328;2613,314;2617,336;2622,320;2626,334;2630,320;2635,334;2639,326;2643,312;2648,324;2652,324;2656,338;2661,324;2665,330;2669,314;2674,328;2678,328;2682,328;2687,328;2691,320;2696,334;2700,318;2704,332;2709,318;2713,332;2717,324;2722,338;2726,324;2730,336;2735,322;2739,314;2743,328;2748,312;2752,328;2756,312;2761,326;2765,318;2770,346;2774,332;2778,346;2783,318;2787,308;2791,336;2796,308;2800,336;2804,308;2809,334;2813,328;2817,342;2822,326;2826,340;2830,326;2835,340;2839,332;2844,316;2848,330;2852,316;2857,330;2861,322;2865,336;2870,322;2874,336;2878,320;2883,334;2887,326;2891,312;2896,326;2900,324;2905,324;2909,318;2913,332;2918,330;2922,332;2926,330;2931,344;2935,336;2939,308;2944,334;2948,320;2952,334;2957,306;2961,340;2965,326;2970,340;2974,324;2979,338;2983,324;2987,304;2992,330;2996,316;3000,330;3005,302;3009,336;3013,320;3018,334;3022,320;3026,334;3031,320;3035,310;3039,324;3044,310;3048,324;3053,308;3057,322;3061,328;3066,328;3070,326;3074,340;3079,326;3083,318;3087,332;3092,318;3096,330;3100,316;3105,330;3109,322;3113,336;3118,320;3122,334;3127,334;3131,312;3135,326;3140,312;3144,326;3148,310;3153,324;3157,330;3161,344;3166,328;3170,342;3174,326;3179,342;3183,334;3187,318;3192,332;3196,304;3201,330;3205,322;3209,336;3214,322;3218,336;3222,320;3227,348;3231,326;3235,312;3240,324;3244,310;3248,324;3253,324;3257,344;3261,328;3266,342;3270,328;3275,342;3279,326;3283,318;3288,332;3292,316;3296,330;3301,316;3305,336;3309,322;3314,336;3318,334;3322,334;3327,320;3331,312;3335,326;3340,310;3344,324;3349,310;3353,330;3357,330;3362,344;3366,328;3370,342;3375,328;3379,320;3383,334;3388,304;3392,332;3396,318;3401,332;3405,324;3410,338;3414,322;3418,336;3423,320;3427,314;3431,326;3436,312;3440,326;3444,312;3449,324;3453,318;3457,332;3462,330;3466,330;3470,328;3475,342;3479,334;3484,306;3488,334;3492,318;3497,332;3501,324;3505,338;3510,322;3514,336;3518,322;3523,334;3527,326;3531,312;3536,326;3540,312;3544,324;3549,310;3553,344;3558,330;3562,344;3566,328;3571,342;3575,334;3579,304;3584,332;3588,318;3592,332;3597,302;3601,338;3605,322;3610,336;3614,320;3618,348;3623,320;3627,312;3632,326;3636,310;3640,324;3645,310;3649,344;3653,330;3658,344;3662,328;3666,342;3671,328;3675,306;3679,334;3684,318;3688,332;3692,316;3697,330;3701,322;3706,338;3710,322;3714,334;3719,334;3723,312;3727,324;3732,310;3736,324;3740,308;3745,324;3749,328;3753,342;3758,326;3762,340;3767,326;3771,304;3775,332;3780,318;3784,332;3788,302;3793,330;3797,322;3801,336;3806,320;3810,336;3814,320;3819,334;3823,326;3827,312;3832,326;3836,310;3841,324;3845,310;3849,344;3854,316;3858,344;3862,328;3867,342;3871,334;3875,320;3880,334;3884,318;3888,332;3893,318;3897,338;3901,324;3906,338;3910,324;3915,338;3919,322;3923,314;3928,328;3932,314;3936,328;3941,314;3945,334;3949,320;3954,334;3958,332;3962,332;3967,318;3971,310;3975,324;3980,310;3984,324;3989,310;3993,324;3997,316;4002,344;4006,328;4010,344;4015,328;4019,320;4023,322;4028,306;4032,320;4036,320;4041,332;4045,326;4049,340;4054,324;4058,338;4063,324;4067,316;4071,330;4076,316;4080,330;4084,316;4089,328;4093,320;4097,336;4102,334;4106,334;4110,320;4115,334;4119,326;4124,310;4128,324;4132,310;4137,324;4141,330;4145,330;4150,328;4154,328;4158,328;4163,342;4167,332;4171,304;4176,332;4180,318;4184,330;4189,302;4193,336;4198,322;4202,336;4206,320;4211,334;4215,326;4219,312;4224,324;4228,310;4232,324;4237,308;4241,344;4245,328;4250,342;4254,326;4258,342;4263,326;4267,318;4272,332;4276,316;4280,330;4285,316;4289,336;4293,322;4298,336;4302,320;4306,336;4311,322;4315,312;4319,326;4324,312;4328,326;4332,312;4337,326;4341,332;4346,332;4350,330;4354,332;4359,330;4363,308;4367,336;4372,308;4376,336;4380,306;4385,334;4389,326;4393,340;4398,326;4402,340;4406,326;4411,340;4415,318;4420,318;4424,332;4428,316;4433,332;4437,324;4441,324;4446,322;4450,336;4454,322;4459,336;4463,328;4467,314;4472,328;4476,328;4480,340;4485,326;4489,320;4494,318;4498,332;4502,330;4507,330;4511,322;4515,322;4520,336;4524,322;4528,336;4533,306;4537,342;4541,326;4546,340;4550,326;4555,340;4559,326;4563,304;4568,332;4572,318;4576,330;4581,302;4585,338;4589,322;4594,336;4598,322;4602,336;4607,322;4611,312;4615,326;4620,312;4624,326;4629,312;4633,324;4637,332;4642,332;4646,316;4650,344;4655,330;4659,308;4663,322;4668,320;4672,334;4676,306;4681,334;4685,326;4689,340;4694,324;4698,338;4703,324;4707,316;4711,330;4716,314;4720,328;4724,312;4729,326;4733,332;4737,332;4742,318;4746,332;4750,330;4755,330;4759,336;4764,308;4768,336;4772,306;4777,334;4781,326;4785,340;4790,326;4794,340;4798,324;4803,340;4807,332;4811,316;4816,330;4820,316;4824,330;4829,314;4833,336;4838,322;4842,336;4846,320;4851,334;4855,326;4859,310;4864,326;4868,310;4872,324;4877,324;4881,332;4885,316;4890,330;4894,330;4898,330;4903,328;4907,322;4912,336;4916,306;4920,334;4925,320;4929,334;4933,326;4938,340;4942,324;4946,338;4951,326;4955,316;4959,330;4964,316;4968,328;4972,314;4977,328;4981,320;4986,334;4990,320;4994,334;4999,318;5003,310;5007,324;5012,308;5016,322;5020,322;5025,322;5029,328;5033,342;5038,328;5042,342;5046,326;5051,340;5055,332;5060,318;5064,330;5068,316;5073,330;5077,320;5081,334;5086,320;5090,334;5094,318;5099,332;5103,324;5107,308;5112,322;5116,308;5120,322;5125,306;5129,342;5134,326;5138,340;5142,326;5147,340;5151,332;5155,304;5160,332;5164,316;5168,330;5173,302;5177,336;5181,322;5186,336;5190,320;5194,334;5199,320;5203,312;5208,326;5212,310;5216,324;5221,308;5225,344;5229,328;5234,342;5238,328;5242,342;5247,326;5251,318;5255,330;5260,316;5264,330;5269,314;5273,328;5277,320;5282,334;5286,318;5290,332;5295,330;5299,308;5303,322;5308,322;5312,322;5316,306;5321,334;5325,324;5329,338;5334,324;5338,338;5343,322;5347,314;5351,328;5356,312;5360,326;5364,310;5369,326;5373,330;5377,330;5382,316;5386,342;5390,328;5395,342;5399,332;5403,318;5408,332;5412,302;5417,330;5421,322;5425,336;5430,320;5434,334;5438,320;5443,334;5447,324;5451,310;5456,322;5460,310;5464,322;5469,320;5473,328;5477,326;5482,338;5486,324;5491,338;5495,322;5499,314;5504,328;5508,312;5512,326;5517,312;5521,332;5525,316;5530,330;5534,330;5538,330;5543,328;5547,306;5551,332;5556,304;5560,332;5565,316;5569,330;5573,320;5578,336;5582,320;5586,334;5591,318;5595,310;5599,324;5604,308;5608,322;5612,308;5617,336;5621,328;5625,342;5630,324;5634,340;5639,326;5643,318;5647,332;5652,316;5656,330;5660,316;5665,330;5669,322;5673,334;5678,320;5682,320;5686,318;5691,318;5695,324;5699,310;5704,310;5708,308;5713,322;5717,316;5721,328;5726,314;5730,326;5734,326;5739,326;5743,316;5747,302;5752,316;5756,300;5760,314;5765,300;5769,320;5774,318;5778,332;5782,316;5787,330;5791,322;5795,308;5800,320;5804,292;5808,320;5813,306;5817,326;5821,310;5826,326;5830,310;5834,322;5839,308;5843,298;5848,312;5852,298;5856,312;5861,298;5865,318;5869,316;5874,330;5878,314;5882,314;5887,314;5891,306;5895,306;5900,304;5904,318;5909,302;5913,316;5917,310;5922,322;5926,322;5930,322;5935,320;5939,298;5943,312;5948,298;5952,324;5956,296;5961,324;5965,316;5969,328;5974,314;5978,328;5983,312;5987,304;5991,318;5996,304;6000,318;6004,302;6009,316;6013,308;6017,322;6022,306;6026,306;6030,306;6035,284;6039,282;6043,282;6048,282;6052,280;6057,280;6061,300;6065,300;6070,286;6074,284;6078,284;6083,284;6087,290;6091,274;6096,288;6100,274;6104,286;6109,294;6113,292;6117,292;6122,292;6126,290;6131,292;6135,280;6139,268;6144,282;6148,266;6152,280;6157,266;6161,300;6165,286;6170,284;6174,284;6178,298;6183,288;6187,288;6191,288;6196,288;6200,288;6205,286;6209,292;6213,276;6218,278;6222,276;6226,262;6231,290;6235,282;6239,282;6244,266;6248,280;6252,280;6257,272;6261,286;6265,256;6270,284;6274,284;6279,298;6283,262;6287,276;6292,276;6296,274;6300,260;6305,288;6309,280;6313,266;6318,280;6322,278;6326,292;6331,272;6335,284;6340,270;6344,284;6348,254;6353,296;6357,288;6361,288;6366,274;6370,272;6374,286;6379,278;6383,278;6387,278;6392,276;6396,276;6400,288;6405,282;6409,296;6414,294;6418,294;6422,292;6427,294;6431,270;6435,256;6440,284;6444,284;6448,284;6453,268;6457,290;6461,288;6466,288;6470,288;6475,274;6479,278;6483,264;6488,278;6492,264;6496,276;6501,276;6505,282;6509,282;6514,252;6518,280;6522,294;6527,286;6531,256;6535,270;6540,284;6544,270;6549,254;6553,288;6557,288;6562,272;6566,286;6570,286;6575,286;6579,278;6583,276;6588,262;6592,276;6596,260;\r\nBuffer sent in 0.973 secondsreturn;buffer;965\r\n'), 12:39:20
bytearray(b'received from UR: measure -> measure (0,1)\r\nSTEPPER: Moving to mstep: 6600 with speed [msteps/sec]: 1000 in StealthChop.\r\n'), 12:39:21
bytearray(b'STEPPER: Moving to mstep: 2400 with speed [msteps/sec]: 4000 in SpreadCycle.\r\n'), 12:39:25
bytearray(b'STEPPER: Moved 4200.00 msteps (ramp: 35%) in 1324.892 ms -> average speed [msteps/sec]: 3170.07\r\nreturn;measure;965\r\n'), 12:39:27
bytearray(b'received from UR: buffer -> buffer (0,1)\r\nSending buffer of size 965data;2400,308;2404,462;2408,144;2413,272;2417,328;2421,320;2426,336;2430,320;2434,348;2439,320;2443,312;2447,326;2452,326;2456,326;2460,310;2465,322;2469,330;2474,344;2478,316;2482,330;2487,328;2491,320;2495,334;2500,320;2504,332;2508,318;2513,332;2517,324;2521,338;2526,322;2530,336;2534,336;2539,336;2543,328;2548,314;2552,326;2556,326;2561,340;2565,318;2569,332;2574,316;2578,332;2582,330;2587,344;2591,336;2595,306;2600,320;2604,320;2608,334;2613,318;2617,340;2622,324;2626,338;2630,322;2635,336;2639,328;2643,328;2648,312;2652,312;2656,326;2661,326;2665,344;2669,330;2674,330;2678,328;2682,330;2687,316;2691,320;2696,334;2700,320;2704,334;2709,320;2713,326;2717,324;2722,338;2726,338;2730,338;2735,324;2739,316;2743,344;2748,314;2752,328;2756,314;2761,326;2765,332;2770,346;2774,318;2778,332;2783,316;2787,322;2791,336;2796,306;2800,320;2804,306;2809,320;2813,326;2817,340;2822,324;2826,338;2830,324;2835,338;2839,330;2844,314;2848,328;2852,328;2857,328;2861,320;2865,334;2870,318;2874,332;2878,332;2883,332;2887,338;2891,324;2896,322;2900,322;2905,336;2909,322;2913,328;2918,326;2922,340;2926,326;2931,340;2935,332;2939,318;2944,330;2948,316;2952,314;2957,314;2961,334;2965,320;2970,334;2974,318;2979,332;2983,318;2987,310;2992,324;2996,322;3000,336;3005,308;3009,328;3013,328;3018,328;3022,326;3026,326;3031,326;3035,318;3039,316;3044,318;3048,330;3053,330;3057,330;3061,320;3066,334;3070,320;3074,334;3079,320;3083,324;3087,326;3092,324;3096,338;3100,322;3105,322;3109,328;3113,326;3118,326;3122,340;3127,326;3131,318;3135,332;3140,316;3144,330;3148,330;3153,344;3157,322;3161,334;3166,320;3170,334;3174,320;3179,334;3183,324;3187,310;3192,338;3196,322;3201,336;3205,316;3209,342;3214,328;3218,342;3222,314;3227,342;3231,334;3235,320;3240,320;3244,318;3248,318;3253,318;3257,338;3261,324;3266,338;3270,322;3275,336;3279,322;3283,328;3288,328;3292,314;3296,326;3301,326;3305,332;3309,318;3314,332;3318,316;3322,330;3327,330;3331,322;3335,336;3340,322;3344,334;3349,320;3353,326;3357,326;3362,326;3366,324;3370,338;3375,322;3379,330;3383,330;3388,314;3392,328;3396,328;3401,340;3405,320;3409,332;3414,318;3418,332;3423,330;3427,322;3431,322;3436,308;3440,322;3444,322;3449,320;3453,326;3457,340;3462,326;3466,340;3470,324;3475,326;3479,332;3484,316;3488,330;3492,330;3497,330;3501,322;3505,336;3510,320;3514,334;3518,334;3523,334;3527,326;3531,312;3536,324;3540,324;3544,324;3549,324;3553,330;3558,316;3562,330;3566,330;3571,316;3575,320;3579,320;3584,320;3588,306;3592,334;3597,320;3601,340;3605,324;3610,340;3614,324;3618,338;3623,324;3627,316;3632,330;3636,330;3640,330;3645,316;3649,336;3653,322;3658,336;3662,322;3666,334;3671,320;3675,328;3679,328;3684,326;3688,326;3693,326;3697,326;3701,332;3706,334;3710,318;3714,332;3719,332;3723,310;3727,324;3732,324;3736,338;3740,308;3745,336;3749,328;3753,328;3758,328;3762,328;3767,326;3771,326;3775,332;3780,318;3784,332;3788,318;3793,330;3797,322;3801,336;3806,322;3810,336;3814,334;3819,348;3823,312;3827,312;3832,326;3836,324;3841,326;3845,316;3849,330;3854,330;3858,330;3862,314;3867,328;3871,334;3875,320;3880,318;3884,320;3888,320;3893,318;3897,338;3901,322;3906,336;3910,322;3915,336;3919,320;3923,312;3928,326;3932,326;3936,338;3941,310;3945,330;3949,330;3954,344;3958,330;3962,328;3967,328;3971,320;3975,334;3980,318;3984,332;3989,318;3993,332;3997,324;4002,338;4006,322;4010,336;4015,322;4019,314;4023,328;4028,328;4032,328;4036,312;4041,326;4045,318;4049,332;4054,316;4058,330;4063,328;4067,320;4071,320;4076,320;4080,320;4084,320;4089,332;4093,324;4097,338;4102,322;4106,336;4110,322;4115,334;4119,326;4124,326;4128,340;4132,312;4137,324;4141,332;4145,332;4150,316;4154,330;4158,330;4163,330;4167,334;4171,320;4176,334;4180,320;4184,332;4189,318;4193,338;4198,324;4202,336;4206,336;4211,336;4215,326;4219,326;4224,326;4228,324;4232,324;4237,310;4241,330;4245,330;4250,330;4254,314;4258,328;4263,328;4267,320;4272,332;4276,320;4280,332;4285,318;4289,324;4293,322;4298,322;4302,322;4306,336;4311,322;4315,312;4319,326;4324,326;4328,326;4332,310;4337,324;4341,318;4346,332;4350,330;4354,330;4359,316;4363,322;4367,336;4372,322;4376,320;4380,320;4385,320;4389,328;4393,340;4398,326;4402,340;4406,324;4411,338;4415,330;4420,330;4424,328;4428,314;4433,328;4437,320;4441,334;4446,318;4450,332;4454,318;4459,332;4463,322;4467,322;4472,336;4476,322;4480,320;4485,320;4489,328;4494,326;4498,338;4502,324;4507,338;4511,330;4515,328;4520,328;4524,314;4528,326;4533,312;4537,332;4541,332;4546,330;4550,316;4554,330;4559,330;4563,322;4568,336;4572,320;4576,334;4581,320;4585,340;4589,326;4594,338;4598,324;4602,338;4607,324;4611,314;4615,328;4620,314;4624,314;4629,314;4633,326;4637,320;4642,332;4646,318;4650,332;4655,330;4659,308;4663,322;4668,320;4672,334;4676,320;4681,334;4685,326;4689,326;4694,324;4698,338;4703,324;4707,328;4711,328;4716,314;4720,326;4724,312;4729,326;4733,332;4737,332;4742,316;4746,330;4750,328;4755,328;4759,334;4764,320;4768,334;4772,318;4777,332;4781,324;4785,338;4790,322;4794,334;4798,320;4803,334;4807,338;4811,310;4816,324;4820,322;4824,336;4829,320;4833,340;4838,326;4842,340;4846,324;4851,338;4855,330;4859,316;4864,328;4868,328;4872,328;4877,314;4881,334;4885,320;4890,332;4894,316;4898,330;4903,330;4907,320;4912,320;4916,320;4920,320;4925,318;4929,332;4933,324;4938,336;4942,322;4946,336;4951,320;4955,326;4959,340;4964,312;4968,324;4972,324;4977,324;4981,316;4986,330;4990,328;4994,328;4999,314;5003,318;5007,332;5012,316;5016,330;5020,330;5025,330;5029,320;5033,336;5038,320;5042,334;5046,332;5051,346;5055,324;5060,310;5064,322;5068,322;5073,322;5077,328;5081,328;5086,326;5090,326;5094,326;5099,326;5103,330;5107,316;5112,328;5116,328;5120,312;5125,312;5129,332;5134,330;5138,332;5142,330;5147,328;5151,334;5155,320;5160,334;5164,318;5168,332;5173,316;5177,336;5181,322;5186,336;5190,334;5195,348;5199,320;5203,310;5208,324;5212,324;5216,322;5221,322;5225,330;5229,314;5234,342;5238,326;5242,340;5247,326;5251,318;5255,332;5260,316;5264,330;5269,330;5273,330;5277,320;5282,334;5286,320;5290,334;5295,334;5299,312;5303,324;5308,310;5312,324;5316,324;5321,324;5325,330;5329,342;5334,328;5338,328;5343,328;5347,320;5351,332;5356,318;5360,332;5364,318;5369,330;5373,322;5377,336;5382,322;5386,336;5390,320;5395,334;5399,326;5403,326;5408,338;5412,310;5417,324;5421,322;5425,342;5430,314;5434,342;5438,326;5443,340;5447,332;5451,316;5456,316;5460,316;5464,328;5469,314;5473,334;5477,332;5482,332;5486,318;5491,330;5495,322;5499,322;5504,336;5508,320;5512,320;5517,318;5521,324;5525,324;5530,324;5534,322;5538,336;5543,322;5547,312;5551,326;5556,312;5560,326;5565,324;5569,338;5573,316;5578,330;5582,328;5586,328;5591,314;5595,318;5599,332;5604,318;5608,330;5612,316;5617,330;5621,320;5625,334;5630,320;5634,334;5639,318;5643,310;5647,324;5652,324;5656,322;5660,322;5665,336;5669,314;5673,328;5678,326;5682,326;5686,310;5691,324;5695,316;5699,316;5704,330;5708,314;5713,314;5717,320;5721,334;5726,318;5730,332;5734,318;5739,332;5743,322;5747,308;5752,322;5756,306;5760,308;5765,306;5769,326;5773,310;5778,324;5782,310;5787,322;5791,314;5795,314;5800,326;5804,312;5808,312;5813,312;5817,332;5821,316;5826,316;5830,314;5834,314;5839,314;5843,306;5848,306;5852,304;5856,304;5861,304;5865,324;5869,308;5874,308;5878,306;5882,322;5887,308;5891,312;5895,298;5900,312;5904,310;5908,298;5913,310;5917,316;5922,316;5926,314;5930,330;5935,314;5939,306;5943,318;5948,302;5952,316;5956,302;5961,316;5965,320;5969,320;5974,306;5978,320;5983,318;5987,310;5991,324;5996,310;6000,322;6004,308;6009,322;6013,312;6017,312;6022,298;6026,312;6030,296;6035,288;6039,274;6043,286;6048,286;6052,270;6057,284;6061,290;6065,304;6070,302;6074,290;6078,286;6083,286;6087,290;6091,292;6096,290;6100,288;6104,288;6109,280;6113,280;6117,280;6122,264;6126,290;6131,290;6135,296;6139,282;6144,296;6148,292;6152,278;6157,276;6161,298;6165,296;6170,294;6174,294;6178,294;6183,270;6187,270;6191,282;6196,282;6200,268;6205,280;6209,258;6213,284;6218,298;6222,284;6226,284;6231,282;6235,288;6239,272;6244,272;6248,270;6252,270;6257,290;6261,276;6265,246;6270,288;6274,288;6279,286;6283,278;6287,278;6292,276;6296,276;6300,274;6305,274;6309,280;6313,278;6318,266;6322,292;6326,292;6331,270;6335,282;6339,268;6344,268;6348,280;6353,280;6357,284;6361,286;6366,282;6370,296;6374,282;6379,282;6383,272;6387,286;6392,284;6396,284;6400,298;6405,274;6409,288;6414,286;6418,300;6422,286;6427,284;6431,276;6435,274;6440,260;6444,274;6448,272;6453,280;6457,280;6461,278;6466,250;6470,278;6474,290;6479,282;6483,282;6488,296;6492,280;6496,280;6501,280;6505,286;6509,284;6514,284;6518,282;6522,254;6527,282;6531,274;6535,272;6540,272;6544,270;6548,270;6553,248;6557,276;6562,290;6566,288;6570,288;6575,286;6579,278;6583,264;6588,264;6592,276;6596,274;\r\nBuffer sent in 0.973 secondsreturn;buffer;965\r\n'), 12:39:29
bytearray(b'received from UR: measure -> measure (0,1)\r\nSTEPPER: Moving to mstep: 6600 with speed [msteps/sec]: 1000 in StealthChop.\r\n'), 12:39:30
bytearray(b'STEPPER: Moving to mstep: 2400 with speed [msteps/sec]: 4000 in SpreadCycle.\r\n'), 12:39:34
bytearray(b'STEPPER: Moved 4200.00 msteps (ramp: 35%) in 1324.888 ms -> average speed [msteps/sec]: 3170.08\r\nreturn;measure;965\r\n'), 12:39:35
bytearray(b'received from UR: buffer -> buffer (0,1)\r\nSending buffer of size 965data;2400,294;2404,448;2408,160;2413,274;2417,316;2421,322;2426,338;2430,322;2434,336;2439,320;2443,314;2447,326;2452,326;2456,326;2460,326;2465,324;2469,316;2473,330;2478,330;2482,330;2487,316;2491,322;2495,322;2500,334;2504,334;2508,320;2513,320;2517,326;2521,326;2526,324;2530,338;2534,324;2539,338;2543,330;2548,314;2552,330;2556,314;2561,326;2565,320;2569,334;2574,318;2578,332;2582,318;2587,332;2591,338;2595,324;2600,324;2604,308;2608,322;2613,308;2617,342;2622,328;2626,328;2630,312;2635,342;2639,318;2643,320;2648,332;2652,318;2656,318;2661,316;2665,324;2669,322;2674,336;2678,322;2682,336;2687,322;2691,326;2696,328;2700,314;2704,326;2709,312;2713,332;2717,332;2722,332;2726,330;2730,330;2735,330;2739,308;2743,336;2748,320;2752,334;2756,320;2761,334;2765,324;2770,326;2774,324;2778,338;2783,322;2787,302;2791,328;2796,314;2800,328;2804,326;2809,328;2813,318;2817,332;2822,316;2826,330;2830,330;2835,330;2839,322;2844,320;2848,320;2852,334;2857,332;2861,324;2865,338;2870,324;2874,324;2878,324;2883,338;2887,330;2891,314;2896,328;2900,328;2905,328;2909,320;2913,334;2918,320;2922,334;2926,332;2931,332;2935,324;2939,310;2944,324;2948,324;2952,338;2957,324;2961,330;2965,328;2970,330;2974,328;2979,328;2983,322;2987,306;2992,320;2996,306;3000,334;3005,320;3009,340;3013,326;3018,340;3022,326;3026,326;3031,324;3035,318;3039,330;3044,318;3048,316;3053,316;3057,324;3061,322;3066,336;3070,322;3074,336;3079,320;3083,314;3087,326;3092,326;3096,326;3100,326;3105,324;3109,318;3113,332;3118,330;3122,330;3127,330;3131,308;3135,322;3140,322;3144,334;3148,320;3153,334;3157,326;3161,340;3166,326;3170,338;3174,324;3179,338;3183,330;3187,314;3192,342;3196,314;3201,342;3205,320;3209,334;3214,320;3218,332;3222,318;3227,332;3231,322;3235,308;3240,336;3244,322;3248,336;3253,322;3257,342;3261,312;3266,326;3270,326;3275,326;3279,324;3283,318;3288,330;3292,330;3296,330;3301,330;3305,336;3309,322;3314,336;3318,334;3322,336;3327,320;3331,326;3335,340;3340,326;3344,324;3349,310;3353,324;3357,318;3362,332;3366,330;3370,330;3375,330;3379,308;3383,322;3388,306;3392,334;3396,320;3401,334;3405,322;3410,340;3414,324;3418,338;3423,324;3427,330;3431,330;3436,330;3440,328;3444,314;3449,314;3453,320;3457,334;3462,318;3466,332;3470,318;3475,330;3479,324;3484,324;3488,336;3492,322;3497,322;3501,328;3505,328;3510,326;3514,340;3518,326;3523,326;3527,332;3531,318;3536,330;3540,330;3544,330;3549,316;3553,336;3558,322;3562,336;3566,322;3571,334;3575,328;3579,314;3584,326;3588,312;3592,326;3597,326;3601,332;3605,318;3610,332;3614,316;3618,330;3623,330;3627,322;3632,322;3636,308;3640,320;3645,308;3649,342;3653,326;3658,340;3662,326;3666,326;3671,324;3675,332;3679,332;3684,330;3688,330;3692,316;3697,330;3701,322;3706,336;3710,320;3714,334;3719,320;3723,326;3727,340;3732,326;3736,326;3740,310;3745,324;3749,316;3753,344;3758,330;3762,328;3766,314;3771,306;3775,320;3780,320;3784,334;3788,304;3793,320;3797,324;3801,340;3806,324;3810,338;3814,324;3819,338;3823,316;3827,316;3832,316;3836,314;3840,328;3845,328;3849,336;3854,320;3858,334;3862,320;3867,334;3871,326;3875,326;3880,326;3884,324;3888,324;3893,310;3897,330;3901,330;3906,346;3910,330;3915,330;3919,316;3923,322;3928,336;3932,322;3936,336;3941,308;3945,328;3949,328;3954,328;3958,326;3962,326;3967,326;3971,318;3975,332;3980,318;3984,330;3989,316;3993,330;3997,322;4002,336;4006,322;4010,336;4015,322;4019,328;4023,330;4028,314;4032,328;4036,328;4041,328;4045,320;4049,334;4054,320;4058,334;4063,332;4067,310;4071,324;4076,324;4080,324;4084,324;4089,324;4093,316;4097,330;4102,316;4106,330;4110,328;4115,330;4119,322;4124,320;4128,334;4132,320;4137,334;4141,326;4145,328;4150,326;4154,326;4158,324;4163,324;4167,332;4171,330;4176,328;4180,316;4184,330;4189,302;4193,336;4198,322;4202,336;4206,320;4211,334;4215,326;4219,312;4224,326;4228,310;4232,324;4237,324;4241,330;4245,316;4250,330;4254,316;4258,328;4263,314;4267,320;4272,334;4276,320;4280,334;4285,320;4289,326;4293,326;4298,326;4302,312;4306,326;4311,324;4315,318;4319,330;4324,316;4328,330;4332,316;4337,330;4341,322;4346,336;4350,322;4354,334;4359,322;4363,328;4367,342;4372,314;4376,326;4380,312;4385,326;4389,328;4393,346;4398,330;4402,344;4406,330;4411,344;4415,336;4420,308;4424,320;4428,320;4433,334;4437,312;4441,326;4446,312;4450,340;4454,324;4459,338;4463,330;4467,316;4472,330;4476,330;4480,328;4485,328;4489,334;4494,320;4498,334;4502,320;4507,332;4511,326;4515,310;4520,324;4524,324;4528,338;4533,324;4537,330;4541,316;4546,330;4550,328;4554,328;4559,314;4563,306;4568,320;4572,306;4576,334;4581,320;4585,334;4589,324;4594,340;4598,324;4602,326;4607,324;4611,318;4615,330;4620,316;4624,330;4629,316;4633,330;4637,322;4642,336;4646,322;4650,336;4655,320;4659,314;4663,326;4668,326;4672,328;4676,326;4681,326;4685,318;4689,332;4694,318;4698,332;4703,332;4707,312;4711,324;4716,310;4720,324;4724,322;4729,336;4733,328;4737,328;4742,328;4746,328;4750,326;4755,328;4759,334;4763,304;4768,318;4772,306;4777,332;4781,324;4785,340;4790,324;4794,338;4798,324;4803,338;4807,330;4811,330;4816,330;4820,316;4824,328;4829,314;4833,334;4837,320;4842,348;4846,320;4851,334;4855,326;4859,312;4864,324;4868,324;4872,338;4877,324;4881,330;4885,316;4890,330;4894,330;4898,330;4903,314;4907,320;4911,320;4916,320;4920,334;4925,320;4929,326;4933,326;4938,326;4942,324;4946,324;4951,324;4955,318;4959,332;4964,318;4968,330;4972,302;4977,316;4981,322;4986,338;4990,322;4994,336;4999,322;5003,314;5007,328;5012,328;5016,328;5020,326;5025,326;5029,318;5033,332;5038,318;5042,346;5046,316;5051,330;5055,324;5060,308;5064,322;5068,308;5073,336;5077,328;5081,328;5086,314;5090,326;5094,312;5099,326;5103,332;5107,318;5112,316;5116,302;5120,316;5125,314;5129,336;5134,322;5138,336;5142,320;5147,334;5151,326;5155,326;5160,336;5164,326;5168,326;5173,312;5177,332;5181,318;5186,332;5190,316;5194,330;5199,316;5203,322;5208,336;5212,322;5216,322;5221,306;5225,328;5229,314;5234,342;5238,326;5242,340;5247,326;5251,318;5255,318;5260,332;5264,332;5268,318;5273,332;5277,324;5282,324;5286,322;5290,338;5295,322;5299,314;5303,328;5308,328;5312,328;5316,326;5321,326;5325,318;5329,332;5334,332;5338,332;5343,316;5347,308;5351,322;5356,322;5360,336;5364,320;5369,334;5373,312;5377,326;5382,326;5386,326;5390,324;5395,326;5399,332;5403,332;5408,330;5412,314;5417,330;5421,320;5425,336;5430,320;5434,334;5438,320;5443,334;5447,326;5451,312;5456,324;5460,310;5464,324;5469,324;5473,330;5477,316;5482,330;5486,314;5491,328;5495,322;5499,322;5504,320;5508,306;5512,320;5517,320;5521,326;5525,326;5530,326;5534,326;5538,326;5543,324;5547,318;5551,330;5556,316;5560,330;5565,330;5569,330;5573,322;5578,336;5582,320;5586,334;5591,320;5595,326;5599,340;5604,314;5608,340;5612,312;5617,324;5621,318;5625,332;5630,318;5634,332;5639,316;5643,308;5647,322;5652,322;5656,336;5660,322;5665,322;5669,314;5673,328;5678,326;5682,328;5686,312;5691,314;5695,318;5699,318;5704,318;5708,318;5713,316;5717,310;5721,322;5726,322;5730,324;5734,322;5739,322;5743,314;5747,314;5752,312;5756,298;5760,312;5765,310;5769,318;5774,318;5778,332;5782,316;5787,316;5791,322;5795,308;5800,308;5804,306;5808,320;5813,306;5817,326;5821,312;5826,326;5830,312;5834,326;5839,304;5843,304;5848,304;5852,302;5856,304;5861,316;5865,296;5869,308;5874,324;5878,308;5882,324;5887,308;5891,314;5895,314;5900,300;5904,314;5909,314;5913,314;5917,306;5922,320;5926,306;5930,316;5935,318;5939,310;5943,310;5948,296;5952,310;5956,296;5961,324;5965,316;5969,330;5974,316;5978,330;5983,316;5987,294;5991,308;5996,308;6000,322;6004,308;6009,320;6013,312;6017,326;6022,312;6026,312;6030,298;6035,288;6039,288;6043,288;6048,274;6052,260;6057,288;6061,294;6065,294;6070,292;6074,278;6078,278;6083,278;6087,284;6091,284;6096,282;6100,270;6104,282;6109,290;6113,288;6117,288;6122,302;6126,302;6131,286;6135,292;6139,278;6144,292;6148,290;6152,304;6157,290;6161,268;6165,280;6170,280;6174,280;6178,292;6183,284;6187,284;6191,298;6196,282;6200,296;6205,280;6209,272;6213,272;6218,272;6222,286;6226,298;6231,284;6235,276;6239,276;6244,276;6248,276;6252,260;6257,296;6261,282;6265,282;6270,282;6274,266;6279,266;6283,288;6287,286;6292,272;6296,286;6300,272;6305,284;6309,292;6313,292;6318,292;6322,276;6326,276;6331,268;6335,282;6340,268;6344,282;6348,268;6353,282;6357,288;6361,288;6366,288;6370,302;6374,286;6379,264;6383,278;6387,278;6392,278;6396,264;6400,276;6405,284;6409,284;6414,284;6418,296;6422,282;6427,282;6431,288;6435,274;6440,274;6444,272;6448,272;6453,272;6457,278;6461,278;6466,292;6470,278;6474,278;6479,284;6483,282;6488,284;6492,282;6496,280;6501,280;6505,286;6509,284;6514,242;6518,284;6522,284;6527,284;6531,276;6535,290;6540,274;6544,288;6548,288;6553,294;6557,294;6562,292;6566,292;6570,278;6575,276;6579,268;6583,268;6588,268;6592,268;6596,266;\r\nBuffer sent in 0.973 secondsreturn;buffer;965\r\n'), 12:39:37
bytearray(b'received from UR: measure -> measure (0,1)\r\nSTEPPER: Moving to mstep: 6600 with speed [msteps/sec]: 1000 in StealthChop.\r\n'), 12:39:38
bytearray(b'STEPPER: Moving to mstep: 2400 with speed [msteps/sec]: 4000 in SpreadCycle.\r\n'), 12:39:43
bytearray(b'STEPPER: Moved 4200.00 msteps (ramp: 35%) in 1324.888 ms -> average speed [msteps/sec]: 3170.08\r\nreturn;measure;965\r\n'), 12:39:44
bytearray(b'received from UR: buffer -> buffer (0,1)\r\nSending buffer of size 965data;2400,306;2404,454;2408,166;2413,268;2417,322;2421,330;2426,344;2430,328;2434,342;2439,314;2443,320;2447,332;2452,318;2456,318;2460,318;2465,318;2469,324;2474,336;2478,322;2482,324;2487,322;2491,328;2495,328;2500,314;2504,326;2508,326;2513,326;2517,318;2521,332;2526,330;2530,332;2534,316;2539,330;2543,322;2548,322;2552,322;2556,320;2561,320;2565,326;2569,340;2574,324;2578,324;2582,324;2587,338;2591,330;2595,314;2600,314;2604,314;2608,328;2613,328;2617,334;2622,318;2626,334;2630,318;2635,332;2639,324;2643,322;2648,322;2652,320;2656,320;2661,306;2665,326;2669,326;2674,340;2678,324;2682,338;2687,324;2691,316;2696,330;2700,328;2704,328;2709,326;2713,332;2717,318;2722,332;2726,330;2730,330;2735,330;2739,322;2743,322;2748,306;2752,334;2756,320;2761,332;2765,324;2770,338;2774,322;2778,338;2783,322;2787,312;2791,328;2796,312;2800,340;2804,324;2809,324;2813,316;2817,342;2822,328;2826,340;2830,326;2835,340;2839,330;2844,316;2848,330;2852,328;2857,328;2861,320;2865,332;2870,332;2874,332;2878,318;2883,330;2887,322;2891,322;2896,320;2900,320;2904,334;2909,334;2913,324;2918,324;2922,326;2926,338;2931,336;2935,314;2939,314;2944,342;2948,326;2952,326;2957,312;2961,332;2965,332;2970,332;2974,330;2979,330;2983,316;2987,322;2992,336;2996,320;3000,320;3005,306;3009,340;3013,324;3018,324;3022,324;3026,338;3031,322;3035,314;3039,328;3044,328;3048,326;3053,314;3057,326;3061,318;3066,332;3070,330;3074,330;3079,330;3083,322;3087,322;3092,320;3096,320;3100,318;3105,332;3109,324;3113,324;3118,322;3122,334;3127,320;3131,326;3135,326;3140,310;3144,324;3148,308;3153,336;3157,328;3161,326;3166,326;3170,338;3174,324;3179,338;3183,328;3187,314;3192,326;3196,312;3201,340;3205,318;3209,332;3214,316;3218,330;3222,314;3227,342;3231,322;3235,320;3240,320;3244,318;3248,332;3253,318;3257,338;3261,324;3266,336;3270,322;3275,334;3279,328;3283,326;3288,324;3292,324;3296,322;3301,322;3305,328;3309,326;3314,326;3318,324;3322,324;3327,324;3331,316;3336,330;3340,328;3344,328;3349,314;3353,326;3357,332;3362,332;3366,330;3370,330;3375,316;3379,322;3383,334;3388,320;3392,334;3396,318;3401,332;3405,324;3410,324;3414,322;3418,336;3423,322;3427,314;3431,328;3436,326;3440,326;3444,312;3449,324;3453,318;3457,346;3462,330;3466,330;3470,328;3475,328;3479,334;3484,334;3488,332;3492,318;3497,332;3501,330;3505,336;3510,322;3514,336;3518,320;3523,334;3527,326;3531,312;3536,324;3540,324;3544,324;3549,308;3553,330;3558,314;3562,342;3566,326;3571,326;3575,332;3579,304;3584,318;3588,316;3592,330;3597,316;3601,336;3605,322;3610,336;3614,320;3618,348;3623,318;3627,324;3632,324;3636,324;3640,322;3645,322;3649,342;3653,328;3658,328;3662,326;3666,340;3671,324;3675,318;3679,330;3684,330;3688,328;3693,314;3697,314;3701,318;3706,334;3710,318;3714,332;3719,328;3723,308;3727,336;3732,322;3736,334;3740,320;3745,334;3749,326;3753,340;3758,324;3762,324;3767,322;3771,336;3775,328;3780,314;3784,326;3788,312;3793,326;3797,316;3801,330;3806,316;3810,330;3814,328;3819,342;3823,320;3827,320;3832,332;3836,332;3841,330;3845,324;3849,336;3854,322;3858,336;3862,320;3867,334;3871,326;3875,326;3880,326;3884,310;3888,338;3893,324;3897,330;3901,328;3906,328;3910,314;3915,328;3919,326;3923,318;3928,332;3932,318;3936,330;3941,316;3945,336;3949,320;3954,334;3958,320;3962,332;3967,318;3971,324;3975,324;3980,310;3984,322;3989,308;3993,336;3997,314;4002,328;4006,326;4010,340;4015,312;4019,332;4023,332;4028,318;4032,330;4036,330;4041,330;4045,322;4049,336;4054,320;4058,334;4063,332;4067,326;4071,324;4076,310;4080,310;4084,308;4089,322;4093,328;4097,342;4102,328;4106,328;4110,326;4115,326;4119,318;4124,318;4128,330;4132,316;4137,330;4141,322;4145,336;4150,320;4154,334;4158,318;4163,332;4167,324;4171,324;4176,324;4180,310;4184,322;4189,322;4193,328;4198,326;4202,326;4206,324;4211,340;4215,330;4219,316;4224,330;4228,330;4232,328;4237,314;4241,336;4245,320;4250,334;4254,320;4258,334;4263,332;4267,310;4272,324;4276,310;4280,338;4285,322;4289,328;4293,328;4298,328;4302,326;4306,326;4311,324;4315,316;4319,330;4324,316;4328,330;4333,314;4337,314;4341,320;4346,334;4350,318;4354,332;4359,316;4363,322;4367,322;4372,308;4376,320;4380,306;4385,334;4389,326;4393,340;4398,326;4402,326;4407,324;4411,338;4415,330;4420,316;4424,330;4428,330;4433,330;4437,322;4441,336;4446,320;4450,336;4454,320;4459,334;4463,326;4467,326;4472,326;4476,324;4481,324;4485,316;4489,330;4494,328;4498,328;4502,328;4507,328;4511,332;4515,320;4520,330;4524,318;4528,330;4533,316;4537,336;4541,320;4546,336;4550,320;4555,334;4559,318;4563,310;4568,338;4572,324;4576,324;4581,322;4585,328;4589,328;4594,342;4598,326;4602,340;4607,324;4611,332;4615,330;4620,316;4624,330;4629,314;4633,330;4637,322;4642,334;4646,320;4650,334;4655,318;4659,326;4663,324;4668,324;4672,324;4676,322;4681,322;4685,326;4689,328;4694,326;4698,328;4703,326;4707,318;4711,330;4716,318;4720,330;4724,314;4729,314;4733,320;4737,334;4742,320;4746,334;4750,318;4755,332;4759,324;4763,310;4768,322;4772,308;4777,336;4781,314;4785,326;4790,326;4794,340;4798,324;4803,338;4807,330;4811,316;4816,328;4820,314;4824,314;4829,312;4833,346;4837,318;4842,332;4846,316;4851,330;4855,322;4859,320;4864,320;4868,320;4872,334;4877,318;4881,324;4885,324;4890,336;4894,322;4898,336;4903,320;4907,328;4912,326;4916,312;4920,326;4925,310;4929,332;4933,330;4938,330;4942,328;4946,328;4951,328;4955,306;4959,332;4964,320;4968,332;4972,318;4977,330;4981,324;4986,338;4990,322;4994,336;4999,320;5003,328;5007,326;5012,312;5016,326;5020,310;5025,324;5029,330;5033,344;5038,328;5042,330;5046,314;5051,342;5055,334;5060,320;5064,318;5068,304;5073,318;5077,324;5081,336;5086,322;5090,322;5094,320;5099,334;5103,326;5107,310;5112,310;5116,310;5120,336;5125,322;5129,328;5134,328;5138,328;5142,326;5147,340;5151,318;5155,316;5160,330;5164,316;5168,330;5173,314;5177,334;5181,320;5186,334;5190,318;5194,332;5199,316;5203,322;5208,336;5212,320;5216,334;5221,320;5225,340;5229,326;5234,340;5238,324;5242,336;5247,324;5251,316;5255,328;5260,314;5264,314;5268,314;5273,326;5277,334;5282,334;5286,320;5290,332;5295,318;5299,324;5303,324;5308,324;5312,310;5316,308;5321,336;5325,328;5329,328;5334,326;5338,326;5343,326;5347,318;5351,332;5356,318;5360,330;5364,316;5369,316;5373,322;5377,336;5382,322;5386,336;5390,320;5395,336;5399,328;5403,312;5408,326;5412,310;5417,310;5421,316;5425,330;5430,316;5434,328;5438,314;5443,328;5447,320;5451,318;5456,316;5460,318;5464,330;5469,316;5473,322;5478,334;5482,334;5486,320;5491,332;5495,324;5499,324;5504,322;5508,322;5512,322;5517,308;5521,326;5525,326;5530,326;5534,324;5538,324;5543,324;5547,316;5552,314;5556,312;5560,340;5565,326;5569,332;5573,316;5578,330;5582,330;5586,342;5591,328;5595,306;5599,334;5604,320;5608,332;5612,318;5617,332;5621,324;5626,338;5630,322;5634,336;5639,320;5643,328;5647,326;5652,326;5656,324;5660,324;5665,324;5669,314;5673,330;5678,316;5682,314;5686,314;5691,306;5695,320;5700,318;5704,318;5708,316;5713,316;5717,322;5721,322;5726,320;5730,320;5734,320;5739,320;5743,324;5747,310;5752,310;5756,308;5760,322;5765,322;5769,314;5774,314;5778,328;5782,312;5787,326;5791,316;5795,304;5800,318;5804,302;5808,316;5813,316;5817,322;5821,306;5826,322;5830,320;5834,320;5839,304;5843,310;5848,310;5852,308;5856,308;5861,308;5865,314;5869,312;5874,312;5878,312;5882,310;5887,310;5891,316;5895,314;5900,314;5904,312;5909,298;5913,326;5917,304;5922,316;5926,316;5930,316;5935,314;5939,306;5943,306;5948,304;5952,320;5956,318;5961,316;5965,308;5969,322;5974,308;5978,320;5983,306;5987,298;5991,326;5996,310;6000,324;6004,308;6009,322;6013,314;6017,328;6022,298;6026,310;6030,282;6035,288;6039,288;6043,300;6048,286;6052,286;6057,286;6061,290;6065,290;6070,290;6074,288;6078,272;6083,272;6087,292;6091,292;6096,276;6100,290;6104,290;6109,280;6113,282;6117,280;6122,294;6126,280;6131,292;6135,298;6139,284;6144,284;6148,268;6152,282;6157,282;6161,288;6165,288;6170,286;6174,286;6178,286;6183,276;6187,290;6191,276;6196,274;6200,274;6205,274;6209,280;6213,278;6218,278;6222,276;6226,288;6231,288;6235,280;6239,266;6244,278;6248,264;6252,262;6257,296;6261,282;6266,280;6270,280;6274,280;6279,278;6283,284;6287,284;6292,268;6296,282;6300,266;6305,280;6309,286;6313,272;6318,284;6322,298;6326,284;6331,274;6335,272;6340,272;6344,300;6348,284;6353,284;6357,276;6361,288;6366,288;6370,300;6374,286;6379,286;6383,276;6387,262;6392,274;6396,274;6400,272;6405,280;6409,292;6414,278;6418,290;6422,276;6427,246;6431,282;6435,280;6440,292;6444,292;6448,278;6453,282;6457,296;6461,282;6466,252;6470,280;6474,280;6479,286;6483,286;6488,284;6492,284;6496,268;6501,268;6505,288;6509,288;6514,272;6518,286;6522,286;6527,286;6531,276;6535,276;6540,276;6544,288;6548,274;6553,266;6557,280;6562,278;6566,278;6570,292;6575,278;6579,284;6583,270;6588,282;6592,282;6596,268;\r\nBuffer sent in 0.973 secondsreturn;buffer;965\r\n'), 12:39:46
bytearray(b'received from UR: measure -> measure (0,1)\r\nSTEPPER: Moving to mstep: 6600 with speed [msteps/sec]: 1000 in StealthChop.\r\n'), 12:39:47
bytearray(b'STEPPER: Moving to mstep: 2400 with speed [msteps/sec]: 4000 in SpreadCycle.\r\n'), 12:39:51
bytearray(b'STEPPER: Moved 4200.00 msteps (ramp: 35%) in 1324.880 ms -> average speed [msteps/sec]: 3170.10\r\nreturn;measure;965\r\n'), 12:39:53
bytearray(b'received from UR: buffer -> buffer (0,1)\r\nSending buffer of size 965data;2400,300;2404,444;2408,168;2413,268;2417,324;2421,330;2426,344;2430,330;2434,344;2439,314;2443,320;2447,320;2452,318;2456,320;2460,318;2465,318;2469,324;2474,338;2478,322;2482,322;2487,320;2491,326;2495,326;2500,312;2504,324;2508,310;2513,324;2517,330;2521,330;2526,330;2530,330;2534,328;2539,328;2543,334;2548,320;2552,332;2556,318;2561,330;2565,316;2569,336;2574,322;2578,334;2582,318;2587,334;2591,324;2595,310;2600,324;2604,308;2608,322;2613,322;2617,342;2622,326;2626,326;2630,324;2635,338;2639,316;2643,314;2648,314;2652,312;2656,326;2661,314;2665,332;2669,330;2674,330;2678,330;2682,328;2687,326;2691,334;2696,332;2700,318;2704,330;2709,330;2713,330;2717,322;2722,334;2726,320;2730,334;2735,318;2739,322;2743,336;2748,322;2752,334;2756,306;2761,320;2765,324;2770,326;2774,324;2778,338;2783,322;2787,314;2791,314;2796,312;2800,340;2804,326;2809,326;2813,318;2817,332;2822,330;2826,330;2830,316;2835,342;2839,322;2844,320;2848,320;2852,320;2857,332;2861,324;2865,338;2870,322;2874,336;2878,322;2883,334;2887,340;2891,326;2896,324;2900,324;2904,324;2909,324;2913,330;2918,328;2922,328;2926,326;2931,340;2935,332;2939,318;2944,318;2948,316;2952,330;2957,330;2961,322;2965,320;2970,334;2974,320;2979,332;2983,318;2987,324;2992,324;2996,308;3000,322;3005,308;3009,342;3013,312;3018,326;3022,324;3026,338;3031,324;3035,316;3039,316;3044,314;3048,314;3053,326;3057,326;3061,332;3066,332;3070,330;3074,330;3079,316;3083,322;3087,336;3092,320;3096,320;3100,318;3105,332;3109,324;3113,324;3118,324;3122,338;3127,322;3131,314;3135,328;3140,312;3144,340;3148,326;3153,326;3157,330;3161,330;3166,316;3170,342;3174,314;3179,328;3183,320;3187,318;3192,332;3196,330;3201,330;3205,322;3209,336;3214,320;3218,348;3222,318;3227,332;3231,324;3235,324;3240,322;3244,320;3248,318;3253,306;3257,340;3261,324;3266,338;3270,324;3275,336;3279,314;3283,314;3288,328;3292,326;3296,326;3301,324;3305,330;3309,330;3314,330;3318,328;3322,328;3327,328;3331,320;3335,318;3340,318;3344,332;3349,332;3353,324;3357,322;3362,336;3366,320;3370,334;3375,318;3379,310;3383,324;3388,324;3392,336;3396,320;3401,322;3405,328;3409,342;3414,326;3418,340;3423,324;3427,316;3431,330;3436,330;3440,328;3444,314;3449,314;3453,320;3457,332;3462,332;3466,332;3470,330;3475,330;3479,320;3484,308;3488,334;3492,334;3497,332;3501,324;3505,324;3510,324;3514,338;3518,322;3523,336;3527,342;3531,328;3536,326;3540,312;3544,326;3549,312;3553,346;3558,330;3562,330;3566,330;3571,330;3575,336;3579,320;3584,334;3588,318;3592,332;3597,318;3601,338;3605,322;3610,336;3614,322;3618,334;3623,320;3627,326;3632,326;3636,312;3640,324;3645,324;3649,330;3653,316;3658,330;3662,328;3666,328;3671,326;3675,318;3679,332;3684,332;3688,330;3692,316;3697,330;3701,320;3706,334;3710,318;3714,332;3719,330;3723,308;3727,322;3732,308;3736,334;3740,320;3745,334;3749,326;3753,326;3758,324;3762,324;3766,322;3771,336;3775,328;3780,314;3784,312;3788,312;3793,324;3797,332;3801,332;3806,330;3810,344;3814,328;3819,342;3823,334;3827,334;3832,332;3836,318;3840,330;3845,330;3849,336;3854,320;3858,334;3862,318;3867,332;3871,324;3875,324;3880,324;3884,322;3888,322;3893,322;3897,326;3901,326;3906,326;3910,324;3914,324;3919,324;3923,314;3928,328;3932,312;3936,326;3941,312;3945,332;3949,330;3954,330;3958,330;3962,330;3967,328;3971,306;3975,334;3980,320;3984,332;3988,316;3993,318;3997,322;4002,338;4006,322;4010,336;4015,320;4019,326;4023,326;4028,312;4032,324;4036,324;4041,322;4045,328;4049,342;4054,314;4058,328;4063,324;4067,318;4071,318;4076,316;4080,316;4084,314;4089,314;4093,334;4097,334;4102,332;4106,332;4110,318;4115,330;4119,322;4123,308;4128,320;4132,306;4137,320;4141,318;4145,338;4150,324;4154,336;4158,322;4163,336;4167,342;4171,326;4176,326;4180,312;4184,324;4189,324;4193,330;4197,328;4202,328;4206,326;4211,326;4215,324;4219,330;4224,316;4228,316;4232,314;4237,314;4241,334;4245,332;4250,332;4254,316;4258,330;4263,316;4267,320;4272,334;4276,334;4280,332;4285,318;4289,324;4293,324;4298,336;4302,322;4306,336;4311,320;4315,326;4319,326;4324,312;4328,324;4332,324;4337,324;4341,328;4346,330;4350,328;4354,342;4359,326;4363,318;4367,332;4372,318;4376,330;4380,316;4385,330;4389,322;4393,336;4398,320;4402,334;4406,334;4411,348;4415,324;4420,310;4424,338;4428,324;4433,322;4437,328;4441,342;4446,326;4450,340;4454,324;4459,338;4463,330;4467,316;4472,330;4476,328;4480,328;4485,314;4489,334;4494,320;4498,332;4502,316;4507,330;4511,322;4515,322;4520,320;4524,308;4528,334;4533,322;4537,326;4541,324;4546,326;4550,326;4554,338;4559,322;4563,314;4568,330;4572,328;4576,326;4581,312;4585,332;4589,318;4594,330;4598,330;4602,344;4607,328;4611,306;4615,318;4620,304;4624,318;4628,318;4633,330;4637,322;4642,336;4646,320;4650,334;4655,318;4659,326;4663,324;4668,324;4672,322;4676,308;4681,322;4685,328;4689,328;4694,326;4698,326;4702,324;4707,326;4711,330;4716,314;4720,328;4724,328;4729,326;4733,318;4737,332;4742,330;4746,328;4750,330;4755,328;4759,336;4763,320;4768,334;4772,318;4777,332;4781,304;4785,338;4790,322;4794,336;4798,322;4803,336;4807,326;4811,312;4816,340;4820,324;4824,324;4829,322;4833,344;4837,328;4842,342;4846,326;4851,342;4855,312;4859,332;4864,332;4868,316;4872,330;4877,330;4881,336;4885,320;4890,334;4894,320;4898,332;4903,318;4907,324;4911,324;4916,310;4920,322;4925,308;4929,336;4933,326;4938,326;4942,326;4946,326;4951,324;4955,316;4959,328;4964,328;4968,328;4972,312;4977,326;4981,316;4985,330;4990,330;4994,342;4999,328;5003,306;5007,318;5012,304;5016,318;5020,318;5025,330;5029,322;5033,336;5038,320;5042,334;5046,318;5051,332;5055,324;5059,324;5064,322;5068,308;5073,320;5077,326;5081,326;5086,326;5090,324;5094,324;5099,324;5103,328;5107,314;5112,314;5116,298;5120,326;5125,312;5129,332;5133,330;5138,330;5142,328;5147,328;5151,314;5155,320;5160,332;5164,318;5168,330;5173,302;5177,336;5181,322;5186,334;5190,320;5194,334;5199,318;5203,324;5207,324;5212,310;5216,324;5221,310;5225,336;5229,314;5234,328;5238,326;5242,340;5247,312;5251,332;5255,332;5260,316;5264,330;5268,328;5273,328;5277,320;5281,334;5286,332;5290,332;5295,316;5299,324;5303,322;5308,322;5312,320;5316,320;5321,334;5325,324;5329,324;5334,324;5338,322;5342,322;5347,334;5351,326;5356,312;5360,324;5364,310;5369,322;5373,328;5377,342;5382,326;5386,326;5390,326;5395,338;5399,330;5403,314;5408,314;5412,300;5416,312;5421,312;5425,332;5430,330;5434,330;5438,328;5443,328;5447,318;5451,318;5456,318;5460,318;5464,316;5469,316;5473,336;5477,320;5482,334;5486,318;5491,318;5495,318;5499,322;5504,322;5508,308;5512,320;5517,306;5521,326;5525,326;5530,324;5534,324;5538,324;5543,322;5547,328;5551,328;5556,312;5560,326;5565,310;5569,338;5573,316;5578,330;5582,314;5586,328;5591,326;5595,318;5599,332;5604,318;5608,330;5612,316;5617,330;5621,322;5625,336;5630,320;5634,334;5639,320;5643,334;5647,324;5652,324;5656,324;5660,310;5665,310;5669,316;5673,330;5678,328;5682,328;5686,314;5691,328;5695,320;5699,320;5704,318;5708,316;5713,316;5717,316;5721,322;5726,322;5730,322;5734,320;5739,320;5743,326;5747,312;5752,324;5756,296;5760,310;5765,310;5769,330;5773,314;5778,328;5782,314;5787,328;5791,306;5795,306;5800,318;5804,304;5808,304;5813,304;5817,324;5821,310;5826,324;5830,308;5834,324;5839,308;5843,314;5847,298;5852,300;5856,326;5861,312;5865,318;5869,304;5874,316;5878,314;5882,314;5887,314;5891,306;5895,304;5900,292;5904,304;5908,318;5913,316;5917,322;5921,322;5926,322;5930,322;5935,308;5939,312;5943,326;5948,310;5952,324;5956,310;5961,324;5965,316;5969,330;5974,314;5978,328;5982,314;5987,292;5991,306;5996,318;6000,318;6004,302;6009,316;6013,310;6017,324;6022,308;6026,308;6030,306;6035,306;6039,282;6043,282;6048,282;6052,296;6056,280;6061,286;6065,300;6070,298;6074,298;6078,296;6083,282;6087,288;6091,286;6096,286;6100,298;6104,284;6109,284;6113,302;6117,302;6122,302;6126,288;6130,286;6135,292;6139,276;6144,290;6148,288;6152,288;6157,288;6161,294;6165,278;6170,278;6174,278;6178,290;6183,282;6187,280;6191,280;6196,280;6200,278;6204,278;6209,284;6213,282;6218,280;6222,280;6226,280;6231,294;6235,286;6239,284;6244,270;6248,270;6252,282;6257,280;6261,288;6265,272;6270,286;6274,284;6278,284;6283,290;6287,288;6292,260;6296,274;6300,272;6305,272;6309,292;6313,276;6318,290;6322,290;6326,288;6331,280;6335,292;6339,278;6344,278;6348,262;6352,290;6357,282;6361,296;6366,294;6370,294;6374,292;6379,278;6383,270;6387,268;6392,282;6396,282;6400,280;6405,272;6409,300;6413,284;6418,298;6422,282;6427,282;6431,256;6435,272;6440,270;6444,284;6448,270;6453,268;6457,288;6461,288;6466,288;6470,286;6474,272;6479,262;6483,262;6487,276;6492,276;6496,274;6501,274;6505,264;6509,278;6514,290;6518,290;6522,274;6527,274;6531,280;6535,278;6540,278;6544,264;6548,262;6553,296;6557,282;6562,280;6566,280;6570,278;6575,278;6579,284;6583,270;6588,268;6592,268;6596,282;\r\nBuffer sent in 0.973 secondsreturn;buffer;965\r\n'), 12:39:55
bytearray(b'received from UR: home -> home (0,1)\r\nSTEPPER: Moving to mstep: 0 with speed [msteps/sec]: 4000 in SpreadCycle.\r\n'), 12:39:56
bytearray(b'STEPPER: Moved 2400.00 msteps (ramp: 35%) in 813.416 ms -> average speed [msteps/sec]: 2950.52\r\nreturn;home;1\r\n'), 12:39:56
