bytearray(b'STEPPER: Moving to mstep: 2400 with speed [msteps/sec]: 4000 in SpreadCycle.\r\n'), 12:34:24
bytearray(b'STEPPER: Moved 2400.00 msteps (ramp: 35%) in 812.836 ms -> average speed [msteps/sec]: 2952.63\r\n'), 12:34:25
bytearray(b'received from UR: status -> status (0,1)\r\n*** STATUS ***\r\nid        :         3 -\r\nstep      :      2400 steps\r\nspeed     :      1500 msteps/s\r\nmspeed    :      1000 msteps/s\r\nsg-thrs   :        80 -\r\ndefault   :     12000 \xc2\xb5m\r\ndispense  :     30350 \xc2\xb5m\r\nblowout   :     33000 \xc2\xb5m\r\nd-offset  :        20 \xc2\xb5m\r\nur0       :         0 -\r\nur1       :         1 -\r\nhomed     :         1 -\r\nreturn;status;2400\r\n'), 12:34:27
bytearray(b'received from UR: measure -> measure (0,1)\r\nSTEPPER: Moving to mstep: 6600 with speed [msteps/sec]: 1000 in StealthChop.\r\n'), 12:34:28
bytearray(b'STEPPER: Moving to mstep: 2400 with speed [msteps/sec]: 4000 in SpreadCycle.\r\n'), 12:34:32
bytearray(b'STEPPER: Moved 4200.00 msteps (ramp: 35%) in 1324.888 ms -> average speed [msteps/sec]: 3170.08\r\nreturn;measure;965\r\n'), 12:34:34
bytearray(b'received from UR: buffer -> buffer (0,1)\r\nSending buffer of size 965data;2400,126;2404,470;2408,154;2413,266;2417,324;2421,330;2426,344;2430,330;2434,344;2439,328;2443,320;2447,320;2452,320;2456,332;2460,318;2465,332;2469,324;2474,338;2478,324;2482,336;2487,322;2491,314;2495,326;2500,326;2504,326;2508,326;2513,324;2517,316;2521,330;2526,328;2530,328;2535,328;2539,328;2543,334;2548,318;2552,318;2556,314;2561,330;2565,336;2569,336;2574,322;2578,334;2582,318;2587,332;2591,338;2595,324;2600,322;2604,308;2609,334;2613,320;2617,340;2622,324;2626,324;2630,324;2635,336;2639,330;2643,328;2648,326;2652,312;2656,326;2661,326;2665,332;2669,316;2674,316;2678,314;2683,328;2687,326;2691,318;2696,318;2700,316;2704,330;2709,316;2713,322;2717,320;2722,320;2726,318;2730,332;2735,316;2739,322;2743,322;2748,320;2752,334;2757,318;2761,332;2765,324;2770,324;2774,322;2778,336;2783,320;2787,326;2791,326;2796,310;2800,338;2804,324;2809,336;2813,328;2817,342;2822,326;2826,340;2831,324;2835,338;2839,330;2844,316;2848,330;2852,314;2857,328;2861,320;2865,334;2870,318;2874,332;2878,318;2883,332;2887,324;2891,322;2896,336;2900,320;2905,334;2909,320;2913,326;2918,324;2922,338;2926,324;2931,338;2935,328;2939,314;2944,328;2948,312;2952,340;2957,312;2961,332;2965,318;2970,332;2974,330;2979,344;2983,322;2987,308;2992,334;2996,320;3000,334;3005,320;3009,324;3013,324;3018,338;3022,322;3026,336;3031,322;3035,312;3039,326;3044,324;3048,338;3053,324;3057,330;3061,314;3066,328;3070,314;3074,326;3079,326;3083,318;3087,330;3092,316;3096,328;3100,314;3105,314;3109,318;3114,332;3118,318;3122,330;3127,316;3131,306;3135,334;3140,318;3144,332;3148,316;3153,318;3157,324;3161,336;3166,322;3170,336;3174,320;3179,334;3183,326;3188,310;3192,338;3196,310;3201,336;3205,314;3209,328;3214,326;3218,340;3222,324;3227,338;3231,330;3235,316;3240,328;3244,314;3248,342;3253,326;3257,332;3262,318;3266,332;3270,330;3275,330;3279,322;3283,322;3288,322;3292,320;3296,334;3301,320;3305,326;3309,324;3314,324;3318,322;3322,322;3327,318;3331,314;3336,340;3340,326;3344,326;3349,312;3353,330;3357,330;3362,330;3366,328;3370,328;3375,326;3379,318;3383,332;3388,316;3392,330;3396,314;3401,328;3405,320;3410,334;3414,320;3418,332;3423,318;3427,310;3431,324;3436,322;3440,336;3444,322;3449,322;3453,314;3457,328;3462,312;3466,326;3470,312;3475,324;3479,330;3484,316;3488,328;3492,328;3497,314;3501,320;3505,334;3510,318;3514,332;3518,318;3523,332;3527,324;3531,308;3536,322;3540,308;3544,320;3549,306;3553,326;3558,324;3562,324;3566,310;3571,324;3575,330;3579,314;3584,328;3588,312;3592,326;3597,312;3601,332;3605,318;3610,344;3614,330;3619,344;3623,322;3627,306;3632,334;3636,320;3640,334;3645,332;3649,338;3653,324;3658,338;3662,322;3666,336;3671,322;3675,314;3679,326;3684,326;3688,340;3693,326;3697,324;3701,314;3706,330;3710,328;3714,342;3719,328;3723,306;3727,332;3732,318;3736,332;3740,316;3745,330;3749,322;3753,336;3758,322;3762,334;3767,320;3771,312;3775,326;3780,312;3784,324;3788,324;3793,324;3797,330;3801,330;3806,314;3810,328;3814,328;3819,342;3823,332;3827,318;3832,332;3836,316;3841,330;3845,310;3849,322;3854,320;3858,334;3862,320;3867,334;3871,324;3875,310;3880,324;3884,322;3888,322;3893,308;3897,328;3901,326;3906,326;3910,324;3915,324;3919,318;3923,316;3928,330;3932,314;3936,328;3941,314;3945,334;3949,320;3954,332;3958,318;3962,332;3967,316;3971,308;3975,336;3980,320;3984,334;3989,318;3993,332;3997,324;4002,338;4006,322;4010,338;4015,322;4019,314;4023,328;4028,326;4032,340;4036,326;4041,324;4045,316;4050,344;4054,328;4058,342;4063,326;4067,318;4071,332;4076,318;4080,330;4084,316;4089,328;4093,334;4097,334;4102,332;4106,332;4110,318;4115,332;4119,322;4124,322;4128,336;4132,320;4137,320;4141,326;4145,326;4150,324;4154,338;4158,322;4163,336;4167,328;4171,314;4176,328;4180,312;4184,326;4189,312;4193,332;4198,316;4202,330;4206,316;4211,330;4215,336;4219,320;4224,334;4228,334;4232,318;4237,318;4241,338;4245,324;4250,338;4254,322;4258,322;4263,320;4267,314;4272,328;4276,326;4280,326;4285,312;4289,332;4293,330;4298,330;4302,314;4306,316;4311,314;4315,320;4319,334;4324,306;4328,318;4332,304;4337,332;4341,324;4346,322;4350,322;4354,322;4359,320;4363,312;4367,340;4372,310;4376,324;4380,308;4385,322;4389,314;4393,342;4398,326;4402,340;4407,326;4411,318;4415,330;4420,316;4424,328;4428,328;4433,328;4437,318;4441,332;4446,318;4450,344;4454,330;4459,344;4463,320;4467,320;4472,332;4476,318;4481,332;4485,330;4489,322;4494,322;4498,334;4502,334;4507,334;4511,324;4515,324;4520,324;4524,322;4528,336;4533,322;4537,328;4541,326;4546,326;4550,324;4555,324;4559,322;4563,314;4568,328;4572,314;4576,342;4581,326;4585,332;4589,318;4594,332;4598,316;4602,330;4607,314;4611,320;4615,334;4620,320;4624,332;4629,318;4633,318;4637,324;4642,338;4646,322;4650,336;4655,322;4659,326;4663,326;4668,312;4672,324;4676,324;4681,336;4685,314;4689,326;4694,326;4698,326;4703,324;4707,316;4711,328;4716,328;4720,326;4724,312;4729,326;4733,330;4737,330;4742,328;4746,328;4750,314;4755,328;4759,332;4763,318;4768,332;4772,316;4777,330;4781,322;4785,334;4790,320;4794,334;4798,318;4803,332;4807,324;4811,308;4816,322;4820,306;4824,334;4829,320;4833,340;4837,312;4842,324;4846,322;4851,336;4855,320;4859,328;4864,326;4868,312;4872,324;4877,324;4881,330;4885,330;4890,330;4894,316;4898,328;4903,328;4907,334;4911,318;4916,318;4920,332;4925,318;4929,330;4933,322;4938,322;4942,320;4946,334;4951,318;4955,324;4959,324;4964,310;4968,336;4972,320;4977,334;4981,326;4986,326;4990,324;4994,338;4999,324;5003,314;5007,328;5012,312;5016,326;5020,312;5025,340;5029,316;5033,330;5038,316;5042,330;5046,314;5051,326;5055,318;5060,318;5064,330;5068,314;5073,330;5077,322;5081,320;5086,320;5090,334;5094,332;5099,332;5103,324;5107,310;5112,324;5116,322;5120,336;5125,314;5129,326;5134,326;5138,326;5142,324;5147,324;5151,330;5155,314;5160,328;5164,314;5168,340;5173,326;5177,332;5181,316;5186,330;5190,316;5194,330;5199,314;5203,320;5208,332;5212,318;5216,332;5221,330;5225,322;5229,320;5234,334;5238,320;5242,332;5247,318;5251,324;5255,322;5260,322;5264,334;5268,320;5273,332;5277,324;5282,324;5286,324;5290,336;5295,322;5299,328;5303,328;5308,314;5312,326;5316,326;5321,338;5325,316;5329,330;5334,316;5338,328;5342,328;5347,328;5351,318;5356,318;5360,332;5364,316;5369,344;5373,322;5377,322;5382,320;5386,334;5390,320;5395,332;5399,324;5403,310;5408,324;5412,322;5417,336;5421,312;5425,326;5430,312;5434,340;5438,324;5443,324;5447,316;5451,316;5456,330;5460,314;5464,328;5469,328;5473,320;5477,318;5482,332;5486,318;5491,330;5495,322;5499,322;5504,322;5508,320;5512,334;5517,320;5521,324;5525,322;5530,336;5534,322;5538,336;5543,320;5547,312;5551,326;5556,310;5560,338;5565,324;5569,328;5573,314;5578,328;5582,326;5586,328;5591,312;5595,318;5599,332;5604,316;5608,330;5612,314;5617,328;5621,320;5626,334;5630,320;5634,334;5639,318;5643,324;5647,324;5652,322;5656,308;5660,308;5665,334;5669,326;5673,340;5678,326;5682,326;5686,324;5691,338;5695,330;5700,330;5704,328;5708,314;5713,326;5717,320;5721,334;5726,332;5730,332;5734,318;5739,330;5743,336;5747,322;5752,320;5756,306;5760,334;5765,318;5769,340;5774,324;5778,338;5782,322;5787,336;5791,322;5795,328;5800,328;5804,312;5808,326;5813,310;5817,316;5821,302;5826,314;5830,314;5834,328;5839,312;5843,318;5848,302;5852,302;5856,316;5861,300;5865,308;5869,306;5874,318;5878,304;5882,302;5887,302;5891,308;5895,320;5900,306;5904,318;5908,304;5913,310;5917,308;5922,294;5926,308;5930,320;5935,306;5939,298;5943,312;5948,296;5952,310;5956,294;5961,308;5965,312;5969,326;5974,312;5978,324;5982,310;5987,310;5991,316;5996,300;6000,314;6004,300;6009,312;6013,306;6017,318;6022,304;6026,316;6030,302;6035,314;6039,306;6043,306;6048,320;6052,306;6057,318;6061,296;6065,310;6070,308;6074,322;6078,308;6083,306;6087,312;6091,312;6096,310;6100,308;6104,324;6109,322;6113,314;6117,312;6122,312;6126,310;6131,312;6135,304;6139,302;6144,316;6148,300;6152,314;6157,300;6161,320;6165,304;6170,318;6174,302;6178,316;6183,294;6187,280;6192,290;6196,278;6200,278;6205,276;6209,296;6213,282;6218,294;6222,294;6226,294;6231,292;6235,270;6239,270;6244,270;6248,282;6252,282;6257,288;6261,274;6266,272;6270,272;6274,286;6279,284;6283,276;6287,290;6292,276;6296,288;6300,260;6305,288;6309,280;6313,278;6318,278;6322,278;6326,276;6331,284;6335,282;6340,282;6344,280;6348,266;6353,280;6357,286;6361,286;6366,286;6370,284;6374,284;6379,276;6383,276;6387,274;6392,274;6396,274;6400,286;6405,276;6409,292;6414,290;6418,276;6422,274;6427,274;6431,280;6435,292;6440,278;6444,290;6448,274;6453,274;6457,294;6461,294;6466,280;6470,292;6474,278;6479,268;6483,268;6488,268;6492,266;6496,266;6501,266;6505,286;6509,284;6514,284;6518,284;6522,254;6527,274;6531,274;6535,286;6540,272;6544,284;6548,270;6553,276;6557,276;6562,274;6566,274;6570,288;6575,286;6579,264;6583,278;6588,276;6592,290;6596,274;\r\nBuffer sent in 0.973 secondsreturn;buffer;965\r\n'), 12:34:36
bytearray(b'received from UR: measure -> measure (0,1)\r\nSTEPPER: Moving to mstep: 6600 with speed [msteps/sec]: 1000 in StealthChop.\r\n'), 12:34:37
bytearray(b'STEPPER: Moving to mstep: 2400 with speed [msteps/sec]: 4000 in SpreadCycle.\r\n'), 12:34:41
bytearray(b'STEPPER: Moved 4200.00 msteps (ramp: 35%) in 1324.880 ms -> average speed [msteps/sec]: 3170.10\r\nreturn;measure;965\r\n'), 12:34:42
bytearray(b'received from UR: buffer -> buffer (0,1)\r\nSending buffer of size 965data;2400,302;2404,452;2408,162;2413,276;2417,318;2421,324;2426,338;2430,322;2434,336;2439,322;2443,326;2447,326;2452,310;2456,324;2460,310;2465,322;2469,328;2473,328;2478,312;2482,340;2487,324;2491,330;2495,330;2500,328;2504,328;2508,312;2513,326;2517,318;2521,332;2526,330;2530,344;2534,328;2539,326;2543,320;2548,320;2552,332;2556,316;2561,330;2565,322;2569,336;2574,320;2578,334;2582,320;2587,332;2591,324;2595,324;2600,336;2604,322;2608,322;2613,306;2617,328;2622,326;2626,340;2630,324;2635,338;2639,316;2643,314;2648,328;2652,328;2656,328;2661,326;2665,332;2669,318;2674,332;2678,330;2682,330;2687,316;2691,320;2696,320;2700,334;2704,332;2709,318;2713,338;2717,322;2722,336;2726,336;2730,334;2735,320;2739,312;2743,324;2748,324;2752,338;2757,322;2761,322;2765,328;2770,342;2774,326;2778,340;2783,326;2787,304;2791,316;2796,316;2800,330;2804,314;2809,328;2813,320;2817,334;2822,318;2826,334;2831,320;2835,324;2839,324;2844,308;2848,322;2852,322;2857,334;2861,312;2865,340;2870,324;2874,338;2878,324;2883,338;2887,328;2891,314;2896,328;2900,326;2905,326;2909,318;2913,332;2918,316;2922,330;2926,328;2931,328;2935,334;2939,320;2944,320;2948,318;2952,332;2957,318;2961,336;2965,322;2970,336;2974,320;2979,334;2983,326;2987,310;2992,324;2996,308;3000,336;3005,322;3009,342;3013,326;3018,340;3022,324;3026,338;3031,324;3035,328;3039,328;3044,314;3048,326;3053,312;3057,324;3061,330;3066,330;3070,314;3074,328;3079,326;3083,332;3087,332;3092,318;3096,330;3100,314;3105,328;3109,334;3113,334;3118,318;3122,332;3127,318;3131,308;3135,336;3140,320;3144,334;3148,320;3153,332;3157,324;3161,326;3166,324;3170,338;3174,322;3179,338;3183,328;3187,300;3192,326;3196,312;3201,338;3205,324;3209,344;3214,328;3218,342;3222,328;3227,328;3231,334;3235,320;3240,332;3244,318;3248,332;3253,316;3257,336;3262,320;3266,334;3270,320;3275,332;3279,324;3283,324;3288,336;3292,322;3296,320;3301,320;3305,326;3309,326;3314,338;3318,324;3322,336;3327,322;3331,328;3336,326;3340,312;3344,326;3349,310;3353,332;3357,330;3362,344;3366,328;3370,328;3375,314;3379,320;3383,332;3388,318;3392,330;3396,316;3401,330;3405,322;3410,334;3414,320;3418,334;3423,318;3427,312;3431,324;3436,324;3440,324;3444,322;3449,322;3453,314;3457,328;3462,326;3466,326;3471,312;3475,316;3479,330;3484,330;3488,330;3492,328;3497,326;3501,318;3505,332;3510,332;3514,330;3518,316;3523,330;3527,322;3531,320;3536,334;3540,320;3545,334;3549,304;3553,324;3558,324;3562,338;3566,322;3571,336;3575,328;3579,312;3584,326;3588,312;3592,326;3597,324;3601,344;3605,330;3610,344;3614,314;3619,328;3623,320;3627,332;3632,332;3636,318;3640,318;3645,316;3649,336;3653,322;3658,334;3662,320;3666,334;3671,318;3675,310;3679,324;3684,324;3688,336;3693,322;3697,322;3701,326;3706,328;3710,326;3714,326;3719,324;3723,316;3727,316;3732,316;3736,330;3740,314;3745,328;3749,320;3753,334;3758,318;3762,332;3767,332;3771,346;3775,322;3780,308;3784,322;3788,320;3793,334;3797,326;3801,340;3806,324;3810,338;3814,322;3819,338;3823,328;3827,314;3832,326;3836,312;3841,324;3845,318;3849,344;3854,330;3858,330;3862,314;3867,342;3871,320;3875,318;3880,332;3884,318;3888,330;3893,314;3897,322;3901,334;3906,334;3910,318;3915,332;3919,318;3923,324;3928,336;3932,308;3936,320;3941,320;3945,326;3949,324;3954,324;3958,324;3962,336;3967,322;3971,314;3976,326;3980,312;3984,324;3989,310;3993,338;3997,330;4002,342;4006,328;4010,342;4015,326;4019,318;4023,332;4028,318;4032,330;4036,316;4041,330;4045,322;4050,336;4054,320;4058,334;4063,320;4067,326;4071,324;4076,310;4080,322;4084,336;4089,334;4093,312;4097,340;4102,324;4106,338;4110,324;4115,338;4119,328;4124,314;4128,326;4132,312;4137,326;4141,332;4145,330;4150,328;4154,328;4158,328;4163,328;4167,334;4171,318;4176,332;4180,316;4184,330;4189,316;4193,336;4198,320;4202,334;4206,318;4211,334;4215,324;4219,324;4224,336;4228,322;4232,320;4237,306;4241,340;4245,324;4250,338;4254,322;4258,336;4263,322;4267,312;4272,326;4276,312;4280,338;4285,324;4289,330;4293,330;4298,328;4302,314;4306,328;4311,326;4315,318;4319,318;4324,316;4328,330;4332,330;4337,342;4341,320;4346,334;4350,318;4354,332;4359,330;4363,322;4367,322;4372,306;4376,320;4380,318;4385,332;4389,324;4393,338;4398,322;4402,336;4407,320;4411,334;4415,340;4420,324;4424,324;4428,308;4433,322;4437,314;4441,342;4446,326;4450,340;4454,310;4459,338;4463,330;4467,330;4472,328;4476,328;4481,326;4485,318;4489,330;4494,330;4498,330;4502,314;4507,342;4511,320;4515,318;4520,332;4524,316;4528,330;4533,314;4537,334;4541,320;4546,332;4550,318;4555,330;4559,322;4563,306;4568,320;4572,306;4576,332;4581,316;4585,338;4589,322;4594,334;4598,320;4602,334;4607,318;4611,322;4616,324;4620,322;4624,320;4629,320;4633,326;4637,326;4642,338;4646,310;4650,324;4655,324;4659,328;4663,328;4668,328;4672,328;4676,312;4681,326;4685,332;4690,332;4694,318;4698,332;4703,330;4707,322;4711,322;4716,308;4720,322;4724,322;4729,336;4733,326;4737,340;4742,326;4746,340;4750,326;4755,304;4759,330;4764,316;4768,342;4772,314;4777,328;4781,320;4785,332;4790,318;4794,332;4798,316;4803,332;4807,320;4811,322;4816,336;4820,320;4824,320;4829,306;4833,340;4838,324;4842,340;4846,324;4851,338;4855,316;4859,316;4864,328;4868,328;4872,328;4877,328;4881,334;4885,320;4890,332;4894,332;4898,332;4903,318;4907,310;4912,324;4916,322;4920,336;4925,322;4929,328;4933,328;4938,326;4942,326;4946,340;4951,326;4955,316;4959,330;4964,314;4968,328;4972,328;4977,342;4981,318;4986,332;4990,318;4994,330;4999,330;5003,322;5007,322;5012,306;5016,320;5020,320;5025,334;5029,326;5033,340;5038,324;5042,338;5047,322;5051,336;5055,328;5060,328;5064,326;5068,312;5073,326;5077,332;5081,330;5086,316;5090,330;5094,328;5099,328;5103,320;5107,318;5112,318;5116,316;5121,330;5125,322;5129,334;5134,320;5138,332;5142,318;5147,332;5151,336;5155,308;5160,322;5164,306;5168,320;5173,320;5177,340;5181,310;5186,324;5190,324;5195,326;5199,322;5203,314;5208,328;5212,312;5216,326;5221,312;5225,344;5229,316;5234,344;5238,328;5242,342;5247,326;5251,318;5255,332;5260,318;5264,330;5269,316;5273,330;5277,320;5282,334;5286,334;5290,334;5295,318;5299,310;5303,324;5308,322;5312,322;5316,322;5321,334;5325,326;5329,340;5334,326;5338,326;5343,324;5347,316;5351,330;5356,314;5360,314;5364,312;5369,326;5373,332;5377,346;5382,316;5386,330;5390,316;5395,328;5399,336;5403,320;5408,320;5412,306;5417,320;5421,324;5425,338;5430,324;5434,338;5438,322;5443,336;5447,328;5451,326;5456,326;5460,324;5464,324;5469,310;5473,330;5477,328;5482,328;5486,314;5491,328;5495,318;5499,318;5504,332;5508,316;5512,316;5517,302;5521,322;5525,320;5530,334;5534,320;5538,332;5543,318;5547,310;5552,324;5556,322;5560,336;5565,320;5569,328;5573,326;5578,324;5582,324;5586,338;5591,322;5595,314;5599,328;5604,312;5608,340;5612,312;5617,326;5621,316;5626,330;5630,316;5634,342;5639,326;5643,320;5647,332;5652,318;5656,316;5660,316;5665,328;5669,322;5673,334;5678,320;5682,332;5686,318;5691,310;5695,336;5700,322;5704,334;5708,320;5713,332;5717,324;5721,324;5726,324;5730,338;5734,322;5739,336;5743,326;5747,326;5752,340;5756,324;5761,324;5765,310;5769,330;5774,328;5778,328;5782,314;5787,328;5791,320;5795,304;5800,332;5804,318;5808,318;5813,302;5817,322;5821,306;5826,320;5830,306;5835,318;5839,310;5843,296;5848,308;5852,308;5856,308;5861,308;5865,314;5869,312;5874,312;5878,312;5882,310;5887,310;5891,302;5895,314;5900,302;5904,314;5909,300;5913,320;5917,304;5922,304;5926,302;5930,316;5935,302;5939,308;5943,320;5948,306;5952,320;5956,304;5961,318;5965,310;5969,310;5974,308;5978,320;5983,306;5987,312;5991,324;5996,310;6000,310;6004,294;6009,308;6013,314;6017,328;6022,312;6026,312;6030,296;6035,312;6039,316;6043,316;6048,314;6052,314;6057,314;6061,306;6065,320;6070,318;6074,318;6078,316;6083,316;6087,322;6091,308;6096,320;6100,306;6104,304;6109,316;6113,310;6118,308;6122,322;6126,320;6131,320;6135,312;6139,310;6144,310;6148,296;6152,308;6157,308;6161,314;6165,300;6170,328;6174,312;6178,314;6183,290;6187,276;6192,288;6196,288;6200,288;6205,272;6209,294;6213,292;6218,292;6222,292;6226,292;6231,268;6235,254;6239,282;6244,282;6248,294;6253,294;6257,272;6261,270;6266,256;6270,284;6274,284;6279,298;6283,276;6287,276;6292,260;6296,288;6300,286;6305,280;6309,278;6313,278;6318,292;6322,290;6327,290;6331,266;6335,280;6340,280;6344,280;6348,278;6353,292;6357,284;6361,284;6366,282;6370,282;6374,280;6379,272;6383,272;6387,270;6392,270;6396,254;6401,282;6405,288;6409,288;6414,286;6418,272;6422,270;6427,242;6431,276;6435,274;6440,288;6444,274;6448,272;6453,278;6457,292;6461,292;6466,290;6470,276;6475,274;6479,266;6483,278;6488,278;6492,250;6496,290;6501,276;6505,282;6509,280;6514,266;6518,266;6522,264;6527,284;6531,270;6535,282;6540,268;6544,282;6549,266;6553,258;6557,286;6562,286;6566,284;6570,284;6575,284;6579,290;6583,276;6588,288;6592,288;6596,274;\r\nBuffer sent in 0.973 secondsreturn;buffer;965\r\n'), 12:34:44
bytearray(b'received from UR: measure -> measure (0,1)\r\nSTEPPER: Moving to mstep: 6600 with speed [msteps/sec]: 1000 in StealthChop.\r\n'), 12:34:45
bytearray(b'STEPPER: Moving to mstep: 2400 with speed [msteps/sec]: 4000 in SpreadCycle.\r\n'), 12:34:49
bytearray(b'STEPPER: Moved 4200.00 msteps (ramp: 35%) in 1324.888 ms -> average speed [msteps/sec]: 3170.08\r\nreturn;measure;965\r\n'), 12:34:51
bytearray(b'received from UR: buffer -> buffer (0,1)\r\nSending buffer of size 965data;2400,300;2404,438;2408,192;2413,278;2417,318;2421,326;2426,340;2430,324;2434,338;2439,324;2443,316;2447,328;2452,314;2456,326;2460,326;2465,326;2469,318;2474,332;2478,330;2482,330;2487,330;2491,322;2495,334;2500,334;2504,334;2508,320;2513,332;2517,324;2521,324;2526,322;2530,336;2534,336;2539,334;2543,326;2548,312;2552,326;2556,324;2561,324;2565,330;2569,330;2574,328;2578,330;2582,314;2587,328;2591,332;2595,318;2600,318;2604,316;2608,316;2613,302;2617,336;2622,334;2626,334;2630,320;2635,332;2639,326;2643,324;2648,322;2652,324;2656,322;2661,322;2665,328;2669,328;2674,328;2678,326;2683,340;2687,326;2691,318;2696,330;2700,330;2704,330;2709,316;2713,336;2717,334;2722,334;2726,332;2730,332;2735,318;2739,324;2743,336;2748,322;2752,322;2757,306;2761,334;2765,326;2770,340;2774,324;2778,338;2783,322;2787,328;2791,328;2796,314;2800,328;2804,312;2809,326;2813,332;2817,346;2822,332;2826,344;2831,328;2835,306;2839,334;2844,334;2848,332;2852,318;2857,318;2861,324;2865,338;2870,324;2874,338;2878,324;2883,336;2887,314;2891,314;2896,328;2900,328;2905,326;2909,318;2913,332;2918,330;2922,330;2926,328;2931,330;2935,336;2939,320;2944,334;2948,320;2952,318;2957,318;2961,338;2965,324;2970,324;2974,322;2979,336;2983,322;2987,314;2992,326;2996,312;3000,326;3005,326;3009,332;3013,330;3018,344;3022,330;3026,330;3031,314;3035,322;3039,320;3044,320;3048,318;3053,318;3057,316;3061,322;3066,336;3070,322;3074,322;3079,320;3083,312;3087,340;3092,326;3096,324;3100,324;3105,324;3109,330;3113,328;3118,328;3122,328;3127,326;3131,320;3135,332;3140,318;3144,332;3148,318;3153,330;3157,322;3161,336;3166,320;3170,336;3174,320;3179,334;3183,326;3188,310;3192,324;3196,324;3201,324;3205,326;3209,344;3214,328;3218,342;3222,326;3227,342;3231,332;3235,318;3240,330;3244,330;3248,330;3253,314;3257,336;3262,320;3266,334;3270,318;3275,332;3279,338;3283,338;3288,324;3292,322;3296,322;3301,322;3305,326;3309,326;3314,326;3318,324;3322,324;3327,322;3331,328;3336,328;3340,314;3344,326;3349,312;3353,332;3357,332;3362,332;3366,330;3370,332;3375,330;3379,308;3383,336;3388,320;3392,334;3396,320;3401,332;3405,324;3410,338;3414,324;3418,336;3423,336;3427,314;3431,312;3436,312;3440,340;3444,324;3449,324;3453,316;3457,330;3462,328;3466,328;3470,326;3475,326;3479,332;3484,318;3488,330;3492,330;3497,330;3501,322;3505,334;3510,320;3514,334;3518,318;3523,332;3527,324;3531,322;3536,322;3540,308;3544,320;3549,308;3553,340;3558,326;3562,326;3566,324;3571,338;3575,330;3579,316;3584,314;3588,314;3592,342;3597,326;3601,334;3605,318;3610,332;3614,330;3618,344;3623,330;3627,308;3632,334;3636,332;3640,332;3645,318;3649,336;3653,322;3658,336;3662,320;3666,334;3671,318;3675,324;3679,324;3684,322;3688,322;3692,320;3697,318;3701,324;3706,338;3710,322;3714,322;3719,322;3723,326;3727,326;3732,312;3736,324;3740,310;3745,338;3749,328;3753,328;3758,328;3762,326;3767,326;3771,318;3775,330;3780,316;3784,330;3788,328;3793,328;3797,320;3801,334;3806,320;3810,332;3814,318;3819,330;3823,322;3827,322;3832,322;3836,320;3841,332;3845,326;3849,340;3854,324;3858,338;3862,322;3867,324;3871,328;3875,328;3880,328;3884,314;3888,326;3893,326;3897,332;3902,318;3906,330;3910,330;3915,330;3919,322;3923,322;3928,334;3932,306;3936,318;3941,306;3945,338;3949,324;3954,324;3958,322;3962,336;3967,320;3971,326;3976,324;3980,324;3984,324;3989,310;3993,322;3997,314;4002,342;4006,314;4010,340;4015,324;4019,318;4023,316;4028,316;4032,314;4036,314;4041,312;4045,332;4050,346;4054,316;4058,330;4063,316;4067,322;4071,334;4076,320;4080,320;4084,332;4089,318;4093,324;4097,336;4102,336;4106,334;4110,320;4115,334;4119,324;4124,324;4128,324;4132,322;4137,334;4141,326;4145,326;4150,324;4154,338;4158,324;4163,324;4167,328;4171,328;4176,328;4180,312;4184,326;4189,310;4193,344;4198,314;4202,328;4206,328;4211,328;4215,318;4219,318;4224,330;4228,316;4232,330;4237,314;4241,334;4245,318;4250,332;4254,330;4258,344;4263,328;4267,320;4272,318;4276,318;4280,332;4285,332;4289,324;4293,322;4298,336;4302,320;4306,334;4311,318;4315,324;4319,324;4324,322;4328,322;4332,306;4337,320;4341,324;4346,338;4350,324;4354,324;4359,322;4363,312;4367,326;4372,326;4376,326;4380,324;4385,324;4389,330;4393,342;4398,314;4402,342;4407,326;4411,318;4415,330;4420,330;4424,330;4428,314;4433,314;4437,318;4441,346;4446,318;4450,332;4454,316;4459,330;4463,320;4467,320;4472,332;4476,332;4481,332;4485,322;4489,336;4494,336;4498,334;4502,332;4507,332;4511,324;4515,324;4520,322;4524,322;4528,334;4533,320;4537,326;4541,324;4546,338;4550,322;4555,322;4559,326;4563,312;4568,340;4572,324;4576,326;4581,322;4585,328;4589,328;4594,326;4598,324;4602,338;4607,324;4611,314;4615,314;4620,314;4624,324;4629,326;4633,324;4637,330;4642,344;4646,328;4650,342;4655,314;4659,320;4663,332;4668,330;4672,330;4676,316;4681,314;4685,320;4689,334;4694,318;4698,330;4703,330;4707,308;4711,320;4716,320;4720,332;4724,318;4729,332;4733,324;4737,336;4742,322;4746,334;4750,334;4755,334;4759,326;4763,310;4768,324;4772,310;4777,338;4781,314;4785,328;4790,328;4794,342;4798,326;4803,326;4807,332;4811,316;4816,330;4820,316;4824,328;4829,314;4833,334;4837,332;4842,346;4846,330;4851,344;4855,308;4859,306;4864,320;4868,320;4872,332;4877,318;4881,324;4885,322;4890,338;4894,322;4898,336;4903,320;4907,328;4912,326;4916,312;4920,324;4925,326;4929,332;4933,318;4938,330;4942,330;4946,344;4951,328;4955,308;4959,318;4964,306;4968,332;4972,320;4977,332;4981,324;4986,338;4990,324;4994,338;4999,322;5003,316;5007,328;5012,328;5016,328;5020,314;5025,326;5029,318;5033,346;5038,318;5042,332;5046,330;5051,308;5055,336;5060,334;5064,334;5068,318;5073,332;5077,324;5081,324;5086,322;5090,336;5094,320;5099,334;5103,326;5107,324;5112,324;5116,322;5121,322;5125,322;5129,328;5134,326;5138,326;5142,324;5147,338;5151,330;5155,314;5160,326;5164,312;5168,338;5173,324;5177,330;5181,314;5186,342;5190,312;5195,340;5199,324;5203,316;5208,330;5212,328;5216,328;5221,312;5225,332;5229,318;5234,330;5238,330;5242,342;5247,328;5251,318;5255,318;5260,332;5264,330;5269,316;5273,328;5277,322;5282,334;5286,318;5290,332;5295,316;5299,324;5303,322;5308,320;5312,320;5316,320;5321,332;5325,324;5329,338;5334,322;5338,322;5343,320;5347,336;5351,326;5356,312;5360,324;5364,310;5369,336;5373,328;5377,342;5382,326;5386,340;5390,326;5395,340;5399,332;5403,316;5408,316;5412,314;5417,330;5421,320;5425,334;5430,320;5434,334;5438,318;5443,332;5447,324;5451,324;5456,322;5460,308;5464,322;5469,308;5473,328;5477,314;5482,326;5486,324;5491,324;5495,316;5499,316;5504,314;5508,314;5512,328;5517,324;5521,332;5525,316;5530,330;5534,316;5538,330;5543,326;5547,318;5552,318;5556,316;5560,332;5565,330;5569,328;5573,320;5578,334;5582,318;5586,332;5591,318;5595,310;5599,322;5604,322;5608,334;5612,320;5617,332;5621,324;5626,338;5630,322;5634,336;5639,322;5643,312;5647,326;5652,310;5656,324;5660,324;5665,322;5669,328;5673,328;5678,326;5682,328;5686,326;5691,340;5695,330;5700,316;5704,330;5708,328;5713,328;5717,320;5721,332;5726,318;5730,330;5734,316;5739,330;5743,322;5747,320;5752,334;5756,318;5760,318;5765,316;5769,338;5774,322;5778,336;5782,320;5787,334;5791,324;5795,324;5800,324;5804,322;5808,320;5813,306;5817,326;5821,310;5826,324;5830,310;5834,322;5839,308;5843,314;5848,300;5852,296;5856,310;5861,310;5865,316;5869,314;5874,302;5878,314;5882,314;5887,312;5891,318;5895,304;5900,302;5904,314;5908,314;5913,306;5917,306;5922,320;5926,304;5930,318;5935,316;5939,308;5943,308;5948,308;5952,306;5956,292;5961,320;5965,296;5969,310;5974,308;5978,310;5982,308;5987,314;5991,312;5996,298;6000,324;6004,310;6009,310;6013,314;6017,328;6022,312;6026,326;6030,296;6035,310;6039,314;6043,314;6048,314;6052,312;6057,310;6061,304;6065,316;6070,316;6074,314;6078,314;6083,312;6087,306;6091,318;6096,304;6100,316;6104,316;6109,316;6113,306;6117,306;6122,320;6126,318;6131,318;6135,310;6139,308;6144,310;6148,308;6152,322;6157,306;6161,314;6165,312;6170,312;6174,310;6178,310;6183,288;6187,288;6191,286;6196,286;6200,272;6205,270;6209,306;6213,290;6218,290;6222,276;6226,290;6231,288;6235,280;6239,280;6244,278;6248,278;6252,292;6257,298;6261,296;6266,296;6270,282;6274,280;6279,294;6283,286;6287,284;6292,284;6296,284;6300,270;6305,268;6309,288;6313,272;6318,272;6322,272;6326,284;6331,262;6335,276;6340,276;6344,274;6348,274;6353,272;6357,280;6361,292;6366,290;6370,290;6374,276;6379,260;6383,294;6387,280;6392,280;6396,264;6400,278;6405,284;6409,296;6414,282;6418,296;6422,280;6427,250;6431,284;6435,284;6440,282;6444,296;6448,282;6453,274;6457,286;6461,284;6466,270;6470,270;6474,240;6479,274;6483,286;6488,272;6492,258;6496,284;6501,282;6505,290;6509,276;6514,260;6518,288;6522,288;6527,278;6531,278;6535,278;6540,276;6544,276;6548,262;6553,296;6557,282;6562,280;6566,280;6570,278;6575,278;6579,284;6583,270;6588,282;6592,282;6596,266;\r\nBuffer sent in 0.973 secondsreturn;buffer;965\r\n'), 12:34:53
bytearray(b'received from UR: measure -> measure (0,1)\r\nSTEPPER: Moving to mstep: 6600 with speed [msteps/sec]: 1000 in StealthChop.\r\n'), 12:34:54
bytearray(b'STEPPER: Moving to mstep: 2400 with speed [msteps/sec]: 4000 in SpreadCycle.\r\n'), 12:34:58
bytearray(b'STEPPER: Moved 4200.00 msteps (ramp: 35%) in 1324.888 ms -> average speed [msteps/sec]: 3170.08\r\nreturn;measure;965\r\n'), 12:34:59
bytearray(b'received from UR: buffer -> buffer (0,1)\r\nSending buffer of size 965data;2400,298;2404,448;2408,158;2413,272;2417,314;2421,322;2426,336;2430,320;2434,348;2439,318;2443,312;2447,326;2452,310;2456,324;2460,324;2465,336;2469,314;2474,328;2478,326;2482,328;2487,326;2491,332;2495,318;2500,316;2504,330;2508,316;2513,330;2517,322;2521,322;2526,320;2530,334;2534,320;2539,334;2543,324;2548,310;2552,324;2556,324;2561,338;2565,316;2569,330;2574,314;2578,342;2582,328;2587,342;2591,332;2595,306;2600,332;2604,318;2608,332;2613,332;2617,324;2622,322;2626,338;2630,322;2635,336;2639,328;2643,314;2648,326;2652,324;2656,340;2661,326;2665,332;2669,318;2674,332;2678,330;2683,330;2687,316;2691,320;2696,334;2700,320;2704,334;2709,320;2713,326;2717,326;2722,340;2726,326;2730,340;2735,324;2739,318;2743,332;2748,316;2752,330;2757,316;2761,330;2765,322;2770,336;2774,322;2778,336;2783,320;2787,312;2791,324;2796,312;2800,326;2804,312;2809,324;2813,330;2817,332;2822,316;2826,344;2831,328;2835,342;2839,322;2844,320;2848,334;2852,320;2857,334;2861,326;2865,326;2870,324;2874,338;2878,324;2883,338;2887,330;2891,316;2896,330;2900,316;2905,342;2909,328;2913,322;2918,320;2922,334;2926,318;2931,332;2935,324;2939,310;2944,336;2948,322;2952,336;2957,322;2961,328;2965,328;2970,342;2974,326;2979,340;2983,312;2987,316;2992,330;2996,316;3000,330;3005,314;3009,334;3013,320;3018,334;3022,320;3026,334;3031,332;3035,324;3039,312;3044,310;3048,324;3053,324;3057,336;3061,316;3066,330;3070,328;3074,342;3079,328;3083,320;3087,334;3092,320;3096,334;3100,318;3105,318;3109,324;3114,338;3118,322;3122,324;3127,322;3131,314;3135,328;3140,314;3144,326;3148,312;3153,326;3157,318;3161,332;3166,332;3170,344;3174,316;3179,308;3183,336;3188,320;3192,334;3196,320;3201,334;3205,326;3209,340;3214,326;3218,340;3222,312;3227,324;3231,332;3235,316;3240,330;3244,330;3248,330;3253,314;3257,336;3262,322;3266,336;3270,320;3275,320;3279,326;3283,326;3288,326;3292,326;3296,324;3301,324;3305,330;3309,316;3314,328;3318,328;3322,328;3327,328;3331,320;3336,332;3340,332;3344,332;3349,318;3353,338;3357,324;3362,336;3366,322;3370,336;3375,322;3379,314;3383,328;3388,314;3392,326;3396,312;3401,326;3405,318;3410,332;3414,316;3418,330;3423,314;3427,322;3431,334;3436,320;3440,332;3444,318;3449,332;3453,324;3457,336;3462,322;3466,336;3470,320;3475,334;3479,340;3484,324;3488,324;3492,310;3497,324;3501,328;3505,328;3510,328;3514,328;3518,326;3523,340;3527,318;3531,316;3536,330;3540,316;3545,330;3549,314;3553,336;3558,320;3562,334;3566,320;3571,334;3575,326;3579,310;3584,338;3588,322;3592,336;3597,322;3601,342;3605,314;3610,340;3614,326;3619,340;3623,318;3627,316;3632,330;3636,316;3640,330;3645,330;3649,334;3653,320;3658,334;3662,318;3666,332;3671,318;3675,324;3679,324;3684,324;3688,322;3693,322;3697,328;3701,326;3706,328;3710,324;3714,326;3719,324;3723,316;3727,330;3732,316;3736,330;3740,314;3745,314;3749,320;3754,334;3758,318;3762,332;3767,320;3771,310;3775,324;3780,322;3784,336;3788,322;3793,322;3797,326;3801,340;3806,324;3810,338;3814,324;3819,324;3823,328;3828,314;3832,342;3836,326;3841,326;3845,318;3849,332;3854,316;3858,330;3862,316;3867,330;3871,334;3875,320;3880,332;3884,318;3888,318;3893,316;3897,338;3902,322;3906,336;3910,322;3915,320;3919,328;3923,312;3928,340;3932,310;3936,324;3941,310;3945,330;3949,328;3954,342;3958,328;3962,328;3967,326;3971,318;3976,330;3980,316;3984,330;3989,314;3993,334;3997,320;4002,334;4006,318;4010,334;4015,320;4019,310;4023,324;4028,322;4032,336;4036,322;4041,320;4045,326;4050,340;4054,324;4058,338;4063,324;4067,316;4071,330;4076,314;4080,342;4084,328;4089,328;4093,320;4097,334;4102,318;4106,332;4110,318;4115,330;4119,324;4124,322;4128,336;4132,320;4137,320;4141,326;4145,326;4150,324;4154,326;4158,324;4163,324;4167,330;4171,316;4176,328;4180,314;4184,326;4189,312;4193,334;4198,318;4202,346;4206,330;4211,344;4215,322;4219,308;4224,336;4228,320;4232,334;4237,334;4241,326;4245,324;4250,340;4254,324;4258,338;4263,324;4267,316;4272,328;4276,314;4280,328;4285,314;4289,332;4293,318;4298,332;4302,330;4306,330;4311,330;4315,308;4319,334;4324,320;4328,334;4333,318;4337,332;4341,324;4346,338;4350,322;4354,336;4359,320;4363,326;4367,340;4372,312;4376,324;4380,324;4385,336;4389,314;4393,342;4398,326;4402,340;4407,322;4411,316;4415,330;4420,314;4424,314;4428,312;4433,326;4437,318;4441,346;4446,330;4450,344;4454,328;4459,328;4463,332;4467,318;4472,332;4476,330;4481,330;4485,320;4489,334;4494,320;4498,332;4502,318;4507,318;4511,324;4515,322;4520,336;4524,334;4528,320;4533,320;4537,326;4541,324;4546,338;4550,322;4555,336;4559,322;4563,314;4568,328;4572,312;4576,326;4581,310;4585,330;4589,316;4594,330;4598,314;4602,328;4607,326;4611,318;4615,332;4620,332;4624,330;4629,316;4633,328;4637,320;4642,334;4646,318;4650,332;4655,318;4659,324;4663,338;4668,336;4672,322;4676,320;4681,334;4685,326;4689,324;4694,324;4698,324;4703,322;4707,314;4711,326;4716,312;4720,324;4724,310;4729,324;4733,328;4737,342;4742,326;4746,340;4750,324;4755,326;4759,330;4763,314;4768,328;4772,312;4777,326;4781,318;4785,332;4790,316;4794,328;4798,314;4803,340;4807,332;4811,318;4816,330;4820,316;4824,328;4829,314;4833,334;4838,318;4842,330;4846,316;4851,342;4855,334;4859,332;4864,318;4868,316;4872,330;4877,314;4881,334;4885,318;4890,318;4894,316;4898,330;4903,328;4907,334;4912,320;4916,318;4920,332;4925,316;4929,336;4933,334;4938,334;4942,320;4946,332;4951,318;4955,322;4959,322;4964,320;4968,334;4972,318;4977,332;4981,322;4986,322;4990,320;4994,334;4999,320;5003,324;5007,324;5012,308;5016,336;5020,320;5025,334;5029,324;5033,324;5038,324;5042,336;5046,322;5051,334;5055,326;5060,312;5064,324;5068,324;5073,336;5077,328;5081,328;5086,326;5090,326;5094,324;5099,324;5103,330;5107,314;5112,328;5116,314;5121,326;5125,310;5129,330;5134,316;5138,328;5142,328;5147,342;5151,332;5155,318;5160,330;5164,316;5168,330;5173,314;5177,336;5181,320;5186,334;5190,318;5195,346;5199,330;5203,308;5208,322;5212,308;5216,320;5221,306;5225,340;5229,324;5234,338;5238,322;5242,322;5247,322;5251,314;5255,340;5260,326;5264,326;5269,324;5273,324;5277,316;5282,330;5286,314;5290,328;5295,328;5299,320;5303,334;5308,332;5312,318;5316,316;5321,330;5325,322;5329,334;5334,322;5338,334;5343,320;5347,312;5351,326;5356,324;5360,338;5364,310;5369,324;5373,328;5377,328;5382,312;5386,340;5390,326;5395,338;5399,330;5403,314;5408,328;5412,314;5417,328;5421,318;5425,332;5430,318;5434,332;5438,316;5443,330;5447,322;5451,320;5456,334;5460,320;5464,332;5469,332;5473,324;5477,322;5482,336;5486,320;5491,334;5495,324;5499,308;5504,322;5508,322;5512,334;5517,320;5521,326;5525,324;5530,338;5534,322;5538,336;5543,320;5547,312;5552,326;5556,310;5560,338;5565,324;5569,330;5573,314;5578,342;5582,326;5586,340;5591,312;5595,316;5599,330;5604,316;5608,330;5612,314;5617,328;5621,318;5626,334;5630,318;5634,346;5639,330;5643,308;5647,322;5652,308;5656,334;5660,320;5665,334;5669,324;5673,324;5678,324;5682,336;5686,322;5691,334;5695,326;5700,312;5704,324;5708,324;5713,338;5717,316;5721,328;5726,328;5730,328;5734,326;5739,324;5743,330;5747,314;5752,328;5756,312;5760,326;5765,312;5769,330;5774,316;5778,330;5782,314;5787,342;5791,320;5795,304;5800,332;5804,316;5808,330;5813,302;5817,320;5821,306;5826,318;5830,304;5834,316;5839,308;5843,308;5848,308;5852,306;5856,320;5861,318;5865,310;5869,310;5874,308;5878,308;5882,306;5887,306;5891,298;5895,312;5900,310;5904,324;5908,310;5913,314;5917,314;5922,314;5926,312;5930,312;5935,312;5939,288;5943,316;5948,302;5952,314;5956,300;5961,312;5965,318;5969,318;5974,316;5978,330;5983,314;5987,292;5991,306;5996,304;6000,304;6004,290;6009,316;6013,308;6017,322;6022,306;6026,320;6030,304;6035,318;6039,324;6044,324;6048,308;6052,308;6057,306;6061,312;6065,326;6070,310;6074,324;6078,310;6083,322;6087,300;6091,298;6096,310;6100,296;6104,310;6109,296;6113,314;6118,314;6122,314;6126,312;6131,312;6135,304;6139,302;6144,316;6148,300;6152,314;6157,298;6161,318;6165,304;6170,316;6174,300;6178,300;6183,304;6187,290;6192,302;6196,288;6200,288;6205,272;6209,294;6213,292;6218,292;6222,290;6226,260;6231,288;6235,294;6239,280;6244,280;6248,292;6252,292;6257,282;6261,282;6266,252;6270,280;6274,294;6279,280;6283,284;6287,282;6292,282;6296,268;6300,266;6305,280;6309,286;6313,284;6318,282;6322,282;6326,280;6331,274;6335,286;6340,284;6344,284;6348,282;6353,280;6357,286;6361,286;6366,284;6370,298;6374,282;6379,274;6383,288;6387,272;6392,286;6396,272;6400,284;6405,290;6409,288;6414,286;6418,286;6422,284;6427,298;6431,276;6435,288;6440,274;6444,286;6448,272;6453,278;6457,290;6461,290;6466,288;6470,288;6475,272;6479,278;6483,278;6488,276;6492,276;6496,274;6501,274;6505,280;6509,292;6514,278;6518,290;6522,290;6527,282;6531,280;6535,280;6540,278;6544,278;6549,262;6553,296;6557,282;6562,282;6566,294;6570,278;6575,278;6579,284;6583,282;6588,282;6592,280;6596,280;\r\nBuffer sent in 0.973 secondsreturn;buffer;965\r\n'), 12:35:01
bytearray(b'received from UR: measure -> measure (0,1)\r\nSTEPPER: Moving to mstep: 6600 with speed [msteps/sec]: 1000 in StealthChop.\r\n'), 12:35:02
bytearray(b'STEPPER: Moving to mstep: 2400 with speed [msteps/sec]: 4000 in SpreadCycle.\r\n'), 12:35:07
bytearray(b'STEPPER: Moved 4200.00 msteps (ramp: 35%) in 1324.880 ms -> average speed [msteps/sec]: 3170.10\r\nreturn;measure;965\r\n'), 12:35:08
bytearray(b'received from UR: buffer -> buffer (0,1)\r\nSending buffer of size 965data;2400,304;2404,468;2408,136;2413,278;2417,320;2421,326;2426,340;2430,324;2434,338;2439,322;2443,314;2447,314;2452,312;2456,340;2460,326;2465,324;2469,316;2473,330;2478,330;2482,328;2487,328;2491,328;2495,332;2500,318;2504,330;2508,330;2513,330;2517,320;2521,334;2526,318;2530,332;2534,318;2539,330;2543,324;2547,322;2552,322;2556,320;2561,318;2565,324;2569,338;2574,322;2578,334;2582,320;2587,334;2591,324;2595,310;2600,324;2604,308;2608,322;2613,320;2617,340;2622,326;2626,340;2630,324;2635,338;2639,328;2643,328;2648,328;2652,326;2656,326;2661,312;2665,332;2669,330;2674,330;2678,328;2682,326;2687,326;2691,320;2696,332;2700,316;2704,330;2709,328;2713,334;2717,320;2722,332;2726,318;2730,332;2735,316;2739,322;2743,320;2748,306;2752,334;2756,318;2761,332;2765,322;2770,336;2774,322;2778,336;2783,320;2787,312;2791,326;2796,310;2800,324;2804,324;2809,324;2813,328;2817,342;2822,326;2826,340;2831,324;2835,318;2839,330;2844,328;2848,328;2852,314;2857,312;2861,318;2865,332;2870,332;2874,332;2878,330;2883,330;2887,320;2891,320;2896,332;2900,332;2905,332;2909,322;2913,336;2918,322;2922,334;2926,320;2931,332;2935,338;2939,322;2944,336;2948,322;2952,334;2957,320;2961,326;2965,324;2970,336;2974,322;2979,336;2983,320;2987,326;2992,326;2996,310;3000,324;3005,308;3009,342;3013,326;3018,326;3022,324;3026,338;3031,322;3035,328;3039,328;3044,326;3048,326;3053,310;3057,324;3061,330;3066,330;3070,328;3074,328;3079,326;3083,320;3087,332;3092,316;3096,328;3100,314;3105,328;3109,320;3113,334;3118,318;3122,332;3127,316;3131,322;3135,336;3140,322;3144,320;3148,318;3153,332;3157,322;3161,336;3166,322;3170,334;3174,320;3179,334;3183,326;3187,324;3192,324;3196,308;3201,320;3205,314;3209,340;3214,324;3218,338;3222,322;3227,336;3231,328;3235,328;3240,326;3244,326;3248,324;3253,310;3257,344;3261,314;3266,328;3270,326;3275,328;3279,326;3283,318;3288,330;3292,330;3296,328;3301,314;3305,334;3309,330;3314,332;3318,318;3322,332;3327,330;3331,308;3336,320;3340,306;3344,334;3349,332;3353,324;3357,322;3362,336;3366,334;3370,334;3375,320;3379,310;3383,338;3388,324;3392,336;3396,322;3401,320;3405,314;3410,340;3414,324;3418,326;3423,324;3427,316;3431,314;3436,328;3440,328;3444,326;3449,312;3453,318;3457,332;3462,316;3466,330;3470,316;3475,328;3479,322;3484,320;3488,318;3492,318;3497,332;3501,322;3505,324;3510,322;3514,336;3518,334;3523,334;3527,326;3531,310;3536,338;3540,324;3544,336;3549,322;3553,328;3558,326;3562,340;3566,326;3571,338;3575,316;3579,316;3584,342;3588,328;3592,328;3597,312;3601,332;3605,316;3610,346;3614,316;3618,330;3623,316;3627,320;3632,318;3636,318;3640,332;3645,332;3649,336;3653,322;3658,336;3662,320;3666,334;3671,318;3675,324;3679,324;3684,324;3688,322;3693,322;3697,322;3701,328;3706,328;3710,326;3714,326;3719,324;3723,318;3727,330;3732,316;3736,314;3740,314;3745,342;3749,320;3753,334;3758,318;3762,332;3767,316;3771,330;3775,324;3780,322;3784,336;3788,320;3793,334;3797,326;3801,340;3806,324;3810,324;3814,322;3819,336;3823,328;3827,314;3832,312;3836,310;3841,324;3845,324;3849,344;3854,328;3858,342;3862,326;3867,340;3871,332;3875,330;3880,330;3884,316;3888,328;3893,314;3897,334;3901,318;3906,332;3910,318;3915,330;3919,316;3923,322;3928,334;3932,320;3936,332;3941,318;3945,338;3949,324;3954,336;3958,322;3962,334;3967,320;3971,312;3975,326;3980,310;3984,338;3989,322;3993,336;3997,326;4002,340;4006,326;4010,340;4015,324;4019,316;4023,330;4028,314;4032,314;4036,312;4041,312;4045,332;4049,346;4054,316;4058,330;4063,328;4067,320;4071,334;4076,318;4080,330;4084,332;4089,330;4093,322;4097,336;4102,322;4106,334;4110,320;4115,332;4119,324;4124,322;4128,336;4132,320;4137,334;4141,326;4145,326;4150,324;4154,324;4158,336;4163,336;4167,326;4171,312;4176,324;4180,324;4184,322;4189,308;4193,342;4198,326;4202,340;4206,324;4211,324;4215,330;4219,314;4224,328;4228,326;4232,324;4237,324;4241,330;4245,314;4250,342;4254,314;4258,326;4263,324;4267,332;4272,330;4276,314;4280,314;4285,314;4289,334;4293,316;4298,332;4302,316;4306,330;4311,330;4315,320;4319,334;4324,318;4328,332;4332,316;4337,316;4341,322;4346,334;4350,320;4354,332;4359,318;4363,324;4367,322;4372,308;4376,320;4380,306;4385,334;4389,324;4393,338;4398,322;4402,336;4406,320;4411,334;4415,326;4420,312;4424,324;4428,324;4433,322;4437,328;4441,342;4446,326;4450,340;4454,324;4459,338;4463,328;4467,314;4472,314;4476,312;4480,340;4485,326;4489,330;4494,316;4498,330;4502,316;4507,328;4511,334;4515,320;4520,318;4524,316;4528,316;4533,316;4537,334;4541,320;4546,334;4550,318;4554,330;4559,330;4563,308;4568,320;4572,306;4576,332;4581,332;4585,324;4589,322;4594,334;4598,320;4602,334;4607,318;4611,322;4615,322;4620,320;4624,334;4628,318;4633,318;4637,324;4642,338;4646,322;4650,336;4655,320;4659,326;4663,326;4668,324;4672,324;4676,310;4681,322;4685,326;4689,340;4694,326;4698,324;4703,324;4707,336;4711,328;4716,312;4720,326;4724,310;4729,338;4733,328;4737,328;4742,326;4746,340;4750,324;4755,338;4759,330;4763,314;4768,328;4772,326;4777,326;4781,318;4785,332;4790,328;4794,342;4798,328;4803,340;4807,332;4811,330;4816,330;4820,314;4824,328;4829,312;4833,346;4837,332;4842,344;4846,330;4851,328;4855,320;4859,320;4864,332;4868,318;4872,330;4877,330;4881,336;4885,320;4890,334;4894,332;4898,332;4903,318;4907,308;4911,322;4916,320;4920,334;4925,318;4929,332;4933,324;4938,336;4942,320;4946,334;4951,318;4955,310;4959,322;4964,322;4968,322;4972,308;4977,320;4981,326;4985,340;4990,324;4994,324;4999,324;5003,316;5007,342;5012,328;5016,328;5020,312;5025,326;5029,318;5033,330;5038,330;5042,344;5046,328;5051,342;5055,332;5059,332;5064,328;5068,316;5073,330;5077,328;5081,334;5086,334;5090,334;5094,318;5099,332;5103,324;5107,320;5112,322;5116,308;5120,320;5125,306;5129,338;5133,324;5138,324;5142,322;5147,336;5151,326;5155,312;5160,324;5164,310;5168,336;5173,322;5177,328;5181,326;5186,340;5190,324;5194,338;5199,322;5203,314;5208,342;5212,328;5216,326;5221,312;5225,332;5229,330;5234,344;5238,328;5242,342;5247,314;5251,320;5255,332;5260,318;5264,316;5268,316;5273,314;5277,320;5282,334;5286,318;5290,332;5295,318;5299,324;5303,322;5308,322;5312,320;5316,308;5321,334;5325,324;5329,324;5334,322;5338,336;5343,334;5347,312;5351,326;5356,310;5360,336;5364,322;5369,336;5373,328;5377,340;5382,312;5386,340;5390,324;5395,326;5399,330;5403,314;5408,342;5412,326;5417,326;5421,316;5425,330;5430,330;5434,328;5438,328;5443,328;5447,332;5451,318;5456,330;5460,316;5464,316;5469,328;5473,334;5477,320;5482,332;5486,318;5491,332;5495,330;5499,322;5504,322;5508,306;5512,320;5517,320;5521,340;5525,324;5530,338;5534,322;5538,336;5543,320;5547,326;5551,326;5556,310;5560,324;5565,322;5569,336;5573,326;5578,340;5582,312;5586,338;5591,322;5595,314;5599,328;5604,314;5608,340;5612,326;5617,326;5621,316;5625,330;5630,328;5634,328;5639,328;5643,320;5647,332;5652,318;5656,330;5660,330;5665,330;5669,320;5673,334;5678,334;5682,332;5686,318;5691,332;5695,324;5699,322;5704,322;5708,306;5713,320;5717,326;5721,340;5726,326;5730,338;5734,322;5739,336;5743,330;5747,328;5752,326;5756,312;5760,326;5765,324;5769,330;5774,328;5778,328;5782,314;5787,328;5791,332;5795,318;5800,330;5804,316;5808,330;5813,300;5817,320;5821,306;5826,318;5830,304;5834,314;5839,302;5843,322;5848,306;5852,306;5856,306;5861,292;5865,324;5869,308;5874,308;5878,306;5882,320;5887,304;5891,310;5895,308;5900,308;5904,308;5908,292;5913,312;5917,312;5922,312;5926,310;5930,310;5935,308;5939,314;5943,312;5948,298;5952,310;5956,296;5961,324;5965,300;5969,314;5974,312;5978,326;5982,312;5987,302;5991,316;5996,302;6000,314;6004,300;6009,312;6013,304;6017,332;6022,316;6026,318;6030,302;6035,316;6039,306;6043,306;6048,304;6052,304;6057,304;6061,310;6065,322;6070,308;6074,308;6078,306;6083,320;6087,310;6091,310;6096,310;6100,308;6104,308;6109,308;6113,314;6117,312;6122,312;6126,310;6131,310;6135,316;6139,314;6144,314;6148,300;6152,312;6157,298;6161,318;6165,302;6170,314;6174,300;6178,314;6183,298;6187,290;6191,288;6196,288;6200,286;6205,272;6209,306;6213,290;6218,290;6222,288;6226,302;6231,286;6235,292;6239,278;6244,290;6248,276;6252,274;6257,274;6261,294;6265,278;6270,278;6274,290;6279,290;6283,280;6287,280;6292,264;6296,278;6300,278;6305,290;6309,282;6313,266;6318,280;6322,294;6326,292;6331,284;6335,284;6339,268;6344,282;6348,282;6353,280;6357,286;6361,272;6366,282;6370,282;6374,282;6379,282;6383,272;6387,272;6392,270;6396,284;6400,270;6405,274;6409,288;6414,286;6418,272;6422,272;6427,256;6431,276;6435,276;6440,274;6444,274;6448,272;6453,258;6457,292;6461,278;6466,292;6470,276;6474,262;6479,282;6483,268;6488,280;6492,280;6496,266;6501,264;6505,284;6509,284;6514,284;6518,282;6522,254;6527,266;6531,274;6535,286;6540,284;6544,284;6548,270;6553,276;6557,290;6562,290;6566,274;6570,272;6575,272;6579,264;6583,278;6588,276;6592,274;6596,274;\r\nBuffer sent in 0.973 secondsreturn;buffer;965\r\n'), 12:35:10
bytearray(b'received from UR: measure -> measure (0,1)\r\nSTEPPER: Moving to mstep: 6600 with speed [msteps/sec]: 1000 in StealthChop.\r\n'), 12:35:11
bytearray(b'STEPPER: Moving to mstep: 2400 with speed [msteps/sec]: 4000 in SpreadCycle.\r\n'), 12:35:15
bytearray(b'STEPPER: Moved 4200.00 msteps (ramp: 35%) in 1324.880 ms -> average speed [msteps/sec]: 3170.10\r\nreturn;measure;965\r\n'), 12:35:17
bytearray(b'received from UR: buffer -> buffer (0,1)\r\nSending buffer of size 965data;2400,296;2404,458;2408,168;2413,282;2417,312;2421,318;2426,344;2430,316;2434,342;2439,314;2443,318;2447,332;2452,316;2456,330;2460,328;2465,328;2469,320;2474,332;2478,318;2482,332;2487,316;2491,322;2495,336;2500,320;2504,334;2508,334;2513,318;2517,324;2521,338;2526,322;2530,336;2534,322;2539,314;2543,326;2548,312;2552,324;2556,310;2561,324;2565,328;2569,342;2574,328;2578,342;2582,324;2587,340;2591,330;2595,316;2600,328;2604,314;2609,328;2613,318;2617,334;2622,330;2626,332;2630,316;2635,328;2639,322;2643,320;2648,334;2652,332;2656,318;2661,318;2665,338;2669,322;2674,336;2678,322;2683,320;2687,320;2691,326;2696,340;2700,324;2704,322;2709,322;2713,328;2717,328;2722,342;2726,326;2730,340;2735,326;2739,304;2743,330;2748,316;2752,330;2757,314;2761,328;2765,320;2770,334;2774,318;2778,346;2783,330;2787,308;2791,336;2796,308;2800,334;2804,306;2809,334;2813,326;2817,340;2822,324;2826,338;2831,322;2835,314;2839,328;2844,314;2848,326;2852,312;2857,326;2861,330;2865,346;2870,318;2874,344;2878,328;2883,330;2887,334;2891,320;2896,334;2900,318;2905,332;2909,316;2913,336;2918,322;2922,336;2926,334;2931,334;2935,326;2939,312;2944,324;2948,310;2952,324;2957,308;2961,342;2965,328;2970,342;2974,326;2979,340;2983,324;2987,316;2992,328;2996,314;3000,328;3005,312;3009,332;3013,316;3018,344;3022,328;3026,342;3031,326;3035,318;3039,332;3044,316;3048,330;3053,316;3057,328;3061,320;3066,334;3070,332;3074,332;3079,318;3083,322;3087,322;3092,306;3096,334;3100,318;3105,332;3109,324;3114,338;3118,324;3122,336;3127,322;3131,314;3135,326;3140,312;3144,326;3148,310;3153,324;3157,328;3161,342;3166,328;3170,342;3174,326;3179,340;3183,330;3188,304;3192,330;3196,316;3201,328;3205,320;3209,336;3214,320;3218,334;3222,318;3227,332;3231,324;3235,322;3240,336;3244,334;3248,320;3253,318;3257,340;3262,324;3266,338;3270,322;3275,322;3279,328;3283,326;3288,340;3292,326;3296,324;3301,322;3305,330;3309,328;3314,328;3318,326;3322,340;3327,324;3331,330;3336,316;3340,314;3344,328;3349,314;3353,334;3357,320;3362,332;3366,318;3370,346;3375,330;3379,308;3383,336;3388,320;3392,334;3396,304;3401,332;3405,324;3410,336;3414,322;3418,336;3423,320;3427,312;3431,326;3436,310;3440,324;3444,308;3449,322;3453,328;3457,342;3462,326;3466,340;3470,324;3475,340;3479,330;3484,316;3488,328;3492,314;3497,328;3501,332;3505,332;3510,318;3514,332;3518,330;3523,330;3527,336;3531,306;3536,334;3540,306;3544,332;3549,318;3553,338;3558,324;3562,336;3566,322;3571,336;3575,328;3579,312;3584,326;3588,310;3592,324;3597,310;3601,344;3605,316;3610,344;3614,328;3618,342;3623,326;3627,320;3632,332;3636,318;3640,332;3645,318;3649,338;3653,322;3658,336;3662,322;3666,336;3671,320;3675,312;3679,326;3684,310;3688,324;3693,324;3697,324;3701,328;3706,342;3710,328;3714,342;3719,326;3723,318;3727,332;3732,316;3736,330;3740,314;3745,328;3749,334;3753,334;3758,320;3762,332;3767,318;3771,324;3775,324;3780,310;3784,336;3788,320;3793,334;3797,326;3801,340;3806,324;3810,338;3814,324;3819,338;3823,328;3828,314;3832,326;3836,312;3841,326;3845,316;3849,344;3854,330;3858,342;3862,326;3867,340;3871,332;3875,318;3880,330;3884,316;3888,328;3893,314;3897,334;3902,334;3906,332;3910,318;3915,332;3919,324;3923,308;3928,336;3932,306;3936,334;3941,304;3945,340;3949,324;3954,338;3958,322;3962,336;3967,322;3971,312;3976,326;3980,312;3984,324;3989,310;3993,324;3997,328;4002,342;4006,326;4010,340;4015,326;4019,304;4023,330;4028,316;4032,330;4036,314;4041,328;4045,320;4050,348;4054,318;4058,346;4063,330;4067,308;4071,322;4076,322;4080,322;4084,308;4089,334;4093,326;4097,340;4102,324;4106,338;4110,324;4115,336;4119,328;4124,314;4128,328;4132,312;4137,326;4141,332;4145,332;4150,330;4154,330;4158,328;4163,330;4167,334;4171,320;4176,332;4180,304;4184,332;4189,316;4193,338;4198,322;4202,336;4206,320;4211,334;4215,326;4219,310;4224,324;4228,310;4232,324;4237,322;4241,342;4245,328;4250,340;4254,326;4258,340;4263,326;4267,318;4272,332;4276,316;4280,330;4285,316;4289,336;4293,322;4298,336;4302,322;4306,334;4311,320;4315,312;4319,326;4324,310;4328,324;4332,310;4337,324;4341,330;4346,344;4350,328;4354,342;4359,326;4363,320;4367,332;4372,304;4376,332;4380,318;4385,332;4389,324;4393,338;4398,322;4402,336;4407,322;4411,312;4415,326;4420,312;4424,326;4428,310;4433,324;4437,316;4441,344;4446,330;4450,344;4454,316;4459,342;4463,334;4467,306;4472,320;4476,318;4481,332;4485,324;4489,338;4494,322;4498,336;4502,322;4507,336;4511,328;4515,312;4520,326;4524,310;4528,324;4533,310;4537,344;4541,328;4546,330;4550,326;4555,340;4559,326;4563,302;4568,332;4572,316;4576,330;4581,314;4585,336;4589,320;4594,334;4598,318;4602,334;4607,332;4611,310;4615,322;4620,322;4624,322;4629,306;4633,320;4637,326;4642,340;4646,324;4650,324;4655,324;4659,316;4663,344;4668,328;4672,328;4676,314;4681,326;4685,318;4689,332;4694,318;4698,332;4703,330;4707,310;4711,322;4716,308;4720,336;4724,306;4729,334;4733,326;4737,338;4742,324;4746,338;4750,324;4755,338;4759,330;4763,314;4768,328;4772,314;4777,328;4781,318;4785,346;4790,318;4794,344;4798,330;4803,344;4807,336;4811,308;4816,334;4820,306;4824,332;4829,320;4833,340;4837,324;4842,338;4846,324;4851,338;4855,328;4859,314;4864,328;4868,312;4872,326;4877,312;4881,332;4885,318;4890,344;4894,330;4898,330;4903,328;4907,320;4912,334;4916,306;4920,332;4925,316;4929,330;4933,322;4938,336;4942,334;4946,334;4951,320;4955,312;4959,324;4964,310;4968,324;4972,308;4977,336;4981,328;4986,342;4990,326;4994,340;4999,326;5003,318;5007,330;5012,316;5016,330;5020,316;5025,328;5029,320;5033,336;5038,320;5042,334;5047,318;5051,312;5055,324;5060,308;5064,322;5068,322;5073,322;5077,326;5081,342;5086,326;5090,340;5094,324;5099,338;5103,330;5107,316;5112,330;5116,314;5121,328;5125,320;5129,334;5134,332;5138,332;5142,318;5147,332;5151,336;5155,308;5160,336;5164,322;5168,334;5173,306;5177,340;5181,326;5186,340;5190,324;5195,338;5199,322;5203,314;5208,326;5212,312;5216,326;5221,312;5225,346;5229,330;5234,344;5238,316;5242,344;5247,328;5251,306;5255,320;5260,318;5264,318;5269,316;5273,330;5277,322;5282,336;5286,320;5290,334;5295,332;5299,326;5303,324;5308,310;5312,324;5316,322;5321,336;5325,328;5329,342;5334,326;5338,340;5343,324;5347,316;5351,330;5356,316;5360,330;5364,314;5369,328;5373,320;5377,334;5382,318;5386,332;5390,318;5395,346;5399,324;5403,308;5408,322;5412,308;5417,322;5421,306;5425,340;5430,324;5434,338;5438,324;5443,338;5447,328;5451,314;5456,328;5460,314;5464,326;5469,312;5473,332;5477,330;5482,330;5486,330;5491,330;5495,322;5499,306;5504,320;5508,320;5512,334;5517,304;5521,340;5525,324;5530,338;5534,324;5538,338;5543,322;5547,302;5551,328;5556,314;5560,328;5565,312;5569,334;5573,318;5578,334;5582,318;5586,344;5591,330;5595,308;5599,336;5604,308;5608,334;5612,306;5617,332;5621,324;5626,338;5630,324;5634,338;5639,322;5643,314;5647,328;5652,314;5656,328;5660,312;5665,326;5669,332;5673,332;5678,316;5682,344;5686,330;5691,308;5695,322;5700,320;5704,334;5708,318;5713,332;5717,324;5721,338;5726,322;5730,336;5734,336;5739,334;5743,326;5747,312;5752,324;5756,310;5760,324;5765,308;5769,330;5774,328;5778,342;5782,326;5787,342;5791,332;5795,318;5800,332;5804,302;5808,330;5813,300;5817,320;5821,320;5826,320;5830,318;5834,318;5839,310;5843,296;5848,308;5852,294;5856,308;5861,306;5865,312;5869,310;5874,312;5878,310;5882,310;5887,308;5891,300;5895,314;5900,298;5904,312;5908,298;5913,310;5917,316;5922,316;5926,316;5930,316;5935,314;5939,292;5943,306;5948,292;5952,318;5956,304;5961,318;5965,308;5969,322;5974,308;5978,322;5982,306;5987,298;5991,312;5996,296;6000,310;6004,294;6009,308;6013,314;6017,328;6022,312;6026,326;6030,310;6035,324;6039,302;6043,300;6048,314;6052,300;6057,312;6061,304;6065,320;6070,318;6074,318;6078,316;6083,316;6087,306;6091,306;6096,306;6100,304;6104,304;6109,304;6113,324;6117,322;6122,322;6126,320;6131,320;6135,312;6139,296;6144,310;6148,296;6152,310;6157,294;6161,328;6165,314;6170,314;6174,312;6178,312;6183,290;6187,274;6191,288;6196,274;6200,286;6205,272;6209,292;6213,290;6218,290;6222,290;6226,288;6231,266;6235,266;6239,278;6244,278;6248,276;6252,276;6257,282;6261,282;6266,280;6270,294;6274,280;6279,292;6283,270;6287,284;6292,268;6296,268;6300,268;6305,280;6309,286;6313,286;6318,284;6322,298;6326,284;6331,290;6335,288;6340,258;6344,286;6348,272;6353,284;6357,290;6361,290;6366,290;6370,288;6374,288;6379,266;6383,280;6387,264;6392,278;6396,264;6400,276;6405,284;6409,296;6414,282;6418,282;6422,282;6427,294;6431,286;6435,286;6440,270;6444,284;6448,284;6453,268;6457,290;6461,286;6466,274;6470,286;6474,286;6479,278;6483,292;6488,290;6492,262;6496,290;6501,274;6505,294;6509,280;6514,278;6518,292;6522,276;6527,290;6531,268;6535,268;6540,266;6544,280;6548,266;6553,272;6557,284;6562,284;6566,284;6570,282;6575,282;6579,260;6583,272;6588,258;6592,272;6596,270;\r\nBuffer sent in 0.973 secondsreturn;buffer;965\r\n'), 12:35:19
bytearray(b'received from UR: measure -> measure (0,1)\r\nSTEPPER: Moving to mstep: 6600 with speed [msteps/sec]: 1000 in StealthChop.\r\n'), 12:35:20
bytearray(b'STEPPER: Moving to mstep: 2400 with speed [msteps/sec]: 4000 in SpreadCycle.\r\n'), 12:35:24
bytearray(b'STEPPER: Moved 4200.00 msteps (ramp: 35%) in 1324.888 ms -> average speed [msteps/sec]: 3170.08\r\nreturn;measure;965\r\n'), 12:35:25
bytearray(b'received from UR: buffer -> buffer (0,1)\r\nSending buffer of size 965data;2400,302;2404,462;2408,144;2413,286;2417,314;2421,320;2426,336;2430,320;2434,332;2439,318;2443,324;2447,338;2452,324;2456,322;2460,322;2465,336;2469,314;2474,342;2478,326;2482,328;2487,326;2491,318;2495,332;2500,330;2504,330;2508,316;2513,328;2517,322;2521,334;2526,320;2530,334;2534,318;2539,332;2543,338;2548,310;2552,324;2556,322;2561,336;2565,314;2569,330;2574,326;2578,328;2582,314;2587,340;2591,332;2595,318;2600,332;2604,318;2608,332;2613,316;2617,336;2622,322;2626,336;2630,320;2635,334;2639,326;2643,326;2648,326;2652,310;2656,324;2661,324;2665,330;2669,314;2674,328;2678,326;2682,328;2687,324;2691,332;2696,330;2700,316;2704,330;2709,328;2713,334;2717,320;2722,332;2726,318;2730,344;2735,330;2739,306;2743,320;2748,320;2752,332;2756,318;2761,330;2765,322;2770,336;2774,320;2778,334;2783,318;2787,324;2791,338;2796,310;2800,336;2804,320;2809,334;2813,326;2817,340;2822,324;2826,338;2830,324;2835,338;2839,328;2844,328;2848,328;2852,314;2857,326;2861,318;2865,332;2870,316;2874,330;2878,330;2883,330;2887,334;2891,320;2896,334;2900,320;2904,332;2909,332;2913,338;2918,324;2922,338;2926,322;2931,336;2935,342;2939,314;2944,326;2948,326;2952,340;2957,310;2961,330;2965,330;2970,344;2974,316;2979,328;2983,328;2987,320;2992,332;2996,318;3000,332;3005,318;3009,338;3013,322;3018,336;3022,322;3026,336;3031,320;3035,326;3039,326;3044,312;3048,324;3053,324;3057,324;3061,316;3066,330;3070,328;3074,328;3079,326;3083,332;3087,332;3092,316;3096,330;3100,330;3105,330;3109,320;3113,334;3118,332;3122,332;3127,332;3131,324;3135,324;3140,322;3144,336;3148,320;3153,320;3157,326;3161,340;3166,324;3170,338;3174,322;3179,338;3183,328;3187,312;3192,326;3196,326;3201,340;3205,316;3209,330;3214,330;3218,344;3222,314;3227,342;3231,334;3235,320;3240,332;3244,318;3248,332;3253,316;3257,338;3261,322;3266,336;3270,322;3275,334;3279,326;3283,326;3288,326;3292,324;3296,324;3301,324;3305,344;3309,316;3314,330;3318,328;3322,342;3327,326;3331,304;3335,318;3340,318;3344,330;3349,316;3353,316;3357,322;3362,334;3366,320;3370,334;3375,318;3379,310;3383,338;3388,324;3392,336;3396,308;3401,322;3405,328;3409,340;3414,326;3418,340;3423,324;3427,330;3431,330;3436,316;3440,328;3444,328;3449,326;3453,318;3457,332;3462,318;3466,330;3470,328;3475,328;3479,334;3484,318;3488,332;3492,332;3497,330;3501,322;3505,336;3510,332;3514,334;3518,320;3523,332;3527,324;3531,324;3536,336;3540,322;3544,336;3549,320;3553,328;3558,326;3562,326;3566,324;3571,338;3575,330;3579,316;3584,344;3588,314;3592,328;3597,326;3601,334;3605,318;3610,332;3614,318;3618,332;3623,330;3627,322;3632,320;3636,320;3640,334;3645,320;3649,340;3653,324;3658,338;3662,324;3666,338;3671,322;3675,314;3679,328;3684,326;3688,326;3692,326;3697,324;3701,330;3706,330;3710,330;3714,328;3719,328;3723,316;3727,332;3732,318;3736,330;3740,316;3745,328;3749,334;3753,334;3758,318;3762,332;3767,318;3771,330;3775,336;3780,320;3784,320;3788,318;3793,332;3797,324;3801,338;3806,322;3810,336;3814,322;3819,336;3823,326;3827,326;3832,326;3836,310;3841,324;3845,322;3849,330;3854,314;3858,328;3862,326;3867,340;3871,332;3875,330;3880,330;3884,316;3888,328;3893,328;3897,334;3901,320;3906,332;3910,332;3915,332;3919,316;3923,320;3928,334;3932,306;3936,320;3941,318;3945,338;3949,338;3954,336;3958,322;3962,336;3967,320;3971,326;3975,340;3980,310;3984,324;3989,322;3993,336;3997,312;4002,326;4006,324;4010,338;4015,324;4019,314;4023,328;4028,328;4032,328;4036,312;4041,324;4045,316;4049,344;4054,328;4058,342;4063,326;4067,318;4071,318;4076,318;4080,330;4084,314;4089,328;4093,334;4097,334;4102,318;4106,332;4110,332;4115,344;4119,336;4123,322;4128,334;4132,320;4137,332;4141,324;4145,324;4150,322;4154,334;4158,334;4163,334;4167,324;4171,310;4176,324;4180,322;4184,336;4189,306;4193,340;4197,326;4202,338;4206,324;4211,338;4215,328;4219,328;4224,328;4228,314;4232,326;4237,326;4241,332;4245,316;4250,330;4254,328;4258,342;4263,326;4267,318;4272,332;4276,316;4280,328;4285,328;4289,334;4293,320;4298,334;4302,318;4306,332;4311,332;4315,310;4319,322;4324,322;4328,334;4332,320;4337,334;4341,326;4346,326;4350,324;4354,324;4359,322;4363,314;4367,328;4372,312;4376,326;4380,326;4385,326;4389,316;4393,330;4398,330;4402,342;4406,314;4411,342;4415,334;4420,318;4424,332;4428,318;4433,330;4437,322;4441,336;4446,320;4450,336;4454,320;4459,334;4463,324;4467,324;4472,338;4476,322;4480,322;4485,322;4489,342;4494,324;4498,326;4502,326;4507,340;4511,330;4515,316;4520,330;4524,316;4528,328;4533,314;4537,334;4541,318;4546,332;4550,332;4554,332;4559,316;4563,322;4568,336;4572,320;4576,334;4581,320;4585,326;4589,324;4594,338;4598,324;4602,338;4607,322;4611,316;4615,328;4620,312;4624,326;4628,326;4633,326;4637,316;4642,330;4646,316;4650,330;4655,328;4659,320;4663,334;4668,320;4672,332;4676,318;4681,318;4685,324;4689,336;4694,322;4698,336;4702,320;4707,334;4711,326;4716,310;4720,324;4724,324;4729,336;4733,328;4737,328;4742,328;4746,328;4750,326;4755,326;4759,330;4763,316;4768,330;4772,330;4777,342;4781,320;4785,334;4790,320;4794,334;4798,318;4803,332;4807,326;4811,324;4816,338;4820,322;4824,322;4829,322;4833,342;4837,314;4842,342;4846,326;4851,340;4855,326;4859,318;4864,330;4868,316;4872,316;4877,316;4881,336;4885,322;4890,334;4894,320;4898,334;4903,332;4907,324;4912,324;4916,324;4920,336;4925,322;4929,330;4933,328;4938,342;4942,326;4946,326;4951,326;4955,318;4959,332;4964,316;4968,316;4972,316;4977,330;4981,322;4986,336;4990,320;4994,334;4999,320;5003,326;5007,326;5012,310;5016,324;5020,324;5025,324;5029,330;5033,344;5038,314;5042,342;5046,326;5051,340;5055,332;5060,318;5064,332;5068,330;5073,330;5077,322;5081,336;5086,336;5090,336;5094,322;5099,320;5103,326;5107,324;5112,338;5116,310;5120,324;5125,322;5129,328;5134,328;5138,328;5142,326;5147,326;5151,330;5155,330;5160,330;5164,314;5168,328;5173,314;5177,334;5181,318;5186,332;5190,318;5194,332;5199,330;5203,308;5208,320;5212,306;5216,320;5221,318;5225,332;5229,324;5234,336;5238,320;5242,334;5247,320;5251,312;5255,324;5260,324;5264,336;5268,322;5273,322;5277,328;5282,328;5286,314;5290,326;5295,324;5299,330;5303,330;5308,316;5312,330;5316,328;5321,328;5325,320;5329,334;5334,332;5338,332;5342,318;5347,330;5351,338;5356,308;5360,322;5364,320;5369,334;5373,326;5377,340;5382,324;5386,338;5390,322;5395,336;5399,328;5403,326;5408,326;5412,310;5417,324;5421,324;5425,344;5430,328;5434,342;5438,326;5443,340;5447,332;5451,330;5456,330;5460,316;5464,328;5469,328;5473,334;5477,316;5482,332;5486,332;5491,330;5495,322;5499,322;5504,334;5508,320;5512,320;5517,318;5521,324;5525,322;5530,336;5534,320;5538,334;5543,320;5547,326;5551,338;5556,310;5560,324;5565,322;5569,322;5573,328;5578,330;5582,326;5586,328;5591,326;5595,316;5599,330;5604,316;5608,342;5612,314;5617,328;5621,318;5625,332;5630,318;5634,330;5639,330;5643,322;5647,322;5652,320;5656,334;5660,318;5665,332;5669,324;5673,336;5678,322;5682,334;5686,320;5691,334;5695,326;5699,324;5704,324;5708,322;5713,322;5717,322;5721,328;5726,326;5730,326;5734,326;5739,326;5743,332;5747,316;5752,330;5756,314;5760,328;5765,328;5769,334;5773,320;5778,334;5782,318;5787,332;5791,324;5795,322;5800,336;5804,306;5808,320;5813,306;5817,326;5821,312;5826,310;5830,310;5834,324;5839,308;5843,314;5847,314;5852,314;5856,298;5861,312;5865,318;5869,302;5874,302;5878,302;5882,314;5887,314;5891,306;5895,304;5900,304;5904,304;5908,302;5913,316;5917,308;5922,322;5926,306;5930,320;5935,306;5939,312;5943,324;5948,296;5952,310;5956,308;5961,308;5965,314;5969,314;5974,314;5978,328;5982,312;5987,304;5991,318;5996,290;6000,318;6004,304;6009,316;6013,308;6017,322;6022,308;6026,320;6030,306;6035,318;6039,298;6043,312;6048,296;6052,310;6057,310;6061,302;6065,316;6070,314;6074,316;6078,314;6083,312;6087,318;6091,304;6096,302;6100,302;6104,316;6109,314;6113,306;6117,306;6122,320;6126,318;6131,318;6135,310;6139,294;6144,308;6148,306;6152,320;6157,306;6161,312;6165,310;6170,312;6174,310;6178,310;6183,294;6187,288;6191,300;6196,286;6200,298;6205,284;6209,290;6213,288;6218,288;6222,274;6226,286;6231,264;6235,278;6239,276;6244,276;6248,272;6252,288;6257,252;6261,280;6265,294;6270,280;6274,278;6279,278;6283,284;6287,268;6292,282;6296,282;6300,280;6305,266;6309,286;6313,284;6318,284;6322,254;6326,282;6331,274;6335,274;6339,272;6344,286;6348,272;6353,286;6357,278;6361,290;6366,290;6370,290;6374,288;6379,266;6383,280;6387,278;6392,278;6396,278;6400,276;6405,282;6409,296;6413,282;6418,294;6422,280;6427,294;6431,270;6435,270;6440,270;6444,284;6448,282;6453,282;6457,288;6461,286;6466,286;6470,272;6474,256;6479,276;6483,276;6487,274;6492,274;6496,272;6501,258;6505,280;6509,280;6514,278;6518,278;6522,278;6527,292;6531,268;6535,268;6540,268;6544,280;6548,266;6553,286;6557,284;6562,256;6566,284;6570,284;6575,282;6579,274;6583,288;6588,286;6592,272;6596,270;\r\nBuffer sent in 0.973 secondsreturn;buffer;965\r\n'), 12:35:27
bytearray(b'received from UR: measure -> measure (0,1)\r\nSTEPPER: Moving to mstep: 6600 with speed [msteps/sec]: 1000 in StealthChop.\r\n'), 12:35:28
bytearray(b'STEPPER: Moving to mstep: 2400 with speed [msteps/sec]: 4000 in SpreadCycle.\r\n'), 12:35:32
bytearray(b'STEPPER: Moved 4200.00 msteps (ramp: 35%) in 1324.888 ms -> average speed [msteps/sec]: 3170.08\r\nreturn;measure;965\r\n'), 12:35:34
bytearray(b'received from UR: buffer -> buffer (0,1)\r\nSending buffer of size 965data;2400,298;2404,472;2408,140;2413,284;2417,312;2421,318;2426,332;2430,316;2434,342;2439,314;2443,334;2447,332;2452,318;2456,318;2460,316;2465,316;2469,322;2474,336;2478,320;2482,334;2487,318;2491,324;2495,324;2500,308;2504,322;2508,322;2513,334;2517,326;2521,338;2526,324;2530,336;2534,322;2539,314;2543,326;2548,312;2552,324;2556,324;2561,336;2565,314;2569,328;2574,312;2578,326;2582,324;2587,338;2591,330;2595,314;2600,328;2604,312;2609,326;2613,318;2617,332;2622,316;2626,330;2630,314;2635,328;2639,332;2643,320;2648,332;2652,316;2656,316;2661,314;2665,336;2669,320;2674,334;2678,318;2683,332;2687,330;2691,322;2696,336;2700,320;2704,334;2709,318;2713,338;2717,322;2722,338;2726,322;2730,336;2735,320;2739,326;2743,338;2748,324;2752,324;2757,308;2761,322;2765,328;2770,342;2774,326;2778,340;2783,324;2787,316;2791,330;2796,314;2800,328;2804,312;2809,326;2813,318;2817,332;2822,330;2826,332;2831,330;2835,308;2839,320;2844,320;2848,332;2852,318;2857,332;2861,324;2865,338;2870,322;2874,336;2878,334;2883,334;2887,324;2891,310;2896,324;2900,310;2905,336;2909,320;2913,340;2918,326;2922,338;2926,338;2931,338;2935,328;2939,314;2944,326;2948,326;2952,340;2957,324;2961,328;2965,316;2970,328;2974,326;2979,326;2983,318;2987,316;2992,330;2996,328;3000,328;3005,314;3009,332;3013,318;3018,330;3022,330;3026,326;3031,326;3035,306;3039,318;3044,318;3048,330;3053,330;3057,328;3061,320;3066,334;3070,318;3074,332;3079,316;3083,322;3087,336;3092,320;3096,320;3100,318;3105,318;3109,324;3114,336;3118,320;3122,334;3127,318;3131,324;3135,338;3140,322;3144,334;3148,306;3153,334;3157,324;3161,338;3166,322;3170,336;3174,320;3179,334;3183,338;3188,324;3192,336;3196,322;3201,320;3205,326;3209,338;3214,324;3218,336;3222,322;3227,348;3231,326;3235,310;3240,322;3244,322;3248,336;3253,312;3257,340;3262,324;3266,338;3270,322;3275,336;3279,326;3283,312;3288,324;3292,324;3296,336;3301,322;3305,328;3309,326;3314,324;3318,324;3322,338;3327,336;3331,312;3336,326;3340,310;3344,324;3349,322;3353,328;3357,314;3362,340;3366,324;3370,338;3375,324;3379,316;3383,342;3388,314;3392,326;3396,310;3401,324;3405,330;3410,330;3414,312;3418,340;3423,326;3427,330;3431,330;3436,328;3440,328;3444,312;3449,326;3453,318;3457,344;3462,328;3466,328;3470,314;3475,340;3479,318;3484,330;3488,330;3492,314;3497,328;3501,320;3505,332;3510,332;3514,332;3518,330;3523,330;3527,322;3531,320;3536,332;3540,318;3544,332;3549,316;3553,322;3558,322;3562,334;3566,320;3571,332;3575,324;3579,324;3584,336;3588,320;3592,334;3597,304;3601,338;3605,322;3610,336;3614,322;3619,348;3623,320;3627,310;3632,324;3636,322;3640,336;3645,322;3649,342;3653,326;3658,340;3662,324;3666,338;3671,324;3675,314;3679,326;3684,312;3688,324;3693,324;3697,336;3701,314;3706,342;3710,326;3714,326;3719,324;3723,316;3727,328;3732,314;3736,326;3740,326;3745,338;3749,328;3753,328;3758,328;3762,326;3767,324;3771,318;3775,330;3780,316;3784,328;3788,314;3793,326;3797,320;3801,332;3806,316;3810,330;3814,316;3819,328;3823,332;3828,318;3832,332;3836,316;3841,316;3845,320;3849,334;3854,320;3858,332;3862,316;3867,330;3871,320;3875,320;3880,332;3884,318;3888,316;3893,316;3897,336;3902,334;3906,334;3910,318;3915,332;3919,322;3923,322;3928,334;3932,320;3936,332;3941,318;3945,338;3949,322;3954,336;3958,320;3962,334;3967,318;3971,324;3976,336;3980,322;3984,320;3989,306;3993,332;3997,324;4002,338;4006,320;4010,332;4015,320;4019,312;4023,324;4028,324;4032,322;4036,320;4041,320;4045,326;4050,340;4054,322;4058,336;4063,322;4067,314;4071,326;4076,326;4080,338;4084,322;4089,322;4093,314;4097,328;4102,326;4106,326;4110,324;4115,324;4119,328;4124,328;4128,340;4132,326;4137,324;4141,316;4145,328;4150,328;4154,326;4158,324;4163,326;4167,328;4171,328;4176,340;4180,326;4184,324;4189,310;4193,330;4198,328;4202,328;4206,326;4211,340;4215,316;4219,316;4224,328;4228,328;4232,326;4237,312;4241,332;4245,330;4250,328;4254,314;4258,342;4263,326;4267,318;4272,330;4276,314;4280,328;4285,328;4289,334;4293,318;4298,332;4302,330;4306,330;4311,330;4315,322;4319,334;4324,306;4328,320;4332,318;4337,330;4341,322;4346,336;4350,322;4354,334;4359,320;4363,310;4367,324;4372,310;4376,336;4380,322;4385,334;4389,326;4393,340;4398,324;4402,338;4407,322;4411,336;4415,328;4420,326;4424,326;4428,310;4433,324;4437,330;4441,342;4446,314;4450,342;4454,326;4459,340;4463,332;4467,318;4472,316;4476,316;4481,330;4485,322;4489,336;4494,334;4498,334;4502,318;4507,332;4511,324;4515,322;4520,336;4524,320;4528,334;4533,306;4537,326;4541,324;4546,324;4550,324;4555,324;4559,322;4563,328;4568,328;4572,314;4576,326;4581,312;4585,332;4589,316;4594,344;4598,328;4602,330;4607,326;4611,304;4615,318;4620,318;4624,330;4629,318;4633,328;4637,322;4642,334;4646,320;4650,332;4655,318;4659,324;4663,324;4668,308;4672,322;4676,320;4681,334;4685,324;4689,326;4694,324;4698,336;4703,322;4707,334;4711,326;4716,324;4720,324;4724,308;4729,322;4733,328;4737,328;4742,326;4746,324;4750,324;4755,336;4759,342;4763,314;4768,326;4772,312;4777,324;4781,316;4785,330;4790,314;4794,344;4798,326;4803,340;4807,332;4811,304;4816,316;4820,316;4824,328;4829,314;4833,334;4837,332;4842,346;4846,316;4851,344;4855,322;4859,306;4864,320;4868,318;4872,332;4877,316;4881,338;4885,322;4890,336;4894,320;4898,334;4903,318;4907,324;4912,338;4916,322;4920,322;4925,306;4929,326;4933,326;4938,338;4942,338;4946,336;4951,322;4955,312;4959,326;4964,312;4968,324;4972,324;4977,338;4981,328;4986,328;4990,314;4994,326;4999,324;5003,316;5007,330;5012,314;5016,328;5020,312;5025,326;5029,330;5033,330;5038,316;5042,328;5047,312;5051,326;5055,332;5060,330;5064,330;5068,316;5073,316;5077,320;5081,334;5086,320;5090,332;5094,318;5099,330;5103,322;5107,322;5112,334;5116,318;5121,318;5125,316;5129,324;5134,322;5138,336;5142,320;5147,334;5151,324;5155,324;5160,338;5164,322;5168,322;5173,306;5177,326;5181,312;5186,340;5190,324;5195,338;5199,322;5203,314;5208,326;5212,312;5216,324;5221,324;5225,344;5229,328;5234,340;5238,324;5242,338;5247,324;5251,328;5255,328;5260,314;5264,326;5269,310;5273,324;5277,330;5282,330;5286,326;5290,328;5295,326;5299,330;5303,316;5308,316;5312,314;5316,328;5321,328;5325,320;5329,332;5334,316;5338,330;5343,330;5347,322;5351,334;5356,320;5360,320;5364,320;5369,332;5373,322;5377,336;5382,322;5386,334;5390,320;5395,334;5399,324;5403,310;5408,322;5412,322;5417,336;5421,312;5425,326;5430,324;5434,326;5438,324;5443,338;5447,328;5451,314;5456,314;5460,314;5464,326;5469,326;5473,332;5478,318;5482,330;5486,316;5491,330;5495,336;5499,320;5504,320;5508,320;5512,318;5517,318;5521,338;5525,324;5530,336;5534,322;5538,336;5543,320;5547,326;5552,340;5556,324;5560,338;5565,308;5569,330;5573,314;5578,328;5582,326;5586,340;5591,326;5595,316;5599,332;5604,316;5608,330;5612,328;5617,328;5621,320;5626,334;5630,318;5634,332;5639,318;5643,324;5647,324;5652,310;5656,322;5660,322;5665,334;5669,312;5673,326;5678,324;5682,324;5686,324;5691,336;5695,328;5700,314;5704,326;5708,326;5713,326;5717,318;5721,332;5726,330;5730,328;5734,314;5739,342;5743,320;5747,318;5752,332;5756,316;5760,330;5765,316;5769,334;5774,320;5778,332;5782,318;5787,332;5791,322;5795,308;5800,320;5804,320;5808,332;5813,318;5817,324;5821,308;5826,320;5830,306;5834,320;5839,310;5843,308;5848,308;5852,294;5856,306;5861,318;5865,310;5869,296;5874,308;5878,308;5882,308;5887,306;5891,310;5895,312;5900,296;5904,310;5908,310;5913,302;5917,300;5922,314;5926,312;5930,312;5935,312;5939,302;5943,316;5948,300;5952,314;5956,314;5961,328;5965,304;5969,318;5974,302;5978,316;5983,302;5987,308;5991,306;5996,292;6000,304;6004,304;6009,318;6013,310;6017,308;6022,306;6026,320;6030,306;6035,318;6039,312;6043,310;6048,310;6052,296;6057,308;6061,314;6065,328;6070,314;6074,328;6078,312;6083,312;6087,304;6091,304;6096,302;6100,302;6104,302;6109,314;6113,306;6118,304;6122,318;6126,318;6131,318;6135,322;6139,308;6144,320;6148,306;6152,318;6157,304;6161,324;6165,308;6170,308;6174,306;6178,306;6183,298;6187,296;6192,296;6196,282;6200,294;6205,280;6209,298;6213,284;6218,282;6222,268;6226,266;6231,280;6235,272;6239,272;6244,272;6248,284;6252,284;6257,276;6261,288;6266,290;6270,288;6274,272;6279,272;6283,278;6287,278;6292,290;6296,276;6300,288;6305,288;6309,280;6313,278;6318,278;6322,278;6326,278;6331,282;6335,282;6340,280;6344,280;6348,278;6353,292;6357,284;6361,284;6366,282;6370,296;6374,294;6379,280;6383,286;6387,284;6392,284;6396,284;6400,282;6405,288;6409,274;6414,286;6418,288;6422,286;6427,286;6431,278;6435,276;6440,276;6444,276;6448,274;6453,260;6457,294;6461,280;6466,280;6470,278;6474,264;6479,298;6483,282;6488,282;6492,268;6496,266;6501,280;6505,272;6509,286;6514,298;6518,284;6522,284;6527,270;6531,260;6535,272;6540,272;6544,286;6548,272;6553,248;6557,276;6562,290;6566,288;6570,288;6575,274;6579,266;6583,278;6588,278;6592,292;6596,276;\r\nBuffer sent in 0.973 secondsreturn;buffer;965\r\n'), 12:35:36
bytearray(b'received from UR: measure -> measure (0,1)\r\nSTEPPER: Moving to mstep: 6600 with speed [msteps/sec]: 1000 in StealthChop.\r\n'), 12:35:37
bytearray(b'STEPPER: Moving to mstep: 2400 with speed [msteps/sec]: 4000 in SpreadCycle.\r\n'), 12:35:41
bytearray(b'STEPPER: Moved 4200.00 msteps (ramp: 35%) in 1324.892 ms -> average speed [msteps/sec]: 3170.07\r\nreturn;measure;965\r\n'), 12:35:42
bytearray(b'received from UR: buffer -> buffer (0,1)\r\nSending buffer of size 965data;2400,304;2404,466;2408,134;2413,276;2417,318;2421,324;2426,338;2430,324;2434,336;2439,322;2443,328;2447,326;2452,312;2456,324;2460,310;2465,324;2469,330;2474,344;2478,328;2482,328;2487,326;2491,334;2495,332;2500,332;2504,332;2508,316;2513,330;2517,322;2521,336;2526,320;2530,334;2534,320;2539,334;2543,340;2548,324;2552,324;2556,310;2561,324;2565,328;2569,328;2574,314;2578,342;2582,326;2587,340;2591,332;2595,316;2600,330;2604,316;2608,328;2613,328;2617,334;2622,320;2626,334;2630,318;2635,332;2639,336;2643,322;2648,322;2652,306;2656,320;2661,318;2665,340;2669,324;2674,338;2678,322;2682,322;2687,322;2691,328;2696,340;2700,326;2704,324;2709,324;2713,330;2717,328;2722,328;2726,328;2730,328;2735,326;2739,318;2743,330;2748,330;2752,344;2757,314;2761,328;2765,318;2770,334;2774,318;2778,332;2783,316;2787,308;2791,322;2796,306;2800,334;2804,320;2809,332;2813,324;2817,338;2822,324;2826,338;2831,322;2835,336;2839,328;2844,328;2848,326;2852,312;2857,326;2861,318;2865,332;2870,318;2874,332;2878,316;2883,330;2887,336;2891,322;2896,322;2900,320;2905,320;2909,334;2913,326;2918,326;2922,326;2926,324;2931,338;2935,330;2939,316;2944,330;2948,316;2952,328;2957,328;2961,334;2965,320;2970,334;2974,320;2979,334;2983,318;2987,326;2992,324;2996,310;3000,324;3005,324;3009,330;3013,316;3018,330;3022,314;3026,328;3031,328;3035,320;3039,334;3044,318;3048,318;3053,332;3057,330;3061,322;3066,322;3070,322;3074,322;3079,322;3083,326;3087,326;3092,312;3096,324;3100,324;3105,338;3109,316;3113,332;3118,330;3122,330;3127,328;3131,320;3135,334;3140,306;3144,320;3148,318;3153,332;3157,324;3161,338;3166,322;3170,336;3174,320;3179,334;3183,324;3187,324;3192,336;3196,322;3201,322;3205,314;3209,326;3214,326;3218,340;3222,324;3227,338;3231,328;3235,328;3240,328;3244,326;3248,326;3253,312;3257,332;3261,330;3266,330;3270,328;3275,328;3279,320;3283,332;3288,332;3292,332;3296,330;3301,316;3305,322;3309,322;3314,334;3318,318;3322,332;3327,318;3331,322;3336,336;3340,322;3344,336;3349,308;3353,326;3357,326;3362,326;3366,324;3370,338;3375,322;3379,314;3383,328;3388,328;3392,342;3396,326;3401,326;3405,318;3410,332;3414,316;3418,344;3423,330;3427,320;3431,320;3436,320;3440,318;3444,332;3449,332;3453,310;3457,336;3462,322;3466,334;3470,320;3475,334;3479,324;3484,324;3488,338;3492,322;3497,322;3501,328;3505,328;3510,328;3514,326;3518,324;3523,326;3527,316;3531,316;3536,328;3540,316;3544,342;3549,314;3553,334;3558,320;3562,332;3566,318;3571,346;3575,338;3579,310;3584,322;3588,306;3592,320;3597,306;3601,340;3605,324;3610,340;3614,324;3618,338;3623,322;3627,314;3632,328;3636,326;3640,326;3645,326;3649,332;3653,316;3658,330;3662,328;3666,330;3671,314;3675,320;3679,320;3684,332;3688,332;3692,330;3697,330;3701,322;3706,334;3710,334;3714,334;3719,320;3723,310;3727,324;3732,324;3736,336;3740,322;3745,334;3749,326;3753,328;3758,326;3762,326;3766,324;3771,302;3775,316;3780,314;3784,328;3788,314;3793,342;3797,318;3801,346;3806,318;3810,332;3814,316;3819,330;3823,320;3827,306;3832,320;3836,318;3841,332;3845,316;3849,336;3854,322;3858,336;3862,320;3867,334;3871,324;3875,324;3880,338;3884,322;3888,322;3893,320;3897,326;3901,324;3906,338;3910,322;3915,322;3919,320;3923,326;3928,340;3932,324;3936,324;3941,308;3945,328;3949,326;3954,326;3958,324;3962,324;3967,324;3971,328;3975,342;3980,328;3984,326;3989,312;3993,324;3997,316;4002,344;4006,328;4010,342;4015,326;4019,318;4023,318;4028,330;4032,330;4036,328;4041,328;4045,318;4050,332;4054,316;4058,344;4063,330;4067,322;4071,320;4076,320;4080,320;4084,332;4089,332;4093,322;4097,336;4102,320;4106,334;4110,320;4115,332;4119,324;4124,322;4128,322;4132,308;4137,320;4141,326;4145,326;4150,324;4154,324;4158,322;4163,322;4167,342;4171,326;4176,326;4180,310;4184,324;4189,324;4193,330;4198,314;4202,328;4206,326;4211,340;4215,332;4219,318;4224,316;4228,314;4232,314;4237,312;4241,334;4245,318;4250,332;4254,316;4258,330;4263,328;4267,320;4272,332;4276,318;4280,318;4285,330;4289,334;4293,320;4298,334;4302,318;4306,332;4311,330;4315,320;4319,322;4324,306;4328,320;4332,320;4337,332;4341,324;4346,338;4350,322;4354,324;4359,322;4363,314;4367,326;4372,312;4376,326;4380,310;4385,324;4389,330;4393,344;4398,328;4402,342;4406,314;4411,306;4415,334;4420,318;4424,330;4428,316;4433,330;4437,322;4441,334;4446,320;4450,334;4454,318;4459,332;4463,324;4467,310;4472,322;4476,322;4480,334;4485,312;4489,340;4494,324;4498,338;4502,324;4507,338;4511,328;4515,314;4520,326;4524,326;4528,340;4533,326;4537,330;4541,330;4546,330;4550,330;4555,330;4559,328;4563,306;4568,320;4572,320;4576,332;4581,318;4585,336;4589,322;4594,336;4598,322;4602,334;4607,320;4611,312;4615,324;4620,310;4624,324;4629,322;4633,322;4637,328;4642,328;4646,314;4650,326;4655,326;4659,332;4663,330;4668,316;4672,330;4676,328;4681,328;4685,320;4689,334;4694,318;4698,332;4703,332;4707,322;4711,320;4716,308;4720,320;4724,320;4729,332;4733,324;4737,336;4742,322;4746,334;4750,334;4755,334;4759,340;4763,310;4768,338;4772,308;4777,322;4781,326;4785,340;4790,324;4794,338;4798,322;4803,336;4807,342;4811,326;4816,326;4820,312;4824,324;4829,322;4833,344;4837,314;4842,342;4846,326;4851,340;4855,324;4859,318;4864,316;4868,316;4872,328;4877,328;4881,334;4885,318;4890,332;4894,316;4898,330;4903,330;4907,322;4911,334;4916,320;4920,320;4925,332;4929,326;4933,324;4938,336;4942,322;4946,322;4951,334;4955,326;4959,326;4964,310;4968,324;4972,308;4977,336;4981,328;4985,328;4990,312;4994,326;4999,324;5003,318;5007,330;5012,314;5016,328;5020,314;5025,328;5029,320;5033,332;5038,318;5042,332;5046,316;5051,330;5055,320;5059,334;5064,334;5068,318;5073,318;5077,324;5081,322;5086,320;5090,336;5094,320;5099,334;5103,324;5107,324;5112,338;5116,322;5120,322;5125,306;5129,326;5134,326;5138,326;5142,324;5147,338;5151,328;5155,328;5160,328;5164,312;5168,326;5173,312;5177,332;5181,330;5186,330;5190,314;5194,330;5199,328;5203,320;5208,334;5212,318;5216,332;5221,316;5225,338;5229,322;5234,336;5238,320;5242,334;5247,318;5251,310;5255,324;5260,308;5264,322;5268,322;5273,322;5277,328;5282,340;5286,326;5290,328;5295,326;5299,330;5303,318;5308,316;5312,316;5316,330;5321,328;5325,320;5329,334;5334,320;5338,332;5343,332;5347,310;5351,322;5356,308;5360,322;5364,322;5369,334;5373,326;5377,326;5382,324;5386,324;5390,322;5395,336;5399,328;5403,312;5408,328;5412,312;5417,326;5421,316;5425,332;5430,330;5434,330;5438,314;5443,342;5447,320;5451,318;5456,332;5460,318;5464,318;5469,330;5473,336;5477,322;5482,336;5486,320;5491,334;5495,332;5499,324;5504,324;5508,310;5512,322;5517,322;5521,328;5525,314;5530,340;5534,326;5538,340;5543,326;5547,316;5551,330;5556,314;5560,328;5565,314;5569,328;5573,320;5578,334;5582,318;5586,332;5591,316;5595,322;5599,322;5604,306;5608,320;5612,318;5617,332;5621,324;5625,338;5630,322;5634,336;5639,320;5643,334;5647,326;5652,324;5656,324;5660,308;5665,322;5669,328;5673,342;5678,326;5682,326;5686,326;5691,324;5695,330;5699,330;5704,330;5708,328;5713,328;5717,320;5721,334;5726,332;5730,332;5734,330;5739,330;5743,336;5747,322;5752,334;5756,306;5760,320;5765,318;5769,338;5773,324;5778,336;5782,322;5787,334;5791,326;5795,326;5800,324;5804,310;5808,322;5813,294;5817,328;5821,314;5826,326;5830,312;5834,310;5839,296;5843,302;5848,314;5852,314;5856,312;5861,312;5865,318;5869,304;5874,316;5878,302;5882,302;5887,300;5891,306;5895,306;5900,318;5904,318;5908,304;5913,310;5917,308;5922,308;5926,308;5930,306;5935,304;5939,296;5943,310;5948,310;5952,322;5956,308;5961,308;5965,312;5969,326;5974,310;5978,324;5982,310;5987,300;5991,314;5996,298;6000,312;6004,310;6009,324;6013,302;6017,316;6022,300;6026,314;6030,312;6035,326;6039,318;6043,316;6048,316;6052,300;6056,314;6061,306;6065,318;6070,304;6074,318;6078,302;6083,316;6087,322;6091,320;6096,320;6100,304;6104,304;6109,304;6113,322;6117,308;6122,322;6126,320;6130,320;6135,310;6139,296;6144,308;6148,308;6152,308;6157,292;6161,326;6165,312;6170,324;6174,310;6178,322;6183,308;6187,284;6191,284;6196,284;6200,282;6205,266;6209,302;6213,286;6218,284;6222,286;6226,298;6231,282;6235,274;6239,272;6244,272;6248,270;6252,256;6257,290;6261,288;6265,288;6270,286;6274,272;6279,286;6283,262;6287,276;6292,276;6296,274;6300,260;6305,288;6309,292;6313,278;6318,276;6322,276;6326,276;6331,282;6335,282;6339,280;6344,294;6348,278;6353,292;6357,284;6361,282;6366,282;6370,282;6374,282;6379,272;6383,270;6387,254;6392,282;6396,282;6400,282;6405,286;6409,270;6414,270;6418,254;6422,282;6427,296;6431,274;6435,258;6440,286;6444,284;6448,284;6453,276;6457,276;6461,288;6466,288;6470,286;6474,272;6479,278;6483,276;6488,276;6492,262;6496,274;6501,274;6505,278;6509,292;6514,292;6518,290;6522,276;6527,282;6531,280;6535,294;6540,280;6544,278;6548,264;6553,298;6557,282;6562,282;6566,282;6570,294;6575,280;6579,270;6583,270;6588,270;6592,268;6596,268;\r\nBuffer sent in 0.973 secondsreturn;buffer;965\r\n'), 12:35:44
bytearray(b'received from UR: measure -> measure (0,1)\r\nSTEPPER: Moving to mstep: 6600 with speed [msteps/sec]: 1000 in StealthChop.\r\n'), 12:35:45
bytearray(b'STEPPER: Moving to mstep: 2400 with speed [msteps/sec]: 4000 in SpreadCycle.\r\n'), 12:35:50
bytearray(b'STEPPER: Moved 4200.00 msteps (ramp: 35%) in 1324.884 ms -> average speed [msteps/sec]: 3170.09\r\nreturn;measure;965\r\n'), 12:35:51
bytearray(b'received from UR: buffer -> buffer (0,1)\r\nSending buffer of size 965data;2400,304;2404,450;2408,160;2413,274;2417,316;2421,322;2426,338;2430,322;2434,336;2439,320;2443,326;2447,326;2452,328;2456,326;2460,312;2465,324;2469,332;2474,330;2478,316;2482,330;2487,314;2491,334;2495,334;2500,320;2504,320;2508,318;2513,318;2517,324;2521,336;2526,322;2530,336;2534,320;2539,334;2543,326;2548,324;2552,338;2556,324;2561,324;2565,328;2569,330;2574,328;2578,342;2582,326;2587,340;2591,318;2595,316;2600,330;2604,316;2608,328;2613,314;2617,334;2622,318;2626,334;2630,332;2635,332;2639,324;2643,310;2648,322;2652,322;2656,336;2661,320;2665,328;2669,326;2674,340;2678,324;2682,324;2687,324;2691,316;2696,316;2700,314;2704,328;2709,326;2713,334;2717,320;2722,332;2726,318;2730,332;2735,330;2739,322;2743,336;2748,320;2752,334;2756,306;2761,320;2765,324;2770,340;2774,324;2778,338;2783,322;2787,314;2791,330;2796,314;2800,328;2804,326;2809,340;2813,318;2817,332;2822,316;2826,330;2830,316;2835,328;2839,334;2844,320;2848,332;2852,318;2857,330;2861,322;2865,336;2870,320;2874,334;2878,320;2883,334;2887,324;2891,324;2896,322;2900,322;2904,322;2909,322;2913,326;2918,326;2922,326;2926,324;2931,324;2935,330;2939,314;2944,342;2948,328;2952,326;2957,312;2961,332;2965,318;2970,344;2974,330;2978,330;2983,328;2987,306;2992,320;2996,304;3000,332;3005,316;3009,332;3013,322;3018,336;3022,320;3026,334;3031,318;3035,324;3039,336;3044,322;3048,336;3053,320;3057,326;3061,326;3066,324;3070,324;3074,322;3079,322;3083,328;3087,328;3092,326;3096,324;3100,310;3105,324;3109,330;3113,328;3118,314;3122,328;3127,326;3131,318;3135,332;3140,316;3144,330;3148,314;3153,328;3157,334;3161,334;3166,318;3170,332;3174,318;3179,330;3183,336;3187,322;3192,334;3196,304;3201,320;3205,324;3209,338;3214,324;3218,338;3222,324;3227,336;3231,326;3235,312;3240,324;3244,310;3248,324;3253,322;3257,342;3261,326;3266,340;3270,324;3275,326;3279,330;3283,330;3288,328;3292,328;3296,326;3301,312;3305,332;3309,330;3314,344;3318,328;3322,328;3327,326;3331,332;3335,332;3340,316;3344,330;3349,314;3353,328;3357,334;3362,332;3366,318;3370,330;3375,316;3379,322;3383,334;3388,320;3392,332;3396,318;3401,318;3405,324;3409,336;3414,322;3418,336;3423,320;3427,326;3431,326;3436,324;3440,338;3444,322;3449,322;3453,312;3457,326;3462,324;3466,326;3470,322;3475,336;3479,328;3484,328;3488,328;3492,326;3497,326;3501,318;3505,330;3510,330;3514,330;3518,314;3523,342;3527,320;3531,318;3536,332;3540,316;3544,330;3549,314;3553,334;3558,332;3562,332;3566,318;3571,330;3575,322;3579,306;3584,334;3588,318;3592,332;3597,316;3601,336;3605,318;3610,334;3614,320;3618,332;3623,318;3627,310;3632,322;3636,322;3640,334;3645,320;3649,340;3653,312;3658,338;3662,324;3666,336;3671,322;3675,312;3679,326;3684,326;3688,326;3693,324;3697,324;3701,316;3706,330;3710,328;3714,328;3719,314;3723,306;3727,318;3732,318;3736,332;3740,316;3745,330;3749,322;3753,322;3758,334;3762,334;3767,318;3771,310;3775,324;3780,324;3784,336;3788,320;3793,334;3797,326;3801,340;3806,324;3810,338;3814,324;3819,338;3823,314;3827,314;3832,328;3836,326;3841,326;3845,318;3849,332;3854,330;3858,344;3862,328;3867,342;3871,320;3875,320;3880,332;3884,318;3888,332;3893,316;3897,322;3901,322;3906,336;3910,320;3915,334;3919,326;3923,324;3928,338;3932,322;3936,322;3941,308;3945,328;3949,326;3954,340;3958,324;3962,338;3967,322;3971,330;3975,342;3980,314;3984,326;3989,312;3993,324;3997,316;4002,344;4006,328;4010,342;4015,314;4019,306;4023,318;4028,318;4032,332;4036,316;4041,316;4045,322;4049,336;4054,320;4058,334;4063,318;4067,310;4071,324;4076,324;4080,336;4084,322;4089,336;4093,326;4097,328;4102,326;4106,326;4110,324;4115,338;4119,328;4123,328;4128,342;4132,326;4137,326;4141,318;4145,330;4150,316;4154,332;4158,330;4163,326;4167,320;4171,306;4176,320;4180,318;4184,332;4189,318;4193,336;4198,322;4202,334;4206,320;4211,334;4215,318;4219,310;4224,324;4228,324;4232,322;4237,322;4241,328;4245,326;4250,340;4254,312;4258,324;4263,322;4267,330;4272,328;4276,328;4280,326;4285,312;4289,332;4293,330;4298,330;4302,330;4306,330;4311,328;4315,306;4319,334;4324,318;4328,332;4332,318;4337,330;4341,322;4346,336;4350,320;4354,334;4359,332;4363,324;4367,324;4372,308;4376,320;4380,322;4385,334;4389,326;4393,340;4398,324;4402,338;4407,322;4411,316;4415,328;4420,312;4424,326;4428,310;4433,324;4437,316;4441,344;4446,328;4450,342;4454,326;4459,340;4463,318;4467,316;4472,330;4476,328;4481,328;4485,328;4489,334;4494,318;4498,332;4502,332;4507,330;4511,336;4515,308;4520,320;4524,320;4528,334;4533,304;4537,338;4541,324;4546,338;4550,322;4554,336;4559,320;4563,326;4568,326;4572,326;4576,324;4581,308;4585,330;4589,328;4594,328;4598,314;4602,328;4607,326;4611,330;4615,330;4620,316;4624,328;4629,314;4633,314;4637,320;4642,334;4646,332;4650,346;4655,318;4659,310;4663,322;4668,322;4672,334;4676,320;4681,332;4685,324;4689,338;4694,324;4698,336;4703,322;4707,314;4711,326;4716,326;4720,340;4724,324;4729,324;4733,316;4737,328;4742,326;4746,326;4750,324;4755,326;4759,330;4763,328;4768,342;4772,326;4777,340;4781,318;4785,330;4790,330;4794,330;4798,328;4803,342;4807,332;4811,332;4816,332;4820,316;4824,330;4829,314;4833,334;4837,318;4842,332;4846,318;4851,332;4855,322;4859,308;4864,320;4868,334;4872,334;4877,320;4881,340;4885,324;4890,338;4894,322;4898,336;4903,322;4907,312;4912,326;4916,326;4920,326;4925,310;4929,332;4933,330;4938,330;4942,328;4946,328;4951,326;4955,306;4959,332;4964,318;4968,330;4972,316;4977,330;4981,320;4986,334;4990,320;4994,332;4999,318;5003,324;5007,324;5012,308;5016,322;5020,308;5025,334;5029,326;5033,340;5038,312;5042,326;5046,324;5051,324;5055,330;5060,328;5064,326;5068,312;5073,326;5077,318;5081,332;5086,330;5090,330;5094,328;5099,328;5103,320;5107,318;5112,332;5116,318;5120,330;5125,316;5129,336;5134,320;5138,334;5142,332;5147,330;5151,324;5155,308;5160,322;5164,320;5168,334;5173,320;5177,340;5181,324;5186,324;5190,322;5194,336;5199,320;5203,312;5208,326;5212,324;5216,324;5221,322;5225,336;5229,314;5234,342;5238,312;5242,326;5247,324;5251,330;5255,316;5260,314;5264,314;5268,312;5273,326;5277,332;5282,330;5286,316;5290,330;5295,328;5299,320;5303,332;5308,318;5312,318;5316,316;5321,316;5325,322;5329,336;5334,320;5338,334;5342,320;5347,334;5351,338;5356,324;5360,322;5364,308;5369,322;5373,314;5377,340;5382,326;5386,340;5390,324;5395,338;5399,316;5403,314;5408,328;5412,314;5417,328;5421,318;5425,332;5430,316;5434,330;5438,330;5443,330;5447,322;5451,320;5456,318;5460,318;5464,332;5469,316;5473,336;5477,322;5482,336;5486,320;5491,334;5495,326;5499,326;5504,326;5508,324;5512,324;5517,308;5521,330;5525,328;5530,342;5534,326;5538,328;5543,326;5547,304;5551,318;5556,316;5560,330;5565,316;5569,342;5573,320;5578,334;5582,318;5586,332;5591,318;5595,324;5599,322;5604,308;5608,322;5612,306;5617,334;5621,326;5625,338;5630,322;5634,336;5639,322;5643,314;5647,326;5652,326;5656,326;5660,324;5665,324;5669,316;5673,328;5678,328;5682,328;5686,312;5691,340;5695,318;5700,330;5704,330;5708,330;5713,328;5717,320;5721,334;5726,332;5730,332;5734,332;5739,330;5743,322;5747,322;5752,334;5756,318;5760,318;5765,304;5769,324;5773,322;5778,336;5782,320;5787,334;5791,326;5795,310;5800,324;5804,308;5808,322;5813,308;5817,314;5821,312;5826,326;5830,310;5834,322;5839,308;5843,314;5848,314;5852,298;5856,312;5861,312;5865,304;5869,302;5874,302;5878,300;5882,314;5887,314;5891,306;5895,304;5900,304;5904,302;5908,316;5913,314;5917,308;5922,306;5926,304;5930,318;5935,304;5939,308;5943,308;5948,294;5952,306;5956,306;5961,318;5965,310;5969,310;5974,296;5978,324;5982,308;5987,300;5991,314;5996,312;6000,312;6004,312;6009,310;6013,316;6017,318;6022,316;6026,328;6030,312;6035,328;6039,304;6043,304;6048,304;6052,302;6057,302;6061,308;6065,322;6070,308;6074,320;6078,320;6083,320;6087,312;6091,310;6096,310;6100,296;6104,310;6109,308;6113,314;6117,300;6122,314;6126,312;6131,312;6135,318;6139,304;6144,318;6148,302;6152,316;6157,316;6161,308;6165,306;6170,320;6174,306;6178,320;6183,296;6187,282;6191,282;6196,280;6200,280;6205,264;6209,300;6213,286;6218,286;6222,284;6226,270;6231,268;6235,290;6239,288;6244,274;6248,288;6252,274;6257,278;6261,278;6265,292;6270,292;6274,290;6279,290;6283,282;6287,296;6292,266;6296,280;6300,280;6305,278;6309,286;6313,284;6318,284;6322,284;6326,282;6331,288;6335,288;6339,286;6344,286;6348,272;6353,286;6357,292;6361,292;6366,290;6370,290;6374,274;6379,266;6383,280;6387,280;6392,278;6396,264;6400,278;6405,284;6409,284;6413,282;6418,296;6422,282;6427,280;6431,286;6435,286;6440,286;6444,284;6448,284;6453,270;6457,290;6461,288;6466,274;6470,274;6474,272;6479,292;6483,278;6487,292;6492,290;6496,290;6501,290;6505,252;6509,280;6514,294;6518,292;6522,292;6527,292;6531,270;6535,282;6540,268;6544,268;6548,266;6553,274;6557,286;6562,300;6566,286;6570,284;6575,284;6579,290;6583,290;6588,288;6592,288;6596,272;\r\nBuffer sent in 0.973 secondsreturn;buffer;965\r\n'), 12:35:53
bytearray(b'received from UR: home -> home (0,1)\r\nSTEPPER: Moving to mstep: 0 with speed [msteps/sec]: 4000 in SpreadCycle.\r\n'), 12:35:54
bytearray(b'STEPPER: Moved 2400.00 msteps (ramp: 35%) in 813.416 ms -> average speed [msteps/sec]: 2950.52\r\nreturn;home;1\r\n'), 12:35:55
