bytearray(b'STEPPER: Moving to mstep: 2400 with speed [msteps/sec]: 4000 in SpreadCycle.\r\n'), 11:11:27
bytearray(b'STEPPER: Moved 2400.00 msteps (ramp: 35%) in 812.832 ms -> average speed [msteps/sec]: 2952.64\r\n'), 11:11:28
bytearray(b'received from UR: status -> status (0,1)\r\n*** STATUS ***\r\nid        :         3 -\r\nstep      :      2400 steps\r\nspeed     :      1500 msteps/s\r\nmspeed    :      1000 msteps/s\r\nsg-thrs   :        80 -\r\ndefault   :     12000 \xc2\xb5m\r\ndispense  :     30350 \xc2\xb5m\r\nblowout   :     33000 \xc2\xb5m\r\nd-offset  :        20 \xc2\xb5m\r\nur0       :         0 -\r\nur1       :         1 -\r\nhomed     :         1 -\r\nreturn;status;2400\r\n'), 11:11:30
bytearray(b'received from UR: measure -> measure (0,1)\r\nSTEPPER: Moving to mstep: 6600 with speed [msteps/sec]: 1000 in StealthChop.\r\n'), 11:11:31
bytearray(b'STEPPER: Moving to mstep: 2400 with speed [msteps/sec]: 4000 in SpreadCycle.\r\n'), 11:11:35
bytearray(b'STEPPER: Moved 4200.00 msteps (ramp: 35%) in 1324.888 ms -> average speed [msteps/sec]: 3170.08\r\nreturn;measure;964\r\n'), 11:11:37
bytearray(b'received from UR: buffer -> buffer (0,1)\r\nSending buffer of size 964data;2400,126;2404,470;2408,166;2413,280;2417,308;2421,328;2426,342;2430,314;2434,328;2439,326;2443,318;2447,330;2452,316;2456,316;2460,314;2465,328;2469,320;2474,334;2478,318;2482,332;2487,316;2491,322;2495,336;2500,336;2504,320;2508,320;2513,332;2517,324;2521,324;2526,322;2530,322;2534,322;2539,336;2543,328;2548,312;2552,326;2556,310;2561,324;2565,316;2569,330;2574,314;2578,328;2582,314;2587,330;2591,334;2595,318;2600,332;2604,318;2608,332;2613,316;2617,336;2622,334;2626,336;2630,320;2635,332;2639,324;2643,324;2648,338;2652,324;2656,322;2661,320;2665,328;2669,326;2674,326;2678,312;2683,324;2687,324;2691,314;2696,330;2700,328;2704,328;2709,312;2713,332;2717,318;2722,332;2726,316;2730,330;2735,316;2739,320;2743,334;2748,320;2752,332;2757,304;2761,330;2765,322;2770,336;2774,322;2778,320;2787,312;2791,326;2796,310;2800,338;2804,324;2809,322;2813,314;2817,342;2822,326;2826,340;2830,310;2835,324;2839,330;2844,314;2848,328;2852,314;2857,312;2861,318;2865,332;2870,316;2874,316;2878,316;2883,328;2887,334;2891,332;2896,318;2900,316;2904,330;2909,314;2913,334;2918,320;2922,332;2926,318;2931,332;2935,322;2939,322;2944,322;2948,306;2952,318;2957,318;2961,324;2965,322;2970,308;2974,306;2978,320;2983,312;2987,310;2992,322;2996,308;3000,308;3005,306;3009,324;3013,324;3018,310;3022,308;3026,322;3031,306;3035,300;3039,312;3044,312;3048,310;3052,310;3057,324;3061,300;3066,328;3070,312;3074,312;3079,310;3083,316;3087,316;3092,300;3096,312;3100,312;3105,310;3109,316;3113,316;3118,314;3122,314;3126,312;3131,304;3135,318;3140,302;3144,316;3148,316;3153,328;3157,306;3161,320;3166,318;3170,332;3174,316;3179,330;3183,322;3187,306;3192,320;3196,304;3201,318;3205,310;3209,338;3214,322;3218,336;3222,320;3227,334;3231,312;3235,312;3240,324;3244,310;3248,322;3253,308;3257,328;3261,312;3266,326;3270,310;3275,324;3279,316;3283,314;3288,328;3292,314;3296,326;3301,326;3305,316;3309,316;3314,328;3318,314;3322,328;3327,314;3331,304;3335,318;3340,302;3344,316;3349,300;3353,320;3357,318;3362,318;3366,318;3370,330;3375,316;3379,306;3383,320;3388,306;3392,318;3396,304;3401,316;3405,308;3410,322;3414,306;3418,320;3423,318;3427,296;3431,310;3436,308;3440,322;3444,320;3449,306;3453,312;3457,312;3462,310;3466,310;3470,308;3475,308;3479,314;3484,312;3488,312;3492,310;3497,310;3501,302;3505,316;3510,314;3514,314;3518,312;3523,312;3527,318;3531,302;3536,316;3540,288;3544,314;3549,308;3553,322;3558,320;3562,320;3566,318;3571,318;3575,324;3579,322;3584,336;3588,306;3592,320;3597,306;3601,340;3605,324;3610,310;3614,310;3618,324;3623,322;3627,314;3632,328;3636,312;3640,312;3645,310;3649,332;3653,314;3658,330;3662,314;3666,328;3671,312;3675,318;3679,318;3684,316;3688,330;3692,330;3697,314;3701,320;3706,320;3710,320;3714,320;3719,318;3723,310;3727,324;3732,308;3736,322;3740,308;3745,308;3749,314;3753,328;3758,312;3762,326;3766,312;3771,302;3775,316;3780,302;3784,314;3788,298;3793,312;3797,304;3801,318;3806,304;3810,318;3814,302;3819,316;3823,322;3827,306;3832,306;3836,304;3841,304;3845,310;3849,310;3854,308;3858,322;3862,308;3867,308;3871,314;3875,300;3880,312;3884,298;3888,310;3893,304;3897,304;3902,302;3906,316;3910,316;3915,316;3919,322;3923,308;3928,320;3932,306;3936,318;3941,304;3945,324;3949,324;3954,324;3958,322;3962,322;3967,320;3971,298;3976,326;3980,312;3984,324;3989,310;3993,330;3997,314;4002,328;4006,314;4010,328;4015,312;4019,304;4023,318;4028,318;4032,330;4036,330;4041,314;4045,308;4050,334;4054,320;4058,320;4063,304;4067,310;4071,324;4076,310;4080,324;4084,322;4089,320;4093,312;4097,326;4102,312;4106,326;4110,310;4115,324;4119,330;4124,314;4128,314;4132,314;4137,328;4141,306;4145,318;4150,318;4154,318;4158,316;4163,316;4167,308;4171,294;4176,320;4180,306;4184,320;4189,304;4193,324;4198,310;4202,324;4206,308;4211,322;4215,314;4219,300;4224,298;4228,298;4232,312;4237,310;4241,304;4245,302;4250,316;4254,302;4258,316;4263,308;4267,294;4272,306;4276,292;4280,304;4285,290;4289,310;4293,310;4298,308;4302,294;4306,308;4311,308;4315,300;4319,314;4324,298;4328,312;4332,296;4337,310;4341,316;4346,330;4350,316;4354,328;4359,314;4363,304;4367,320;4372,304;4376,332;4380,316;4385,316;4389,308;4393,334;4398,320;4402,320;4407,304;4411,310;4415,324;4420,308;4424,322;4428,322;4433,320;4437,314;4441,328;4446,312;4450,326;4454,312;4459,324;4463,316;4467,316;4472,328;4476,328;4481,314;4485,318;4489,320;4494,318;4498,318;4502,302;4507,316;4511,322;4515,308;4520,320;4524,306;4528,320;4533,290;4537,324;4541,310;4546,324;4550,322;4555,322;4559,314;4563,298;4568,312;4572,312;4576,312;4581,298;4585,318;4589,302;4594,316;4598,314;4602,314;4607,300;4611,304;4615,318;4620,304;4624,318;4629,318;4633,310;4637,308;4642,322;4646,308;4650,320;4655,306;4659,298;4663,312;4668,298;4672,310;4676,310;4681,310;4685,316;4689,314;4694,314;4698,314;4703,312;4707,318;4711,304;4716,304;4720,316;4724,302;4729,316;4733,322;4737,320;4742,320;4746,320;4750,318;4755,296;4759,310;4763,308;4768,308;4772,306;4777,320;4781,312;4785,326;4790,310;4794,324;4798,310;4803,324;4807,330;4811,314;4816,314;4820,312;4824,326;4829,312;4833,318;4837,302;4842,318;4846,316;4851,330;4855,322;4859,322;4864,308;4868,306;4872,320;4877,306;4881,326;4885,310;4890,324;4894,310;4898,310;4903,308;4907,316;4912,314;4916,314;4920,312;4925,298;4929,320;4933,318;4938,332;4942,316;4946,316;4951,316;4955,294;4959,306;4964,292;4968,320;4972,304;4977,318;4981,310;4986,324;4990,310;4994,322;4999,308;5003,300;5007,312;5012,300;5016,312;5020,312;5025,312;5029,304;5033,318;5038,302;5042,316;5046,302;5051,308;5055,308;5060,308;5064,306;5068,306;5073,318;5077,308;5081,298;5086,296;5090,310;5094,308;5099,308;5103,314;5107,300;5112,312;5116,312;5121,312;5125,316;5129,316;5134,316;5138,316;5142,314;5147,314;5151,306;5155,306;5160,318;5164,318;5168,318;5173,302;5177,322;5181,308;5186,322;5190,306;5195,320;5199,312;5203,312;5208,310;5212,296;5216,310;5221,308;5225,314;5229,314;5234,328;5238,312;5242,326;5247,310;5251,316;5255,316;5260,302;5264,316;5269,314;5273,322;5277,306;5282,320;5286,306;5290,318;5295,318;5299,310;5303,312;5308,310;5312,310;5316,310;5321,322;5325,316;5329,316;5334,314;5338,314;5343,314;5347,306;5351,320;5356,306;5360,318;5364,304;5369,318;5373,296;5377,310;5382,306;5386,322;5390,308;5395,320;5399,312;5403,298;5408,312;5412,298;5417,312;5421,304;5425,304;5430,302;5434,316;5438,302;5443,316;5447,308;5451,306;5456,306;5460,292;5464,304;5469,304;5473,310;5477,310;5482,308;5486,308;5491,308;5495,314;5499,300;5504,314;5508,312;5512,312;5517,300;5521,320;5525,304;5530,318;5534,318;5538,318;5543,310;5547,308;5552,322;5556,308;5560,322;5565,306;5569,328;5573,312;5578,326;5582,312;5586,326;5591,310;5595,302;5599,316;5604,302;5608,314;5612,300;5617,300;5621,306;5626,320;5630,306;5634,318;5639,318;5643,296;5647,308;5652,308;5656,308;5660,306;5665,306;5669,312;5673,326;5678,312;5682,324;5687,308;5691,316;5695,314;5700,314;5704,312;5708,312;5713,326;5717,302;5721,316;5726,314;5730,314;5734,314;5739,314;5743,304;5747,302;5752,316;5756,302;5761,328;5765,306;5769,306;5774,304;5778,318;5782,302;5787,316;5791,308;5795,294;5800,306;5804,292;5808,304;5813,304;5817,324;5821,308;5826,322;5830,308;5835,320;5839,312;5843,298;5848,296;5852,296;5856,310;5861,308;5865,300;5869,300;5874,300;5878,312;5882,310;5887,310;5891,316;5895,300;5900,300;5904,314;5909,298;5913,320;5917,304;5922,318;5926,316;5930,316;5935,314;5939,306;5943,320;5948,304;5952,306;5956,304;5961,318;5965,324;5969,310;5974,308;5978,322;5983,306;5987,300;5991,326;5996,312;6000,310;6004,310;6009,324;6013,302;6017,330;6022,314;6026,314;6030,312;6035,326;6039,318;6044,288;6048,288;6052,286;6057,286;6061,290;6065,292;6070,290;6074,288;6078,288;6083,302;6087,280;6091,292;6096,278;6100,290;6104,276;6109,282;6113,280;6118,280;6122,280;6126,278;6131,292;6135,284;6139,268;6144,282;6148,266;6152,280;6157,286;6161,300;6165,284;6170,284;6174,282;6178,268;6183,288;6187,274;6192,286;6196,258;6200,286;6205,272;6209,276;6213,276;6218,290;6222,290;6226,288;6231,280;6235,266;6239,280;6244,278;6248,278;6252,278;6257,284;6261,284;6266,284;6270,282;6274,282;6279,282;6283,272;6287,272;6292,258;6296,270;6300,256;6305,284;6309,276;6313,276;6318,274;6322,274;6326,274;6331,266;6335,278;6340,264;6344,278;6348,278;6353,292;6357,284;6361,298;6366,282;6370,282;6374,268;6379,266;6383,288;6387,272;6392,286;6396,286;6401,270;6405,276;6409,290;6414,276;6418,288;6422,274;6427,244;6431,280;6435,278;6440,278;6444,264;6448,278;6453,282;6457,282;6461,268;6466,266;6470,266;6475,266;6479,286;6483,284;6488,270;6492,270;6496,268;6501,268;6505,246;6509,272;6514,286;6518,286;6522,286;6527,292;6531,276;6535,276;6540,276;6544,276;6549,274;6553,280;6557,280;6562,280;6566,278;6570,278;6575,262;6579,268;6583,282;6588,266;6592,280;6596,280;\r\nBuffer sent in 0.972 secondsreturn;buffer;964\r\n'), 11:11:39
bytearray(b'received from UR: measure -> measure (0,1)\r\nSTEPPER: Moving to mstep: 6600 with speed [msteps/sec]: 1000 in StealthChop.\r\n'), 11:11:40
bytearray(b'STEPPER: Moving to mstep: 2400 with speed [msteps/sec]: 4000 in SpreadCycle.\r\n'), 11:11:44
bytearray(b'STEPPER: Moved 4200.00 msteps (ramp: 35%) in 1324.888 ms -> average speed [msteps/sec]: 3170.08\r\nreturn;measure;965\r\n'), 11:11:45
bytearray(b'received from UR: buffer -> buffer (0,1)\r\nSending buffer of size 965data;2400,294;2404,450;2408,162;2413,276;2417,318;2421,324;2426,338;2430,322;2434,338;2439,322;2443,314;2447,328;2452,314;2456,326;2460,326;2465,324;2469,316;2474,330;2478,330;2482,330;2487,316;2491,322;2495,322;2500,320;2504,334;2508,320;2513,320;2517,326;2521,340;2526,324;2530,338;2534,324;2539,316;2543,314;2548,314;2552,328;2556,314;2561,328;2565,318;2569,334;2574,318;2578,332;2582,318;2587,332;2591,324;2595,310;2600,324;2604,310;2609,336;2613,314;2617,328;2622,314;2626,330;2630,328;2635,328;2639,320;2643,318;2648,332;2652,318;2656,332;2661,330;2665,322;2669,322;2674,336;2678,322;2683,336;2687,320;2691,312;2696,326;2700,324;2704,338;2709,324;2713,330;2717,328;2722,328;2726,328;2730,342;2735,326;2739,318;2743,332;2748,316;2752,344;2757,330;2761,330;2765,320;2770,334;2774,320;2778,334;2783,318;2787,310;2791,324;2796,310;2800,338;2804,322;2809,322;2813,314;2817,342;2822,326;2826,340;2831,312;2835,318;2839,332;2844,316;2848,330;2852,330;2857,316;2861,320;2865,334;2870,320;2874,320;2878,318;2883,318;2887,324;2891,310;2896,324;2900,324;2905,322;2909,314;2913,328;2918,314;2922,328;2926,312;2931,326;2935,318;2939,304;2944,318;2948,302;2952,318;2957,302;2961,324;2965,322;2970,322;2974,308;2979,322;2983,314;2987,312;2992,326;2996,300;3000,312;3005,298;3009,332;3013,318;3018,332;3022,316;3026,330;3031,314;3035,306;3039,320;3044,306;3048,320;3053,318;3057,312;3061,310;3066,324;3070,310;3074,308;3079,310;3083,314;3087,314;3092,314;3096,314;3100,312;3105,312;3109,318;3114,318;3118,316;3122,314;3127,302;3131,308;3135,322;3140,306;3144,320;3148,306;3153,320;3157,312;3161,326;3166,310;3170,324;3174,310;3179,324;3183,330;3188,302;3192,316;3196,300;3201,314;3205,320;3209,334;3214,318;3218,332;3222,318;3227,332;3231,324;3235,310;3240,322;3244,308;3248,322;3253,314;3257,328;3262,314;3266,328;3270,314;3275,326;3279,318;3283,306;3288,318;3292,318;3296,316;3301,316;3305,338;3309,322;3314,322;3318,322;3322,322;3327,320;3331,312;3336,310;3340,298;3344,326;3349,312;3353,318;3357,318;3362,318;3366,316;3370,316;3375,302;3379,308;3383,322;3388,308;3392,320;3396,306;3401,314;3405,312;3410,314;3414,312;3418,326;3423,310;3427,302;3431,302;3436,302;3440,314;3444,300;3449,300;3453,306;3457,320;3462,304;3466,304;3470,304;3475,310;3479,310;3484,308;3488,308;3492,306;3497,320;3501,312;3505,312;3510,310;3514,312;3518,310;3523,308;3527,314;3531,300;3536,314;3540,300;3545,326;3549,318;3553,320;3558,318;3562,318;3566,316;3571,330;3575,336;3579,322;3584,322;3588,308;3592,322;3597,306;3601,328;3605,312;3610,326;3614,312;3619,326;3623,318;3627,304;3632,316;3636,304;3640,316;3645,302;3649,336;3653,308;3658,322;3662,308;3666,320;3671,320;3675,312;3680,326;3684,326;3688,310;3693,310;3697,330;3701,316;3706,316;3710,316;3714,314;3719,314;3723,306;3727,320;3732,304;3736,318;3740,304;3745,316;3749,324;3754,322;3758,308;3762,322;3767,308;3771,300;3775,328;3780,300;3784,326;3788,298;3793,312;3797,318;3801,332;3806,318;3810,332;3814,318;3819,296;3823,310;3828,296;3832,308;3836,294;3841,308;3845,314;3849,314;3854,314;3858,314;3862,312;3867,312;3871,318;3875,304;3880,304;3884,304;3888,316;3893,308;3897,310;3902,308;3906,322;3910,308;3915,322;3919,314;3923,298;3928,312;3932,312;3936,312;3941,312;3945,318;3949,304;3954,318;3958,318;3962,332;3967,310;3971,294;3976,322;3980,308;3984,322;3989,308;3993,328;3997,314;4002,326;4006,312;4010,326;4015,310;4019,302;4023,316;4028,302;4032,314;4037,300;4041,314;4045,320;4050,332;4054,318;4058,332;4063,318;4067,310;4071,324;4076,322;4080,322;4084,308;4089,320;4093,314;4097,328;4102,312;4106,324;4111,312;4115,318;4119,316;4124,304;4128,316;4132,302;4137,316;4141,322;4145,322;4150,320;4154,320;4158,320;4163,298;4167,312;4171,312;4176,312;4180,310;4185,312;4189,302;4193,316;4198,316;4202,330;4206,314;4211,314;4215,308;4219,306;4224,306;4228,304;4232,304;4237,302;4241,324;4246,308;4250,322;4254,308;4259,322;4263,312;4267,298;4272,312;4276,312;4280,310;4285,310;4289,316;4293,314;4298,300;4302,300;4306,314;4311,312;4315,304;4320,318;4324,304;4328,304;4333,302;4337,322;4341,308;4346,320;4350,306;4354,320;4359,318;4363,310;4367,324;4372,310;4376,322;4380,308;4385,322;4389,314;4394,328;4398,312;4402,326;4407,312;4411,304;4415,316;4420,316;4424,316;4428,314;4433,314;4437,320;4441,334;4446,318;4450,318;4454,316;4459,310;4463,322;4468,322;4472,322;4476,306;4481,320;4485,312;4489,312;4494,310;4498,310;4502,310;4507,324;4511,330;4515,330;4520,314;4524,314;4528,326;4533,312;4537,318;4542,304;4546,316;4550,316;4555,316;4559,320;4563,306;4568,306;4572,304;4576,318;4581,304;4585,322;4589,308;4594,320;4598,306;4602,320;4607,310;4611,296;4616,310;4620,308;4624,308;4629,306;4633,328;4637,312;4642,326;4646,310;4650,310;4655,294;4659,302;4663,314;4668,314;4672,312;4677,298;4681,304;4685,304;4690,316;4694,316;4698,302;4703,300;4707,306;4711,318;4716,304;4720,318;4724,316;4729,316;4733,308;4738,320;4742,306;4746,320;4751,318;4755,296;4759,310;4764,308;4768,322;4772,308;4777,322;4781,312;4785,326;4790,312;4794,326;4798,310;4803,302;4807,316;4812,300;4816,314;4820,314;4825,314;4829,306;4833,334;4838,318;4842,318;4846,304;4851,332;4855,308;4859,308;4864,322;4868,306;4872,306;4877,316;4881,326;4886,310;4890,324;4894,310;4899,322;4903,314;4907,312;4912,326;4916,310;4920,310;4925,308;4929,316;4933,314;4938,314;4942,312;4946,312;4951,312;4955,316;4960,316;4964,302;4968,314;4973,300;4977,320;4981,304;4986,318;4990,302;4994,316;4999,314;5003,306;5007,306;5012,306;5016,318;5020,304;5025,302;5029,308;5034,322;5038,306;5042,320;5047,306;5051,296;5055,310;5060,308;5064,308;5068,306;5073,306;5077,312;5081,312;5086,310;5090,324;5094,308;5099,300;5103,300;5108,298;5112,312;5116,298;5121,310;5125,316;5129,316;5134,316;5138,316;5142,314;5147,328;5151,320;5155,304;5160,318;5164,304;5169,316;5173,308;5177,336;5182,322;5186,336;5190,320;5195,334;5199,312;5203,298;5208,312;5212,310;5216,310;5221,308;5225,330;5229,314;5234,328;5238,314;5243,328;5247,318;5251,318;5256,316;5260,316;5264,314;5269,314;5273,320;5277,306;5282,320;5286,318;5290,318;5295,316;5299,322;5304,308;5308,308;5312,320;5317,306;5321,326;5325,312;5330,324;5334,310;5338,324;5343,308;5347,300;5351,314;5356,298;5360,298;5364,298;5369,310;5373,316;5378,330;5382,314;5386,328;5391,314;5395,292;5399,306;5404,304;5408,316;5412,302;5417,302;5421,308;5425,322;5430,320;5434,320;5438,306;5443,296;5447,310;5452,296;5456,308;5460,294;5465,308;5469,314;5473,314;5478,312;5482,312;5486,312;5491,312;5495,316;5499,302;5504,300;5508,300;5512,314;5517,306;5521,318;5526,304;5530,316;5534,316;5539,316;5543,322;5547,306;5552,320;5556,306;5560,318;5565,304;5569,324;5573,308;5578,322;5582,308;5586,322;5591,306;5595,298;5600,326;5604,312;5608,324;5613,310;5617,316;5621,314;5626,328;5630,312;5634,328;5639,312;5643,304;5647,318;5652,304;5656,316;5660,302;5665,302;5669,322;5674,322;5678,320;5682,320;5687,306;5691,312;5695,326;5700,326;5704,310;5708,310;5713,322;5717,314;5721,316;5726,300;5730,314;5735,312;5739,304;5743,318;5748,304;5752,304;5756,302;5761,316;5765,308;5769,322;5774,308;5778,320;5782,306;5787,298;5791,312;5795,310;5800,312;5804,296;5809,308;5813,316;5817,316;5822,314;5826,314;5830,314;5835,328;5839,318;5843,306;5848,304;5852,304;5856,318;5861,304;5865,310;5869,294;5874,308;5878,308;5883,308;5887,314;5891,298;5896,312;5900,298;5904,310;5909,310;5913,304;5917,302;5922,316;5926,314;5930,314;5935,312;5939,306;5944,306;5948,290;5952,318;5957,302;5961,324;5965,322;5970,308;5974,308;5978,320;5983,306;5987,298;5991,326;5996,312;6000,310;6004,310;6009,322;6013,302;6018,328;6022,312;6026,326;6031,312;6035,302;6039,316;6044,302;6048,300;6052,284;6057,284;6061,290;6065,304;6070,290;6074,288;6078,288;6083,278;6087,278;6092,276;6096,276;6100,274;6105,274;6109,294;6113,294;6118,294;6122,278;6126,278;6131,270;6135,268;6139,268;6144,280;6148,266;6152,278;6157,284;6161,284;6166,282;6170,296;6174,296;6179,294;6183,272;6187,286;6192,284;6196,284;6200,282;6205,282;6209,288;6213,272;6218,286;6222,286;6226,286;6231,262;6235,276;6240,276;6244,276;6248,274;6253,274;6257,280;6261,280;6266,294;6270,278;6274,278;6279,270;6283,284;6287,268;6292,268;6296,282;6301,266;6305,288;6309,286;6314,272;6318,286;6322,286;6327,284;6331,276;6335,290;6340,274;6344,288;6348,274;6353,280;6357,278;6361,250;6366,278;6370,292;6375,278;6379,282;6383,296;6388,282;6392,268;6396,266;6401,280;6405,272;6409,256;6414,284;6418,298;6422,284;6427,274;6431,260;6435,260;6440,288;6444,286;6449,272;6453,278;6457,264;6462,264;6466,276;6470,276;6475,266;6479,266;6483,252;6488,280;6492,278;6496,278;6501,270;6505,268;6509,268;6514,268;6518,266;6523,280;6527,272;6531,258;6536,270;6540,270;6544,284;6549,268;6553,290;6557,288;6562,288;6566,272;6570,286;6575,278;6579,264;6584,276;6588,262;6592,262;6597,248;\r\nBuffer sent in 0.973 secondsreturn;buffer;965\r\n'), 11:11:47
bytearray(b'received from UR: measure -> measure (0,1)\r\nSTEPPER: Moving to mstep: 6600 with speed [msteps/sec]: 1000 in StealthChop.\r\n'), 11:11:48
bytearray(b'STEPPER: Moving to mstep: 2400 with speed [msteps/sec]: 4000 in SpreadCycle.\r\n'), 11:11:53
bytearray(b'STEPPER: Moved 4200.00 msteps (ramp: 35%) in 1324.888 ms -> average speed [msteps/sec]: 3170.08\r\nreturn;measure;965\r\n'), 11:11:54
bytearray(b'received from UR: buffer -> buffer (0,1)\r\nSending buffer of size 965data;2400,302;2404,454;2408,166;2413,280;2417,322;2421,316;2426,342;2430,314;2434,328;2439,328;2443,320;2447,320;2452,318;2456,316;2460,318;2465,330;2469,322;2474,336;2478,322;2482,322;2487,322;2491,328;2495,326;2500,312;2504,326;2508,326;2513,326;2517,330;2521,330;2526,316;2530,328;2534,328;2539,342;2543,334;2548,318;2552,332;2556,318;2561,332;2565,324;2569,336;2574,322;2578,336;2582,322;2587,336;2591,342;2595,326;2600,326;2604,312;2608,326;2613,310;2617,346;2622,330;2626,344;2630,328;2635,328;2639,320;2643,334;2648,332;2652,318;2656,318;2661,316;2665,338;2669,322;2674,336;2678,320;2682,334;2687,320;2691,326;2696,326;2700,324;2704,324;2709,310;2713,330;2717,330;2722,328;2726,314;2730,342;2735,326;2739,318;2743,332;2748,318;2752,332;2756,316;2761,330;2765,322;2770,336;2774,322;2778,334;2783,318;2787,310;2791,324;2796,310;2800,338;2804,322;2809,324;2813,328;2817,342;2822,314;2826,328;2830,326;2835,340;2839,332;2844,316;2848,316;2852,330;2857,330;2861,308;2865,336;2870,320;2874,320;2878,318;2883,318;2887,324;2891,310;2896,322;2900,322;2904,322;2909,320;2913,326;2918,326;2922,326;2926,324;2931,324;2935,316;2939,316;2944,314;2948,300;2952,314;2957,312;2961,320;2965,318;2970,332;2974,318;2978,332;2983,310;2987,310;2992,308;2996,294;3000,306;3005,306;3009,326;3013,312;3018,324;3022,310;3026,324;3031,308;3035,300;3039,314;3044,298;3048,312;3053,312;3057,318;3061,316;3066,330;3070,316;3074,316;3079,314;3083,320;3087,318;3092,318;3096,318;3100,304;3105,316;3109,308;3113,308;3118,306;3122,320;3127,306;3131,312;3135,324;3140,310;3144,322;3148,308;3153,308;3157,312;3161,328;3166,312;3170,326;3174,310;3179,324;3183,330;3187,314;3192,328;3196,298;3201,312;3205,304;3209,332;3214,316;3218,330;3222,314;3227,328;3231,320;3235,306;3240,318;3244,318;3248,318;3253,316;3257,336;3261,320;3266,322;3270,320;3275,332;3279,324;3283,324;3288,322;3292,308;3296,320;3301,320;3305,326;3309,312;3314,324;3318,310;3322,324;3327,322;3331,316;3335,316;3340,300;3344,314;3349,314;3353,320;3357,304;3362,318;3366,318;3370,318;3375,316;3379,308;3383,322;3388,306;3392,320;3396,320;3401,320;3405,298;3409,326;3414,310;3418,324;3423,308;3427,314;3431,314;3436,300;3440,300;3444,312;3449,312;3453,304;3457,318;3462,304;3466,316;3470,300;3475,294;3479,306;3484,306;3488,304;3492,304;3497,304;3501,310;3505,310;3510,308;3514,322;3518,308;3523,322;3527,314;3531,298;3536,312;3540,298;3544,312;3549,296;3553,316;3558,316;3562,316;3566,314;3571,328;3575,320;3579,318;3584,332;3588,318;3592,316;3597,302;3601,322;3605,320;3610,334;3614,320;3619,334;3623,310;3627,324;3632,322;3636,322;3640,320;3645,306;3649,326;3653,312;3658,324;3662,310;3666,324;3671,308;3675,328;3679,328;3684,326;3688,326;3693,312;3697,310;3701,316;3706,316;3710,314;3714,326;3719,314;3723,306;3727,318;3732,304;3736,316;3740,316;3745,316;3749,308;3753,320;3758,322;3762,320;3767,320;3771,298;3775,310;3780,310;3784,310;3788,296;3793,308;3797,316;3801,316;3806,300;3810,314;3814,314;3819,328;3823,320;3827,304;3832,318;3836,316;3841,316;3845,308;3849,322;3854,306;3858,306;3862,304;3867,304;3871,310;3875,308;3880,322;3884,308;3888,306;3893,304;3897,312;3901,310;3906,310;3910,308;3915,308;3919,314;3923,314;3928,324;3932,312;3936,310;3941,296;3945,318;3949,316;3954,328;3958,314;3962,328;3967,312;3971,304;3975,316;3980,302;3984,316;3989,314;3993,314;3997,320;4002,334;4006,318;4010,332;4015,316;4019,308;4023,322;4028,308;4032,306;4036,306;4041,320;4045,312;4050,326;4054,324;4058,338;4063,322;4067,314;4071,314;4076,300;4080,312;4084,312;4089,312;4093,316;4097,330;4102,316;4106,314;4110,312;4115,304;4119,318;4124,304;4128,316;4132,316;4137,316;4141,320;4145,320;4150,306;4154,320;4158,318;4163,318;4167,324;4171,308;4176,308;4180,308;4185,320;4189,298;4193,312;4198,310;4202,324;4206,308;4211,308;4215,314;4219,298;4224,312;4228,310;4232,310;4237,308;4241,316;4245,314;4250,328;4254,312;4259,312;4263,302;4267,302;4272,314;4276,314;4280,312;4285,298;4289,318;4293,302;4298,302;4302,300;4306,314;4311,312;4315,304;4319,304;4324,288;4328,302;4333,300;4337,320;4341,306;4346,320;4350,304;4354,318;4359,316;4363,308;4367,322;4372,306;4376,306;4380,306;4385,318;4389,324;4393,310;4398,310;4402,324;4407,308;4411,314;4415,328;4420,314;4424,312;4428,312;4433,310;4437,316;4441,318;4446,302;4450,330;4454,314;4459,328;4463,320;4467,318;4472,318;4476,304;4481,316;4485,310;4489,322;4494,308;4498,322;4502,306;4507,320;4511,326;4515,312;4520,312;4524,296;4528,310;4533,296;4537,330;4541,314;4546,314;4550,312;4555,314;4559,318;4563,318;4568,318;4572,304;4576,316;4581,302;4585,320;4589,306;4594,318;4598,304;4602,318;4607,302;4611,310;4616,322;4620,308;4624,320;4629,306;4633,326;4637,312;4642,326;4646,310;4650,324;4655,310;4659,300;4663,300;4668,300;4672,314;4676,298;4681,312;4685,318;4690,318;4694,318;4698,314;4703,316;4707,308;4711,322;4716,308;4720,308;4724,320;4729,320;4733,310;4737,324;4742,308;4746,322;4750,320;4755,312;4759,326;4764,312;4768,310;4772,296;4777,308;4781,314;4785,328;4790,312;4794,326;4798,310;4803,324;4807,316;4811,314;4816,328;4820,314;4825,326;4829,304;4833,318;4838,316;4842,316;4846,300;4851,314;4855,320;4859,320;4864,318;4868,318;4872,316;4877,302;4881,322;4885,320;4890,320;4894,320;4899,320;4903,310;4907,310;4912,306;4916,308;4920,320;4925,306;4929,312;4933,310;4938,324;4942,308;4946,308;4951,306;4955,298;4959,312;4964,312;4968,324;4973,310;4977,316;4981,314;4986,326;4990,312;4994,326;4999,312;5003,304;5007,304;5012,302;5016,302;5020,300;5025,314;5029,306;5033,320;5038,318;5042,318;5047,304;5051,310;5055,308;5060,294;5064,308;5068,308;5073,306;5077,312;5081,312;5086,310;5090,310;5094,308;5099,300;5103,314;5107,298;5112,312;5116,298;5121,310;5125,316;5129,316;5134,314;5138,314;5142,314;5147,314;5151,318;5155,318;5160,318;5164,316;5168,316;5173,308;5177,322;5182,306;5186,334;5190,320;5195,320;5199,324;5203,310;5208,310;5212,322;5216,322;5221,308;5225,328;5229,312;5234,326;5238,310;5242,324;5247,310;5251,302;5256,314;5260,314;5264,314;5269,312;5273,318;5277,316;5282,318;5286,316;5290,314;5295,314;5299,306;5303,306;5308,318;5312,318;5316,318;5321,310;5325,308;5330,322;5334,320;5338,320;5343,306;5347,298;5351,310;5356,310;5360,324;5364,308;5369,308;5373,314;5377,328;5382,312;5386,326;5390,310;5395,302;5399,302;5404,302;5408,302;5412,300;5417,314;5421,306;5425,320;5430,318;5434,318;5438,316;5443,318;5447,308;5451,294;5456,306;5460,306;5464,306;5469,310;5473,310;5478,308;5482,308;5486,308;5491,320;5495,298;5499,312;5504,310;5508,310;5512,308;5517,294;5521,314;5525,314;5530,328;5534,312;5538,326;5543,310;5547,290;5552,316;5556,300;5560,314;5565,300;5569,320;5573,318;5578,332;5582,318;5586,332;5591,316;5595,308;5599,308;5604,294;5608,308;5613,306;5617,320;5621,312;5626,326;5630,312;5634,326;5639,310;5643,302;5647,302;5652,302;5656,314;5660,300;5665,312;5669,318;5673,318;5678,316;5682,328;5687,316;5691,306;5695,306;5700,306;5704,306;5708,304;5713,304;5717,310;5721,322;5726,308;5730,322;5734,322;5739,322;5743,326;5747,312;5752,310;5756,296;5761,310;5765,316;5769,328;5774,314;5778,314;5782,298;5787,314;5791,304;5795,302;5800,316;5804,300;5808,314;5813,306;5817,320;5822,304;5826,318;5830,304;5835,316;5839,308;5843,306;5848,306;5852,320;5856,318;5861,304;5865,324;5869,308;5874,322;5878,308;5882,308;5887,298;5891,298;5896,310;5900,296;5904,308;5909,308;5913,314;5917,312;5922,326;5926,310;5930,324;5935,308;5939,300;5943,314;5948,312;5952,312;5956,298;5961,310;5965,316;5970,314;5974,314;5978,328;5983,312;5987,304;5991,318;5996,302;6000,316;6004,300;6009,314;6013,304;6017,318;6022,304;6026,316;6030,302;6035,306;6039,306;6044,304;6048,290;6052,288;6057,288;6061,294;6065,292;6070,292;6074,304;6078,290;6083,268;6087,280;6091,280;6096,278;6100,278;6104,276;6109,282;6113,254;6118,282;6122,294;6126,292;6131,292;6135,284;6139,282;6144,282;6148,266;6152,280;6157,286;6161,284;6165,284;6170,298;6174,282;6178,282;6183,288;6187,286;6192,284;6196,284;6200,284;6205,282;6209,288;6213,286;6218,272;6222,270;6226,270;6231,276;6235,274;6239,274;6244,258;6248,286;6253,286;6257,292;6261,276;6266,262;6270,262;6274,246;6279,274;6283,278;6287,278;6292,278;6296,276;6300,276;6305,268;6309,282;6314,294;6318,280;6322,280;6327,292;6331,270;6335,270;6340,268;6344,280;6348,266;6353,280;6357,286;6361,298;6366,284;6370,282;6374,282;6379,274;6383,272;6388,272;6392,270;6396,270;6401,268;6405,288;6409,302;6414,286;6418,286;6422,284;6427,270;6431,290;6435,288;6440,288;6444,286;6448,286;6453,264;6457,262;6462,276;6466,290;6470,288;6475,288;6479,278;6483,264;6488,278;6492,262;6496,276;6501,276;6505,268;6509,282;6514,280;6518,294;6522,278;6527,284;6531,270;6536,284;6540,282;6544,282;6549,268;6553,272;6557,286;6562,300;6566,284;6570,284;6575,268;6579,276;6583,288;6588,286;6592,286;6596,284;\r\nBuffer sent in 0.973 secondsreturn;buffer;965\r\n'), 11:11:56
bytearray(b'received from UR: measure -> measure (0,1)\r\nSTEPPER: Moving to mstep: 6600 with speed [msteps/sec]: 1000 in StealthChop.\r\n'), 11:11:57
bytearray(b'STEPPER: Moving to mstep: 2400 with speed [msteps/sec]: 4000 in SpreadCycle.\r\n'), 11:12:01
bytearray(b'STEPPER: Moved 4200.00 msteps (ramp: 35%) in 1324.888 ms -> average speed [msteps/sec]: 3170.08\r\nreturn;measure;965\r\n'), 11:12:02
bytearray(b'received from UR: buffer -> buffer (0,1)\r\nSending buffer of size 965data;2400,308;2404,448;2408,158;2413,272;2417,314;2421,320;2426,334;2430,318;2434,332;2439,330;2443,322;2447,320;2452,320;2456,320;2460,318;2465,330;2469,322;2474,322;2478,320;2482,334;2487,318;2491,326;2495,322;2500,322;2504,334;2508,320;2513,332;2517,324;2521,324;2526,322;2530,336;2534,334;2539,334;2543,326;2548,310;2552,324;2556,322;2561,336;2565,314;2569,326;2574,324;2578,338;2582,322;2587,336;2591,328;2595,300;2600,326;2604,310;2608,324;2613,308;2617,342;2622,326;2626,340;2630,324;2635,338;2639,330;2643,314;2648,328;2652,314;2656,326;2661,326;2665,332;2669,316;2674,330;2678,316;2683,328;2687,326;2691,318;2696,318;2700,316;2704,330;2709,314;2713,334;2717,334;2722,332;2726,318;2730,330;2735,330;2739,306;2743,320;2748,304;2752,332;2757,316;2761,330;2765,320;2770,334;2774,318;2778,332;2783,316;2787,308;2791,336;2796,306;2800,320;2804,304;2809,330;2813,322;2817,336;2822,320;2826,334;2831,318;2835,310;2839,336;2844,322;2848,320;2852,320;2857,318;2861,310;2865,324;2870,308;2874,322;2878,320;2883,332;2887,324;2891,324;2896,322;2900,320;2905,320;2909,324;2913,324;2918,308;2922,322;2926,320;2931,334;2935,324;2939,310;2944,322;2948,306;2952,320;2957,304;2961,324;2965,308;2970,322;2974,306;2979,320;2983,326;2987,310;2992,324;2996,322;3000,320;3005,306;3009,326;3013,310;3018,310;3022,308;3026,308;3031,306;3035,312;3039,324;3044,324;3048,308;3053,306;3057,326;3061,310;3066,310;3070,308;3074,308;3079,306;3083,312;3087,310;3092,310;3096,308;3100,294;3105,306;3109,314;3114,326;3118,310;3122,324;3127,308;3131,314;3135,314;3140,312;3144,326;3148,310;3153,324;3157,314;3161,314;3166,312;3170,326;3174,312;3179,324;3183,316;3188,316;3192,328;3196,314;3201,328;3205,318;3209,332;3214,316;3218,330;3222,314;3227,330;3231,320;3235,304;3240,318;3244,302;3248,316;3253,314;3257,334;3262,318;3266,332;3270,316;3275,330;3279,336;3283,322;3288,320;3292,320;3296,318;3301,316;3305,322;3309,308;3314,322;3318,320;3323,320;3327,318;3331,310;3336,324;3340,308;3344,322;3349,306;3353,326;3357,312;3362,326;3366,310;3370,324;3375,308;3379,314;3383,314;3388,298;3392,312;3397,310;3401,316;3405,302;3410,316;3414,314;3418,328;3423,312;3427,304;3431,318;3436,302;3440,302;3444,314;3449,314;3453,306;3457,318;3462,304;3466,318;3471,302;3475,310;3479,322;3484,306;3488,306;3492,306;3497,306;3501,310;3505,324;3510,322;3514,294;3518,306;3523,320;3527,312;3531,298;3536,324;3540,310;3545,322;3549,314;3553,314;3558,312;3562,326;3566,310;3571,324;3575,314;3579,300;3584,328;3588,312;3592,326;3597,310;3601,330;3605,314;3610,328;3614,312;3619,326;3623,318;3627,302;3632,316;3636,314;3640,328;3645,312;3649,332;3653,318;3658,332;3662,316;3666,330;3671,314;3675,306;3679,320;3684,320;3688,332;3693,332;3697,324;3701,308;3706,322;3710,320;3714,320;3719,318;3723,296;3727,324;3732,308;3736,322;3740,308;3745,320;3749,312;3753,326;3758,312;3762,324;3767,324;3771,302;3775,314;3780,300;3784,314;3788,298;3793,326;3797,304;3801,316;3806,316;3810,316;3814,314;3819,306;3823,320;3828,304;3832,304;3836,302;3841,302;3845,308;3849,294;3854,306;3858,318;3862,304;3867,318;3871,322;3875,308;3880,306;3884,306;3888,306;3893,312;3897,310;3902,310;3906,322;3910,308;3915,322;3919,312;3923,298;3928,312;3932,310;3936,324;3941,308;3945,314;3949,314;3954,314;3958,312;3962,326;3967,310;3971,316;3976,314;3980,314;3984,328;3989,312;3993,332;3997,316;4002,330;4006,314;4010,328;4015,312;4019,304;4023,316;4028,302;4032,316;4036,314;4041,314;4045,318;4050,332;4054,316;4058,330;4063,316;4067,306;4071,320;4076,318;4080,332;4084,318;4089,316;4093,308;4097,322;4102,320;4106,320;4110,318;4115,318;4119,324;4124,308;4128,322;4132,306;4137,318;4141,310;4145,310;4150,308;4154,320;4158,306;4163,318;4167,308;4171,294;4176,322;4180,306;4185,320;4189,296;4193,310;4198,308;4202,322;4206,308;4211,320;4215,312;4219,310;4224,310;4228,308;4232,306;4237,304;4241,312;4245,310;4250,310;4254,308;4259,310;4263,314;4267,298;4272,312;4276,298;4280,310;4285,308;4289,300;4293,298;4298,312;4302,310;4306,310;4311,308;4315,300;4319,314;4324,298;4328,312;4333,296;4337,330;4341,316;4346,328;4350,314;4354,328;4359,312;4363,302;4367,318;4372,302;4376,330;4380,314;4385,314;4389,306;4394,332;4398,318;4402,330;4407,316;4411,306;4415,320;4420,306;4424,318;4428,318;4433,316;4437,308;4441,322;4446,318;4450,318;4454,302;4459,308;4463,308;4468,306;4472,320;4476,318;4481,316;4485,308;4489,322;4494,320;4498,320;4502,318;4507,318;4511,322;4515,308;4520,322;4524,306;4528,318;4533,312;4537,324;4542,324;4546,324;4550,322;4555,322;4559,314;4563,298;4568,312;4572,310;4576,322;4581,308;4585,328;4589,312;4594,326;4598,310;4602,310;4607,308;4611,300;4616,312;4620,312;4624,310;4629,310;4633,316;4637,314;4642,314;4646,312;4650,312;4655,296;4659,300;4663,316;4668,300;4672,314;4676,298;4681,312;4685,316;4690,316;4694,316;4698,316;4703,314;4707,304;4711,304;4716,302;4720,316;4724,300;4729,314;4733,320;4737,318;4742,318;4746,318;4750,316;4755,308;4759,320;4764,306;4768,320;4772,318;4777,332;4781,308;4785,322;4790,308;4794,320;4798,306;4803,334;4807,324;4811,310;4816,310;4820,294;4825,308;4829,312;4833,326;4838,312;4842,326;4846,310;4851,324;4855,316;4859,314;4864,314;4868,312;4872,314;4877,310;4881,318;4885,316;4890,330;4894,314;4899,328;4903,318;4907,318;4912,318;4916,316;4920,316;4925,314;4929,320;4933,318;4938,320;4942,318;4946,318;4951,316;4955,308;4960,320;4964,306;4968,306;4973,304;4977,310;4981,308;4986,308;4990,308;4994,322;4999,306;5003,298;5007,310;5012,296;5016,310;5020,308;5025,300;5029,300;5034,312;5038,312;5042,312;5047,310;5051,316;5055,314;5060,314;5064,314;5068,300;5073,312;5077,318;5081,318;5086,316;5090,302;5094,300;5099,306;5103,320;5108,304;5112,318;5116,302;5121,316;5125,308;5129,322;5134,306;5138,318;5142,318;5147,318;5151,322;5155,308;5160,322;5164,306;5168,320;5173,304;5177,324;5182,310;5186,322;5190,308;5195,322;5199,312;5203,312;5208,324;5212,310;5216,320;5221,308;5225,328;5229,312;5234,326;5238,310;5242,326;5247,310;5251,302;5256,314;5260,300;5264,314;5269,312;5273,318;5277,316;5282,316;5286,314;5290,316;5295,314;5299,320;5303,318;5308,304;5312,314;5316,316;5321,328;5325,306;5330,306;5334,306;5338,320;5343,318;5347,296;5351,310;5356,296;5360,322;5364,308;5369,322;5373,298;5377,312;5382,312;5386,326;5391,310;5395,302;5399,302;5404,300;5408,314;5412,298;5417,312;5421,318;5425,318;5430,314;5434,316;5438,302;5443,314;5447,320;5451,306;5456,304;5460,302;5465,316;5469,308;5473,308;5478,306;5482,306;5486,306;5491,318;5495,312;5499,296;5504,308;5508,294;5512,308;5517,308;5521,328;5525,312;5530,298;5534,310;5539,324;5543,316;5547,314;5552,314;5556,312;5560,312;5565,298;5569,332;5573,316;5578,330;5582,316;5586,328;5591,314;5595,306;5600,318;5604,304;5608,318;5613,302;5617,322;5621,308;5626,320;5630,306;5634,318;5639,304;5643,310;5647,322;5652,308;5656,320;5660,306;5665,318;5669,310;5674,310;5678,310;5682,322;5687,308;5691,314;5695,312;5700,312;5704,310;5708,310;5713,324;5717,300;5721,312;5726,312;5730,326;5734,310;5739,310;5743,316;5748,300;5752,314;5756,312;5761,326;5765,302;5769,316;5774,302;5778,314;5782,312;5787,328;5791,318;5795,304;5800,316;5804,302;5808,314;5813,306;5817,320;5822,306;5826,318;5830,316;5835,330;5839,308;5843,306;5848,306;5852,292;5856,306;5861,304;5865,310;5869,294;5874,308;5878,306;5882,306;5887,306;5891,312;5896,310;5900,310;5904,308;5909,308;5913,314;5917,312;5922,326;5926,312;5930,324;5935,310;5939,300;5943,314;5948,300;5952,314;5957,298;5961,312;5965,318;5970,332;5974,316;5978,330;5983,314;5987,306;5991,306;5996,290;6000,318;6004,302;6009,316;6013,308;6017,322;6022,306;6026,320;6031,320;6035,310;6039,310;6044,296;6048,294;6052,294;6057,258;6061,284;6065,298;6070,296;6074,296;6078,296;6083,272;6087,286;6091,272;6096,284;6100,270;6105,284;6109,290;6113,288;6118,288;6122,288;6126,286;6131,300;6135,292;6139,290;6144,276;6148,290;6152,274;6157,294;6161,294;6165,278;6170,278;6174,276;6179,290;6183,282;6187,268;6192,280;6196,266;6200,276;6205,264;6209,298;6213,282;6218,282;6222,280;6226,266;6231,286;6235,286;6239,284;6244,284;6248,270;6253,282;6257,274;6261,288;6266,288;6270,284;6274,270;6279,284;6283,276;6287,274;6292,274;6296,274;6300,274;6305,292;6309,292;6313,278;6318,276;6322,276;6327,288;6331,280;6335,280;6340,278;6344,278;6348,278;6353,276;6357,296;6361,294;6366,294;6370,294;6374,294;6379,256;6383,284;6387,282;6392,282;6396,282;6401,280;6405,286;6409,300;6414,282;6418,298;6422,282;6427,260;6431,288;6435,274;6440,286;6444,258;6448,284;6453,290;6457,290;6462,290;6466,288;6470,288;6475,286;6479,264;6483,264;6488,278;6492,264;6496,276;6501,282;6505,268;6509,280;6514,280;6518,294;6522,278;6527,270;6531,256;6536,282;6540,268;6544,268;6549,266;6553,272;6557,286;6562,284;6566,284;6570,284;6575,276;6579,260;6583,276;6588,274;6592,274;6597,286;\r\nBuffer sent in 0.973 secondsreturn;buffer;965\r\n'), 11:12:04
bytearray(b'received from UR: measure -> measure (0,1)\r\nSTEPPER: Moving to mstep: 6600 with speed [msteps/sec]: 1000 in StealthChop.\r\n'), 11:12:05
bytearray(b'STEPPER: Moving to mstep: 2400 with speed [msteps/sec]: 4000 in SpreadCycle.\r\n'), 11:12:10
bytearray(b'STEPPER: Moved 4200.00 msteps (ramp: 35%) in 1324.888 ms -> average speed [msteps/sec]: 3170.08\r\nreturn;measure;965\r\n'), 11:12:11
bytearray(b'received from UR: buffer -> buffer (0,1)\r\nSending buffer of size 965data;2400,300;2404,448;2408,158;2413,272;2417,312;2421,320;2426,334;2430,318;2434,346;2439,330;2443,322;2447,320;2452,308;2456,320;2460,318;2465,332;2469,324;2474,322;2478,322;2482,334;2487,334;2491,326;2495,326;2500,310;2504,324;2508,322;2513,336;2517,314;2521,326;2526,326;2530,326;2534,324;2539,326;2543,330;2548,314;2552,328;2556,314;2561,328;2565,320;2569,332;2574,318;2578,332;2582,330;2587,330;2591,336;2595,308;2600,334;2604,320;2609,332;2613,318;2617,338;2622,324;2626,338;2630,322;2635,336;2639,328;2643,314;2648,326;2652,326;2656,324;2661,310;2665,330;2669,330;2674,330;2678,328;2683,328;2687,326;2691,318;2696,332;2700,318;2704,330;2709,316;2713,336;2717,336;2722,336;2726,334;2730,334;2735,318;2739,310;2743,324;2748,324;2752,338;2757,310;2761,322;2765,314;2770,330;2774,326;2778,342;2783,326;2787,304;2791,332;2796,318;2800,344;2804,330;2809,330;2813,320;2817,336;2822,320;2826,334;2831,318;2835,310;2839,324;2844,310;2848,324;2852,322;2857,322;2861,314;2865,328;2870,312;2874,326;2878,312;2883,326;2887,332;2891,316;2896,316;2900,316;2905,330;2909,320;2913,320;2918,320;2922,334;2926,318;2931,332;2935,324;2939,310;2944,322;2948,308;2952,322;2957,308;2961,328;2965,312;2970,326;2974,312;2979,324;2983,316;2987,302;2992,328;2996,314;3000,312;3005,298;3009,318;3013,304;3018,316;3022,302;3026,316;3031,314;3035,306;3039,320;3044,320;3048,306;3053,304;3057,324;3061,308;3066,308;3070,308;3074,308;3079,304;3083,312;3087,312;3092,310;3096,310;3100,310;3105,322;3109,314;3114,314;3118,312;3122,326;3127,312;3131,302;3135,316;3140,302;3144,314;3148,300;3153,314;3157,318;3161,320;3166,316;3170,330;3174,316;3179,306;3183,334;3188,306;3192,318;3196,304;3201,318;3205,310;3209,336;3214,322;3218,336;3222,320;3227,334;3231,326;3235,312;3240,324;3244,324;3249,310;3253,314;3257,328;3262,312;3266,326;3270,310;3275,324;3279,316;3283,314;3288,328;3292,314;3296,312;3301,312;3305,330;3309,316;3314,316;3318,314;3323,314;3327,320;3331,306;3336,318;3340,302;3344,316;3349,302;3353,320;3357,320;3362,320;3366,318;3370,318;3375,304;3379,308;3383,322;3388,306;3392,306;3397,304;3401,318;3405,310;3410,324;3414,308;3418,308;3423,306;3427,312;3431,326;3436,312;3440,310;3444,308;3449,308;3453,314;3457,328;3462,312;3466,324;3471,310;3475,302;3479,314;3484,300;3488,314;3492,298;3497,312;3501,318;3505,304;3510,302;3514,316;3518,316;3523,314;3527,306;3531,306;3536,318;3540,304;3545,318;3549,322;3553,322;3558,320;3562,320;3566,320;3571,334;3575,324;3579,310;3584,324;3588,308;3592,322;3597,308;3601,328;3605,312;3610,328;3614,312;3619,326;3623,318;3627,304;3632,316;3636,316;3640,314;3645,314;3649,334;3653,320;3658,332;3662,318;3666,332;3671,316;3675,308;3680,308;3684,306;3688,320;3693,318;3697,324;3701,308;3706,322;3710,308;3714,322;3719,320;3723,312;3727,326;3732,310;3736,324;3740,310;3745,322;3749,314;3754,328;3758,312;3762,326;3767,310;3771,302;3775,314;3780,300;3784,314;3788,298;3793,312;3797,304;3801,318;3806,316;3810,330;3814,314;3819,306;3823,320;3828,304;3832,318;3836,304;3841,302;3845,308;3849,322;3854,306;3858,320;3862,304;3867,318;3871,310;3875,308;3880,308;3884,294;3889,306;3893,312;3897,312;3902,296;3906,310;3910,308;3915,322;3919,314;3923,298;3928,312;3932,298;3936,324;3941,296;3945,316;3949,314;3954,328;3958,314;3963,328;3967,312;3971,318;3976,332;3980,304;3984,316;3989,316;3993,322;3997,308;4002,334;4006,320;4010,334;4015,318;4019,312;4023,310;4028,308;4032,322;4037,308;4041,320;4045,312;4050,326;4054,310;4058,338;4063,320;4067,302;4071,314;4076,314;4080,312;4084,326;4089,312;4093,316;4097,330;4102,314;4106,328;4111,312;4115,318;4119,318;4124,302;4128,316;4132,314;4137,314;4141,318;4145,318;4150,318;4154,318;4158,316;4163,316;4167,308;4171,306;4176,306;4180,290;4185,316;4189,308;4193,322;4198,306;4202,320;4206,304;4211,318;4215,308;4219,308;4224,306;4228,292;4232,304;4237,304;4241,310;4246,308;4250,308;4254,306;4259,320;4263,310;4267,296;4272,308;4276,308;4280,308;4285,292;4289,312;4293,310;4298,310;4302,308;4306,308;4311,314;4315,298;4320,312;4324,296;4328,310;4333,296;4337,330;4341,314;4346,314;4350,312;4354,312;4359,310;4363,316;4367,330;4372,302;4376,328;4380,312;4385,326;4389,318;4394,332;4398,316;4402,316;4407,314;4411,306;4415,318;4420,304;4424,318;4428,316;4433,316;4437,308;4441,320;4446,306;4450,334;4454,318;4459,310;4463,308;4468,308;4472,320;4476,306;4481,320;4485,310;4489,324;4494,322;4498,322;4502,320;4507,320;4511,324;4515,324;4520,322;4524,306;4529,320;4533,312;4537,310;4542,310;4546,310;4550,308;4555,322;4559,312;4563,298;4568,310;4572,296;4576,308;4581,294;4585,328;4589,314;4594,326;4598,310;4603,324;4607,316;4611,302;4616,314;4620,314;4624,312;4629,312;4633,318;4637,302;4642,316;4646,302;4650,314;4655,298;4659,304;4663,318;4668,302;4672,316;4677,314;4681,306;4685,304;4690,318;4694,304;4698,302;4703,302;4707,306;4711,320;4716,304;4720,318;4724,304;4729,318;4733,308;4737,322;4742,320;4746,320;4751,318;4755,296;4759,310;4764,308;4768,322;4772,306;4777,320;4781,312;4785,326;4790,310;4794,324;4798,308;4803,322;4807,314;4812,300;4816,312;4820,296;4825,310;4829,316;4833,330;4838,314;4842,328;4846,312;4851,326;4855,318;4859,304;4864,316;4868,302;4872,302;4877,300;4881,320;4886,320;4890,320;4894,318;4899,318;4903,310;4907,308;4912,322;4916,308;4920,322;4925,306;4929,326;4933,312;4938,326;4942,312;4946,324;4951,324;4955,300;4960,314;4964,300;4968,314;4973,300;4977,320;4981,306;4986,318;4990,318;4994,330;4999,316;5003,308;5007,320;5012,306;5016,320;5020,318;5025,318;5029,310;5034,322;5038,308;5042,322;5047,306;5051,312;5055,312;5060,310;5064,310;5068,308;5073,308;5077,314;5081,298;5086,298;5090,312;5094,310;5099,302;5103,316;5108,316;5112,314;5116,300;5121,312;5125,304;5129,318;5134,316;5138,316;5142,316;5147,330;5151,320;5155,306;5160,320;5164,304;5168,318;5173,308;5177,324;5182,308;5186,336;5190,306;5195,320;5199,326;5203,298;5208,312;5212,310;5216,308;5221,294;5225,314;5229,314;5234,326;5238,312;5242,326;5247,304;5251,302;5256,316;5260,316;5264,314;5269,300;5273,320;5277,306;5282,318;5286,304;5290,318;5295,302;5299,308;5303,308;5308,320;5312,306;5317,304;5321,318;5325,310;5330,324;5334,322;5338,322;5343,322;5347,298;5351,312;5356,312;5360,324;5364,296;5369,308;5373,316;5378,328;5382,314;5386,314;5391,312;5395,304;5399,304;5404,302;5408,316;5412,302;5417,302;5421,306;5425,320;5430,306;5434,318;5438,304;5443,316;5447,308;5452,308;5456,322;5460,292;5465,306;5469,312;5473,312;5478,310;5482,324;5486,308;5491,308;5495,300;5499,298;5504,312;5508,310;5512,324;5517,302;5521,316;5526,314;5530,314;5534,314;5539,326;5543,304;5547,290;5552,316;5556,302;5560,316;5565,300;5569,334;5573,318;5578,318;5582,316;5586,330;5591,314;5595,306;5600,320;5604,306;5608,306;5613,290;5617,324;5621,310;5626,338;5630,308;5634,322;5639,322;5643,300;5647,312;5652,312;5656,312;5660,310;5665,310;5669,316;5674,316;5678,314;5682,314;5687,314;5691,320;5695,318;5700,318;5704,318;5708,304;5713,304;5717,310;5721,322;5726,306;5730,308;5734,306;5739,320;5743,326;5748,312;5752,310;5756,310;5761,322;5765,314;5769,314;5774,300;5778,312;5782,312;5787,326;5791,318;5795,316;5800,316;5804,300;5809,314;5813,306;5817,320;5822,306;5826,318;5830,304;5835,316;5839,308;5843,308;5848,306;5852,306;5856,318;5861,304;5865,310;5869,310;5874,310;5878,308;5883,308;5887,312;5891,312;5896,324;5900,310;5904,308;5909,308;5913,314;5917,312;5922,312;5926,310;5930,324;5935,310;5939,300;5943,314;5948,298;5952,312;5957,310;5961,316;5965,314;5970,316;5974,314;5978,328;5983,312;5987,304;5991,316;5996,302;6000,316;6004,300;6009,314;6013,306;6017,332;6022,318;6026,330;6031,314;6035,308;6039,306;6044,292;6048,304;6052,290;6057,290;6061,294;6065,294;6070,292;6074,292;6078,290;6083,268;6087,280;6091,280;6096,278;6100,278;6105,292;6109,284;6113,268;6118,282;6122,294;6126,294;6131,272;6135,284;6139,270;6144,284;6148,268;6152,280;6157,284;6161,286;6165,284;6170,284;6174,282;6179,296;6183,274;6187,272;6192,286;6196,284;6200,284;6205,282;6209,290;6213,288;6218,274;6222,286;6226,286;6231,276;6235,290;6240,290;6244,288;6248,288;6253,288;6257,278;6261,276;6266,278;6270,276;6274,290;6279,274;6283,280;6287,280;6292,278;6296,278;6300,276;6305,282;6309,282;6314,282;6318,280;6322,250;6327,278;6331,282;6335,282;6340,282;6344,294;6348,280;6353,278;6357,284;6361,286;6366,282;6370,254;6374,282;6379,286;6383,286;6388,286;6392,284;6396,282;6401,282;6405,274;6409,288;6414,272;6418,258;6422,286;6427,278;6431,276;6435,276;6440,274;6444,274;6449,260;6453,280;6457,292;6462,278;6466,278;6470,276;6475,248;6479,282;6483,280;6488,280;6492,278;6496,264;6501,284;6505,282;6509,282;6514,266;6518,266;6523,264;6527,270;6531,270;6536,282;6540,268;6544,282;6549,266;6553,258;6557,286;6562,284;6566,284;6570,284;6575,274;6579,260;6583,272;6588,258;6592,286;6597,284;\r\nBuffer sent in 0.973 secondsreturn;buffer;965\r\n'), 11:12:13
bytearray(b'received from UR: measure -> measure (0,1)\r\nSTEPPER: Moving to mstep: 6600 with speed [msteps/sec]: 1000 in StealthChop.\r\n'), 11:12:14
bytearray(b'STEPPER: Moving to mstep: 2400 with speed [msteps/sec]: 4000 in SpreadCycle.\r\n'), 11:12:18
bytearray(b'STEPPER: Moved 4200.00 msteps (ramp: 35%) in 1324.888 ms -> average speed [msteps/sec]: 3170.08\r\nreturn;measure;965\r\n'), 11:12:20
bytearray(b'received from UR: buffer -> buffer (0,1)\r\nSending buffer of size 965data;2400,300;2404,468;2408,138;2413,280;2417,320;2421,328;2426,340;2430,312;2434,340;2439,324;2443,316;2447,330;2452,314;2456,328;2460,312;2465,326;2469,332;2474,330;2478,316;2482,330;2487,326;2491,318;2495,332;2500,316;2504,330;2508,316;2513,330;2517,320;2521,334;2526,318;2530,330;2534,330;2539,330;2543,334;2548,320;2552,332;2556,304;2561,332;2565,322;2569,336;2574,320;2578,334;2582,318;2587,332;2591,322;2595,308;2600,334;2604,306;2608,332;2613,318;2617,338;2622,322;2626,336;2630,320;2635,334;2639,324;2643,310;2648,324;2652,308;2656,320;2661,320;2665,340;2669,324;2674,338;2678,322;2682,336;2687,320;2691,312;2696,326;2700,310;2704,324;2709,310;2713,330;2717,328;2722,340;2726,326;2730,338;2735,324;2739,314;2743,328;2748,312;2752,326;2756,310;2761,324;2765,328;2770,342;2774,328;2778,340;2783,326;2787,318;2791,330;2796,302;2800,328;2804,312;2809,326;2813,318;2817,346;2822,330;2826,344;2831,328;2835,342;2839,320;2844,304;2848,316;2852,316;2857,316;2861,320;2865,334;2870,318;2874,332;2878,316;2883,330;2887,320;2891,306;2896,318;2900,318;2905,318;2909,322;2913,336;2918,322;2922,334;2926,318;2931,332;2935,322;2939,308;2944,320;2948,306;2952,318;2957,302;2961,324;2965,322;2970,322;2974,320;2979,334;2983,312;2987,296;2992,310;2996,294;3000,308;3005,292;3009,328;3013,312;3018,326;3022,310;3026,324;3031,310;3035,300;3039,314;3044,300;3048,312;3053,296;3057,310;3061,316;3066,316;3070,314;3074,314;3079,312;3083,318;3087,316;3092,302;3096,316;3100,314;3105,314;3109,320;3113,320;3118,318;3122,318;3127,316;3131,294;3135,322;3140,292;3144,320;3148,304;3153,318;3157,310;3161,324;3166,322;3170,336;3174,320;3179,334;3183,326;3187,298;3192,324;3196,308;3201,322;3205,314;3209,342;3214,326;3218,340;3222,310;3227,338;3231,316;3235,300;3240,326;3244,312;3248,312;3253,310;3257,330;3261,316;3266,328;3270,312;3275,326;3279,318;3283,302;3288,316;3292,314;3296,314;3301,312;3305,332;3309,318;3314,332;3318,316;3322,330;3327,328;3331,306;3336,320;3340,304;3344,318;3349,302;3353,322;3357,322;3362,320;3366,320;3370,332;3375,318;3379,294;3383,308;3388,306;3392,320;3396,292;3401,318;3405,310;3410,324;3414,308;3418,322;3423,322;3427,298;3431,312;3436,298;3440,312;3444,298;3449,310;3453,316;3457,316;3462,316;3466,328;3470,314;3475,292;3479,304;3484,304;3488,302;3492,302;3497,314;3501,318;3505,320;3510,318;3514,318;3518,316;3523,330;3527,322;3531,292;3536,320;3540,290;3545,318;3549,302;3553,322;3558,322;3562,334;3566,320;3571,334;3575,324;3579,308;3584,322;3588,308;3592,322;3597,306;3601,340;3605,310;3610,338;3614,322;3619,336;3623,314;3627,312;3632,312;3636,310;3640,324;3645,308;3649,328;3653,314;3658,328;3662,326;3666,326;3671,324;3675,316;3679,314;3684,300;3688,314;3693,312;3697,312;3701,316;3706,330;3710,316;3714,328;3719,314;3723,304;3727,318;3732,302;3736,316;3740,302;3745,314;3749,320;3753,320;3758,318;3762,318;3767,316;3771,308;3775,308;3780,292;3784,320;3788,304;3793,318;3797,308;3801,324;3806,320;3810,320;3814,320;3819,332;3823,310;3827,294;3832,308;3836,308;3841,306;3845,312;3849,324;3854,308;3858,322;3862,308;3867,320;3871,310;3875,296;3880,310;3884,294;3888,308;3893,292;3897,326;3901,310;3906,324;3910,308;3915,322;3919,312;3923,296;3928,310;3932,294;3936,322;3941,292;3945,326;3949,324;3954,324;3958,322;3962,322;3967,320;3971,298;3976,324;3980,310;3984,322;3989,308;3993,328;3997,312;4002,338;4006,310;4010,336;4015,320;4019,298;4023,312;4028,310;4032,310;4036,308;4041,320;4045,312;4050,326;4054,310;4058,336;4063,322;4067,300;4071,324;4076,310;4080,310;4084,308;4089,320;4093,326;4097,326;4102,312;4106,310;4111,308;4115,314;4119,328;4124,298;4128,326;4132,298;4137,310;4141,316;4145,328;4150,314;4154,326;4158,312;4163,326;4167,316;4171,302;4176,314;4180,300;4185,312;4189,316;4193,330;4198,314;4202,328;4206,312;4211,326;4215,304;4219,302;4224,314;4228,300;4232,312;4237,298;4241,318;4245,316;4250,314;4254,314;4259,326;4263,304;4267,290;4272,312;4276,300;4280,300;4285,298;4289,318;4293,316;4298,316;4302,314;4306,314;4311,312;4315,290;4319,316;4324,300;4328,314;4333,298;4337,320;4341,316;4346,330;4350,314;4354,328;4359,312;4363,304;4367,316;4372,302;4376,314;4380,298;4385,326;4389,318;4393,330;4398,314;4402,328;4407,312;4411,304;4415,316;4420,302;4424,314;4428,300;4433,312;4437,318;4441,332;4446,316;4450,328;4454,314;4459,328;4463,318;4467,304;4472,316;4476,302;4481,314;4485,318;4489,332;4494,318;4498,332;4502,316;4507,330;4511,320;4515,306;4520,318;4524,302;4528,316;4533,300;4537,320;4542,318;4546,332;4550,318;4555,316;4559,320;4563,306;4568,306;4572,290;4576,316;4581,302;4585,322;4589,308;4594,322;4598,318;4602,318;4607,308;4611,294;4616,308;4620,292;4624,306;4629,304;4633,324;4637,308;4642,322;4646,308;4650,320;4655,304;4659,296;4663,310;4668,294;4672,308;4676,306;4681,306;4685,312;4690,324;4694,310;4698,322;4703,308;4707,298;4711,312;4716,296;4720,310;4724,294;4729,308;4733,314;4737,326;4742,312;4746,324;4750,310;4755,300;4759,314;4764,298;4768,326;4772,312;4777,324;4781,316;4785,330;4790,314;4794,328;4798,312;4803,340;4807,316;4811,302;4816,314;4820,314;4824,312;4829,296;4833,332;4838,316;4842,330;4846,314;4851,328;4855,318;4859,302;4864,316;4868,302;4872,316;4877,300;4881,322;4885,320;4890,320;4894,318;4898,330;4903,308;4907,306;4912,320;4916,304;4920,318;4925,302;4929,322;4933,322;4938,320;4942,318;4946,332;4951,316;4955,294;4959,320;4964,306;4968,318;4973,302;4977,316;4981,308;4986,320;4990,306;4994,332;4999,316;5003,294;5007,308;5012,306;5016,304;5020,302;5025,316;5029,308;5033,320;5038,306;5042,330;5047,318;5051,294;5055,308;5060,306;5064,306;5068,292;5073,304;5077,310;5081,310;5086,308;5090,322;5094,320;5099,298;5103,312;5108,296;5112,310;5116,294;5121,308;5125,312;5129,326;5134,310;5138,324;5142,322;5147,320;5151,312;5155,296;5160,310;5164,294;5168,322;5173,306;5177,328;5182,312;5186,326;5190,310;5195,324;5199,314;5203,300;5208,312;5212,298;5216,310;5221,308;5225,330;5229,314;5234,328;5238,312;5242,326;5247,310;5251,300;5256,312;5260,298;5264,312;5269,310;5273,330;5277,314;5282,328;5286,314;5290,326;5295,310;5299,302;5303,316;5308,300;5312,312;5316,312;5321,326;5325,316;5330,330;5334,316;5338,328;5343,312;5347,304;5351,318;5356,302;5360,316;5364,300;5369,314;5373,306;5377,332;5382,316;5386,330;5390,314;5395,292;5399,306;5404,290;5408,318;5412,302;5417,316;5421,308;5425,320;5430,318;5434,318;5438,316;5443,330;5447,308;5451,292;5456,306;5460,304;5464,302;5469,308;5473,322;5478,320;5482,320;5486,304;5491,318;5495,308;5499,294;5504,306;5508,304;5512,304;5517,290;5521,324;5525,322;5530,320;5534,320;5539,320;5543,324;5547,308;5552,322;5556,306;5560,320;5565,304;5569,324;5573,310;5578,324;5582,322;5586,322;5591,320;5595,298;5599,312;5604,296;5608,310;5613,308;5617,328;5621,312;5626,326;5630,310;5634,324;5639,308;5643,300;5647,312;5652,298;5656,310;5660,308;5665,308;5669,314;5674,326;5678,312;5682,324;5687,308;5691,314;5695,312;5700,298;5704,310;5708,308;5713,308;5717,312;5721,326;5726,310;5730,324;5734,308;5739,300;5743,312;5748,310;5752,324;5756,310;5761,308;5765,314;5769,314;5774,310;5778,324;5782,310;5787,322;5791,314;5795,298;5800,312;5804,296;5808,308;5813,292;5817,328;5822,312;5826,326;5830,310;5835,324;5839,314;5843,298;5848,312;5852,296;5856,310;5861,294;5865,314;5869,312;5874,312;5878,310;5882,324;5887,302;5891,300;5896,314;5900,298;5904,310;5909,296;5913,318;5917,316;5922,316;5926,314;5930,314;5935,312;5939,302;5943,316;5948,302;5952,328;5956,298;5961,314;5965,318;5970,330;5974,316;5978,330;5983,314;5987,290;5991,318;5996,302;6000,316;6004,300;6009,314;6013,318;6017,332;6022,316;6026,328;6031,314;6035,292;6039,304;6044,290;6048,288;6052,286;6057,286;6061,292;6065,290;6070,288;6074,288;6078,300;6083,278;6087,276;6091,276;6096,288;6100,272;6105,286;6109,292;6113,278;6118,288;6122,302;6126,286;6131,286;6135,290;6139,276;6144,274;6148,258;6152,286;6157,292;6161,290;6165,276;6170,248;6174,274;6179,286;6183,292;6187,292;6192,278;6196,276;6200,288;6205,288;6209,280;6213,280;6218,278;6222,290;6226,290;6231,280;6235,294;6240,292;6244,262;6248,276;6253,274;6257,266;6261,278;6266,292;6270,290;6274,290;6279,266;6283,252;6287,280;6292,278;6296,292;6300,262;6305,296;6309,294;6314,294;6318,292;6322,278;6327,278;6331,284;6335,282;6340,282;6344,282;6348,266;6353,278;6357,284;6361,298;6366,282;6370,296;6374,280;6379,286;6383,286;6388,270;6392,284;6396,270;6401,268;6405,288;6409,302;6414,284;6418,284;6422,270;6427,254;6431,274;6435,288;6440,272;6444,258;6448,284;6453,276;6457,274;6462,288;6466,288;6470,286;6475,286;6479,262;6483,276;6488,274;6492,274;6496,272;6501,278;6505,276;6509,276;6514,262;6518,290;6522,288;6527,266;6531,264;6536,278;6540,264;6544,276;6549,276;6553,280;6557,278;6562,278;6566,292;6570,292;6575,268;6579,254;6583,282;6588,280;6592,280;6596,280;\r\nBuffer sent in 0.973 secondsreturn;buffer;965\r\n'), 11:12:22
bytearray(b'received from UR: measure -> measure (0,1)\r\nSTEPPER: Moving to mstep: 6600 with speed [msteps/sec]: 1000 in StealthChop.\r\n'), 11:12:23
bytearray(b'STEPPER: Moving to mstep: 2400 with speed [msteps/sec]: 4000 in SpreadCycle.\r\n'), 11:12:27
bytearray(b'STEPPER: Moved 4200.00 msteps (ramp: 35%) in 1324.888 ms -> average speed [msteps/sec]: 3170.08\r\nreturn;measure;965\r\n'), 11:12:28
bytearray(b'received from UR: buffer -> buffer (0,1)\r\nSending buffer of size 965data;2400,298;2404,462;2408,144;2413,272;2417,328;2421,320;2426,334;2430,318;2434,332;2439,318;2443,324;2447,322;2452,322;2456,320;2460,320;2465,320;2469,326;2473,340;2478,324;2482,324;2487,322;2491,328;2495,328;2500,314;2504,314;2508,312;2513,326;2517,318;2521,332;2526,330;2530,330;2534,328;2539,328;2543,334;2548,320;2552,318;2556,304;2561,318;2565,322;2569,336;2574,322;2578,334;2582,320;2587,334;2591,324;2595,324;2600,324;2604,320;2608,322;2613,306;2617,340;2622,324;2626,326;2630,324;2635,336;2639,328;2643,314;2648,312;2652,310;2656,324;2661,324;2665,330;2669,328;2674,328;2678,328;2682,328;2687,326;2691,320;2696,318;2700,316;2704,330;2709,330;2713,336;2717,320;2722,334;2726,318;2730,332;2735,318;2739,310;2743,324;2748,322;2752,334;2757,318;2761,318;2765,324;2770,336;2774,322;2778,336;2783,320;2787,312;2791,326;2796,324;2800,324;2804,322;2809,322;2813,328;2817,342;2822,326;2826,328;2831,326;2835,338;2839,330;2844,316;2848,316;2852,316;2857,328;2861,320;2865,334;2870,318;2874,332;2878,318;2883,316;2887,322;2891,322;2896,320;2900,318;2905,318;2909,324;2913,324;2918,322;2922,336;2926,320;2931,320;2935,326;2939,298;2944,310;2948,310;2952,322;2957,308;2961,314;2965,312;2970,326;2974,310;2979,324;2983,316;2987,302;2992,328;2996,314;3000,312;3005,298;3009,318;3013,304;3018,316;3022,316;3026,316;3031,314;3035,306;3039,306;3044,318;3048,304;3053,302;3057,322;3061,306;3066,320;3070,306;3074,318;3079,316;3083,308;3087,308;3092,306;3096,306;3100,292;3105,318;3109,324;3113,322;3118,308;3122,320;3127,320;3131,298;3135,324;3140,308;3144,322;3148,308;3153,322;3157,312;3161,326;3166,326;3170,324;3174,324;3179,302;3183,316;3188,300;3192,328;3196,314;3201,326;3205,318;3209,332;3214,316;3218,330;3222,314;3227,328;3231,318;3235,318;3240,318;3244,316;3248,316;3253,314;3257,334;3262,320;3266,320;3270,318;3275,318;3279,322;3283,322;3288,322;3292,320;3296,306;3301,306;3305,324;3309,310;3314,322;3318,322;3323,320;3327,320;3331,312;3336,326;3340,296;3344,310;3349,308;3353,328;3357,314;3362,312;3366,312;3370,324;3375,310;3379,316;3383,314;3388,300;3392,312;3397,312;3401,318;3405,316;3410,318;3414,316;3418,330;3423,314;3427,306;3431,320;3436,320;3440,318;3444,304;3449,316;3453,308;3457,308;3462,306;3466,320;3471,304;3475,310;3479,310;3484,308;3488,306;3492,308;3497,306;3501,312;3505,312;3510,310;3514,324;3518,308;3523,310;3527,314;3531,298;3536,326;3540,310;3545,324;3549,316;3553,314;3558,314;3562,314;3566,312;3571,324;3575,316;3579,314;3584,328;3588,298;3592,312;3597,310;3601,330;3605,316;3610,328;3614,314;3619,326;3623,318;3627,316;3632,316;3636,314;3640,314;3645,298;3649,332;3653,318;3658,330;3662,314;3666,328;3671,314;3675,320;3679,318;3684,316;3688,316;3693,314;3697,320;3701,318;3706,318;3710,316;3714,330;3719,314;3723,306;3727,318;3732,304;3736,318;3740,302;3745,302;3749,308;3753,320;3758,306;3762,318;3767,304;3771,310;3775,308;3780,294;3784,306;3788,292;3793,304;3797,310;3801,324;3806,310;3810,324;3814,322;3819,298;3823,298;3828,312;3832,310;3836,310;3841,308;3845,314;3849,314;3854,312;3858,312;3862,312;3867,310;3871,302;3875,302;3880,314;3884,300;3888,312;3893,312;3897,318;3902,316;3906,316;3910,314;3915,314;3919,306;3923,292;3928,318;3932,304;3936,316;3941,302;3945,322;3949,320;3954,320;3958,318;3962,320;3967,310;3971,308;3976,308;3980,294;3984,320;3989,306;3993,326;3997,324;4002,338;4006,322;4010,336;4015,308;4019,314;4023,324;4028,310;4032,322;4037,308;4041,308;4045,326;4050,326;4054,312;4058,324;4063,308;4067,316;4071,314;4076,314;4080,312;4084,310;4089,310;4093,316;4097,328;4102,314;4106,328;4111,312;4115,318;4119,316;4124,316;4128,316;4132,314;4137,314;4141,320;4145,320;4150,306;4154,318;4158,304;4163,316;4167,310;4171,308;4176,320;4180,306;4185,318;4189,310;4193,324;4198,310;4202,322;4206,308;4211,322;4215,298;4219,298;4224,312;4228,310;4232,310;4237,308;4241,314;4245,314;4250,312;4254,312;4259,312;4263,302;4267,302;4272,316;4276,314;4280,314;4285,300;4289,320;4293,304;4298,318;4302,302;4306,302;4311,302;4315,308;4319,308;4324,306;4328,320;4333,290;4337,322;4341,310;4346,322;4350,322;4354,322;4359,320;4363,298;4367,326;4372,312;4376,324;4380,310;4385,322;4389,314;4394,328;4398,312;4402,326;4407,310;4411,318;4415,316;4420,316;4424,314;4428,314;4433,314;4437,320;4441,332;4446,318;4450,332;4454,316;4459,308;4463,322;4468,308;4472,306;4476,304;4481,304;4485,324;4489,324;4494,322;4498,324;4502,322;4507,322;4511,314;4515,314;4520,312;4524,312;4528,312;4533,310;4537,318;4542,316;4546,316;4550,314;4555,314;4559,320;4563,306;4568,318;4572,302;4576,316;4581,300;4585,320;4589,320;4594,320;4598,304;4602,318;4607,308;4611,294;4616,308;4620,306;4624,306;4629,304;4633,310;4637,308;4642,322;4646,306;4650,320;4655,318;4659,310;4663,310;4668,308;4672,308;4676,306;4681,312;4685,312;4690,310;4694,310;4698,310;4703,308;4707,314;4711,314;4716,312;4720,312;4724,312;4729,310;4733,316;4737,316;4742,314;4746,314;4750,314;4755,304;4759,318;4764,304;4768,316;4772,302;4777,316;4781,308;4785,320;4790,318;4794,332;4798,318;4803,330;4807,322;4811,308;4816,320;4820,306;4825,320;4829,310;4833,324;4838,308;4842,322;4846,308;4851,320;4855,312;4859,310;4864,310;4868,310;4872,322;4877,322;4881,314;4885,312;4890,326;4894,310;4899,324;4903,316;4907,316;4912,314;4916,314;4920,314;4925,312;4929,318;4933,316;4938,318;4942,316;4946,314;4951,314;4955,304;4959,318;4964,318;4968,316;4973,302;4977,322;4981,308;4986,334;4990,320;4994,320;4999,318;5003,294;5007,294;5012,294;5016,306;5020,306;5025,304;5029,310;5034,310;5038,308;5042,322;5047,306;5051,312;5055,312;5060,312;5064,296;5068,294;5073,296;5077,314;5081,314;5086,312;5090,312;5094,312;5099,304;5103,316;5108,300;5112,300;5116,314;5121,312;5125,318;5129,318;5134,316;5138,316;5142,316;5147,314;5151,306;5155,304;5160,318;5164,318;5168,316;5173,316;5177,320;5182,306;5186,320;5190,318;5195,332;5199,310;5203,296;5208,306;5212,292;5216,306;5221,306;5225,326;5229,310;5234,324;5238,308;5242,322;5247,306;5251,312;5256,312;5260,310;5264,310;5269,308;5273,330;5277,314;5282,328;5286,314;5290,326;5295,312;5299,316;5303,316;5308,314;5312,314;5316,314;5321,312;5325,318;5330,318;5334,316;5338,318;5343,314;5347,308;5351,320;5356,306;5360,304;5364,304;5369,316;5373,308;5377,308;5382,306;5386,320;5390,304;5395,310;5399,308;5404,308;5408,308;5412,306;5417,304;5421,310;5425,324;5430,296;5434,308;5438,306;5443,320;5447,298;5451,310;5456,310;5460,308;5465,308;5469,314;5473,314;5478,312;5482,312;5486,296;5491,310;5495,314;5499,314;5504,300;5508,298;5512,298;5517,296;5521,316;5526,316;5530,316;5534,312;5539,326;5543,318;5547,316;5552,316;5556,302;5560,314;5565,300;5569,320;5573,306;5578,318;5582,304;5586,330;5591,314;5595,308;5600,320;5604,306;5608,318;5613,304;5617,324;5621,310;5626,324;5630,322;5634,320;5639,320;5643,312;5647,310;5652,310;5656,308;5660,308;5665,306;5669,314;5674,326;5678,312;5682,326;5687,310;5691,302;5695,316;5700,316;5704,314;5708,314;5713,314;5717,318;5721,318;5726,304;5730,316;5734,316;5739,316;5743,320;5748,306;5752,306;5756,306;5761,318;5765,310;5769,310;5774,310;5778,324;5782,308;5787,322;5791,314;5795,300;5800,298;5804,298;5808,324;5813,302;5817,316;5822,314;5826,314;5830,312;5835,312;5839,318;5843,318;5848,316;5852,302;5856,314;5861,314;5865,306;5869,304;5874,318;5878,314;5882,316;5887,308;5891,306;5896,306;5900,306;5904,304;5909,304;5913,310;5917,322;5922,322;5926,320;5930,320;5935,318;5939,310;5943,310;5948,308;5952,308;5956,306;5961,306;5965,312;5970,326;5974,310;5978,324;5983,310;5987,302;5991,300;5996,300;6000,312;6004,312;6009,312;6013,318;6017,330;6022,316;6026,328;6031,314;6035,306;6039,306;6044,304;6048,288;6052,286;6057,286;6061,292;6065,292;6070,290;6074,290;6078,288;6083,294;6087,294;6091,276;6096,278;6100,276;6105,276;6109,296;6113,280;6118,294;6122,294;6126,292;6131,292;6135,296;6139,282;6144,282;6148,282;6152,280;6157,286;6161,272;6165,270;6170,270;6174,284;6179,282;6183,274;6187,274;6192,272;6196,272;6200,272;6205,272;6209,290;6213,274;6218,274;6222,274;6226,288;6231,264;6235,278;6239,292;6244,276;6248,262;6253,260;6257,294;6261,280;6266,278;6270,278;6274,278;6279,290;6283,284;6287,282;6292,282;6296,280;6300,280;6305,284;6309,284;6313,282;6318,282;6322,282;6327,280;6331,272;6335,270;6340,270;6344,284;6348,268;6353,268;6357,288;6361,272;6366,272;6370,272;6374,284;6379,276;6383,276;6387,274;6392,274;6396,274;6401,272;6405,278;6409,278;6414,290;6418,292;6422,290;6427,268;6431,280;6435,280;6440,280;6444,292;6448,278;6453,270;6457,296;6462,282;6466,238;6470,280;6475,292;6479,284;6483,270;6488,268;6492,268;6496,266;6501,280;6505,272;6509,284;6514,284;6518,284;6522,284;6527,290;6531,274;6536,274;6540,274;6544,286;6549,258;6553,292;6557,290;6562,276;6566,274;6570,274;6575,280;6579,266;6583,278;6588,278;6592,264;6596,262;\r\nBuffer sent in 0.973 secondsreturn;buffer;965\r\n'), 11:12:30
bytearray(b'received from UR: measure -> measure (0,1)\r\nSTEPPER: Moving to mstep: 6600 with speed [msteps/sec]: 1000 in StealthChop.\r\n'), 11:12:31
bytearray(b'STEPPER: Moving to mstep: 2400 with speed [msteps/sec]: 4000 in SpreadCycle.\r\n'), 11:12:35
bytearray(b'STEPPER: Moved 4200.00 msteps (ramp: 35%) in 1324.880 ms -> average speed [msteps/sec]: 3170.10\r\nreturn;measure;965\r\n'), 11:12:37
bytearray(b'received from UR: buffer -> buffer (0,1)\r\nSending buffer of size 965data;2400,294;2404,440;2408,194;2413,280;2417,320;2421,326;2426,340;2430,324;2434,338;2439,322;2443,328;2447,328;2452,312;2456,324;2460,324;2465,336;2469,314;2474,328;2478,326;2482,326;2487,324;2491,330;2495,328;2500,314;2504,326;2508,312;2513,326;2517,330;2521,330;2526,328;2530,342;2534,326;2539,326;2543,332;2548,316;2552,330;2556,316;2561,328;2565,320;2569,334;2574,332;2578,346;2582,330;2587,330;2591,334;2595,320;2600,332;2604,318;2608,330;2613,316;2617,336;2622,320;2626,334;2630,318;2635,332;2639,324;2643,322;2648,322;2652,322;2656,334;2661,320;2665,336;2669,324;2674,324;2678,322;2682,336;2687,334;2691,312;2696,326;2700,324;2704,324;2709,322;2713,330;2717,328;2722,328;2726,326;2730,340;2735,324;2739,316;2743,328;2748,314;2752,342;2756,312;2761,326;2765,318;2770,332;2774,316;2778,330;2783,314;2787,320;2791,334;2796,318;2800,332;2804,316;2809,330;2813,322;2817,336;2822,320;2826,334;2830,316;2835,332;2839,324;2844,308;2848,322;2852,320;2857,320;2861,312;2865,326;2870,324;2874,324;2878,322;2883,322;2887,326;2891,326;2896,326;2900,310;2904,322;2909,322;2913,328;2918,312;2922,326;2926,324;2931,324;2935,316;2939,316;2944,328;2948,314;2952,326;2957,312;2961,316;2965,316;2970,316;2974,314;2979,314;2983,318;2987,304;2992,318;2996,302;3000,316;3005,300;3009,320;3013,306;3018,318;3022,304;3026,316;3031,314;3035,306;3039,304;3044,304;3048,302;3053,318;3057,308;3061,306;3066,320;3070,318;3074,318;3079,316;3083,308;3087,308;3092,292;3096,306;3100,304;3105,304;3109,312;3113,322;3118,322;3122,320;3127,306;3131,312;3135,310;3140,310;3144,322;3148,308;3153,320;3157,312;3161,326;3166,310;3170,324;3174,308;3179,322;3183,328;3187,312;3192,326;3196,310;3201,322;3205,314;3209,328;3214,314;3218,326;3222,310;3227,324;3231,318;3235,316;3240,314;3244,314;3248,328;3253,312;3257,332;3262,316;3266,330;3270,316;3275,330;3279,322;3283,320;3288,320;3292,320;3296,318;3301,318;3305,324;3309,308;3314,322;3318,320;3322,320;3327,318;3331,310;3336,310;3340,310;3344,322;3349,294;3353,314;3357,312;3362,324;3366,310;3370,322;3375,308;3379,314;3383,326;3388,298;3392,310;3396,308;3401,310;3405,314;3410,314;3414,312;3418,326;3423,310;3427,316;3431,316;3436,312;3440,312;3444,312;3449,310;3453,302;3457,314;3462,314;3466,312;3470,312;3475,302;3479,302;3484,302;3488,314;3492,312;3497,298;3501,318;3505,318;3510,316;3514,314;3518,314;3523,326;3527,304;3531,302;3536,304;3540,300;3544,314;3549,314;3553,320;3558,306;3562,318;3566,316;3571,330;3575,322;3579,320;3584,332;3588,304;3592,318;3597,316;3601,308;3605,320;3610,320;3614,318;3619,332;3623,318;3627,310;3632,322;3636,320;3640,320;3645,318;3649,336;3653,324;3658,336;3662,320;3666,320;3671,320;3675,310;3679,324;3684,322;3688,322;3693,308;3697,320;3701,312;3706,324;3710,324;3714,324;3719,308;3723,314;3727,314;3732,312;3736,324;3740,282;3745,310;3749,314;3753,314;3758,312;3762,312;3767,310;3771,302;3775,314;3780,314;3784,326;3788,312;3793,310;3797,316;3801,330;3806,314;3810,314;3814,312;3819,312;3823,316;3827,316;3832,314;3836,314;3841,312;3845,304;3849,318;3854,302;3858,314;3862,300;3867,312;3871,316;3875,316;3880,314;3884,300;3888,312;3893,312;3897,316;3901,316;3906,300;3910,300;3915,312;3919,318;3923,302;3928,316;3932,314;3936,312;3941,312;3945,318;3949,316;3954,316;3958,314;3962,326;3967,312;3971,318;3975,330;3980,302;3984,328;3989,314;3993,326;3997,316;4002,330;4006,314;4010,328;4015,312;4019,318;4023,316;4028,316;4032,328;4036,314;4041,312;4045,318;4050,330;4054,316;4058,330;4063,314;4067,318;4071,318;4076,318;4080,330;4084,316;4089,314;4093,320;4097,320;4102,318;4106,318;4110,316;4115,308;4119,306;4124,306;4128,318;4132,304;4137,318;4141,322;4145,322;4150,320;4154,320;4158,304;4163,318;4167,308;4171,294;4176,306;4180,306;4184,304;4189,310;4193,324;4198,308;4202,322;4206,304;4211,320;4215,310;4219,310;4224,310;4228,308;4232,308;4237,306;4241,312;4245,310;4250,310;4254,308;4259,292;4263,312;4267,298;4272,310;4276,296;4280,308;4285,306;4289,314;4293,312;4298,312;4302,310;4306,324;4311,308;4315,300;4319,314;4324,298;4328,312;4333,310;4337,316;4341,316;4346,316;4350,314;4354,314;4359,312;4363,318;4367,318;4372,316;4376,330;4380,302;4385,328;4389,320;4393,332;4398,316;4402,330;4407,314;4411,306;4415,320;4420,316;4424,318;4428,316;4433,314;4437,306;4441,320;4446,318;4450,318;4454,316;4459,330;4463,308;4467,306;4472,306;4476,318;4481,316;4485,316;4489,322;4494,306;4498,320;4502,320;4507,318;4511,310;4515,322;4520,322;4524,306;4528,318;4533,318;4537,310;4541,308;4546,322;4550,306;4555,320;4559,310;4563,310;4568,322;4572,306;4576,320;4581,306;4585,310;4589,308;4594,322;4598,306;4602,320;4607,306;4611,310;4615,310;4620,308;4624,320;4629,306;4633,326;4637,310;4642,324;4646,310;4650,308;4655,306;4659,312;4663,310;4668,310;4672,308;4676,306;4681,306;4685,312;4690,310;4694,308;4698,322;4703,308;4707,312;4711,312;4716,308;4720,308;4724,308;4729,320;4733,312;4737,326;4742,310;4746,322;4750,322;4755,300;4759,326;4764,312;4768,324;4772,310;4777,322;4781,314;4785,328;4790,312;4794,326;4798,310;4803,324;4807,314;4811,314;4816,326;4820,312;4824,310;4829,310;4833,316;4838,314;4842,326;4846,312;4851,326;4855,302;4859,314;4864,314;4868,312;4872,312;4877,324;4881,316;4885,314;4890,326;4894,312;4898,312;4903,316;4907,314;4912,314;4916,298;4920,310;4925,310;4929,316;4933,314;4938,314;4942,312;4946,326;4951,310;4955,316;4959,314;4964,300;4968,312;4973,312;4977,316;4981,302;4986,316;4990,314;4994,326;4999,312;5003,304;5007,302;5012,302;5016,300;5020,300;5025,300;5029,318;5033,318;5038,302;5042,316;5047,314;5051,306;5055,304;5060,302;5064,302;5068,302;5073,314;5077,304;5081,318;5086,304;5090,316;5094,314;5099,314;5103,304;5107,304;5112,316;5116,302;5121,316;5125,306;5129,318;5134,318;5138,318;5142,316;5147,316;5151,306;5155,304;5160,318;5164,304;5168,316;5173,300;5177,320;5181,304;5186,318;5190,314;5195,330;5199,320;5203,306;5208,320;5212,304;5216,316;5221,316;5225,322;5229,306;5234,334;5238,306;5242,332;5247,318;5251,296;5256,308;5260,308;5264,306;5269,306;5273,326;5277,310;5282,310;5286,310;5290,310;5295,308;5299,314;5303,314;5308,312;5312,324;5316,310;5321,310;5325,314;5330,314;5334,314;5338,328;5343,312;5347,304;5351,318;5356,288;5360,316;5364,314;5369,314;5373,304;5377,318;5382,304;5386,316;5390,302;5395,308;5399,320;5404,306;5408,306;5412,304;5417,304;5421,310;5425,296;5430,308;5434,322;5438,306;5443,320;5447,312;5451,310;5456,310;5460,294;5464,308;5469,308;5473,314;5478,312;5482,312;5486,310;5491,310;5495,302;5499,302;5504,314;5508,300;5512,312;5517,298;5521,318;5525,316;5530,316;5534,314;5538,314;5543,312;5547,304;5552,316;5556,316;5560,330;5565,300;5569,320;5573,318;5578,318;5582,302;5586,330;5591,314;5595,306;5599,318;5604,304;5608,316;5613,316;5617,320;5621,306;5626,332;5630,318;5634,332;5639,316;5643,308;5647,320;5652,306;5656,318;5660,318;5665,316;5669,308;5673,322;5678,320;5682,320;5687,318;5691,310;5695,308;5700,322;5704,306;5708,306;5713,318;5717,324;5721,322;5726,306;5730,320;5734,306;5739,318;5743,310;5747,308;5752,322;5756,306;5761,306;5765,310;5769,322;5774,308;5778,322;5782,306;5787,318;5791,310;5795,310;5800,308;5804,292;5808,306;5813,304;5817,312;5822,310;5826,322;5830,308;5835,308;5839,298;5843,310;5848,310;5852,308;5856,308;5861,306;5865,312;5869,310;5874,310;5878,308;5882,308;5887,306;5891,312;5896,298;5900,296;5904,308;5909,308;5913,314;5917,314;5922,312;5926,310;5930,324;5935,322;5939,300;5943,312;5948,298;5952,312;5956,310;5961,320;5965,314;5970,314;5974,312;5978,326;5983,310;5987,302;5991,316;5996,300;6000,314;6004,298;6009,312;6013,318;6017,318;6022,316;6026,316;6030,314;6035,306;6039,304;6044,304;6048,288;6052,286;6057,272;6061,278;6065,292;6070,290;6074,290;6078,288;6083,288;6087,280;6091,278;6096,276;6100,276;6104,276;6109,296;6113,282;6118,294;6122,292;6126,292;6131,292;6135,282;6139,268;6144,266;6148,280;6152,280;6157,284;6161,284;6165,284;6170,284;6174,282;6179,280;6183,272;6187,270;6192,270;6196,270;6200,268;6205,268;6209,260;6213,286;6218,286;6222,286;6226,284;6231,290;6235,290;6239,276;6244,274;6248,274;6253,272;6257,280;6261,278;6266,248;6270,276;6274,290;6279,290;6283,280;6287,294;6292,280;6296,278;6300,278;6305,284;6309,284;6313,282;6318,282;6322,294;6327,280;6331,272;6335,284;6340,284;6344,298;6348,282;6353,282;6357,286;6361,286;6366,272;6370,284;6374,284;6379,274;6383,274;6388,274;6392,286;6396,286;6401,284;6405,290;6409,304;6414,288;6418,288;6422,272;6427,272;6431,278;6435,278;6440,276;6444,276;6448,274;6453,282;6457,280;6462,278;6466,292;6470,278;6475,276;6479,282;6483,280;6488,266;6492,266;6496,264;6501,264;6505,284;6509,282;6514,254;6518,280;6522,282;6527,286;6531,286;6536,270;6540,284;6544,268;6549,280;6553,288;6557,272;6562,244;6566,272;6570,284;6575,276;6579,276;6583,288;6588,274;6592,272;6596,272;\r\nBuffer sent in 0.973 secondsreturn;buffer;965\r\n'), 11:12:39
bytearray(b'received from UR: measure -> measure (0,1)\r\nSTEPPER: Moving to mstep: 6600 with speed [msteps/sec]: 1000 in StealthChop.\r\n'), 11:12:40
bytearray(b'STEPPER: Moving to mstep: 2400 with speed [msteps/sec]: 4000 in SpreadCycle.\r\n'), 11:12:44
bytearray(b'STEPPER: Moved 4200.00 msteps (ramp: 35%) in 1324.888 ms -> average speed [msteps/sec]: 3170.08\r\nreturn;measure;965\r\n'), 11:12:45
bytearray(b'received from UR: buffer -> buffer (0,1)\r\nSending buffer of size 965data;2400,306;2404,464;2408,146;2413,274;2417,316;2421,322;2426,336;2430,320;2434,334;2439,318;2443,326;2447,324;2452,324;2456,322;2460,322;2465,322;2469,326;2474,340;2478,326;2482,338;2487,324;2491,330;2495,328;2500,314;2504,328;2508,312;2513,340;2517,316;2521,330;2526,328;2530,328;2534,328;2539,328;2543,318;2548,316;2552,330;2556,330;2561,328;2565,322;2569,334;2574,320;2578,332;2582,318;2587,346;2591,322;2595,308;2600,320;2604,306;2608,320;2613,318;2617,338;2622,324;2626,338;2630,322;2635,334;2639,328;2643,326;2648,324;2652,322;2656,324;2661,322;2665,328;2669,326;2674,326;2678,324;2683,324;2687,322;2691,328;2696,326;2700,326;2704,324;2709,324;2713,330;2717,328;2722,328;2726,326;2730,340;2735,324;2739,316;2743,330;2748,300;2752,328;2757,314;2761,326;2765,332;2770,332;2774,330;2778,330;2783,314;2787,322;2791,336;2796,320;2800,320;2804,318;2809,332;2813,324;2817,338;2822,322;2826,336;2831,322;2835,314;2839,328;2844,312;2848,312;2852,312;2857,324;2861,330;2865,330;2870,328;2874,328;2878,312;2883,326;2887,318;2891,316;2896,316;2900,316;2905,314;2909,320;2913,334;2918,318;2922,318;2926,318;2931,330;2935,322;2939,308;2944,308;2948,292;2952,320;2957,306;2961,326;2965,324;2970,324;2974,310;2979,324;2983,314;2987,314;2992,314;2996,312;3000,312;3005,312;3009,318;3013,316;3018,330;3022,316;3026,328;3031,312;3035,304;3039,318;3044,318;3048,316;3053,316;3057,320;3061,306;3066,320;3070,318;3074,318;3079,318;3083,296;3087,322;3092,322;3096,320;3100,306;3105,320;3109,310;3114,324;3118,322;3122,322;3127,320;3131,300;3135,312;3140,298;3144,324;3148,310;3153,324;3157,314;3161,328;3166,314;3170,326;3174,326;3179,326;3183,318;3188,302;3192,316;3196,300;3201,328;3205,306;3209,320;3214,318;3218,332;3222,316;3227,330;3231,322;3235,322;3240,320;3244,320;3248,318;3253,318;3257,324;3262,322;3266,322;3270,320;3275,334;3279,326;3283,326;3288,324;3292,324;3296,322;3301,322;3305,328;3309,314;3314,326;3318,312;3322,324;3327,310;3331,316;3336,314;3340,314;3344,312;3349,298;3353,318;3357,302;3362,316;3366,314;3370,328;3375,312;3379,304;3383,318;3388,302;3392,302;3396,314;3401,314;3405,306;3410,318;3414,304;3418,316;3423,312;3427,306;3431,306;3436,304;3440,318;3444,318;3449,316;3453,308;3457,320;3462,306;3466,318;3470,318;3475,310;3479,294;3484,294;3488,322;3492,320;3497,306;3501,310;3505,310;3510,308;3514,308;3518,308;3523,320;3527,312;3531,296;3536,324;3540,308;3545,322;3549,312;3553,326;3558,312;3562,324;3566,308;3571,322;3575,328;3579,314;3584,326;3588,312;3592,324;3597,310;3601,330;3605,314;3610,328;3614,312;3619,326;3623,318;3627,318;3632,316;3636,302;3640,314;3645,314;3649,334;3653,320;3658,332;3662,318;3666,332;3671,316;3675,322;3680,322;3684,320;3688,320;3693,304;3697,324;3701,324;3706,324;3710,322;3714,322;3719,322;3723,298;3727,326;3732,310;3736,322;3740,308;3745,320;3749,312;3754,326;3758,324;3762,324;3767,322;3771,300;3775,298;3780,298;3784,312;3788,310;3793,310;3797,314;3801,328;3806,314;3810,326;3814,312;3819,324;3823,316;3828,314;3832,314;3836,314;3841,312;3845,304;3849,318;3854,316;3858,316;3862,302;3867,314;3871,306;3875,304;3880,318;3884,318;3888,316;3893,308;3897,320;3902,306;3906,318;3910,318;3915,316;3919,322;3923,306;3928,320;3932,290;3936,318;3941,304;3945,322;3949,320;3954,320;3958,318;3962,318;3967,316;3971,308;3976,308;3980,306;3984,334;3989,318;3993,324;3997,308;4002,336;4006,320;4010,322;4015,320;4019,298;4023,310;4028,310;4032,310;4036,310;4041,322;4045,314;4050,326;4054,312;4058,324;4063,324;4067,316;4071,314;4076,314;4080,312;4084,298;4089,310;4093,316;4097,330;4102,314;4106,326;4110,312;4115,326;4119,316;4124,316;4128,314;4132,314;4137,312;4141,318;4145,316;4150,302;4154,314;4158,314;4163,314;4167,304;4171,316;4176,316;4180,300;4185,314;4189,304;4193,318;4198,304;4202,330;4206,314;4211,328;4215,306;4219,304;4224,316;4228,316;4232,314;4237,314;4241,320;4245,304;4250,330;4254,316;4259,316;4263,306;4267,306;4272,304;4276,304;4280,302;4285,302;4289,320;4293,306;4298,318;4302,304;4306,316;4311,294;4315,294;4319,320;4324,306;4328,318;4333,304;4337,324;4341,308;4346,322;4350,306;4354,318;4359,318;4363,310;4367,310;4372,308;4376,306;4380,292;4385,318;4389,324;4394,324;4398,322;4402,336;4407,322;4411,298;4415,326;4420,324;4424,310;4428,308;4433,322;4437,314;4441,328;4446,312;4450,326;4454,310;4459,324;4463,316;4468,314;4472,314;4476,314;4481,312;4485,318;4489,318;4494,316;4498,316;4502,316;4507,316;4511,320;4515,320;4520,304;4524,304;4528,332;4533,316;4537,322;4542,308;4546,320;4550,306;4555,318;4559,310;4563,310;4568,308;4572,294;4576,306;4581,306;4585,324;4589,310;4594,322;4598,306;4602,320;4607,306;4611,310;4616,310;4620,308;4624,308;4629,308;4633,328;4637,312;4642,326;4646,310;4650,324;4655,310;4659,300;4663,314;4668,314;4672,312;4676,312;4681,310;4685,316;4690,316;4694,314;4698,314;4703,312;4707,318;4711,318;4716,302;4720,316;4724,300;4729,328;4733,306;4737,320;4742,318;4746,318;4750,316;4755,308;4759,322;4764,306;4768,320;4772,304;4777,318;4781,322;4785,336;4790,320;4794,334;4798,318;4803,332;4807,324;4811,308;4816,322;4820,308;4825,320;4829,312;4833,326;4838,310;4842,324;4846,308;4851,322;4855,314;4859,314;4864,312;4868,312;4872,310;4877,310;4881,330;4885,314;4890,328;4894,312;4899,312;4903,316;4907,316;4912,316;4916,300;4920,300;4925,298;4929,318;4933,304;4938,316;4942,316;4946,316;4951,314;4955,304;4959,318;4964,304;4968,304;4973,302;4977,322;4981,306;4986,320;4990,304;4994,318;4999,316;5003,308;5007,308;5012,306;5016,306;5020,306;5025,318;5029,310;5033,324;5038,308;5042,322;5047,306;5051,312;5055,312;5060,296;5064,310;5068,310;5073,310;5077,316;5081,314;5086,314;5090,312;5094,298;5099,312;5103,316;5107,300;5112,300;5116,300;5121,312;5125,318;5129,318;5134,316;5138,328;5142,314;5147,328;5151,318;5155,304;5160,316;5164,302;5168,314;5173,298;5177,332;5181,318;5186,330;5190,314;5195,328;5199,320;5203,304;5208,330;5212,316;5216,316;5221,314;5225,320;5229,306;5234,332;5238,316;5242,330;5247,314;5251,306;5256,318;5260,302;5264,302;5269,316;5273,322;5277,320;5282,320;5286,318;5290,318;5295,316;5299,308;5303,322;5308,320;5312,320;5316,304;5321,318;5325,310;5330,324;5334,322;5338,322;5343,322;5347,300;5351,298;5356,298;5360,324;5364,310;5369,310;5373,314;5377,314;5382,312;5386,326;5391,310;5395,302;5399,316;5404,302;5408,314;5412,300;5417,300;5421,320;5425,318;5430,316;5434,318;5438,316;5443,330;5447,306;5451,306;5456,304;5460,304;5465,304;5469,308;5473,308;5478,306;5482,306;5486,304;5491,318;5495,310;5499,308;5504,308;5508,308;5512,306;5517,306;5521,324;5525,310;5530,324;5534,310;5539,322;5543,314;5547,312;5552,312;5556,296;5560,322;5565,310;5569,314;5573,312;5578,326;5582,310;5586,324;5591,310;5595,302;5599,314;5604,312;5608,312;5613,298;5617,324;5621,302;5626,316;5630,314;5634,328;5639,312;5643,304;5647,316;5652,316;5656,314;5660,314;5665,312;5669,318;5673,318;5678,302;5682,316;5687,314;5691,320;5695,318;5700,304;5704,316;5708,316;5713,316;5717,308;5721,320;5726,318;5730,318;5734,318;5739,316;5743,310;5747,308;5752,306;5756,306;5761,320;5765,310;5769,310;5774,308;5778,322;5782,306;5787,320;5791,312;5795,310;5800,310;5804,294;5808,308;5813,306;5817,326;5821,310;5826,310;5830,308;5835,322;5839,312;5843,312;5848,310;5852,296;5856,308;5861,308;5865,314;5869,312;5874,326;5878,310;5882,310;5887,308;5891,314;5896,312;5900,310;5904,310;5909,308;5913,314;5917,312;5922,312;5926,310;5930,324;5935,310;5939,300;5943,314;5948,300;5952,312;5956,296;5961,310;5965,314;5970,328;5974,300;5978,314;5983,312;5987,302;5991,316;5996,316;6000,314;6004,314;6009,312;6013,304;6017,318;6022,304;6026,330;6030,300;6035,306;6039,304;6044,304;6048,290;6052,288;6057,286;6061,278;6065,306;6070,290;6074,304;6078,288;6083,280;6087,264;6091,264;6096,276;6100,290;6104,274;6109,294;6113,294;6118,294;6122,292;6126,278;6131,276;6135,268;6139,266;6144,294;6148,280;6152,280;6157,284;6161,284;6165,284;6170,296;6174,282;6178,282;6183,272;6187,272;6192,286;6196,284;6200,284;6205,282;6209,288;6213,274;6218,272;6222,286;6226,284;6231,276;6235,276;6239,274;6244,258;6248,286;6252,284;6257,290;6261,274;6266,260;6270,258;6274,272;6279,284;6283,276;6287,274;6292,274;6296,274;6300,286;6305,264;6309,276;6313,276;6318,274;6322,288;6327,286;6331,278;6335,264;6340,278;6344,290;6348,276;6353,274;6357,282;6361,280;6366,292;6370,292;6374,292;6379,282;6383,268;6387,268;6392,280;6396,278;6401,278;6405,270;6409,296;6414,282;6418,296;6422,280;6427,258;6431,272;6435,284;6440,284;6444,282;6448,282;6453,274;6457,286;6461,286;6466,284;6470,284;6475,268;6479,274;6483,272;6488,286;6492,284;6496,282;6501,274;6505,288;6509,288;6514,286;6518,286;6522,270;6527,262;6531,260;6536,274;6540,272;6544,286;6549,286;6553,276;6557,290;6562,290;6566,288;6570,274;6575,278;6579,278;6583,278;6588,276;6592,290;6596,276;\r\nBuffer sent in 0.973 secondsreturn;buffer;965\r\n'), 11:12:47
bytearray(b'received from UR: measure -> measure (0,1)\r\nSTEPPER: Moving to mstep: 6600 with speed [msteps/sec]: 1000 in StealthChop.\r\n'), 11:12:48
bytearray(b'STEPPER: Moving to mstep: 2400 with speed [msteps/sec]: 4000 in SpreadCycle.\r\n'), 11:12:53
bytearray(b'STEPPER: Moved 4200.00 msteps (ramp: 35%) in 1324.888 ms -> average speed [msteps/sec]: 3170.08\r\nreturn;measure;965\r\n'), 11:12:54
bytearray(b'received from UR: buffer -> buffer (0,1)\r\nSending buffer of size 965data;2400,310;2404,450;2408,162;2413,276;2417,316;2421,322;2426,336;2430,322;2434,334;2439,320;2443,312;2447,324;2452,324;2456,322;2460,308;2465,320;2469,326;2474,340;2478,324;2482,338;2487,322;2491,328;2495,326;2500,312;2504,326;2508,324;2513,338;2517,314;2521,328;2526,328;2530,340;2534,326;2539,340;2543,330;2548,316;2552,330;2556,314;2561,328;2565,320;2569,332;2574,318;2578,330;2582,316;2587,328;2591,320;2595,318;2600,332;2604,316;2609,330;2613,314;2617,334;2622,320;2626,332;2630,318;2635,332;2639,322;2643,308;2648,320;2652,320;2656,332;2661,318;2665,324;2669,322;2674,336;2678,322;2683,334;2687,318;2691,312;2696,324;2700,324;2704,336;2709,322;2713,328;2717,328;2722,328;2726,326;2730,326;2735,324;2739,330;2743,330;2748,316;2752,328;2757,314;2761,326;2765,318;2770,332;2774,316;2778,330;2783,328;2787,320;2791,334;2796,318;2800,332;2804,318;2809,330;2813,322;2817,336;2822,320;2826,332;2831,318;2835,332;2839,320;2844,322;2848,320;2852,306;2857,318;2861,324;2865,324;2870,322;2874,322;2878,320;2883,334;2887,312;2891,310;2896,322;2900,308;2905,320;2909,306;2913,326;2918,324;2922,324;2926,322;2931,336;2935,326;2939,310;2944,310;2948,296;2952,308;2957,308;2961,328;2965,312;2970,326;2974,312;2979,324;2983,316;2987,302;2992,314;2996,300;3000,312;3005,312;3009,316;3013,316;3018,316;3022,312;3026,312;3031,310;3035,302;3040,314;3044,314;3048,312;3053,312;3057,318;3061,316;3066,330;3070,316;3074,314;3079,312;3083,318;3087,318;3092,316;3096,316;3100,300;3105,314;3109,306;3114,320;3118,318;3122,318;3127,302;3131,308;3135,322;3140,320;3144,320;3148,306;3153,318;3157,310;3161,322;3166,322;3170,334;3174,320;3179,296;3183,324;3188,308;3192,322;3196,308;3201,320;3205,312;3209,324;3214,310;3218,324;3222,308;3227,334;3231,312;3235,326;3240,324;3244,324;3248,322;3253,314;3257,328;3262,312;3266,338;3270,324;3275,322;3279,316;3283,328;3288,326;3292,312;3296,324;3301,324;3305,328;3309,314;3314,328;3318,326;3323,326;3327,316;3331,302;3336,314;3340,314;3344,312;3349,310;3353,316;3357,316;3362,328;3366,314;3370,326;3375,312;3379,302;3383,316;3388,302;3392,314;3397,300;3401,320;3405,318;3410,332;3414,316;3418,316;3423,314;3427,320;3431,318;3436,318;3440,316;3444,302;3449,314;3453,304;3457,304;3462,304;3466,318;3471,302;3475,308;3479,322;3484,306;3488,320;3492,304;3497,304;3501,310;3505,308;3510,308;3514,320;3518,320;3523,320;3527,310;3531,310;3536,322;3540,294;3545,320;3549,312;3553,326;3558,310;3562,324;3566,310;3571,324;3575,314;3579,300;3584,312;3588,312;3592,326;3597,312;3601,330;3606,314;3610,328;3614,312;3619,326;3623,316;3627,302;3632,314;3636,316;3640,326;3645,312;3649,332;3653,316;3658,330;3662,314;3666,328;3671,312;3675,318;3680,316;3684,316;3688,314;3693,312;3697,332;3701,318;3706,316;3710,314;3714,328;3719,326;3723,304;3727,318;3732,316;3736,316;3740,300;3745,314;3749,318;3754,318;3758,316;3762,330;3767,316;3771,306;3775,306;3780,304;3784,304;3788,302;3793,316;3797,308;3801,322;3806,306;3810,320;3814,304;3819,310;3823,308;3828,308;3832,306;3836,306;3841,304;3845,310;3849,310;3854,294;3858,308;3862,306;3867,318;3871,310;3875,310;3880,308;3884,308;3888,306;3893,312;3897,312;3902,296;3906,324;3910,308;3915,322;3919,314;3923,298;3928,310;3932,296;3936,308;3941,308;3945,314;3949,312;3954,312;3958,310;3963,324;3967,308;3971,314;3976,326;3980,312;3984,324;3989,324;3993,330;3997,314;4002,328;4006,312;4010,326;4015,312;4019,316;4023,314;4028,314;4032,314;4037,312;4041,312;4045,316;4050,330;4054,316;4058,328;4063,312;4067,304;4071,316;4076,316;4080,328;4084,328;4089,314;4093,318;4097,330;4102,316;4106,314;4111,312;4115,304;4119,316;4124,314;4128,314;4132,300;4137,312;4141,316;4145,316;4150,314;4154,328;4158,312;4163,304;4167,302;4172,300;4176,314;4180,298;4185,310;4189,302;4193,314;4198,300;4202,314;4206,310;4211,324;4215,302;4219,300;4224,298;4228,298;4232,298;4237,298;4241,330;4246,314;4250,328;4254,314;4259,314;4263,304;4267,316;4272,314;4276,300;4280,298;4285,298;4289,318;4293,316;4298,316;4302,314;4306,314;4311,312;4315,304;4320,318;4324,302;4328,316;4333,316;4337,320;4341,306;4346,318;4350,318;4354,316;4359,316;4363,308;4367,320;4372,304;4376,318;4380,304;4385,330;4389,306;4394,320;4398,318;4402,332;4407,316;4411,308;4415,320;4420,306;4424,318;4428,318;4433,302;4437,318;4441,322;4446,318;4450,332;4454,318;4459,310;4463,322;4468,306;4472,318;4476,318;4481,318;4485,308;4489,322;4494,320;4498,320;4502,318;4507,318;4511,322;4515,308;4520,308;4524,306;4528,318;4533,312;4537,310;4542,308;4546,322;4550,306;4555,320;4559,326;4563,310;4568,310;4572,308;4576,308;4581,308;4585,314;4589,298;4594,312;4598,310;4603,324;4607,316;4611,314;4616,314;4620,298;4624,310;4629,310;4633,316;4637,314;4642,316;4646,312;4650,314;4655,312;4659,302;4663,316;4668,314;4672,314;4677,298;4681,318;4685,318;4690,316;4694,316;4698,314;4703,314;4707,306;4711,318;4716,318;4720,316;4724,302;4729,314;4733,320;4738,320;4742,318;4746,316;4751,316;4755,308;4759,320;4764,304;4768,318;4772,316;4777,330;4781,306;4785,320;4790,304;4794,318;4798,316;4803,330;4807,320;4812,306;4816,306;4820,304;4825,318;4829,308;4833,322;4838,306;4842,332;4846,316;4851,330;4855,308;4859,306;4864,306;4868,304;4872,316;4877,316;4881,322;4886,320;4890,318;4894,316;4899,330;4903,320;4907,320;4912,318;4916,304;4920,316;4925,314;4929,320;4933,318;4938,318;4942,316;4946,330;4951,308;4955,306;4960,306;4964,304;4968,304;4973,302;4977,322;4981,308;4986,320;4990,304;4994,316;4999,316;5003,308;5007,306;5012,290;5016,304;5020,302;5025,316;5029,306;5034,320;5038,306;5042,316;5047,302;5051,320;5055,306;5060,304;5064,316;5068,316;5073,300;5077,318;5081,318;5086,316;5090,316;5094,314;5099,306;5103,304;5108,318;5112,316;5116,314;5121,314;5125,304;5129,318;5134,316;5138,316;5142,314;5147,326;5151,316;5155,302;5160,328;5164,314;5169,326;5173,318;5177,330;5182,314;5186,316;5190,312;5195,326;5199,318;5203,316;5208,326;5212,300;5216,312;5221,312;5225,318;5229,316;5234,316;5238,300;5243,326;5247,304;5251,302;5256,302;5260,314;5264,314;5269,312;5273,318;5277,316;5282,314;5286,314;5290,326;5295,310;5299,304;5303,316;5308,314;5312,312;5317,312;5321,318;5325,316;5330,330;5334,314;5338,314;5343,312;5347,304;5351,316;5356,302;5360,314;5364,300;5369,312;5373,304;5378,316;5382,302;5386,314;5391,300;5395,304;5399,304;5404,288;5408,302;5412,300;5417,314;5421,302;5425,318;5430,316;5434,316;5438,314;5443,314;5447,306;5452,304;5456,304;5460,302;5465,302;5469,306;5473,306;5478,304;5482,318;5486,304;5491,316;5495,308;5499,306;5504,306;5508,304;5512,304;5517,302;5521,322;5526,308;5530,320;5534,318;5539,318;5543,310;5547,308;5552,322;5556,306;5560,320;5565,304;5569,324;5573,308;5578,322;5582,306;5586,320;5591,304;5595,310;5600,322;5604,308;5608,320;5613,306;5617,326;5621,310;5626,324;5630,308;5634,322;5639,306;5643,312;5647,312;5652,310;5656,324;5660,308;5665,314;5669,312;5674,312;5678,310;5682,324;5687,310;5691,300;5695,314;5700,298;5704,312;5708,310;5713,308;5717,314;5721,314;5726,312;5730,312;5735,310;5739,316;5743,316;5748,314;5752,314;5756,298;5761,310;5765,316;5769,316;5774,314;5778,314;5782,314;5787,326;5791,318;5795,304;5800,316;5804,302;5809,314;5813,306;5817,320;5822,318;5826,318;5830,316;5835,330;5839,306;5843,304;5848,304;5852,302;5856,302;5861,300;5865,320;5869,306;5874,318;5878,304;5883,302;5887,308;5891,306;5896,306;5900,304;5904,304;5909,302;5913,322;5917,320;5922,320;5926,318;5930,318;5935,316;5939,308;5943,320;5948,306;5952,306;5957,304;5961,324;5965,308;5970,322;5974,306;5978,318;5983,304;5987,310;5991,324;5996,308;6000,308;6004,306;6009,306;6013,310;6018,324;6022,310;6026,322;6031,320;6035,298;6039,312;6044,310;6048,296;6052,294;6057,294;6061,284;6065,284;6070,284;6074,268;6078,280;6083,288;6087,300;6092,270;6096,284;6100,282;6105,282;6109,286;6113,272;6118,270;6122,270;6126,282;6131,274;6135,286;6139,272;6144,286;6148,284;6152,284;6157,288;6161,288;6166,286;6170,272;6174,284;6179,284;6183,274;6187,274;6192,270;6196,286;6200,284;6205,284;6209,288;6213,274;6218,244;6222,270;6226,284;6231,290;6235,288;6240,272;6244,286;6248,284;6253,270;6257,288;6261,274;6266,258;6270,284;6274,298;6279,274;6283,288;6287,286;6292,286;6296,284;6301,282;6305,288;6309,286;6314,272;6318,284;6322,284;6327,284;6331,274;6335,286;6340,272;6344,270;6348,270;6353,290;6357,288;6361,286;6366,272;6370,286;6375,284;6379,276;6383,288;6388,258;6392,284;6396,284;6401,282;6405,274;6409,258;6414,286;6418,298;6422,284;6427,274;6431,274;6435,258;6440,284;6444,284;6449,282;6453,274;6457,244;6462,286;6466,284;6470,284;6475,260;6479,274;6483,272;6488,284;6492,284;6496,282;6501,274;6505,274;6509,272;6514,242;6518,270;6523,284;6527,288;6531,274;6536,286;6540,286;6544,284;6549,268;6553,274;6557,274;6562,244;6566,286;6570,284;6575,274;6579,274;6583,286;6588,258;6592,270;6597,270;\r\nBuffer sent in 0.973 secondsreturn;buffer;965\r\n'), 11:12:56
bytearray(b'received from UR: home -> home (0,1)\r\nSTEPPER: Moving to mstep: 0 with speed [msteps/sec]: 4000 in SpreadCycle.\r\n'), 11:12:57
bytearray(b'STEPPER: Moved 2400.00 msteps (ramp: 35%) in 813.424 ms -> average speed [msteps/sec]: 2950.49\r\nreturn;home;1\r\n'), 11:12:58
