bytearray(b'STEPPER: Moving to mstep: 2400 with speed [msteps/sec]: 4000 in SpreadCycle.\r\n'), 11:09:29
bytearray(b'STEPPER: Moved 2400.00 msteps (ramp: 35%) in 812.836 ms -> average speed [msteps/sec]: 2952.63\r\n'), 11:09:30
bytearray(b'received from UR: status -> status (0,1)\r\n*** STATUS ***\r\nid        :         3 -\r\nstep      :      2400 steps\r\nspeed     :      1500 msteps/s\r\nmspeed    :      1000 msteps/s\r\nsg-thrs   :        80 -\r\ndefault   :     12000 \xc2\xb5m\r\ndispense  :     30350 \xc2\xb5m\r\nblowout   :     33000 \xc2\xb5m\r\nd-offset  :        20 \xc2\xb5m\r\nur0       :         0 -\r\nur1       :         1 -\r\nhomed     :         1 -\r\nreturn;status;2400\r\n'), 11:09:32
bytearray(b'received from UR: measure -> measure (0,1)\r\nSTEPPER: Moving to mstep: 6600 with speed [msteps/sec]: 1000 in StealthChop.\r\n'), 11:09:33
bytearray(b'STEPPER: Moving to mstep: 2400 with speed [msteps/sec]: 4000 in SpreadCycle.\r\n'), 11:09:37
bytearray(b'STEPPER: Moved 4200.00 msteps (ramp: 35%) in 1324.892 ms -> average speed [msteps/sec]: 3170.07\r\nreturn;measure;965\r\n'), 11:09:38
bytearray(b'received from UR: buffer -> buffer (0,1)\r\nSending buffer of size 965data;2400,126;2404,480;2408,164;2413,278;2417,320;2421,326;2426,340;2430,324;2434,338;2439,324;2443,316;2447,316;2452,316;2456,328;2460,328;2465,328;2469,320;2474,332;2478,320;2482,334;2487,318;2491,324;2495,324;2500,324;2504,322;2508,322;2513,336;2517,328;2521,328;2526,328;2530,328;2534,326;2539,326;2543,332;2548,318;2552,332;2556,316;2561,330;2565,322;2569,336;2574,322;2578,336;2582,320;2587,334;2591,326;2595,312;2600,324;2604,324;2609,324;2613,324;2617,330;2622,314;2626,328;2630,326;2635,340;2639,320;2643,318;2648,332;2652,318;2656,330;2661,318;2665,322;2669,320;2674,334;2678,320;2683,332;2687,318;2691,310;2696,322;2700,322;2704,308;2709,320;2713,326;2717,326;2722,324;2726,324;2730,324;2735,322;2739,314;2743,326;2748,312;2752,324;2757,324;2761,336;2765,328;2770,330;2774,326;2778,340;2783,326;2787,318;2791,330;2796,316;2800,330;2804,316;2809,314;2813,320;2817,334;2822,318;2826,332;2831,318;2835,332;2839,322;2844,308;2848,322;2852,322;2857,320;2861,314;2865,326;2870,326;2874,338;2878,324;2883,338;2887,316;2891,314;2896,314;2900,326;2905,312;2909,320;2913,334;2918,332;2922,332;2926,318;2931,332;2935,324;2939,308;2944,322;2948,322;2952,306;2957,306;2961,326;2965,312;2970,326;2974,310;2979,324;2983,316;2987,316;2992,314;2996,314;3000,312;3005,312;3009,318;3013,316;3018,316;3022,302;3026,328;3031,314;3035,306;3040,304;3044,304;3048,304;3053,302;3057,322;3061,308;3066,322;3070,306;3074,320;3079,318;3083,310;3087,310;3092,308;3096,308;3100,308;3105,306;3109,312;3114,326;3118,310;3122,310;3127,308;3131,300;3135,314;3140,314;3144,326;3148,312;3153,324;3157,316;3161,330;3166,314;3170,328;3174,314;3179,324;3183,332;3188,304;3192,318;3196,316;3201,330;3205,308;3209,334;3214,320;3218,334;3222,318;3227,332;3231,324;3235,310;3240,322;3244,322;3248,322;3253,312;3257,328;3262,312;3266,326;3270,312;3275,324;3279,316;3283,316;3288,328;3292,314;3296,314;3301,312;3305,332;3309,318;3314,330;3318,316;3323,330;3327,314;3331,306;3336,320;3340,318;3344,318;3349,302;3353,322;3357,322;3362,320;3366,318;3370,320;3375,318;3379,296;3383,308;3388,308;3392,320;3397,306;3401,312;3405,312;3410,312;3414,310;3418,322;3423,308;3427,314;3431,314;3436,314;3440,298;3444,312;3449,312;3453,304;3457,316;3462,302;3466,316;3471,314;3475,306;3479,306;3484,304;3488,304;3492,318;3497,316;3501,308;3505,322;3510,306;3514,320;3518,318;3523,318;3527,308;3531,308;3536,322;3540,306;3545,318;3549,312;3553,326;3558,310;3562,324;3566,308;3571,324;3575,330;3579,312;3584,328;3588,300;3592,312;3597,312;3601,332;3605,318;3610,330;3614,316;3619,330;3623,322;3627,306;3632,320;3636,320;3640,320;3645,318;3649,326;3653,324;3658,324;3662,322;3666,336;3671,320;3675,314;3680,326;3684,312;3688,326;3693,324;3697,318;3701,316;3706,330;3710,316;3714,328;3719,314;3723,320;3727,320;3732,304;3736,318;3740,316;3745,330;3749,308;3754,322;3758,320;3762,320;3767,318;3771,310;3775,310;3780,308;3784,322;3788,306;3793,306;3797,314;3801,326;3806,310;3810,324;3814,308;3819,322;3823,314;3828,312;3832,312;3836,310;3841,310;3845,302;3849,316;3854,314;3858,314;3862,312;3867,314;3871,304;3875,304;3880,316;3884,302;3888,302;3893,306;3897,320;3902,306;3906,320;3910,318;3915,318;3919,324;3923,296;3928,322;3932,308;3936,322;3941,306;3945,314;3949,312;3954,312;3958,312;3962,326;3967,310;3971,304;3976,316;3980,316;3984,328;3989,314;3993,334;3997,320;4002,334;4006,318;4010,332;4015,316;4019,322;4023,322;4028,308;4032,306;4036,306;4041,306;4045,326;4050,326;4054,310;4058,338;4063,322;4067,314;4071,328;4076,314;4080,312;4084,312;4089,324;4093,316;4097,316;4102,314;4106,328;4111,314;4115,320;4119,320;4124,304;4128,318;4132,316;4137,318;4141,308;4145,322;4150,320;4154,320;4158,306;4163,320;4167,310;4171,310;4176,310;4180,294;4185,308;4189,314;4193,314;4198,312;4202,326;4206,312;4211,312;4215,318;4219,302;4224,316;4228,316;4232,316;4237,308;4241,320;4246,306;4250,320;4254,304;4259,318;4263,310;4267,310;4272,308;4276,308;4280,308;4285,306;4289,314;4293,312;4298,312;4302,310;4306,324;4311,302;4315,302;4320,314;4324,300;4328,312;4333,310;4337,318;4341,316;4346,316;4350,314;4354,314;4359,314;4363,320;4367,306;4372,306;4376,318;4380,316;4385,330;4389,308;4394,322;4398,320;4402,334;4407,320;4411,298;4415,310;4420,310;4424,310;4428,310;4433,322;4437,314;4441,328;4446,312;4450,326;4454,310;4459,324;4463,314;4468,314;4472,314;4476,314;4481,312;4485,318;4489,332;4494,318;4498,316;4502,316;4507,330;4511,320;4515,320;4520,306;4524,304;4528,318;4533,316;4537,322;4542,322;4546,320;4550,306;4555,320;4559,312;4563,310;4568,324;4572,310;4576,308;4581,308;4585,328;4589,312;4594,312;4598,312;4602,324;4607,310;4611,302;4616,314;4620,300;4624,312;4629,312;4633,318;4637,304;4642,316;4646,314;4650,314;4655,314;4659,306;4663,304;4668,304;4672,302;4677,316;4681,308;4685,306;4690,306;4694,306;4698,318;4703,318;4707,310;4711,322;4716,308;4720,306;4724,306;4729,320;4733,312;4737,326;4742,310;4746,310;4751,308;4755,300;4759,328;4764,314;4768,312;4772,312;4777,324;4781,316;4785,330;4790,314;4794,328;4798,312;4803,326;4807,318;4812,302;4816,316;4820,314;4825,314;4829,320;4833,320;4838,304;4842,332;4846,318;4851,332;4855,308;4859,308;4864,322;4868,306;4872,320;4877,318;4881,310;4886,310;4890,322;4894,308;4899,322;4903,312;4907,312;4912,312;4916,296;4920,310;4925,310;4929,316;4933,314;4938,314;4942,314;4946,312;4951,312;4955,304;4960,316;4964,302;4968,316;4973,314;4977,320;4981,306;4986,320;4990,304;4994,318;4999,318;5003,294;5007,308;5012,308;5016,308;5020,306;5025,306;5029,312;5034,324;5038,310;5042,310;5047,308;5051,300;5055,312;5060,312;5064,312;5068,310;5073,310;5077,316;5081,316;5086,314;5090,314;5094,312;5099,304;5103,304;5108,302;5112,314;5116,300;5121,312;5125,306;5129,318;5134,318;5138,318;5142,314;5147,314;5151,320;5155,306;5160,318;5164,318;5168,330;5173,308;5177,322;5182,308;5186,320;5190,306;5195,320;5199,324;5203,310;5208,324;5212,308;5216,322;5221,308;5225,326;5229,312;5234,326;5238,310;5243,324;5247,302;5251,314;5256,314;5260,314;5264,314;5269,312;5273,318;5277,316;5282,330;5286,314;5290,314;5295,314;5299,306;5303,318;5308,318;5312,316;5317,302;5321,322;5325,322;5330,320;5334,320;5338,320;5343,318;5347,296;5351,308;5356,308;5360,308;5364,306;5369,306;5373,312;5377,326;5382,310;5386,324;5391,308;5395,314;5399,314;5404,298;5408,312;5412,296;5417,310;5421,316;5425,314;5430,314;5434,314;5438,312;5443,326;5447,302;5451,302;5456,300;5460,314;5465,312;5469,304;5473,316;5478,302;5482,302;5486,314;5491,314;5495,304;5499,304;5504,302;5508,302;5512,314;5517,300;5521,318;5525,304;5530,316;5534,316;5539,314;5543,320;5547,306;5552,318;5556,302;5560,316;5565,314;5569,320;5573,304;5578,332;5582,316;5586,330;5591,314;5595,306;5599,318;5604,304;5608,316;5613,302;5617,306;5621,304;5626,318;5630,316;5634,316;5639,314;5643,318;5647,318;5652,316;5656,316;5660,314;5665,312;5669,318;5674,318;5678,314;5682,328;5687,312;5691,318;5695,318;5700,316;5704,314;5708,314;5713,312;5717,318;5721,320;5726,316;5730,316;5734,314;5739,306;5743,306;5748,304;5752,318;5756,304;5761,316;5765,308;5769,320;5774,306;5778,318;5782,304;5787,316;5791,322;5795,308;5800,320;5804,306;5809,318;5813,310;5817,324;5822,310;5826,322;5830,308;5835,308;5839,298;5843,298;5848,310;5852,310;5856,310;5861,308;5865,312;5869,312;5874,312;5878,310;5883,310;5887,316;5891,298;5896,314;5900,298;5904,298;5909,312;5913,316;5917,302;5922,316;5926,314;5930,328;5935,312;5939,304;5943,318;5948,302;5952,314;5957,314;5961,320;5965,306;5970,318;5974,316;5978,330;5983,314;5987,294;5991,306;5996,304;6000,304;6004,302;6009,302;6013,308;6017,322;6022,306;6026,292;6031,290;6035,282;6039,282;6044,280;6048,266;6052,280;6057,256;6061,284;6065,296;6070,282;6074,294;6078,294;6083,286;6087,284;6092,284;6096,268;6100,280;6105,280;6109,270;6113,284;6118,282;6122,284;6126,280;6131,252;6135,286;6139,284;6144,284;6148,282;6152,296;6157,274;6161,272;6165,272;6170,256;6174,282;6179,296;6183,288;6187,286;6192,286;6196,284;6200,284;6205,268;6209,302;6213,286;6218,272;6222,284;6226,284;6231,274;6235,274;6240,260;6244,286;6248,272;6253,284;6257,290;6261,276;6266,288;6270,288;6274,272;6279,278;6283,278;6287,262;6292,276;6296,274;6300,274;6305,238;6309,280;6314,292;6318,278;6322,276;6327,276;6331,282;6335,282;6340,266;6344,280;6348,278;6353,270;6357,270;6361,284;6366,282;6370,296;6375,282;6379,272;6383,272;6388,270;6392,270;6396,270;6401,268;6405,288;6409,288;6414,286;6418,300;6422,284;6427,276;6431,274;6435,274;6440,258;6444,272;6449,270;6453,290;6457,290;6462,274;6466,246;6470,286;6475,286;6479,278;6483,276;6488,276;6492,276;6496,260;6501,280;6505,236;6509,278;6514,292;6518,276;6523,276;6527,296;6531,280;6536,280;6540,278;6544,264;6549,278;6553,284;6557,282;6562,282;6566,280;6570,294;6575,272;6579,270;6583,270;6588,270;6592,268;6597,268;\r\nBuffer sent in 0.973 secondsreturn;buffer;965\r\n'), 11:09:40
bytearray(b'received from UR: measure -> measure (0,1)\r\nSTEPPER: Moving to mstep: 6600 with speed [msteps/sec]: 1000 in StealthChop.\r\n'), 11:09:41
bytearray(b'STEPPER: Moving to mstep: 2400 with speed [msteps/sec]: 4000 in SpreadCycle.\r\n'), 11:09:45
bytearray(b'STEPPER: Moved 4200.00 msteps (ramp: 35%) in 1324.880 ms -> average speed [msteps/sec]: 3170.10\r\nreturn;measure;965\r\n'), 11:09:47
bytearray(b'received from UR: buffer -> buffer (0,1)\r\nSending buffer of size 965data;2400,302;2404,474;2408,142;2413,272;2417,314;2421,320;2426,332;2430,318;2434,344;2439,316;2443,322;2447,320;2452,318;2456,332;2460,332;2465,316;2469,322;2474,336;2478,322;2482,334;2487,318;2491,324;2495,322;2500,308;2504,320;2508,320;2513,332;2517,324;2521,338;2526,322;2530,336;2534,320;2539,334;2543,326;2548,310;2552,322;2556,308;2561,336;2565,326;2569,340;2574,322;2578,338;2582,322;2587,336;2591,328;2595,312;2600,326;2604,310;2608,324;2613,308;2617,342;2622,328;2626,340;2630,324;2635,340;2639,330;2643,316;2648,328;2652,314;2656,326;2661,312;2665,332;2669,330;2674,330;2678,330;2682,342;2687,326;2691,318;2696,332;2700,316;2704,330;2709,314;2713,336;2717,334;2722,334;2726,318;2730,332;2735,330;2739,308;2743,336;2748,308;2752,334;2757,304;2761,332;2765,324;2770,338;2774,322;2778,336;2783,320;2787,312;2791,326;2796,310;2800,324;2804,308;2809,322;2813,328;2817,342;2822,312;2826,340;2831,326;2835,304;2839,316;2844,316;2848,316;2852,300;2857,328;2861,318;2865,332;2870,316;2874,330;2878,330;2883,330;2887,320;2891,320;2896,318;2900,304;2905,316;2909,322;2913,336;2918,320;2922,334;2926,318;2931,332;2935,324;2939,308;2944,322;2948,306;2952,320;2957,306;2961,326;2965,310;2970,324;2974,322;2979,322;2983,314;2987,298;2992,312;2996,296;3000,310;3005,296;3009,330;3013,314;3018,328;3022,312;3026,326;3031,312;3035,304;3039,302;3044,302;3048,314;3053,300;3057,320;3061,320;3066,320;3070,318;3074,318;3079,316;3083,308;3087,306;3092,292;3096,320;3100,304;3105,318;3109,310;3113,324;3118,322;3122,322;3127,320;3131,298;3135,312;3140,296;3144,312;3148,296;3153,322;3157,314;3161,328;3166,314;3170,326;3174,314;3179,340;3183,318;3187,302;3192,316;3196,302;3201,328;3205,320;3209,334;3214,320;3218,332;3222,318;3227,332;3231,322;3235,308;3240,322;3244,306;3248,320;3253,312;3257,340;3262,324;3266,326;3270,322;3275,336;3279,314;3283,300;3288,328;3292,314;3296,314;3301,312;3305,332;3309,318;3314,332;3318,316;3323,330;3327,316;3331,308;3336,322;3340,306;3344,318;3349,304;3353,326;3357,324;3362,324;3366,310;3370,324;3375,322;3379,300;3383,312;3388,298;3392,312;3397,296;3401,310;3405,316;3410,330;3414,316;3418,328;3423,314;3427,292;3431,306;3436,304;3440,304;3444,302;3449,316;3453,308;3457,320;3462,306;3466,320;3471,318;3475,296;3479,308;3484,308;3488,306;3492,292;3497,306;3501,310;3505,324;3510,310;3514,322;3518,320;3523,320;3527,312;3531,296;3536,310;3540,294;3545,322;3549,314;3553,328;3558,310;3562,326;3566,324;3571,324;3575,316;3579,302;3584,328;3588,300;3592,326;3597,312;3601,332;3605,316;3610,330;3614,316;3619,330;3623,320;3627,306;3632,318;3636,304;3640,318;3645,304;3649,336;3653,322;3658,336;3662,320;3666,334;3671,320;3675,312;3679,310;3684,310;3688,324;3693,308;3697,330;3701,314;3706,328;3710,326;3714,326;3719,312;3723,304;3727,316;3732,302;3736,316;3740,302;3745,314;3749,320;3754,320;3758,320;3762,320;3767,318;3771,296;3775,310;3780,294;3784,308;3788,308;3793,308;3797,312;3801,328;3806,312;3810,326;3814,310;3819,302;3823,302;3828,302;3832,314;3836,300;3841,312;3845,306;3849,320;3854,318;3858,318;3862,316;3867,316;3871,308;3875,294;3880,306;3884,306;3888,306;3893,312;3897,326;3902,310;3906,324;3910,310;3915,324;3919,314;3923,300;3928,314;3932,298;3936,312;3941,298;3945,332;3949,316;3954,330;3958,316;3962,330;3967,314;3971,306;3976,320;3980,304;3984,318;3989,304;3993,338;3997,322;4002,336;4006,320;4010,334;4015,320;4019,298;4023,312;4028,310;4032,308;4036,308;4041,320;4045,312;4050,326;4054,310;4058,338;4063,322;4067,300;4071,314;4076,312;4080,312;4084,310;4089,324;4093,316;4097,330;4102,314;4106,328;4111,326;4115,304;4119,316;4124,302;4128,316;4132,300;4137,314;4141,320;4145,320;4150,318;4154,318;4158,316;4163,318;4167,308;4171,306;4176,306;4180,292;4185,318;4189,310;4193,324;4198,308;4202,322;4206,320;4211,320;4215,312;4219,296;4224,310;4228,294;4232,308;4237,306;4241,328;4245,312;4250,326;4254,310;4259,324;4263,302;4267,300;4272,314;4276,298;4280,312;4285,298;4289,318;4293,316;4298,316;4302,316;4306,314;4311,314;4315,306;4319,306;4324,290;4328,316;4333,304;4337,324;4341,310;4346,324;4350,322;4354,322;4359,320;4363,300;4367,314;4372,298;4376,324;4380,310;4385,324;4389,316;4394,330;4398,316;4402,330;4407,314;4411,306;4415,320;4420,304;4424,318;4428,304;4433,316;4437,310;4441,336;4446,322;4450,336;4454,320;4459,336;4463,312;4468,298;4472,312;4476,312;4481,312;4485,316;4489,330;4494,316;4498,330;4502,314;4507,328;4511,322;4515,306;4520,320;4524,306;4528,320;4533,312;4537,326;4542,324;4546,324;4550,310;4555,322;4559,314;4563,300;4568,314;4572,298;4576,312;4581,298;4585,332;4589,316;4594,330;4598,316;4602,330;4607,308;4611,292;4616,320;4620,306;4624,306;4629,304;4633,326;4637,310;4642,324;4646,310;4650,324;4655,310;4659,300;4663,314;4668,300;4672,312;4676,298;4681,312;4685,318;4690,318;4694,318;4698,318;4703,316;4707,294;4711,308;4716,308;4720,320;4724,292;4729,320;4733,312;4737,326;4742,312;4746,324;4750,324;4755,302;4759,316;4764,300;4768,314;4772,300;4777,314;4781,320;4785,334;4790,318;4794,332;4798,318;4803,332;4807,324;4811,308;4816,322;4820,308;4825,322;4829,314;4833,326;4838,312;4842,326;4846,310;4851,324;4855,316;4859,302;4864,314;4868,300;4872,314;4877,314;4881,320;4885,318;4890,332;4894,318;4899,318;4903,310;4907,308;4912,308;4916,308;4920,320;4925,306;4929,328;4933,312;4938,326;4942,312;4946,326;4951,312;4955,302;4960,316;4964,302;4968,316;4973,300;4977,322;4981,306;4986,332;4990,318;4994,320;4999,318;5003,296;5007,310;5012,296;5016,308;5020,308;5025,308;5029,314;5034,328;5038,312;5042,326;5047,312;5051,304;5055,304;5060,302;5064,316;5068,300;5073,314;5077,306;5081,320;5086,318;5090,318;5094,316;5099,296;5103,308;5108,294;5112,308;5116,294;5121,306;5125,312;5129,326;5134,312;5138,324;5142,310;5147,324;5151,316;5155,300;5160,314;5164,300;5168,314;5173,300;5177,334;5182,318;5186,332;5190,318;5195,332;5199,322;5203,294;5208,322;5212,306;5216,320;5221,304;5225,326;5229,310;5234,324;5238,310;5242,338;5247,322;5251,300;5256,314;5260,314;5264,312;5269,298;5273,332;5277,318;5282,318;5286,316;5290,330;5295,316;5299,306;5303,320;5308,306;5312,318;5316,304;5321,318;5325,324;5330,324;5334,322;5338,322;5343,320;5347,298;5351,312;5356,298;5360,312;5364,296;5369,310;5373,316;5377,330;5382,314;5386,328;5391,314;5395,292;5399,318;5404,304;5408,304;5412,302;5417,316;5421,308;5425,322;5430,308;5434,322;5438,320;5443,298;5447,312;5451,298;5456,310;5460,296;5465,308;5469,314;5473,314;5478,314;5482,314;5486,312;5491,312;5495,304;5499,304;5504,302;5508,302;5512,316;5517,300;5521,320;5526,320;5530,320;5534,318;5539,318;5543,310;5547,294;5552,322;5556,292;5560,320;5565,306;5569,326;5573,310;5578,324;5582,322;5586,322;5591,308;5595,298;5600,312;5604,296;5608,310;5613,296;5617,330;5621,314;5626,328;5630,314;5634,326;5639,312;5643,302;5647,304;5652,302;5656,316;5660,300;5665,314;5669,320;5674,320;5678,318;5682,318;5687,318;5691,308;5695,310;5700,296;5704,308;5708,308;5713,308;5717,312;5721,326;5726,312;5730,326;5734,310;5739,302;5743,316;5748,302;5752,316;5756,300;5761,312;5765,320;5769,320;5774,318;5778,318;5782,316;5787,330;5791,308;5795,294;5800,308;5804,306;5808,306;5813,292;5817,326;5822,312;5826,324;5830,310;5835,324;5839,314;5843,300;5848,312;5852,298;5856,312;5861,298;5865,318;5869,318;5874,316;5878,316;5882,316;5887,306;5891,292;5896,306;5900,306;5904,304;5909,290;5913,324;5917,310;5922,322;5926,308;5930,322;5935,320;5939,298;5943,312;5948,298;5952,326;5957,298;5961,318;5965,316;5970,330;5974,316;5978,330;5983,314;5987,292;5991,320;5996,306;6000,320;6004,290;6009,318;6013,310;6018,324;6022,308;6026,308;6031,294;6035,272;6039,284;6044,284;6048,282;6052,268;6057,296;6061,288;6065,288;6070,286;6074,258;6078,286;6083,278;6087,278;6092,290;6096,276;6100,262;6105,290;6109,282;6113,280;6118,294;6122,294;6126,294;6131,292;6135,284;6139,270;6144,284;6148,268;6152,282;6157,288;6161,288;6166,288;6170,288;6174,286;6179,286;6183,278;6187,264;6192,276;6196,262;6200,276;6205,274;6209,280;6213,294;6218,294;6222,292;6226,278;6231,284;6235,268;6240,268;6244,252;6248,294;6253,280;6257,286;6261,272;6266,242;6270,284;6274,284;6279,284;6283,276;6287,274;6292,274;6296,272;6300,244;6305,292;6309,278;6314,278;6318,276;6322,276;6327,276;6331,266;6335,280;6340,266;6344,280;6348,264;6353,278;6357,284;6361,284;6366,282;6370,296;6374,282;6379,288;6383,288;6388,274;6392,288;6396,286;6401,272;6405,278;6409,278;6414,292;6418,290;6422,290;6427,254;6431,282;6435,280;6440,280;6444,294;6448,278;6453,284;6457,284;6462,284;6466,284;6470,282;6475,268;6479,288;6483,274;6488,286;6492,272;6496,286;6501,278;6505,276;6509,276;6514,276;6518,290;6523,288;6527,280;6531,280;6536,294;6540,278;6544,292;6549,278;6553,284;6557,268;6562,240;6566,282;6570,296;6575,274;6579,272;6583,272;6588,258;6592,286;6597,270;\r\nBuffer sent in 0.973 secondsreturn;buffer;965\r\n'), 11:09:49
bytearray(b'received from UR: measure -> measure (0,1)\r\nSTEPPER: Moving to mstep: 6600 with speed [msteps/sec]: 1000 in StealthChop.\r\n'), 11:09:50
bytearray(b'STEPPER: Moving to mstep: 2400 with speed [msteps/sec]: 4000 in SpreadCycle.\r\n'), 11:09:54
bytearray(b'STEPPER: Moved 4200.00 msteps (ramp: 35%) in 1324.880 ms -> average speed [msteps/sec]: 3170.10\r\nreturn;measure;965\r\n'), 11:09:55
bytearray(b'received from UR: buffer -> buffer (0,1)\r\nSending buffer of size 965data;2400,308;2404,462;2408,144;2413,272;2417,328;2421,320;2426,334;2430,320;2434,332;2439,318;2443,324;2447,324;2452,322;2456,336;2460,320;2465,320;2469,326;2474,340;2478,324;2482,338;2487,322;2491,328;2495,328;2500,326;2504,326;2508,326;2513,338;2517,316;2521,330;2526,328;2530,340;2534,326;2539,326;2543,332;2547,318;2552,330;2556,316;2561,314;2565,320;2569,334;2574,320;2578,332;2582,316;2587,330;2591,336;2595,306;2600,320;2604,320;2608,332;2613,318;2617,338;2622,322;2626,334;2630,320;2635,332;2639,324;2643,322;2648,336;2652,320;2656,320;2661,320;2665,338;2669,322;2674,336;2678,334;2682,334;2687,320;2691,324;2696,324;2700,322;2704,334;2709,320;2713,340;2717,324;2722,338;2726,322;2730,336;2735,320;2739,326;2743,336;2748,310;2752,336;2756,322;2761,334;2765,326;2770,338;2774,324;2778,338;2783,322;2787,314;2791,328;2796,312;2800,326;2804,324;2809,324;2813,316;2817,328;2822,314;2826,328;2831,312;2835,316;2839,330;2844,316;2848,328;2852,312;2857,326;2861,316;2865,330;2870,314;2874,328;2878,314;2883,328;2887,332;2891,318;2896,316;2900,316;2905,316;2909,322;2913,334;2918,320;2922,332;2926,318;2931,332;2935,322;2939,322;2944,320;2948,306;2952,318;2957,304;2961,324;2965,310;2970,322;2974,306;2979,320;2983,312;2987,310;2992,322;2996,308;3000,308;3005,306;3009,326;3013,324;3018,308;3022,308;3026,320;3031,306;3035,310;3039,324;3044,310;3048,308;3053,306;3057,326;3061,312;3066,324;3070,310;3074,322;3079,320;3083,312;3087,324;3092,310;3096,308;3100,306;3105,308;3109,312;3113,312;3118,310;3122,324;3127,322;3131,314;3135,326;3140,312;3144,324;3148,310;3153,322;3157,314;3161,326;3166,310;3170,338;3174,322;3179,324;3183,326;3187,312;3192,312;3196,310;3201,322;3205,314;3209,328;3214,312;3218,326;3222,310;3227,338;3231,316;3235,314;3240,328;3244,312;3248,312;3253,312;3257,332;3262,316;3266,330;3270,300;3275,328;3279,320;3283,320;3288,318;3292,318;3296,330;3301,314;3305,322;3309,320;3314,334;3318,318;3323,318;3327,318;3331,322;3336,322;3340,308;3344,322;3349,320;3353,312;3357,310;3362,324;3366,324;3370,324;3375,308;3379,300;3383,312;3388,312;3392,312;3397,310;3401,316;3405,302;3410,316;3414,314;3418,314;3423,312;3427,318;3431,318;3436,302;3440,302;3444,302;3449,314;3453,306;3457,320;3462,304;3466,318;3471,304;3475,310;3479,308;3484,308;3488,308;3492,306;3497,304;3501,310;3505,324;3510,310;3514,308;3518,308;3523,320;3527,312;3531,298;3536,310;3540,310;3545,310;3549,316;3553,316;3558,314;3562,328;3566,312;3571,326;3575,316;3579,316;3584,330;3588,314;3592,328;3597,312;3601,332;3605,316;3610,330;3614,316;3619,328;3623,320;3627,320;3632,318;3636,316;3640,316;3645,316;3649,322;3653,306;3658,334;3662,318;3666,332;3671,316;3675,322;3679,320;3684,320;3688,320;3693,318;3697,324;3701,310;3706,322;3710,308;3714,322;3719,320;3723,310;3727,324;3732,308;3736,322;3740,308;3745,322;3749,312;3753,324;3758,310;3762,322;3767,306;3771,314;3775,312;3780,312;3784,310;3788,310;3793,322;3797,314;3801,328;3806,312;3810,312;3814,310;3819,324;3823,314;3828,300;3832,312;3836,312;3841,310;3845,304;3849,316;3854,300;3858,314;3862,314;3867,326;3871,304;3875,304;3880,316;3884,302;3889,302;3893,308;3897,320;3902,320;3906,306;3910,304;3915,318;3919,324;3923,296;3928,310;3932,308;3936,322;3941,306;3945,326;3949,312;3954,326;3958,310;3963,324;3967,316;3971,314;3976,328;3980,312;3984,312;3989,310;3993,330;3997,316;4002,330;4006,314;4010,328;4015,312;4019,304;4023,316;4028,316;4032,316;4037,300;4041,314;4045,318;4050,320;4054,318;4058,330;4063,316;4067,308;4071,320;4076,320;4080,318;4084,318;4089,318;4093,308;4097,322;4102,322;4106,320;4111,320;4115,310;4119,324;4124,310;4128,322;4132,306;4137,320;4141,312;4145,324;4150,310;4154,308;4158,308;4163,322;4167,312;4171,312;4176,310;4180,296;4185,308;4189,314;4193,328;4198,312;4202,326;4206,310;4211,324;4215,316;4219,300;4224,312;4228,298;4232,310;4237,310;4241,316;4245,314;4250,314;4254,298;4259,326;4263,304;4267,302;4272,302;4276,300;4280,314;4285,310;4289,306;4293,304;4298,316;4302,316;4306,314;4311,314;4315,306;4320,304;4324,304;4328,318;4333,302;4337,322;4341,320;4346,320;4350,318;4354,318;4359,318;4363,308;4367,322;4372,308;4376,320;4380,304;4385,318;4389,324;4394,324;4398,322;4402,336;4407,320;4411,312;4415,326;4420,310;4424,310;4428,310;4433,322;4437,314;4441,328;4446,312;4450,326;4454,310;4459,316;4463,316;4468,314;4472,314;4476,314;4481,312;4485,318;4489,332;4494,316;4498,316;4502,314;4507,328;4511,304;4515,304;4520,316;4524,316;4528,316;4533,300;4537,320;4542,320;4546,320;4550,316;4555,330;4559,322;4563,306;4568,320;4572,304;4576,318;4581,302;4585,324;4589,310;4594,322;4598,320;4602,334;4607,310;4611,296;4616,308;4620,308;4624,308;4629,308;4633,312;4637,298;4642,324;4646,310;4650,310;4655,308;4659,300;4663,312;4668,312;4672,310;4677,310;4681,302;4685,314;4690,314;4694,312;4698,312;4703,310;4707,302;4711,314;4716,300;4720,314;4724,312;4729,312;4733,318;4737,330;4742,316;4746,314;4751,314;4755,304;4759,318;4764,318;4768,316;4772,316;4777,328;4781,306;4785,334;4790,318;4794,332;4798,318;4803,332;4807,322;4811,308;4816,322;4820,306;4825,320;4829,312;4833,326;4838,310;4842,324;4846,308;4851,322;4855,328;4859,312;4864,310;4868,310;4872,310;4877,308;4881,328;4885,314;4890,314;4894,312;4899,326;4903,316;4907,316;4912,316;4916,314;4920,314;4925,312;4929,318;4933,318;4938,316;4942,316;4946,316;4951,314;4955,306;4960,306;4964,304;4968,318;4973,318;4977,324;4981,308;4986,322;4990,306;4994,320;4999,304;5003,296;5007,310;5012,308;5016,308;5020,308;5025,320;5029,312;5034,326;5038,310;5042,310;5047,308;5051,300;5055,300;5060,300;5064,312;5068,312;5073,310;5077,302;5081,316;5086,300;5090,314;5094,312;5099,304;5103,304;5108,304;5112,302;5116,302;5121,316;5125,308;5129,322;5134,308;5138,320;5142,318;5147,318;5151,324;5155,310;5160,322;5164,308;5168,320;5173,312;5177,326;5182,310;5186,324;5190,308;5195,322;5199,328;5203,312;5208,324;5212,310;5216,310;5221,308;5225,328;5229,312;5234,326;5238,310;5242,324;5247,310;5251,314;5256,314;5260,314;5264,312;5269,310;5273,318;5277,316;5282,314;5286,314;5290,328;5295,312;5299,318;5303,316;5308,316;5312,316;5316,314;5321,314;5325,320;5330,318;5334,318;5338,316;5343,316;5347,308;5351,322;5356,306;5360,320;5364,304;5369,318;5373,310;5377,310;5382,308;5386,322;5391,308;5395,312;5399,312;5404,298;5408,310;5412,308;5417,322;5421,314;5425,314;5430,312;5434,312;5438,310;5443,324;5447,314;5451,314;5456,312;5460,298;5465,312;5469,316;5473,316;5478,314;5482,314;5486,298;5491,312;5495,304;5499,302;5504,316;5508,302;5512,314;5517,306;5521,320;5526,304;5530,318;5534,316;5539,316;5543,320;5547,306;5552,318;5556,304;5560,316;5565,316;5569,322;5573,306;5578,320;5582,318;5586,332;5591,316;5595,308;5600,322;5604,306;5608,320;5613,318;5617,324;5621,310;5626,324;5630,308;5634,320;5639,306;5643,312;5647,310;5652,310;5656,308;5660,308;5665,308;5669,314;5674,312;5678,310;5682,324;5687,308;5691,316;5695,314;5700,312;5704,312;5708,312;5713,324;5717,316;5721,316;5726,316;5730,328;5734,314;5739,306;5743,304;5748,304;5752,316;5756,316;5761,316;5765,308;5769,320;5774,306;5778,318;5782,304;5787,332;5791,308;5795,294;5800,306;5804,306;5808,318;5813,310;5817,310;5822,308;5826,322;5830,306;5835,320;5839,310;5843,310;5848,308;5852,308;5856,306;5861,320;5865,310;5869,308;5874,322;5878,322;5882,322;5887,298;5891,298;5896,296;5900,308;5904,308;5909,308;5913,314;5917,312;5922,312;5926,310;5930,324;5935,308;5939,300;5943,300;5948,298;5952,312;5957,310;5961,316;5965,314;5970,328;5974,312;5978,326;5983,310;5987,316;5991,328;5996,300;6000,312;6004,312;6009,310;6013,316;6018,300;6022,300;6026,312;6031,296;6035,288;6039,288;6044,286;6048,272;6052,284;6057,270;6061,290;6065,288;6070,288;6074,258;6078,284;6083,292;6087,290;6092,288;6096,288;6100,288;6105,286;6109,292;6113,292;6118,290;6122,290;6126,288;6131,266;6135,278;6139,278;6144,290;6148,276;6152,288;6157,280;6161,280;6166,278;6170,278;6174,276;6179,290;6183,282;6187,268;6192,280;6196,278;6200,292;6205,278;6209,298;6213,296;6218,294;6222,280;6226,292;6231,270;6235,270;6240,268;6244,268;6248,280;6253,280;6257,300;6261,286;6266,284;6270,282;6274,268;6279,274;6283,274;6287,286;6292,286;6296,272;6300,270;6305,276;6309,276;6314,246;6318,288;6322,288;6327,286;6331,264;6335,290;6340,262;6344,274;6348,274;6353,250;6357,278;6361,292;6366,290;6370,290;6374,288;6379,280;6383,278;6388,278;6392,276;6396,276;6401,262;6405,282;6409,294;6414,280;6418,292;6422,290;6427,268;6431,266;6435,266;6440,280;6444,278;6449,278;6453,284;6457,296;6462,282;6466,280;6470,280;6475,250;6479,284;6483,284;6488,282;6492,282;6496,282;6501,272;6505,272;6509,270;6514,282;6518,284;6523,282;6527,260;6531,274;6536,286;6540,284;6544,284;6549,270;6553,274;6557,288;6562,288;6566,286;6570,286;6575,276;6579,276;6584,260;6588,272;6592,272;6597,272;\r\nBuffer sent in 0.973 secondsreturn;buffer;965\r\n'), 11:09:57
bytearray(b'received from UR: measure -> measure (0,1)\r\nSTEPPER: Moving to mstep: 6600 with speed [msteps/sec]: 1000 in StealthChop.\r\n'), 11:09:58
bytearray(b'STEPPER: Moving to mstep: 2400 with speed [msteps/sec]: 4000 in SpreadCycle.\r\n'), 11:10:03
bytearray(b'STEPPER: Moved 4200.00 msteps (ramp: 35%) in 1324.888 ms -> average speed [msteps/sec]: 3170.08\r\nreturn;measure;965\r\n'), 11:10:04
bytearray(b'received from UR: buffer -> buffer (0,1)\r\nSending buffer of size 965data;2400,304;2404,446;2408,170;2413,270;2417,334;2421,318;2426,334;2430,316;2434,332;2439,330;2443,322;2447,320;2452,306;2456,320;2460,306;2465,332;2469,324;2474,338;2478,322;2482,336;2487,320;2491,328;2495,326;2500,326;2504,326;2508,312;2513,324;2517,330;2521,330;2526,314;2530,328;2535,326;2539,326;2543,332;2548,316;2552,330;2556,316;2561,330;2565,322;2569,334;2574,320;2578,334;2582,318;2587,332;2591,338;2595,324;2600,322;2604,308;2609,322;2613,314;2617,342;2622,326;2626,340;2630,326;2635,326;2639,316;2643,330;2648,330;2652,328;2656,326;2661,314;2665,334;2669,332;2674,332;2678,318;2683,330;2687,316;2691,322;2696,334;2700,318;2704,332;2709,318;2713,324;2717,322;2722,336;2726,320;2730,334;2735,320;2739,310;2743,324;2748,310;2752,322;2757,322;2761,336;2765,326;2770,328;2774,326;2778,340;2783,324;2787,316;2791,330;2796,316;2800,330;2804,314;2809,328;2813,318;2817,332;2822,318;2826,332;2831,316;2835,308;2839,320;2844,320;2848,320;2852,306;2857,318;2861,324;2865,338;2870,322;2874,336;2878,322;2883,334;2887,312;2891,312;2896,326;2900,310;2905,310;2909,316;2913,330;2918,314;2922,328;2926,314;2931,324;2935,320;2939,306;2944,318;2948,304;2952,316;2957,316;2961,322;2965,308;2970,322;2974,320;2979,322;2983,312;2987,298;2992,310;2996,310;3000,310;3005,294;3009,330;3013,312;3018,328;3022,312;3026,326;3031,312;3035,304;3039,302;3044,302;3048,302;3053,300;3057,322;3061,320;3066,320;3070,318;3074,318;3079,318;3083,294;3087,308;3092,306;3096,306;3100,292;3105,304;3109,324;3114,324;3118,310;3122,322;3127,322;3131,314;3135,314;3140,298;3144,312;3148,310;3153,324;3157,316;3161,330;3166,314;3170,328;3174,312;3179,340;3183,318;3188,302;3192,316;3196,302;3201,314;3205,320;3209,334;3214,318;3218,332;3222,316;3227,330;3231,308;3235,308;3240,320;3244,320;3248,320;3253,310;3257,324;3262,310;3266,322;3270,320;3275,320;3279,312;3283,310;3288,310;3292,308;3296,322;3301,320;3305,326;3309,312;3314,326;3318,324;3322,324;3327,322;3331,300;3336,314;3340,298;3344,326;3349,310;3353,330;3357,316;3362,328;3366,314;3370,314;3375,312;3379,318;3383,316;3388,302;3392,314;3396,300;3401,314;3405,306;3410,318;3414,304;3418,330;3423,316;3427,306;3431,306;3436,306;3440,304;3444,304;3449,304;3453,310;3457,322;3462,308;3466,306;3470,306;3475,298;3479,310;3484,310;3488,322;3492,308;3497,308;3501,314;3505,312;3510,312;3514,310;3518,310;3523,310;3527,314;3531,314;3536,328;3540,312;3545,326;3549,318;3553,330;3558,316;3562,316;3566,314;3571,328;3575,318;3579,304;3584,332;3588,316;3592,330;3597,300;3601,320;3605,306;3610,320;3614,318;3619,332;3623,322;3627,308;3632,308;3636,306;3640,318;3645,304;3649,338;3653,322;3658,336;3662,320;3666,320;3671,318;3675,324;3679,322;3684,308;3688,308;3693,320;3697,326;3701,324;3706,324;3710,322;3714,334;3719,320;3723,310;3727,324;3732,294;3736,308;3740,306;3745,320;3749,312;3754,324;3758,310;3762,322;3767,306;3771,298;3775,312;3780,310;3784,310;3788,294;3793,308;3797,314;3801,328;3806,312;3810,326;3814,310;3819,302;3823,300;3828,300;3832,312;3836,298;3841,310;3845,316;3849,316;3854,300;3858,314;3862,312;3867,326;3871,318;3875,316;3880,314;3884,298;3888,312;3893,312;3897,304;3902,302;3906,316;3910,314;3915,314;3919,320;3923,304;3928,318;3932,302;3936,314;3941,314;3945,320;3949,306;3954,318;3958,318;3962,318;3967,316;3971,308;3976,320;3980,306;3984,318;3989,304;3993,318;3997,322;4002,308;4006,308;4010,322;4015,306;4019,312;4023,324;4028,310;4032,322;4036,308;4041,308;4045,314;4050,328;4054,312;4058,326;4063,324;4067,302;4071,314;4076,314;4080,328;4084,314;4089,314;4093,318;4097,332;4102,318;4106,330;4110,316;4115,330;4119,322;4124,320;4128,320;4132,304;4137,318;4141,312;4145,312;4150,310;4154,310;4158,308;4163,322;4167,328;4171,312;4176,312;4180,296;4185,310;4189,316;4193,330;4198,314;4202,314;4206,298;4211,312;4215,318;4219,316;4224,316;4228,314;4232,314;4237,298;4241,320;4245,318;4250,316;4254,302;4259,316;4263,308;4267,292;4272,306;4276,304;4280,304;4285,290;4289,324;4293,308;4298,322;4302,308;4306,320;4311,320;4315,296;4319,310;4324,310;4328,324;4333,308;4337,314;4341,314;4346,328;4350,312;4354,326;4359,324;4363,302;4367,314;4372,300;4376,312;4380,312;4385,326;4389,302;4393,330;4398,302;4402,328;4407,312;4411,304;4415,318;4420,316;4424,316;4428,302;4433,314;4437,306;4441,320;4446,318;4450,332;4454,316;4459,330;4463,308;4468,306;4472,320;4476,304;4481,318;4485,324;4489,322;4494,322;4498,320;4502,320;4507,320;4511,326;4515,310;4520,324;4524,308;4528,322;4533,306;4537,314;4542,312;4546,312;4550,310;4555,324;4559,316;4563,314;4568,314;4572,312;4576,312;4581,298;4585,318;4589,304;4594,318;4598,302;4602,316;4607,314;4611,320;4616,320;4620,318;4624,318;4629,302;4633,322;4637,308;4642,322;4646,306;4650,318;4655,304;4659,310;4663,322;4668,308;4672,308;4676,306;4681,306;4685,312;4690,312;4694,310;4698,324;4703,308;4707,314;4711,314;4716,300;4720,312;4724,312;4729,326;4733,302;4737,330;4742,314;4746,328;4750,312;4755,304;4759,318;4764,316;4768,330;4772,316;4777,314;4781,320;4785,320;4790,318;4794,332;4798,316;4803,316;4807,322;4811,306;4816,320;4820,318;4825,318;4829,310;4833,324;4838,310;4842,324;4846,322;4851,336;4855,314;4859,312;4864,310;4868,296;4872,310;4877,322;4881,314;4885,314;4890,328;4894,312;4899,326;4903,316;4907,302;4912,316;4916,302;4920,314;4925,300;4929,320;4933,318;4938,318;4942,316;4946,330;4951,314;4955,306;4959,320;4964,304;4968,304;4973,304;4977,324;4981,308;4986,308;4990,306;4994,320;4999,304;5003,310;5007,324;5012,310;5016,308;5020,294;5025,308;5029,312;5033,326;5038,310;5042,324;5047,310;5051,302;5055,300;5060,314;5064,314;5068,312;5073,312;5077,318;5081,316;5086,316;5090,302;5094,300;5099,314;5103,306;5107,320;5112,318;5116,304;5121,316;5125,308;5129,322;5134,308;5138,320;5142,306;5147,318;5151,310;5155,310;5160,322;5164,308;5168,322;5173,306;5177,326;5181,312;5186,324;5190,310;5195,324;5199,314;5203,314;5208,328;5212,312;5216,312;5221,310;5225,318;5229,316;5234,316;5238,300;5242,328;5247,312;5251,318;5255,318;5260,318;5264,316;5269,302;5273,322;5277,320;5282,320;5286,306;5290,318;5295,304;5299,324;5303,322;5308,322;5312,322;5316,306;5321,306;5325,312;5330,312;5334,310;5338,324;5343,310;5347,314;5351,326;5356,312;5360,312;5364,296;5369,310;5373,316;5377,330;5382,314;5386,314;5390,298;5395,304;5399,318;5404,316;5408,316;5412,316;5417,314;5421,306;5425,320;5430,304;5434,318;5438,302;5443,316;5447,308;5451,322;5456,320;5460,306;5465,306;5469,310;5473,324;5478,308;5482,306;5486,306;5491,306;5495,312;5499,310;5504,310;5508,308;5512,308;5517,292;5521,312;5525,312;5530,324;5534,310;5539,324;5543,316;5547,300;5552,314;5556,298;5560,312;5565,296;5569,330;5573,316;5578,314;5582,300;5586,314;5591,312;5595,318;5599,318;5604,304;5608,316;5613,302;5617,322;5621,322;5626,322;5630,306;5634,320;5639,304;5643,298;5647,310;5652,308;5656,322;5660,308;5665,320;5669,314;5673,326;5678,312;5682,326;5687,310;5691,316;5695,316;5700,314;5704,314;5708,300;5713,312;5717,318;5721,318;5726,316;5730,316;5734,316;5739,316;5743,320;5747,306;5752,318;5756,304;5761,318;5765,310;5769,322;5774,308;5778,322;5782,306;5787,320;5791,312;5795,296;5800,310;5804,310;5808,324;5813,308;5817,328;5821,312;5826,326;5830,312;5835,326;5839,302;5843,302;5848,302;5852,300;5856,300;5861,314;5865,306;5869,304;5874,318;5878,316;5882,316;5887,308;5891,308;5896,306;5900,292;5904,304;5909,318;5913,310;5917,308;5922,310;5926,308;5930,320;5935,320;5939,298;5943,310;5948,310;5952,310;5956,294;5961,314;5965,314;5970,314;5974,310;5978,326;5983,310;5987,302;5991,314;5996,300;6000,312;6004,298;6009,310;6013,302;6017,316;6022,300;6026,300;6030,284;6035,290;6039,290;6044,288;6048,288;6052,288;6057,286;6061,292;6065,292;6070,290;6074,292;6078,288;6083,266;6087,280;6091,278;6096,292;6100,278;6105,276;6109,296;6113,296;6118,294;6122,280;6126,294;6131,292;6135,284;6139,268;6144,282;6148,268;6152,280;6157,286;6161,300;6165,286;6170,284;6174,284;6179,296;6183,274;6187,272;6192,272;6196,272;6200,270;6205,254;6209,304;6213,288;6218,288;6222,286;6226,270;6231,276;6235,260;6239,288;6244,288;6248,286;6253,286;6257,262;6261,262;6266,274;6270,288;6274,288;6279,286;6283,250;6287,290;6292,276;6296,288;6300,288;6305,266;6309,278;6313,278;6318,290;6322,290;6327,276;6331,280;6335,294;6340,280;6344,278;6348,262;6353,276;6357,282;6361,280;6366,294;6370,292;6374,290;6379,268;6383,268;6388,268;6392,280;6396,264;6401,278;6405,284;6409,284;6414,282;6418,296;6422,280;6427,258;6431,284;6435,284;6440,282;6444,296;6448,280;6453,272;6457,272;6462,284;6466,284;6470,284;6475,268;6479,288;6483,274;6488,286;6492,286;6496,286;6501,264;6505,262;6509,290;6514,290;6518,288;6522,274;6527,280;6531,278;6536,292;6540,278;6544,290;6549,276;6553,254;6557,280;6562,294;6566,292;6570,294;6575,284;6579,270;6583,270;6588,254;6592,280;6597,280;\r\nBuffer sent in 0.973 secondsreturn;buffer;965\r\n'), 11:10:06
bytearray(b'received from UR: measure -> measure (0,1)\r\nSTEPPER: Moving to mstep: 6600 with speed [msteps/sec]: 1000 in StealthChop.\r\n'), 11:10:07
bytearray(b'STEPPER: Moving to mstep: 2400 with speed [msteps/sec]: 4000 in SpreadCycle.\r\n'), 11:10:11
bytearray(b'STEPPER: Moved 4200.00 msteps (ramp: 35%) in 1324.888 ms -> average speed [msteps/sec]: 3170.08\r\nreturn;measure;965\r\n'), 11:10:13
bytearray(b'received from UR: buffer -> buffer (0,1)\r\nSending buffer of size 965data;2400,304;2404,448;2408,158;2413,272;2417,314;2421,318;2426,334;2430,318;2434,344;2439,330;2443,320;2447,320;2452,318;2456,332;2460,318;2465,330;2469,322;2474,320;2478,320;2482,334;2487,318;2491,324;2495,322;2500,322;2504,322;2508,320;2513,334;2517,324;2521,322;2526,322;2530,336;2534,334;2539,334;2543,326;2548,312;2552,324;2556,310;2561,338;2565,316;2569,328;2574,314;2578,328;2582,326;2587,328;2591,318;2595,318;2600,330;2604,316;2608,344;2613,328;2617,322;2622,320;2626,334;2630,318;2635,332;2639,324;2643,322;2648,322;2652,322;2656,334;2661,320;2665,340;2669,326;2674,338;2678,324;2682,338;2687,316;2691,316;2696,328;2700,328;2704,328;2709,312;2713,332;2717,318;2722,332;2726,316;2730,330;2735,314;2739,320;2743,334;2748,318;2752,332;2757,304;2761,330;2765,322;2770,336;2774,320;2778,334;2783,320;2787,312;2791,326;2796,324;2800,338;2804,310;2809,322;2813,314;2817,330;2822,314;2826,328;2831,312;2835,320;2839,318;2844,318;2848,332;2852,330;2857,316;2861,308;2865,336;2870,322;2874,336;2878,320;2883,334;2887,326;2891,312;2896,326;2900,324;2905,324;2909,316;2913,330;2918,314;2922,328;2926,328;2931,326;2935,318;2939,304;2944,318;2948,302;2952,316;2957,302;2961,322;2965,308;2970,320;2974,306;2979,320;2983,310;2987,310;2992,324;2996,308;3000,322;3005,306;3009,328;3013,312;3018,326;3022,312;3026,324;3031,310;3035,302;3039,316;3044,300;3048,314;3053,314;3057,320;3061,318;3066,318;3070,304;3074,316;3079,316;3083,324;3087,308;3092,308;3096,320;3100,306;3105,320;3109,312;3113,326;3118,312;3122,324;3127,324;3131,302;3135,316;3140,300;3144,314;3148,298;3153,312;3157,318;3161,332;3166,318;3170,332;3174,316;3179,308;3183,322;3188,306;3192,334;3196,304;3201,318;3205,310;3209,324;3214,322;3218,336;3222,308;3227,320;3231,326;3235,312;3240,326;3244,324;3248,310;3253,308;3257,330;3262,314;3266,328;3270,314;3275,326;3279,318;3283,318;3288,318;3292,330;3296,328;3301,314;3305,322;3309,320;3314,334;3318,318;3322,332;3327,318;3331,310;3336,310;3340,308;3344,322;3349,306;3353,328;3357,312;3362,326;3366,312;3370,324;3375,310;3379,302;3383,316;3388,314;3392,328;3397,300;3401,312;3405,318;3410,318;3414,316;3418,316;3423,314;3427,306;3431,306;3436,304;3440,318;3444,302;3449,316;3453,308;3457,322;3462,306;3466,320;3471,304;3475,310;3479,310;3484,310;3488,308;3492,308;3497,322;3501,312;3505,312;3510,312;3514,312;3518,310;3523,324;3527,316;3531,300;3536,314;3540,300;3545,328;3549,318;3553,318;3558,318;3562,332;3566,316;3571,330;3575,322;3579,308;3584,320;3588,306;3592,320;3597,304;3601,324;3605,310;3610,324;3614,322;3619,322;3623,314;3627,314;3632,312;3636,298;3640,312;3645,310;3649,332;3653,316;3658,330;3662,314;3666,328;3671,312;3675,320;3679,332;3684,320;3688,318;3693,318;3697,324;3701,310;3706,322;3710,322;3714,320;3719,320;3723,312;3727,326;3732,324;3736,310;3740,308;3745,322;3749,314;3754,314;3758,314;3762,326;3767,312;3771,304;3775,318;3780,304;3784,316;3788,302;3793,316;3797,308;3801,322;3806,306;3810,320;3814,306;3819,312;3823,312;3828,310;3832,308;3836,308;3841,308;3845,314;3849,314;3854,300;3858,312;3862,312;3867,312;3871,302;3875,302;3880,316;3884,302;3888,314;3893,306;3897,306;3902,306;3906,318;3910,304;3915,318;3919,324;3923,296;3928,310;3932,296;3936,322;3941,308;3945,314;3949,314;3954,314;3958,314;3962,328;3967,312;3971,318;3976,318;3980,304;3984,332;3989,316;3993,324;3997,308;4002,322;4006,308;4010,334;4015,320;4019,326;4023,312;4028,310;4032,324;4037,310;4041,324;4045,314;4050,328;4054,314;4058,328;4063,312;4067,318;4071,318;4076,304;4080,318;4084,318;4089,330;4093,308;4097,322;4102,308;4106,322;4111,320;4115,314;4119,312;4124,298;4128,312;4132,310;4137,312;4141,316;4145,330;4150,316;4154,316;4158,314;4163,314;4167,320;4171,304;4176,304;4180,290;4185,316;4189,308;4193,322;4198,308;4202,306;4206,306;4211,320;4215,310;4219,310;4224,324;4228,308;4232,308;4237,308;4241,314;4245,310;4250,324;4254,310;4259,324;4263,314;4267,300;4272,298;4276,298;4280,310;4285,310;4289,302;4293,300;4298,300;4302,312;4306,312;4311,312;4315,318;4320,316;4324,302;4328,316;4333,300;4337,320;4341,320;4346,320;4350,320;4354,318;4359,318;4363,310;4367,322;4372,308;4376,322;4380,320;4385,334;4389,310;4394,324;4398,322;4402,338;4407,322;4411,300;4415,326;4420,312;4424,326;4428,312;4433,310;4437,316;4441,328;4446,314;4450,328;4454,312;4459,306;4463,318;4468,316;4472,330;4476,316;4481,314;4485,320;4489,320;4494,320;4498,320;4502,304;4507,318;4511,324;4515,310;4520,322;4524,322;4528,322;4533,314;4537,328;4542,312;4546,326;4550,310;4555,324;4559,316;4563,302;4568,314;4572,314;4576,314;4581,300;4585,318;4589,318;4594,332;4598,316;4602,316;4607,314;4611,306;4616,320;4620,306;4624,318;4629,304;4633,324;4637,308;4642,322;4646,308;4650,322;4655,306;4659,298;4663,310;4668,296;4672,310;4677,296;4681,316;4685,316;4690,314;4694,314;4698,314;4703,312;4707,304;4711,304;4716,290;4720,316;4724,300;4729,314;4733,318;4737,320;4742,304;4746,318;4751,318;4755,310;4759,322;4764,308;4768,322;4772,306;4777,320;4781,312;4785,326;4790,310;4794,324;4798,310;4803,324;4807,316;4811,300;4816,314;4820,300;4825,312;4829,318;4833,332;4838,316;4842,330;4846,314;4851,328;4855,306;4859,306;4864,320;4868,304;4872,318;4877,302;4881,324;4886,308;4890,322;4894,306;4899,320;4903,312;4907,312;4912,324;4916,324;4920,310;4925,308;4929,328;4933,312;4938,312;4942,310;4946,310;4951,310;4955,302;4960,328;4964,314;4968,312;4973,312;4977,318;4981,302;4986,316;4990,302;4994,314;4999,314;5003,306;5007,320;5012,318;5016,316;5020,302;5025,316;5029,306;5034,308;5038,306;5042,320;5047,304;5051,310;5055,324;5060,310;5064,308;5068,308;5073,322;5077,312;5081,312;5086,312;5090,310;5094,310;5099,302;5103,316;5108,314;5112,314;5116,314;5121,314;5125,320;5129,320;5134,318;5138,332;5142,316;5147,318;5151,308;5155,294;5160,322;5164,306;5168,320;5173,312;5177,326;5182,310;5186,324;5190,310;5195,324;5199,314;5203,300;5208,328;5212,312;5216,326;5221,312;5225,320;5229,304;5234,332;5238,316;5242,330;5247,308;5251,308;5256,320;5260,306;5264,320;5269,318;5273,310;5277,310;5282,324;5286,308;5290,320;5295,306;5299,312;5303,312;5308,312;5312,324;5317,310;5321,316;5325,316;5330,316;5334,314;5338,328;5343,312;5347,304;5351,318;5356,302;5360,316;5364,300;5369,314;5373,306;5377,320;5382,306;5386,318;5391,316;5395,296;5399,310;5404,308;5408,322;5412,306;5417,306;5421,312;5425,326;5430,310;5434,322;5438,308;5443,308;5447,300;5451,300;5456,312;5460,298;5465,310;5469,302;5473,316;5478,316;5482,314;5486,314;5491,314;5495,320;5499,304;5504,300;5508,290;5512,302;5517,300;5521,322;5526,320;5530,320;5534,304;5539,318;5543,310;5547,294;5552,308;5556,292;5560,320;5565,306;5569,324;5573,310;5578,324;5582,308;5586,322;5591,306;5595,300;5600,312;5604,296;5608,310;5613,296;5617,330;5621,314;5626,328;5630,312;5634,326;5639,310;5643,302;5647,316;5652,302;5656,314;5660,300;5665,312;5669,306;5674,318;5678,318;5682,316;5687,302;5691,308;5695,322;5700,306;5704,320;5708,304;5713,318;5717,310;5721,322;5726,308;5730,320;5734,306;5739,306;5743,324;5748,310;5752,324;5756,308;5761,308;5765,314;5769,328;5774,312;5778,326;5782,310;5787,324;5791,316;5795,302;5800,314;5804,300;5808,314;5813,298;5817,332;5822,318;5826,318;5830,316;5835,330;5839,306;5843,306;5848,320;5852,304;5856,318;5861,318;5865,310;5869,308;5874,308;5878,308;5882,306;5887,312;5891,312;5896,310;5900,310;5904,308;5909,294;5913,314;5917,312;5922,326;5926,312;5930,324;5935,310;5939,302;5943,314;5948,300;5952,328;5957,298;5961,318;5965,304;5970,316;5974,302;5978,316;5983,314;5987,306;5991,320;5996,306;6000,306;6004,290;6009,318;6013,310;6017,324;6022,308;6026,308;6031,294;6035,270;6039,284;6044,284;6048,282;6052,282;6057,268;6061,288;6065,302;6070,286;6074,286;6078,286;6083,292;6087,276;6091,276;6096,290;6100,276;6105,288;6109,280;6113,278;6118,278;6122,292;6126,276;6131,290;6135,282;6139,282;6144,296;6148,280;6152,294;6157,272;6161,286;6165,284;6170,284;6174,282;6179,254;6183,290;6187,288;6192,286;6196,286;6200,286;6205,284;6209,290;6213,288;6218,288;6222,272;6226,258;6231,292;6235,278;6239,290;6244,290;6248,276;6253,288;6257,294;6261,294;6266,278;6270,278;6274,276;6279,270;6283,268;6287,268;6292,266;6296,278;6300,264;6305,286;6309,284;6314,270;6318,282;6322,296;6327,282;6331,288;6335,286;6340,286;6344,284;6348,284;6353,284;6357,288;6361,288;6366,286;6370,286;6374,284;6379,276;6383,288;6388,288;6392,288;6396,286;6401,298;6405,276;6409,290;6414,276;6418,246;6422,274;6427,286;6431,292;6435,292;6440,276;6444,290;6448,288;6453,278;6457,252;6462,278;6466,292;6470,290;6475,290;6479,268;6483,268;6488,266;6492,266;6496,278;6501,270;6505,284;6509,284;6514,282;6518,268;6522,252;6527,274;6531,272;6536,286;6540,272;6544,270;6549,254;6553,290;6557,276;6562,274;6566,274;6570,272;6575,280;6579,278;6583,278;6588,262;6592,276;6596,260;\r\nBuffer sent in 0.973 secondsreturn;buffer;965\r\n'), 11:10:15
bytearray(b'received from UR: measure -> measure (0,1)\r\nSTEPPER: Moving to mstep: 6600 with speed [msteps/sec]: 1000 in StealthChop.\r\n'), 11:10:16
bytearray(b'STEPPER: Moving to mstep: 2400 with speed [msteps/sec]: 4000 in SpreadCycle.\r\n'), 11:10:20
bytearray(b'STEPPER: Moved 4200.00 msteps (ramp: 35%) in 1324.884 ms -> average speed [msteps/sec]: 3170.09\r\nreturn;measure;965\r\n'), 11:10:21
bytearray(b'received from UR: buffer -> buffer (0,1)\r\nSending buffer of size 965data;2400,300;2404,448;2408,160;2413,274;2417,316;2421,324;2426,338;2430,322;2434,336;2439,322;2443,328;2447,326;2452,312;2456,326;2460,324;2465,338;2469,316;2474,330;2478,316;2482,328;2487,328;2491,320;2495,320;2500,318;2504,332;2508,316;2513,330;2517,322;2521,320;2526,320;2530,332;2534,318;2539,330;2543,322;2548,322;2552,334;2556,320;2561,334;2565,312;2569,324;2574,322;2578,336;2582,322;2587,336;2591,326;2595,312;2600,326;2604,310;2608,338;2613,324;2617,328;2622,314;2626,342;2630,326;2635,326;2639,318;2643,316;2648,330;2652,316;2656,344;2661,328;2665,320;2669,320;2674,334;2678,332;2682,332;2687,332;2691,310;2696,322;2700,308;2704,322;2709,320;2713,340;2717,326;2722,340;2726,324;2730,338;2735,322;2739,314;2743,328;2748,312;2752,328;2756,312;2761,338;2765,316;2770,330;2774,314;2778,342;2783,326;2787,318;2791,332;2796,318;2800,330;2804,316;2809,344;2813,320;2817,320;2822,320;2826,332;2831,318;2835,332;2839,322;2844,308;2848,322;2852,320;2857,320;2861,324;2865,324;2870,310;2874,324;2878,322;2883,320;2887,312;2891,312;2896,324;2900,322;2905,336;2909,314;2913,314;2918,312;2922,324;2926,324;2931,324;2935,316;2939,300;2944,314;2948,300;2952,326;2957,312;2961,332;2965,318;2970,330;2974,316;2979,328;2983,320;2987,306;2992,318;2996,304;3000,316;3005,302;3009,322;3013,308;3018,320;3022,306;3026,320;3031,304;3035,310;3040,324;3044,322;3048,308;3053,308;3057,314;3061,312;3066,312;3070,310;3074,310;3079,310;3083,316;3087,328;3092,314;3096,314;3100,312;3105,312;3109,318;3114,316;3118,302;3122,314;3127,314;3131,306;3135,318;3140,304;3144,316;3148,302;3153,316;3157,320;3161,320;3166,306;3170,320;3174,318;3179,332;3183,338;3188,324;3192,322;3196,308;3201,322;3205,314;3209,328;3214,312;3218,326;3222,310;3227,326;3231,330;3235,330;3240,314;3244,314;3248,328;3253,312;3257,332;3262,304;3266,318;3270,316;3275,330;3279,334;3283,320;3288,320;3292,318;3296,318;3301,316;3305,324;3309,308;3314,320;3318,320;3322,320;3327,318;3331,310;3336,310;3340,308;3344,322;3349,308;3353,328;3357,312;3362,326;3366,310;3370,324;3375,308;3379,300;3383,314;3388,298;3392,312;3396,298;3401,312;3405,318;3410,332;3414,316;3418,330;3423,316;3427,308;3431,322;3436,322;3440,306;3444,306;3449,320;3453,312;3457,324;3462,310;3466,310;3471,308;3475,302;3479,314;3484,314;3488,314;3492,312;3497,312;3501,318;3505,332;3510,316;3514,302;3518,302;3523,314;3527,306;3531,304;3536,318;3540,318;3545,318;3549,308;3553,322;3558,308;3562,322;3566,322;3571,320;3575,326;3579,312;3584,326;3588,326;3592,324;3597,310;3601,330;3605,314;3610,328;3614,314;3619,328;3623,318;3627,304;3632,318;3636,316;3640,316;3645,314;3649,334;3653,320;3658,332;3662,318;3666,332;3671,316;3675,322;3679,322;3684,306;3688,320;3693,318;3697,326;3701,310;3706,324;3710,310;3714,322;3719,322;3723,312;3727,326;3732,312;3736,324;3740,308;3745,322;3749,314;3753,312;3758,312;3762,312;3767,310;3771,302;3775,316;3780,300;3784,314;3788,312;3793,312;3797,304;3801,316;3806,316;3810,314;3814,314;3819,314;3823,304;3827,304;3832,316;3836,304;3841,314;3845,306;3849,320;3854,304;3858,318;3862,302;3867,316;3871,306;3875,306;3880,306;3884,304;3888,316;3893,302;3897,322;3902,306;3906,318;3910,304;3915,318;3919,322;3923,308;3928,306;3932,292;3936,318;3941,304;3945,324;3949,308;3954,308;3958,306;3962,320;3967,318;3971,310;3976,324;3980,296;3984,322;3989,306;3993,328;3997,312;4002,340;4006,324;4010,324;4015,308;4019,314;4023,326;4028,312;4032,310;4036,308;4041,322;4045,314;4050,328;4054,312;4058,326;4063,310;4067,316;4071,316;4076,314;4080,312;4084,312;4089,324;4093,316;4097,316;4102,314;4106,314;4111,314;4115,306;4119,318;4124,304;4128,318;4132,302;4137,316;4141,308;4145,322;4150,306;4154,320;4158,318;4163,318;4167,308;4171,294;4176,322;4180,306;4185,320;4189,296;4193,308;4198,308;4202,322;4206,308;4211,320;4215,312;4219,312;4224,310;4228,310;4232,310;4237,308;4241,314;4245,300;4250,328;4254,312;4259,312;4263,304;4267,302;4272,316;4276,302;4280,314;4285,314;4289,306;4293,304;4298,318;4302,304;4306,302;4311,300;4315,306;4319,320;4324,306;4328,318;4333,304;4337,324;4341,308;4346,322;4350,306;4354,320;4359,318;4363,310;4367,324;4372,308;4376,322;4380,306;4385,320;4389,310;4393,324;4398,308;4402,322;4407,308;4411,312;4415,312;4420,310;4424,324;4428,308;4433,322;4437,312;4441,326;4446,310;4450,324;4454,308;4459,322;4463,314;4467,312;4472,324;4476,310;4481,322;4485,314;4489,314;4494,312;4498,326;4502,310;4507,324;4511,314;4515,312;4520,326;4524,310;4528,324;4533,308;4537,330;4542,314;4546,314;4550,312;4555,324;4559,316;4563,302;4568,302;4572,300;4576,312;4581,312;4585,318;4589,302;4594,316;4598,314;4602,328;4607,312;4611,306;4616,304;4620,302;4624,316;4629,302;4633,320;4637,306;4642,318;4646,304;4650,316;4655,302;4659,320;4663,306;4668,304;4672,318;4677,302;4681,308;4685,308;4690,308;4694,306;4698,320;4703,304;4707,310;4711,308;4716,308;4720,322;4724,306;4729,318;4733,310;4737,324;4742,308;4746,322;4751,308;4755,300;4759,312;4764,296;4768,324;4772,308;4777,322;4781,312;4785,326;4790,310;4794,324;4798,310;4803,322;4807,314;4811,314;4816,326;4820,312;4825,312;4829,316;4833,330;4838,316;4842,330;4846,314;4851,328;4855,318;4859,304;4864,316;4868,316;4872,316;4877,314;4881,320;4885,318;4890,316;4894,316;4899,316;4903,322;4907,306;4912,318;4916,304;4920,318;4925,316;4929,322;4933,306;4938,320;4942,318;4946,318;4951,302;4955,308;4959,320;4964,306;4968,320;4973,304;4977,324;4981,310;4986,324;4990,308;4994,322;4999,320;5003,298;5007,312;5012,296;5016,310;5020,296;5025,308;5029,314;5033,328;5038,312;5042,326;5047,310;5051,302;5055,314;5060,300;5064,314;5068,300;5073,300;5077,306;5081,318;5086,316;5090,316;5094,314;5099,306;5103,304;5108,292;5112,318;5116,304;5121,318;5125,296;5129,310;5134,308;5138,322;5142,322;5147,322;5151,312;5155,298;5160,310;5164,296;5168,322;5173,308;5177,328;5182,312;5186,326;5190,310;5195,324;5199,330;5203,300;5208,312;5212,312;5216,326;5221,310;5225,316;5229,316;5234,330;5238,314;5242,326;5247,306;5251,304;5256,316;5260,316;5264,330;5269,316;5273,320;5277,320;5282,318;5286,318;5290,316;5295,302;5299,308;5303,320;5308,306;5312,320;5316,304;5321,310;5325,310;5330,322;5334,308;5338,308;5343,306;5347,312;5351,324;5356,308;5360,322;5364,308;5369,308;5373,312;5377,326;5382,312;5386,312;5391,296;5395,302;5399,316;5404,300;5408,314;5412,300;5417,312;5421,304;5425,318;5430,302;5434,316;5438,314;5443,328;5447,306;5451,304;5456,304;5460,302;5465,302;5469,308;5473,308;5478,306;5482,320;5486,304;5491,318;5495,308;5499,308;5504,308;5508,306;5512,306;5517,290;5521,324;5525,310;5530,322;5534,308;5539,322;5543,312;5547,298;5552,310;5556,310;5560,322;5565,308;5569,314;5573,312;5578,328;5582,312;5586,326;5591,310;5595,300;5599,314;5604,314;5608,326;5613,312;5617,318;5621,316;5626,330;5630,314;5634,328;5639,312;5643,318;5647,318;5652,304;5656,302;5660,312;5665,314;5669,306;5674,320;5678,318;5682,316;5687,302;5691,308;5695,320;5700,306;5704,320;5708,304;5713,304;5717,310;5721,324;5726,308;5730,322;5734,320;5739,300;5743,312;5748,298;5752,310;5756,310;5761,308;5765,300;5769,314;5774,312;5778,312;5782,310;5787,324;5791,316;5795,316;5800,316;5804,300;5808,314;5813,306;5817,318;5822,318;5826,318;5830,302;5835,316;5839,322;5843,320;5848,306;5852,306;5856,304;5861,304;5865,324;5869,308;5874,320;5878,308;5882,320;5887,312;5891,296;5896,310;5900,296;5904,308;5909,294;5913,328;5917,314;5922,314;5926,312;5930,326;5935,310;5939,316;5943,316;5948,300;5952,328;5957,312;5961,318;5965,304;5970,318;5974,302;5978,330;5983,314;5987,306;5991,318;5996,304;6000,318;6004,302;6009,316;6013,294;6017,306;6022,306;6026,304;6031,290;6035,282;6039,280;6044,280;6048,278;6052,278;6057,278;6061,284;6065,282;6070,294;6074,294;6078,294;6083,286;6087,286;6091,284;6096,284;6100,282;6105,282;6109,274;6113,286;6118,288;6122,300;6126,298;6131,284;6135,290;6139,274;6144,288;6148,272;6152,286;6157,278;6161,290;6165,290;6170,288;6174,274;6179,258;6183,292;6187,292;6192,290;6196,276;6200,288;6205,288;6209,294;6213,292;6218,278;6222,276;6226,290;6231,282;6235,268;6240,280;6244,266;6248,266;6253,264;6257,298;6261,282;6266,282;6270,282;6274,266;6279,280;6283,286;6287,286;6292,284;6296,282;6300,282;6305,274;6309,272;6314,274;6318,286;6322,286;6327,284;6331,262;6335,276;6340,260;6344,274;6348,272;6353,278;6357,278;6361,292;6366,276;6370,290;6374,274;6379,280;6383,278;6388,264;6392,278;6396,262;6401,276;6405,280;6409,280;6414,280;6418,278;6422,278;6427,290;6431,282;6435,282;6440,280;6444,280;6448,278;6453,270;6457,268;6462,268;6466,266;6470,266;6475,280;6479,270;6483,270;6488,270;6492,268;6496,268;6501,272;6505,244;6509,272;6514,284;6518,282;6522,282;6527,272;6531,272;6536,286;6540,286;6544,284;6549,284;6553,276;6557,274;6562,274;6566,272;6570,286;6575,278;6579,262;6583,276;6588,260;6592,274;6596,258;\r\nBuffer sent in 0.973 secondsreturn;buffer;965\r\n'), 11:10:23
bytearray(b'received from UR: measure -> measure (0,1)\r\nSTEPPER: Moving to mstep: 6600 with speed [msteps/sec]: 1000 in StealthChop.\r\n'), 11:10:24
bytearray(b'STEPPER: Moving to mstep: 2400 with speed [msteps/sec]: 4000 in SpreadCycle.\r\n'), 11:10:28
bytearray(b'STEPPER: Moved 4200.00 msteps (ramp: 35%) in 1324.880 ms -> average speed [msteps/sec]: 3170.10\r\nreturn;measure;965\r\n'), 11:10:30
bytearray(b'received from UR: buffer -> buffer (0,1)\r\nSending buffer of size 965data;2400,304;2404,464;2408,146;2413,276;2417,318;2421,324;2426,338;2430,322;2434,336;2439,320;2443,312;2447,326;2452,314;2456,340;2460,326;2465,324;2469,318;2474,330;2478,316;2482,330;2487,316;2491,320;2495,334;2500,320;2504,334;2508,332;2513,318;2517,324;2521,338;2526,322;2530,336;2534,322;2539,336;2543,326;2548,312;2552,326;2556,310;2561,324;2565,316;2569,344;2574,328;2578,342;2582,326;2587,340;2591,332;2595,302;2600,330;2604,316;2608,328;2613,314;2617,334;2622,320;2626,334;2630,318;2635,334;2639,324;2643,310;2648,324;2652,322;2656,322;2661,308;2665,342;2669,328;2674,340;2678,326;2682,340;2687,324;2691,316;2696,330;2700,316;2704,328;2709,314;2713,334;2717,334;2722,334;2726,318;2730,332;2735,330;2739,308;2743,336;2748,308;2752,334;2757,306;2761,334;2765,326;2770,340;2774,326;2778,338;2783,324;2787,302;2791,330;2796,314;2800,328;2804,312;2809,326;2813,318;2817,332;2822,316;2826,332;2831,328;2835,306;2839,320;2844,318;2848,318;2852,302;2857,316;2861,322;2865,336;2870,320;2874,334;2878,318;2883,332;2887,324;2891,308;2896,322;2900,308;2905,320;2909,320;2913,326;2918,324;2922,338;2926,322;2931,336;2935,328;2939,314;2944,326;2948,298;2952,326;2957,310;2961,330;2965,316;2970,330;2974,314;2979,328;2983,320;2987,304;2992,318;2996,304;3000,316;3005,302;3009,322;3013,320;3018,334;3022,320;3026,320;3031,318;3035,310;3039,308;3044,292;3048,308;3053,306;3057,326;3061,312;3066,326;3070,310;3074,324;3079,310;3083,300;3087,314;3092,298;3096,312;3100,312;3105,312;3109,316;3113,330;3118,316;3122,328;3127,314;3131,304;3135,318;3140,304;3144,318;3148,302;3153,316;3157,322;3161,336;3166,322;3170,336;3174,320;3179,334;3183,324;3187,296;3192,324;3196,308;3201,322;3205,314;3209,340;3214,326;3218,340;3222,310;3227,338;3231,316;3235,300;3240,314;3244,314;3248,312;3253,312;3257,332;3262,318;3266,330;3270,316;3275,330;3279,320;3283,306;3288,320;3292,318;3296,318;3301,302;3305,336;3309,322;3314,334;3318,320;3322,332;3327,318;3331,296;3336,322;3340,308;3344,320;3349,306;3353,326;3357,324;3362,324;3366,310;3370,324;3375,322;3379,298;3383,312;3388,298;3392,310;3396,296;3401,310;3405,314;3410,328;3414,314;3418,326;3423,312;3427,304;3431,316;3436,302;3440,316;3444,300;3449,314;3453,320;3457,320;3462,306;3466,318;3471,316;3475,296;3479,308;3484,308;3488,308;3492,292;3497,306;3501,312;3505,326;3510,310;3514,324;3518,324;3523,322;3527,314;3531,300;3536,312;3540,298;3545,312;3549,318;3553,330;3558,316;3562,330;3566,314;3571,328;3575,320;3579,304;3584,318;3588,302;3592,316;3597,302;3601,336;3605,320;3610,334;3614,320;3619,334;3623,312;3627,310;3632,310;3636,308;3640,322;3645,306;3649,328;3653,312;3658,340;3662,324;3666,324;3671,322;3675,314;3679,314;3684,300;3688,314;3693,312;3697,312;3701,318;3706,330;3710,316;3714,330;3719,314;3723,306;3727,320;3732,318;3736,318;3740,304;3745,316;3749,308;3753,308;3758,306;3762,306;3767,306;3771,310;3775,324;3780,322;3784,308;3788,308;3793,320;3797,312;3801,326;3806,312;3810,326;3814,308;3819,302;3823,314;3828,300;3832,314;3836,298;3841,312;3845,318;3849,318;3854,316;3858,330;3862,314;3867,314;3871,306;3875,304;3880,318;3884,316;3888,302;3893,308;3897,320;3902,304;3906,320;3910,318;3915,318;3919,308;3923,294;3928,320;3932,292;3936,318;3941,290;3945,326;3949,324;3954,324;3958,310;3962,324;3967,314;3971,300;3976,326;3980,312;3984,324;3989,296;3993,330;3997,314;4002,328;4006,314;4010,328;4015,312;4019,302;4023,316;4028,314;4032,314;4036,300;4041,314;4045,318;4050,332;4054,318;4058,332;4063,316;4067,308;4071,322;4076,306;4080,320;4084,304;4089,318;4093,324;4097,324;4102,322;4106,322;4111,320;4115,298;4119,326;4124,310;4128,312;4132,296;4137,322;4141,316;4145,328;4150,314;4154,326;4158,312;4163,326;4167,316;4171,302;4176,316;4180,300;4185,314;4189,298;4193,320;4198,304;4202,332;4206,316;4211,330;4215,308;4219,306;4224,306;4228,304;4232,304;4237,302;4241,322;4245,308;4250,322;4254,308;4259,320;4263,312;4267,298;4272,310;4276,296;4280,310;4285,294;4289,314;4293,314;4298,314;4302,312;4306,312;4311,310;4315,302;4319,316;4324,300;4328,314;4333,298;4337,318;4341,318;4346,332;4350,316;4354,330;4359,314;4363,306;4367,320;4372,304;4376,318;4380,302;4385,316;4389,322;4393,336;4398,320;4402,332;4407,316;4411,310;4415,322;4420,306;4424,320;4428,306;4433,320;4437,310;4441,338;4446,310;4450,324;4454,308;4459,336;4463,314;4468,300;4472,312;4476,312;4481,310;4485,316;4489,330;4494,316;4498,328;4502,314;4507,326;4511,318;4515,304;4520,318;4524,302;4528,316;4533,300;4537,322;4542,320;4546,320;4550,318;4555,318;4559,310;4563,294;4568,308;4572,306;4576,320;4581,292;4585,326;4589,310;4594,324;4598,308;4602,324;4607,322;4611,298;4616,312;4620,298;4624,312;4629,296;4633,332;4637,316;4642,330;4646,314;4650,328;4655,314;4659,292;4663,306;4668,304;4672,318;4676,304;4681,316;4685,310;4690,322;4694,308;4698,322;4703,320;4707,298;4711,312;4716,298;4720,310;4724,296;4729,310;4733,316;4737,328;4742,314;4746,328;4750,314;4755,304;4759,318;4764,302;4768,316;4772,302;4777,316;4781,320;4785,334;4790,320;4794,332;4798,314;4803,332;4807,322;4811,308;4816,322;4820,306;4824,320;4829,312;4833,326;4838,310;4842,326;4846,310;4851,324;4855,314;4859,314;4864,312;4868,298;4872,312;4877,310;4881,330;4885,316;4890,328;4894,314;4899,328;4903,318;4907,304;4912,318;4916,302;4920,316;4925,302;4929,320;4933,320;4938,320;4942,318;4946,318;4951,316;4955,294;4959,308;4964,294;4968,320;4973,306;4977,312;4981,298;4986,312;4990,310;4994,324;4999,308;5003,314;5007,314;5012,300;5016,312;5020,312;5025,326;5029,302;5034,316;5038,316;5042,316;5047,314;5051,320;5055,306;5060,304;5064,318;5068,304;5073,318;5077,294;5081,308;5086,308;5090,308;5094,306;5099,298;5103,312;5108,296;5112,310;5116,296;5121,310;5125,316;5129,328;5134,314;5138,328;5142,312;5147,326;5151,318;5155,302;5160,316;5164,300;5168,314;5173,300;5177,334;5182,318;5186,334;5190,318;5195,332;5199,324;5203,310;5208,310;5212,294;5216,322;5221,308;5225,328;5229,312;5234,326;5238,310;5242,324;5247,310;5251,302;5256,314;5260,300;5264,314;5269,314;5273,320;5277,318;5282,332;5286,316;5290,318;5295,316;5299,308;5303,308;5308,306;5312,320;5316,304;5321,318;5325,310;5330,324;5334,324;5338,322;5343,322;5347,300;5351,314;5356,300;5360,312;5364,298;5369,312;5373,318;5377,332;5382,316;5386,330;5390,314;5395,306;5399,306;5404,290;5408,318;5412,304;5417,304;5421,308;5425,322;5430,320;5434,322;5438,306;5443,320;5447,310;5451,296;5456,310;5460,294;5465,306;5469,314;5473,314;5478,312;5482,310;5486,310;5491,324;5495,302;5499,300;5504,314;5508,300;5512,312;5517,298;5521,318;5525,318;5530,316;5534,316;5539,330;5543,322;5547,292;5552,320;5556,304;5560,318;5565,304;5569,324;5573,310;5578,322;5582,308;5586,334;5591,320;5595,298;5599,312;5604,296;5608,310;5613,294;5617,330;5621,314;5626,328;5630,312;5634,326;5639,312;5643,302;5647,316;5652,302;5656,316;5660,300;5665,314;5669,320;5674,320;5678,318;5682,318;5687,316;5691,308;5695,308;5700,308;5704,308;5708,306;5713,320;5717,312;5721,326;5726,310;5730,324;5734,322;5739,302;5743,314;5748,300;5752,312;5756,298;5761,310;5765,318;5769,318;5774,316;5778,330;5782,314;5787,328;5791,320;5795,304;5800,318;5804,290;5808,316;5813,302;5817,322;5822,308;5826,320;5830,320;5835,318;5839,310;5843,296;5848,308;5852,294;5856,308;5861,308;5865,314;5869,312;5874,326;5878,310;5882,310;5887,308;5891,300;5896,314;5900,298;5904,312;5909,298;5913,318;5917,318;5922,318;5926,316;5930,316;5935,314;5939,294;5943,320;5948,290;5952,318;5956,304;5961,318;5965,310;5970,324;5974,308;5978,322;5983,306;5987,298;5991,312;5996,296;6000,312;6004,296;6009,308;6013,314;6017,328;6022,300;6026,312;6030,298;6035,276;6039,290;6044,274;6048,288;6052,274;6057,286;6061,292;6065,292;6070,290;6074,288;6078,288;6083,266;6087,278;6091,278;6096,276;6100,276;6105,276;6109,296;6113,280;6118,294;6122,292;6126,292;6131,292;6135,296;6139,282;6144,296;6148,266;6152,280;6157,298;6161,298;6165,296;6170,296;6174,282;6179,280;6183,272;6187,270;6192,284;6196,270;6200,270;6205,268;6209,288;6213,286;6218,286;6222,286;6226,286;6231,276;6235,260;6239,288;6244,288;6248,288;6253,286;6257,250;6261,278;6266,292;6270,276;6274,276;6279,274;6283,280;6287,280;6292,280;6296,278;6300,278;6305,270;6309,284;6313,282;6318,282;6322,296;6327,280;6331,286;6335,286;6340,286;6344,284;6348,270;6353,284;6357,288;6361,288;6366,288;6370,286;6374,286;6379,264;6383,276;6387,262;6392,276;6396,274;6401,274;6405,280;6409,294;6414,278;6418,292;6422,276;6427,248;6431,282;6435,282;6440,266;6444,266;6448,280;6453,286;6457,286;6461,284;6466,284;6470,282;6475,296;6479,274;6483,258;6488,286;6492,272;6496,286;6501,256;6505,290;6509,290;6514,288;6518,288;6522,272;6527,278;6531,250;6536,292;6540,278;6544,276;6549,290;6553,254;6557,280;6562,294;6566,280;6570,294;6575,270;6579,270;6583,282;6588,254;6592,282;6596,280;\r\nBuffer sent in 0.973 secondsreturn;buffer;965\r\n'), 11:10:32
bytearray(b'received from UR: measure -> measure (0,1)\r\nSTEPPER: Moving to mstep: 6600 with speed [msteps/sec]: 1000 in StealthChop.\r\n'), 11:10:33
bytearray(b'STEPPER: Moving to mstep: 2400 with speed [msteps/sec]: 4000 in SpreadCycle.\r\n'), 11:10:37
bytearray(b'STEPPER: Moved 4200.00 msteps (ramp: 35%) in 1324.892 ms -> average speed [msteps/sec]: 3170.07\r\nreturn;measure;965\r\n'), 11:10:38
bytearray(b'received from UR: buffer -> buffer (0,1)\r\nSending buffer of size 965data;2400,302;2404,448;2408,158;2413,272;2417,314;2421,320;2426,334;2430,318;2434,346;2439,330;2443,308;2447,322;2452,322;2456,320;2460,320;2465,332;2469,324;2474,324;2478,322;2482,336;2487,322;2491,328;2495,326;2500,312;2504,326;2508,312;2513,324;2517,330;2521,330;2526,330;2530,328;2534,328;2539,328;2543,334;2548,332;2552,332;2556,318;2561,330;2565,322;2569,336;2574,320;2578,320;2582,318;2587,332;2591,338;2595,324;2600,322;2604,308;2608,336;2613,320;2617,340;2622,326;2626,340;2630,324;2635,338;2639,328;2643,328;2648,328;2652,312;2656,324;2661,324;2665,332;2669,316;2674,330;2678,328;2683,328;2687,320;2691,318;2696,332;2700,318;2704,330;2709,316;2713,336;2717,320;2722,334;2726,320;2730,334;2735,332;2739,310;2743,324;2748,310;2752,336;2757,308;2761,322;2765,326;2770,340;2774,324;2778,338;2783,322;2787,300;2791,328;2796,312;2800,326;2804,310;2809,324;2813,316;2817,330;2822,314;2826,328;2831,312;2835,318;2839,316;2844,316;2848,328;2852,312;2857,328;2861,306;2865,318;2870,318;2874,332;2878,316;2883,330;2887,320;2891,320;2896,318;2900,318;2905,330;2909,308;2913,322;2918,320;2922,334;2926,320;2931,332;2935,324;2939,308;2944,322;2948,306;2952,320;2957,304;2961,324;2965,310;2970,322;2974,308;2979,322;2983,328;2987,312;2992,326;2996,312;3000,310;3005,310;3009,330;3013,314;3018,314;3022,300;3026,312;3031,312;3035,304;3039,316;3044,316;3048,314;3053,314;3057,320;3061,306;3066,318;3070,304;3074,316;3079,316;3083,308;3087,320;3092,306;3096,304;3100,304;3105,316;3109,322;3113,322;3118,306;3122,320;3127,306;3131,312;3135,324;3140,310;3144,322;3148,308;3153,322;3157,314;3161,328;3166,312;3170,338;3174,324;3179,302;3183,314;3188,300;3192,326;3196,312;3201,324;3205,316;3209,330;3214,314;3218,328;3222,312;3227,326;3231,330;3235,330;3240,314;3244,314;3248,314;3253,312;3257,332;3262,316;3266,330;3270,316;3275,328;3279,320;3283,318;3288,318;3292,318;3296,316;3301,316;3305,336;3309,320;3314,334;3318,318;3323,332;3327,318;3331,310;3336,322;3340,294;3344,320;3349,306;3353,326;3357,324;3362,324;3366,310;3370,322;3375,308;3379,300;3383,328;3388,298;3392,312;3397,296;3401,310;3405,314;3410,328;3414,312;3418,326;3423,310;3427,302;3431,316;3436,314;3440,314;3444,312;3449,312;3453,304;3457,316;3462,302;3466,316;3471,314;3475,306;3479,318;3484,304;3488,316;3492,316;3497,314;3501,306;3505,320;3510,304;3514,318;3518,316;3523,316;3527,322;3531,306;3536,320;3540,304;3545,318;3549,310;3553,324;3558,322;3562,336;3566,320;3571,334;3575,310;3579,296;3584,322;3588,308;3592,320;3597,306;3601,340;3605,324;3610,324;3614,308;3619,336;3623,318;3627,326;3632,312;3636,310;3640,310;3645,308;3649,330;3653,314;3658,328;3662,312;3666,326;3671,312;3675,316;3679,314;3684,314;3688,328;3693,312;3697,320;3701,318;3706,318;3710,316;3714,316;3719,314;3723,306;3727,320;3732,306;3736,320;3740,304;3745,318;3749,310;3754,322;3758,308;3762,320;3767,306;3771,312;3775,326;3780,310;3784,324;3788,308;3793,308;3797,314;3801,326;3806,312;3810,312;3814,296;3819,302;3823,316;3828,314;3832,314;3836,298;3841,312;3845,304;3849,316;3854,302;3858,314;3862,300;3867,314;3871,318;3875,304;3880,304;3884,302;3888,314;3893,306;3897,320;3902,318;3906,318;3910,304;3915,316;3919,322;3923,306;3928,306;3932,304;3936,318;3941,304;3945,324;3949,308;3954,322;3958,306;3963,320;3967,306;3971,312;3976,326;3980,324;3984,322;3989,308;3993,328;3997,312;4002,326;4006,312;4010,324;4015,308;4019,314;4023,328;4028,312;4032,312;4037,310;4041,324;4045,314;4050,328;4054,314;4058,326;4063,312;4067,318;4071,330;4076,330;4080,316;4084,314;4089,328;4093,320;4097,318;4102,304;4106,316;4111,316;4115,306;4119,320;4124,306;4128,318;4132,304;4137,318;4141,310;4145,322;4150,320;4154,320;4158,306;4163,320;4167,312;4171,310;4176,310;4180,308;4185,322;4189,312;4193,326;4198,310;4202,324;4206,310;4211,322;4215,314;4219,300;4224,312;4228,298;4232,298;4237,296;4241,330;4245,314;4250,328;4254,314;4259,314;4263,304;4267,304;4272,318;4276,302;4280,314;4285,302;4289,322;4293,306;4298,318;4302,304;4306,304;4311,302;4315,308;4319,320;4324,306;4328,318;4333,302;4337,324;4341,308;4346,322;4350,308;4354,320;4359,304;4363,310;4367,324;4372,308;4376,322;4380,306;4385,318;4389,310;4394,324;4398,308;4402,336;4407,320;4411,312;4415,324;4420,310;4424,322;4428,308;4433,308;4437,314;4441,326;4446,312;4450,324;4454,310;4459,324;4463,328;4468,314;4472,312;4476,312;4481,310;4485,316;4489,316;4494,314;4498,328;4502,314;4507,326;4511,318;4515,304;4520,318;4524,316;4528,330;4533,308;4537,320;4542,320;4546,318;4550,318;4555,316;4559,308;4563,308;4568,320;4572,306;4576,320;4581,304;4585,324;4589,310;4594,324;4598,308;4602,322;4607,308;4611,310;4616,310;4620,310;4624,322;4629,308;4633,328;4637,312;4642,312;4646,312;4650,326;4655,310;4659,316;4663,316;4668,302;4672,314;4676,312;4681,314;4685,318;4690,318;4694,316;4698,316;4703,314;4707,306;4711,306;4716,304;4720,304;4724,304;4729,316;4733,308;4737,322;4742,320;4746,320;4750,318;4755,298;4759,324;4764,310;4768,322;4772,308;4777,320;4781,312;4785,326;4790,310;4794,324;4798,310;4803,324;4807,328;4811,314;4816,328;4820,312;4825,312;4829,316;4833,330;4838,316;4842,316;4846,300;4851,312;4855,318;4859,302;4864,316;4868,314;4872,314;4877,312;4881,318;4885,318;4890,316;4894,314;4899,314;4903,318;4907,304;4912,318;4916,316;4920,328;4925,314;4929,320;4933,318;4938,318;4942,316;4946,316;4951,316;4955,306;4959,320;4964,306;4968,318;4973,304;4977,324;4981,308;4986,322;4990,306;4994,320;4999,304;5003,310;5007,324;5012,308;5016,308;5020,308;5025,320;5029,298;5034,312;5038,310;5042,310;5047,310;5051,302;5055,300;5060,300;5064,314;5068,298;5073,312;5077,304;5081,316;5086,302;5090,316;5094,314;5099,306;5103,320;5108,304;5112,318;5116,316;5121,316;5125,306;5129,320;5134,306;5138,318;5142,316;5147,316;5151,322;5155,306;5160,320;5164,304;5168,318;5173,304;5177,324;5182,308;5186,324;5190,308;5195,322;5199,314;5203,298;5208,312;5212,310;5216,310;5221,308;5225,328;5229,312;5234,326;5238,312;5242,324;5247,308;5251,316;5256,314;5260,314;5264,326;5269,326;5273,318;5277,316;5282,316;5286,314;5290,314;5295,312;5299,304;5303,316;5308,316;5312,314;5316,314;5321,314;5325,318;5330,318;5334,316;5338,316;5343,314;5347,306;5351,320;5356,304;5360,318;5364,302;5369,316;5373,308;5377,320;5382,306;5386,318;5391,304;5395,296;5399,308;5404,292;5408,320;5412,306;5417,318;5421,296;5425,310;5430,308;5434,322;5438,306;5443,320;5447,298;5451,296;5456,310;5460,294;5465,308;5469,314;5473,312;5478,312;5482,312;5486,310;5491,324;5495,314;5499,300;5504,314;5508,298;5512,312;5517,298;5521,318;5526,316;5530,316;5534,314;5539,328;5543,320;5547,306;5552,318;5556,302;5560,316;5565,302;5569,322;5573,306;5578,320;5582,304;5586,318;5591,316;5595,308;5600,320;5604,292;5608,318;5613,304;5617,324;5621,308;5626,322;5630,308;5634,320;5639,306;5643,296;5647,310;5652,310;5656,308;5660,308;5665,308;5669,312;5674,326;5678,312;5682,324;5687,310;5691,314;5695,314;5700,300;5704,312;5708,298;5713,312;5717,316;5721,330;5726,316;5730,316;5734,314;5739,306;5743,318;5748,302;5752,316;5756,300;5761,314;5765,306;5769,320;5774,318;5778,318;5782,302;5787,316;5791,322;5795,306;5800,306;5804,290;5808,318;5813,310;5817,324;5822,308;5826,322;5830,308;5835,320;5839,312;5843,310;5848,324;5852,322;5856,308;5861,306;5865,312;5869,312;5874,310;5878,296;5882,308;5887,314;5891,314;5896,312;5900,298;5904,310;5909,296;5913,316;5917,314;5922,314;5926,312;5930,326;5935,312;5939,302;5943,316;5948,288;5952,314;5957,300;5961,314;5965,306;5970,318;5974,316;5978,330;5983,314;5987,306;5991,320;5996,306;6000,318;6004,304;6009,318;6013,310;6017,308;6022,294;6026,308;6031,292;6035,268;6039,284;6044,296;6048,282;6052,296;6057,280;6061,286;6065,286;6070,286;6074,298;6078,298;6083,276;6087,290;6091,276;6096,274;6100,274;6105,274;6109,280;6113,264;6118,292;6122,292;6126,290;6131,270;6135,282;6139,268;6144,280;6148,252;6152,294;6157,284;6161,284;6165,284;6170,282;6174,282;6179,282;6183,288;6187,272;6192,286;6196,272;6200,270;6205,256;6209,292;6213,290;6218,290;6222,274;6226,274;6231,266;6235,266;6239,278;6244,278;6248,278;6253,278;6257,270;6261,284;6266,298;6270,282;6274,282;6279,274;6283,288;6287,274;6292,286;6296,286;6300,286;6305,278;6309,278;6314,276;6318,274;6322,274;6327,274;6331,250;6335,292;6340,278;6344,278;6348,290;6353,268;6357,280;6361,252;6366,280;6370,292;6374,292;6379,270;6383,282;6388,268;6392,268;6396,266;6401,266;6405,286;6409,286;6414,272;6418,270;6422,282;6427,282;6431,274;6435,288;6440,286;6444,286;6448,272;6453,276;6457,264;6462,276;6466,276;6470,288;6475,288;6479,266;6483,266;6488,264;6492,252;6496,278;6501,276;6505,282;6509,268;6514,266;6518,280;6522,278;6527,284;6531,270;6536,268;6540,266;6544,280;6549,266;6553,272;6557,272;6562,268;6566,282;6570,282;6575,274;6579,272;6583,272;6588,272;6592,284;6596,270;\r\nBuffer sent in 0.973 secondsreturn;buffer;965\r\n'), 11:10:40
bytearray(b'received from UR: measure -> measure (0,1)\r\nSTEPPER: Moving to mstep: 6600 with speed [msteps/sec]: 1000 in StealthChop.\r\n'), 11:10:41
bytearray(b'STEPPER: Moving to mstep: 2400 with speed [msteps/sec]: 4000 in SpreadCycle.\r\n'), 11:10:46
bytearray(b'STEPPER: Moved 4200.00 msteps (ramp: 35%) in 1324.888 ms -> average speed [msteps/sec]: 3170.08\r\nreturn;measure;965\r\n'), 11:10:47
bytearray(b'received from UR: buffer -> buffer (0,1)\r\nSending buffer of size 965data;2400,296;2404,472;2408,140;2413,282;2417,312;2421,330;2426,344;2430,316;2434,342;2439,328;2443,334;2447,320;2452,318;2456,332;2460,318;2465,332;2469,322;2474,322;2478,322;2482,334;2487,320;2491,326;2495,326;2500,324;2504,324;2508,322;2513,336;2517,314;2521,326;2526,326;2530,326;2534,324;2539,324;2543,328;2548,314;2552,328;2556,314;2561,340;2565,318;2569,332;2574,316;2578,330;2582,330;2587,344;2591,334;2595,306;2600,332;2604,304;2608,332;2613,316;2617,338;2622,322;2626,336;2630,322;2635,334;2639,326;2643,312;2648,326;2652,310;2656,324;2661,324;2665,330;2669,328;2674,342;2678,328;2682,328;2687,326;2691,318;2696,332;2700,318;2704,330;2709,316;2713,336;2717,322;2722,334;2726,320;2730,334;2735,332;2739,310;2743,324;2748,308;2752,336;2756,306;2761,334;2765,326;2770,340;2774,324;2778,338;2783,322;2787,302;2791,328;2796,312;2800,326;2804,310;2809,324;2813,316;2817,330;2822,314;2826,342;2830,326;2835,304;2839,318;2844,316;2848,316;2852,302;2857,316;2861,322;2865,336;2870,318;2874,334;2878,320;2883,334;2887,326;2891,310;2896,324;2900,310;2904,324;2909,308;2913,330;2918,314;2922,330;2926,328;2931,328;2935,320;2939,304;2944,318;2948,304;2952,318;2957,302;2961,324;2965,322;2970,336;2974,320;2979,334;2983,312;2987,298;2992,310;2996,296;3000,310;3005,294;3009,328;3013,314;3018,328;3022,312;3026,324;3031,310;3035,302;3039,316;3044,300;3048,314;3053,300;3057,320;3061,318;3066,332;3070,316;3074,316;3079,314;3083,306;3087,306;3092,304;3096,316;3100,302;3105,314;3109,320;3113,320;3118,318;3122,318;3127,318;3131,294;3135,322;3140,292;3144,320;3148,304;3153,320;3157,312;3161,324;3166,324;3170,338;3174,322;3179,336;3183,328;3187,300;3192,326;3196,312;3201,324;3205,316;3209,332;3214,316;3218,330;3222,314;3227,342;3231,320;3235,304;3240,318;3244,316;3248,316;3253,302;3257,336;3261,320;3266,334;3270,318;3275,332;3279,322;3283,308;3288,320;3292,306;3296,320;3301,304;3305,324;3309,322;3314,336;3318,322;3322,334;3327,320;3331,298;3335,326;3340,310;3344,324;3349,294;3353,330;3357,316;3362,328;3366,314;3370,328;3375,312;3379,304;3383,318;3388,302;3392,316;3396,300;3401,314;3405,322;3410,322;3414,320;3418,334;3423,318;3427,298;3431,312;3436,310;3440,310;3444,296;3449,310;3453,316;3457,316;3462,314;3466,328;3470,314;3475,292;3479,318;3484,304;3488,304;3492,302;3497,316;3501,322;3505,322;3510,320;3514,320;3518,318;3523,318;3527,310;3531,296;3536,308;3540,294;3545,320;3549,314;3553,326;3558,312;3562,326;3566,324;3571,324;3575,316;3579,302;3584,328;3588,300;3592,328;3597,312;3601,334;3605,318;3610,332;3614,318;3619,332;3623,302;3627,308;3632,322;3636,308;3640,332;3645,320;3649,326;3653,310;3658,326;3662,310;3666,324;3671,308;3675,314;3679,328;3684,314;3688,326;3693,312;3697,326;3701,318;3706,330;3710,316;3714,330;3719,316;3723,306;3727,320;3732,306;3736,320;3740,304;3745,318;3749,324;3753,324;3758,322;3762,322;3767,322;3771,298;3775,312;3780,298;3784,310;3788,296;3793,310;3797,316;3801,328;3806,314;3810,328;3814,312;3819,326;3823,318;3827,302;3832,302;3836,300;3841,314;3845,320;3849,320;3854,302;3858,318;3862,316;3867,316;3871,308;3875,306;3880,306;3884,290;3888,304;3893,302;3897,322;3901,308;3906,322;3910,320;3915,320;3919,310;3923,296;3928,308;3932,294;3936,322;3941,306;3945,326;3949,312;3954,324;3958,324;3962,324;3967,322;3971,300;3975,326;3980,298;3984,324;3989,310;3993,330;3997,314;4002,330;4006,314;4010,326;4015,312;4019,304;4023,316;4028,302;4032,314;4036,314;4041,314;4045,318;4050,332;4054,316;4058,330;4063,314;4067,306;4071,320;4076,304;4080,318;4084,304;4089,316;4093,322;4097,322;4102,320;4106,320;4110,318;4115,310;4119,324;4124,296;4128,322;4132,306;4137,320;4141,312;4145,326;4150,324;4154,324;4158,310;4163,322;4167,314;4171,298;4176,312;4180,298;4184,312;4189,296;4193,330;4198,316;4202,330;4206,314;4211,328;4215,306;4219,292;4224,304;4228,304;4232,304;4237,302;4241,324;4245,308;4250,322;4254,306;4258,320;4263,312;4267,298;4272,312;4276,296;4280,310;4285,296;4289,316;4293,316;4298,316;4302,314;4306,316;4311,314;4315,290;4319,318;4324,304;4328,316;4332,288;4337,316;4341,322;4346,322;4350,320;4354,320;4359,320;4363,296;4367,324;4372,310;4376,324;4380,296;4385,322;4389,316;4393,328;4398,314;4402,328;4407,312;4411,304;4415,318;4420,304;4424,318;4428,302;4433,316;4437,322;4441,336;4446,320;4450,334;4454,318;4459,332;4463,310;4467,310;4472,310;4476,306;4481,320;4485,314;4489,326;4494,312;4498,326;4502,324;4507,324;4511,316;4515,302;4520,314;4524,300;4528,314;4533,298;4537,318;4541,318;4546,332;4550,316;4555,330;4559,322;4563,306;4568,320;4572,304;4576,318;4581,304;4585,324;4589,308;4594,322;4598,322;4602,322;4607,320;4611,298;4615,312;4620,296;4624,308;4629,308;4633,330;4637,314;4642,328;4646,314;4650,326;4655,312;4659,304;4663,304;4668,302;4672,316;4676,300;4681,314;4685,306;4690,318;4694,318;4698,318;4703,316;4707,294;4711,308;4716,292;4720,318;4724,304;4729,318;4733,310;4737,324;4742,322;4746,322;4750,320;4755,300;4759,314;4764,298;4768,326;4772,310;4777,324;4781,316;4785,330;4790,314;4794,328;4798,312;4803,328;4807,318;4811,302;4816,316;4820,302;4824,314;4829,298;4833,332;4838,318;4842,330;4846,316;4851,330;4855,320;4859,304;4864,318;4868,304;4872,316;4877,302;4881,322;4885,320;4890,320;4894,320;4898,334;4903,310;4907,310;4912,310;4916,308;4920,320;4925,306;4929,326;4933,324;4938,324;4942,310;4946,322;4951,322;4955,298;4959,312;4964,298;4968,310;4972,296;4977,310;4981,314;4986,328;4990,314;4994,328;4999,312;5003,304;5007,318;5012,302;5016,316;5020,300;5025,314;5029,320;5033,320;5038,306;5042,332;5046,316;5051,294;5055,308;5060,306;5064,306;5068,292;5073,306;5077,310;5081,310;5086,308;5090,322;5094,322;5099,320;5103,312;5107,298;5112,310;5116,294;5121,308;5125,314;5129,328;5134,312;5138,326;5142,312;5147,324;5151,316;5155,300;5160,314;5164,300;5168,314;5173,298;5177,332;5181,316;5186,330;5190,314;5195,328;5199,318;5203,304;5208,318;5212,302;5216,316;5221,300;5225,334;5229,318;5234,332;5238,318;5242,332;5247,316;5251,308;5256,308;5260,306;5264,318;5269,304;5273,324;5277,310;5282,322;5286,322;5290,322;5295,320;5299,312;5303,312;5308,296;5312,310;5316,308;5321,308;5325,314;5330,328;5334,312;5338,326;5343,310;5347,302;5351,316;5356,300;5360,314;5364,300;5369,312;5373,306;5377,334;5382,318;5386,318;5390,316;5395,296;5399,308;5404,294;5408,306;5412,306;5417,304;5421,310;5425,324;5430,308;5434,322;5438,308;5443,320;5447,312;5451,298;5456,310;5460,296;5464,308;5469,294;5473,314;5478,314;5482,312;5486,312;5491,326;5495,304;5499,290;5504,316;5508,300;5512,314;5517,300;5521,320;5525,318;5530,318;5534,316;5538,330;5543,314;5547,292;5552,320;5556,306;5560,318;5565,304;5569,324;5573,310;5578,324;5582,308;5586,336;5591,320;5595,298;5599,312;5604,298;5608,310;5612,296;5617,310;5621,314;5626,328;5630,314;5634,326;5639,312;5643,302;5647,316;5652,302;5656,314;5660,300;5665,314;5669,320;5673,320;5678,318;5682,320;5687,318;5691,296;5695,310;5700,308;5704,308;5708,306;5713,320;5717,312;5721,326;5726,310;5730,324;5734,322;5739,322;5743,314;5747,298;5752,312;5756,298;5761,310;5765,316;5769,330;5774,314;5778,328;5782,314;5787,326;5791,318;5795,304;5800,318;5804,290;5808,316;5813,300;5817,322;5821,308;5826,320;5830,320;5835,320;5839,310;5843,296;5848,310;5852,296;5856,308;5861,296;5865,316;5869,314;5874,314;5878,314;5882,312;5887,312;5891,304;5896,304;5900,302;5904,316;5909,302;5913,322;5917,320;5922,320;5926,318;5930,318;5935,318;5939,296;5943,310;5948,294;5952,322;5956,294;5961,320;5965,312;5970,326;5974,310;5978,324;5983,310;5987,300;5991,314;5996,300;6000,312;6004,298;6009,312;6013,316;6017,318;6022,302;6026,300;6030,300;6035,278;6039,276;6044,276;6048,276;6052,274;6057,274;6061,294;6065,294;6070,292;6074,278;6078,292;6083,268;6087,282;6091,268;6096,280;6100,266;6104,280;6109,284;6113,298;6118,284;6122,284;6126,282;6131,254;6135,288;6139,274;6144,274;6148,272;6152,274;6157,272;6161,292;6165,292;6170,278;6174,292;6178,292;6183,284;6187,284;6192,296;6196,282;6200,296;6205,282;6209,258;6213,286;6218,300;6222,284;6226,284;6231,276;6235,288;6239,288;6244,288;6248,286;6253,272;6257,278;6261,278;6266,290;6270,290;6274,288;6279,274;6283,280;6287,292;6292,264;6296,278;6300,262;6305,270;6309,284;6313,282;6318,282;6322,280;6327,280;6331,258;6335,272;6340,256;6344,284;6348,270;6353,282;6357,274;6361,260;6366,272;6370,258;6374,272;6379,278;6383,290;6387,290;6392,288;6396,288;6401,286;6405,278;6409,292;6414,278;6418,276;6422,276;6427,290;6431,280;6435,266;6440,280;6444,278;6448,264;6453,284;6457,270;6462,282;6466,252;6470,280;6475,294;6479,272;6483,258;6488,270;6492,282;6496,268;6501,254;6505,286;6509,286;6514,272;6518,270;6522,270;6527,290;6531,274;6536,288;6540,258;6544,272;6549,272;6553,292;6557,290;6562,290;6566,288;6570,274;6575,288;6579,280;6583,278;6588,278;6592,278;6596,262;\r\nBuffer sent in 0.973 secondsreturn;buffer;965\r\n'), 11:10:49
bytearray(b'received from UR: measure -> measure (0,1)\r\nSTEPPER: Moving to mstep: 6600 with speed [msteps/sec]: 1000 in StealthChop.\r\n'), 11:10:50
bytearray(b'STEPPER: Moving to mstep: 2400 with speed [msteps/sec]: 4000 in SpreadCycle.\r\n'), 11:10:54
bytearray(b'STEPPER: Moved 4200.00 msteps (ramp: 35%) in 1324.888 ms -> average speed [msteps/sec]: 3170.08\r\nreturn;measure;965\r\n'), 11:10:56
bytearray(b'received from UR: buffer -> buffer (0,1)\r\nSending buffer of size 965data;2400,298;2404,454;2408,164;2413,278;2417,320;2421,326;2426,340;2430,324;2434,338;2439,324;2443,316;2447,328;2452,312;2456,326;2460,312;2465,324;2469,330;2474,330;2478,314;2482,328;2487,328;2491,318;2495,318;2500,318;2504,330;2508,316;2513,330;2517,322;2521,320;2526,320;2530,334;2534,332;2539,310;2543,324;2548,308;2552,336;2556,322;2561,334;2565,326;2569,326;2574,324;2578,338;2582,322;2587,336;2591,328;2595,312;2600,326;2604,312;2609,338;2613,316;2617,330;2622,316;2626,330;2630,328;2635,328;2639,318;2643,318;2648,332;2652,316;2656,330;2661,330;2665,320;2669,320;2674,334;2678,318;2683,332;2687,324;2691,310;2696,322;2700,322;2704,334;2709,320;2713,326;2717,324;2722,338;2726,322;2730,336;2735,322;2739,312;2743,326;2748,310;2752,324;2757,308;2761,336;2765,328;2770,342;2774,326;2778,340;2783,324;2787,316;2791,328;2796,314;2800,340;2804,312;2809,324;2813,330;2817,332;2822,314;2826,328;2831,312;2835,318;2839,318;2844,316;2848,316;2852,314;2857,328;2861,320;2865,334;2870,318;2874,330;2878,316;2883,330;2887,320;2891,320;2896,318;2900,304;2905,318;2909,322;2913,336;2918,320;2922,320;2926,318;2931,332;2935,322;2939,308;2944,320;2948,306;2952,318;2957,304;2961,324;2965,308;2970,322;2974,306;2979,320;2983,326;2987,310;2992,310;2996,294;3000,322;3005,306;3009,326;3013,310;3018,324;3022,308;3026,322;3031,306;3035,312;3040,310;3044,310;3048,310;3053,308;3057,314;3061,298;3066,312;3070,310;3074,324;3079,308;3083,314;3087,312;3092,312;3096,312;3100,310;3105,308;3109,314;3114,314;3118,312;3122,310;3127,310;3131,302;3135,328;3140,312;3144,326;3148,310;3153,310;3157,314;3161,328;3166,312;3170,326;3175,312;3179,302;3183,328;3188,314;3192,326;3196,312;3201,324;3205,316;3209,330;3214,314;3218,328;3222,312;3227,340;3231,316;3235,316;3240,316;3244,314;3249,314;3253,320;3257,334;3262,318;3266,332;3270,316;3275,330;3279,320;3283,306;3288,320;3292,318;3296,332;3301,330;3305,324;3309,322;3314,322;3318,320;3323,334;3327,318;3331,310;3336,322;3340,308;3344,320;3349,306;3353,326;3357,310;3362,310;3366,308;3370,308;3375,306;3379,312;3383,326;3388,310;3392,310;3397,308;3401,322;3405,314;3410,328;3414,312;3418,326;3423,310;3427,302;3431,302;3436,314;3440,314;3444,298;3449,312;3453,302;3457,316;3462,300;3466,314;3471,312;3475,304;3479,318;3484,316;3488,316;3492,302;3497,314;3501,306;3505,320;3510,318;3514,318;3518,316;3523,330;3527,322;3531,306;3536,306;3540,290;3545,318;3549,310;3553,324;3558,322;3562,336;3566,306;3571,320;3575,324;3579,310;3584,324;3588,308;3592,324;3597,322;3601,326;3605,312;3610,324;3614,310;3619,324;3623,314;3627,312;3632,326;3636,310;3640,324;3645,322;3649,328;3653,312;3658,326;3662,310;3666,324;3671,308;3675,314;3680,326;3684,312;3688,324;3693,322;3697,312;3701,312;3706,326;3710,312;3714,324;3719,308;3723,314;3727,328;3732,312;3736,326;3740,310;3745,310;3749,316;3754,316;3758,314;3762,326;3767,312;3771,304;3775,316;3780,302;3784,328;3788,300;3793,312;3797,304;3801,330;3806,316;3810,328;3814,314;3819,304;3823,318;3828,302;3832,302;3836,300;3841,300;3845,306;3849,320;3854,318;3858,318;3862,316;3867,316;3871,306;3875,292;3880,318;3884,304;3888,316;3893,308;3897,306;3902,306;3906,318;3910,304;3915,316;3919,308;3923,306;3928,320;3932,304;3936,318;3941,302;3945,322;3949,308;3954,322;3958,320;3962,320;3967,312;3971,296;3976,322;3980,308;3984,320;3989,306;3993,326;3997,324;4002,324;4006,310;4010,324;4015,308;4019,328;4023,312;4028,312;4032,324;4037,308;4041,322;4045,314;4050,314;4054,312;4058,326;4063,312;4067,318;4071,316;4076,316;4080,328;4084,314;4089,326;4093,318;4097,318;4102,316;4106,330;4111,314;4115,328;4119,320;4124,304;4128,318;4132,302;4137,316;4141,320;4145,322;4150,320;4154,320;4158,318;4163,318;4167,310;4171,308;4176,308;4180,292;4185,306;4189,312;4193,312;4198,310;4202,324;4206,308;4211,322;4215,314;4219,312;4224,312;4228,310;4232,310;4237,310;4241,314;4245,300;4250,314;4254,310;4259,310;4263,302;4267,302;4272,314;4276,300;4280,312;4285,298;4289,318;4293,304;4298,318;4302,314;4306,314;4311,306;4315,290;4320,304;4324,302;4328,316;4333,302;4337,322;4341,320;4346,320;4350,318;4354,318;4359,318;4363,322;4367,322;4372,308;4376,320;4380,306;4385,332;4389,310;4394,324;4398,308;4402,336;4407,308;4411,312;4415,326;4420,312;4424,312;4428,310;4433,310;4437,316;4441,314;4446,314;4450,326;4454,312;4459,304;4463,318;4468,314;4472,316;4476,316;4481,328;4485,320;4489,320;4494,318;4498,318;4502,316;4507,316;4511,322;4515,306;4520,318;4524,304;4528,318;4533,310;4537,322;4542,322;4546,322;4550,320;4555,318;4559,310;4563,308;4568,308;4572,306;4576,320;4581,304;4585,324;4589,310;4594,322;4598,308;4602,320;4607,306;4611,310;4616,310;4620,296;4624,322;4629,306;4633,326;4637,310;4642,312;4646,308;4650,322;4655,306;4659,312;4663,312;4668,296;4672,310;4676,310;4681,300;4685,300;4690,314;4694,312;4698,312;4703,310;4707,316;4711,314;4716,300;4720,312;4724,312;4729,324;4733,316;4737,316;4742,314;4746,328;4751,312;4755,312;4759,318;4764,302;4768,330;4772,314;4777,328;4781,306;4785,320;4790,318;4794,332;4798,316;4803,330;4807,322;4811,306;4816,320;4820,306;4825,332;4829,310;4833,322;4838,308;4842,322;4846,306;4851,320;4855,310;4859,310;4864,322;4868,308;4872,322;4877,320;4881,312;4886,312;4890,326;4894,310;4899,310;4903,314;4907,314;4912,326;4916,312;4920,324;4925,324;4929,316;4933,314;4938,328;4942,312;4946,324;4951,310;4955,302;4960,314;4964,300;4968,314;4973,312;4977,318;4981,302;4986,316;4990,302;4994,314;4999,314;5003,304;5007,304;5012,302;5016,316;5020,302;5025,312;5029,320;5034,320;5038,318;5042,316;5047,316;5051,308;5055,308;5060,306;5064,306;5068,304;5073,304;5077,310;5081,324;5086,308;5090,322;5094,320;5099,298;5103,312;5108,296;5112,310;5116,296;5121,308;5125,314;5129,326;5134,312;5138,324;5142,310;5147,324;5151,316;5155,302;5160,314;5164,300;5168,312;5173,304;5177,318;5182,302;5186,330;5190,316;5195,316;5199,320;5203,292;5208,318;5212,304;5216,318;5221,304;5225,324;5229,322;5234,322;5238,304;5242,332;5247,304;5251,324;5256,308;5260,308;5264,320;5269,306;5273,312;5277,310;5282,308;5286,308;5290,322;5295,308;5299,312;5303,312;5308,310;5312,324;5317,308;5321,314;5325,314;5330,312;5334,312;5338,324;5343,310;5347,316;5351,314;5356,300;5360,314;5364,312;5369,326;5373,302;5377,316;5382,302;5386,316;5391,314;5395,304;5399,318;5404,302;5408,316;5412,302;5417,328;5421,304;5425,318;5430,304;5434,316;5438,302;5443,314;5447,306;5451,302;5456,318;5460,302;5465,316;5469,306;5473,306;5478,304;5482,318;5486,302;5491,302;5495,308;5499,306;5504,320;5508,304;5512,318;5517,296;5521,308;5525,308;5530,320;5534,306;5539,318;5543,310;5547,294;5552,308;5556,306;5560,320;5565,304;5569,324;5573,308;5578,322;5582,308;5586,320;5591,304;5595,310;5599,308;5604,294;5608,322;5613,306;5617,326;5621,310;5626,324;5630,310;5634,322;5639,308;5643,314;5647,312;5652,312;5656,310;5660,310;5665,322;5669,300;5674,314;5678,312;5682,326;5687,310;5691,318;5695,316;5700,314;5704,314;5708,314;5713,312;5717,304;5721,318;5726,316;5730,330;5734,314;5739,304;5743,318;5748,302;5752,330;5756,316;5761,314;5765,306;5769,320;5774,304;5778,318;5782,302;5787,316;5791,320;5795,306;5800,318;5804,304;5808,302;5813,302;5817,322;5822,306;5826,320;5830,316;5835,318;5839,308;5843,308;5848,320;5852,306;5856,304;5861,304;5865,310;5869,308;5874,308;5878,306;5882,306;5887,312;5891,298;5896,296;5900,296;5904,308;5909,308;5913,314;5917,312;5922,326;5926,310;5930,324;5935,310;5939,300;5943,314;5948,298;5952,312;5957,310;5961,316;5965,314;5970,328;5974,314;5978,314;5983,312;5987,302;5991,330;5996,314;6000,314;6004,298;6009,310;6013,302;6017,302;6022,286;6026,300;6031,296;6035,290;6039,288;6044,274;6048,286;6052,286;6057,284;6061,290;6065,290;6070,288;6074,288;6078,286;6083,292;6087,290;6092,290;6096,274;6100,288;6105,272;6109,292;6113,292;6118,290;6122,290;6126,288;6131,266;6135,278;6139,264;6144,292;6148,276;6152,290;6157,280;6161,294;6166,280;6170,280;6174,278;6179,276;6183,282;6187,280;6192,280;6196,292;6200,278;6205,278;6209,296;6213,296;6218,294;6222,292;6226,278;6231,284;6235,282;6240,282;6244,268;6248,280;6253,280;6257,286;6261,284;6266,284;6270,282;6274,252;6279,280;6283,286;6287,284;6292,284;6296,270;6300,282;6305,274;6309,286;6314,286;6318,284;6322,284;6327,282;6331,260;6335,274;6340,272;6344,284;6348,270;6353,282;6357,288;6361,286;6366,286;6370,286;6374,284;6379,274;6383,274;6388,272;6392,272;6396,270;6401,284;6405,274;6409,260;6414,272;6418,286;6422,284;6427,276;6431,290;6435,288;6440,274;6444,272;6448,272;6453,278;6457,290;6462,276;6466,276;6470,274;6475,258;6479,264;6483,264;6488,276;6492,262;6496,274;6501,280;6505,266;6509,278;6514,292;6518,276;6523,276;6527,268;6531,280;6536,266;6540,264;6544,278;6549,262;6553,282;6557,282;6562,266;6566,280;6570,294;6575,272;6579,270;6583,270;6588,284;6592,282;6597,268;\r\nBuffer sent in 0.973 secondsreturn;buffer;965\r\n'), 11:10:58
bytearray(b'received from UR: home -> home (0,1)\r\nSTEPPER: Moving to mstep: 0 with speed [msteps/sec]: 4000 in SpreadCycle.\r\n'), 11:10:59
bytearray(b'STEPPER: Moved 2400.00 msteps (ramp: 35%) in 813.416 ms -> average speed [msteps/sec]: 2950.52\r\nreturn;home;1\r\n'), 11:10:59
