bytearray(b'STEPPER: Moving to mstep: 2400 with speed [msteps/sec]: 4000 in SpreadCycle.\r\n'), 11:17:28
bytearray(b'STEPPER: Moved 2400.00 msteps (ramp: 35%) in 812.824 ms -> average speed [msteps/sec]: 2952.67\r\n'), 11:17:29
bytearray(b'received from UR: status -> status (0,1)\r\n*** STATUS ***\r\nid        :         3 -\r\nstep      :      2400 steps\r\nspeed     :      1500 msteps/s\r\nmspeed    :      1000 msteps/s\r\nsg-thrs   :        80 -\r\ndefault   :     12000 \xc2\xb5m\r\ndispense  :     30350 \xc2\xb5m\r\nblowout   :     33000 \xc2\xb5m\r\nd-offset  :        20 \xc2\xb5m\r\nur0       :         0 -\r\nur1       :         1 -\r\nhomed     :         1 -\r\nreturn;status;2400\r\n'), 11:17:31
bytearray(b'received from UR: measure -> measure (0,1)\r\nSTEPPER: Moving to mstep: 6600 with speed [msteps/sec]: 1000 in StealthChop.\r\n'), 11:17:32
bytearray(b'STEPPER: Moving to mstep: 2400 with speed [msteps/sec]: 4000 in SpreadCycle.\r\n'), 11:17:36
bytearray(b'STEPPER: Moved 4200.00 msteps (ramp: 35%) in 1324.888 ms -> average speed [msteps/sec]: 3170.08\r\nreturn;measure;965\r\n'), 11:17:38
bytearray(b'received from UR: buffer -> buffer (0,1)\r\nSending buffer of size 965data;2400,126;2404,464;2408,190;2413,290;2417,318;2421,324;2426,338;2430,322;2434,334;2439,320;2443,324;2447,324;2452,308;2456,322;2460,322;2465,334;2469,326;2474,326;2478,324;2482,324;2487,322;2491,328;2495,326;2500,312;2504,324;2508,324;2513,338;2517,314;2521,328;2526,314;2530,326;2534,324;2539,324;2543,330;2548,302;2552,328;2556,312;2561,326;2565,318;2569,332;2574,316;2578,330;2582,314;2587,328;2591,334;2595,318;2600,318;2604,304;2608,316;2613,316;2617,336;2622,320;2626,334;2630,318;2635,332;2639,324;2643,322;2648,336;2652,322;2656,320;2661,320;2665,326;2669,324;2674,324;2678,308;2683,322;2687,314;2691,326;2696,324;2700,324;2704,324;2709,308;2713,328;2717,328;2722,326;2726,312;2730,326;2735,324;2739,318;2743,330;2748,316;2752,342;2757,314;2761,326;2765,318;2770,332;2774,318;2778,332;2783,316;2787,308;2791,336;2796,306;2800,334;2804,318;2809,332;2813,324;2817,324;2822,308;2826,336;2831,320;2835,312;2839,324;2844,310;2848,310;2852,322;2857,322;2861,314;2865,328;2870,326;2874,326;2878,324;2883,324;2887,328;2891,328;2896,328;2900,312;2905,326;2909,318;2913,332;2918,316;2922,330;2926,314;2931,328;2935,320;2939,318;2944,332;2948,316;2952,316;2957,302;2961,322;2965,320;2970,334;2974,318;2979,318;2983,324;2987,308;2992,320;2996,320;3000,320;3005,318;3009,324;3013,310;3018,324;3022,308;3026,322;3031,320;3035,298;3039,312;3044,310;3048,310;3053,296;3057,328;3061,314;3066,328;3070,310;3074,326;3079,312;3083,302;3087,316;3092,314;3096,314;3100,312;3105,312;3109,318;3114,316;3118,316;3122,316;3127,314;3131,306;3135,320;3140,306;3144,318;3148,316;3153,316;3157,322;3161,320;3166,320;3170,334;3174,318;3179,310;3183,324;3188,308;3192,322;3196,306;3201,320;3205,326;3209,312;3214,310;3218,324;3222,308;3227,336;3231,328;3235,314;3240,326;3244,312;3248,324;3253,316;3257,330;3262,316;3266,328;3270,314;3275,326;3279,320;3283,318;3288,332;3292,316;3296,316;3301,314;3305,336;3309,320;3314,320;3318,318;3323,332;3327,318;3331,324;3336,322;3340,306;3344,320;3349,304;3353,324;3357,310;3362,324;3366,308;3370,322;3375,306;3379,298;3383,312;3388,312;3392,324;3397,308;3401,322;3405,314;3410,326;3414,312;3418,326;3423,310;3427,302;3431,314;3436,300;3440,314;3444,312;3449,312;3453,318;3457,318;3462,316;3466,316;3471,314;3475,306;3479,306;3484,304;3488,304;3492,304;3497,316;3501,308;3505,322;3510,322;3514,320;3518,306;3523,320;3527,310;3531,310;3536,324;3540,310;3545,310;3549,314;3553,328;3558,312;3562,326;3566,312;3571,324;3575,316;3579,300;3584,314;3588,312;3592,326;3597,310;3601,318;3605,316;3610,328;3614,314;3619,328;3623,312;3627,318;3632,330;3636,316;3640,314;3645,300;3649,334;3653,318;3658,332;3662,318;3666,330;3671,316;3675,306;3679,320;3684,320;3688,320;3693,318;3697,324;3701,322;3706,320;3710,320;3714,334;3719,316;3723,310;3727,322;3732,308;3736,322;3740,306;3745,320;3749,312;3754,312;3758,310;3762,310;3767,310;3771,316;3775,330;3780,314;3784,314;3788,312;3793,312;3797,318;3801,318;3806,302;3810,316;3814,302;3819,316;3823,320;3828,308;3832,320;3836,304;3841,304;3845,310;3849,324;3854,310;3858,308;3862,306;3867,320;3871,312;3875,310;3880,310;3884,310;3888,308;3893,314;3897,328;3902,312;3906,324;3910,310;3915,324;3919,316;3923,314;3928,314;3932,296;3936,312;3941,310;3945,318;3949,302;3954,316;3958,314;3963,328;3967,314;3971,318;3976,318;3980,302;3984,316;3989,302;3993,336;3997,320;4002,320;4006,306;4010,320;4015,304;4019,310;4023,322;4028,322;4032,320;4037,306;4041,318;4045,324;4050,338;4054,322;4058,336;4063,320;4067,312;4071,310;4076,310;4080,322;4084,308;4089,322;4093,328;4097,326;4102,312;4106,324;4111,324;4115,302;4119,314;4124,314;4128,328;4132,312;4137,312;4141,318;4145,318;4150,316;4154,330;4158,314;4163,314;4167,320;4171,304;4176,306;4180,304;4185,316;4189,308;4193,322;4198,320;4202,320;4206,318;4211,332;4215,308;4219,294;4224,308;4228,308;4232,306;4237,306;4241,326;4245,310;4250,324;4254,308;4259,322;4263,314;4267,298;4272,312;4276,298;4280,310;4285,296;4289,316;4293,316;4298,314;4302,312;4306,326;4311,312;4315,302;4319,316;4324,302;4328,316;4333,314;4337,320;4341,318;4346,318;4350,316;4354,316;4359,314;4363,306;4367,320;4372,318;4376,332;4380,316;4385,316;4389,320;4394,334;4398,306;4402,332;4407,316;4411,296;4415,322;4420,306;4424,320;4428,318;4433,318;4437,310;4441,338;4446,322;4450,336;4454,320;4459,312;4463,310;4468,310;4472,322;4476,308;4481,320;4485,326;4489,326;4494,310;4498,324;4502,308;4507,322;4511,326;4515,312;4520,324;4524,310;4528,322;4533,314;4537,328;4542,312;4546,324;4550,310;4555,322;4559,328;4563,314;4568,312;4572,298;4576,310;4581,308;4585,328;4589,312;4594,326;4598,310;4602,324;4607,316;4611,312;4616,326;4620,310;4624,310;4629,294;4633,328;4637,312;4642,324;4646,310;4650,322;4655,306;4659,298;4663,310;4668,310;4672,322;4676,308;4681,320;4685,310;4690,324;4694,310;4698,308;4703,306;4707,298;4711,310;4716,308;4720,322;4724,306;4729,320;4733,312;4737,324;4742,310;4746,322;4750,308;4755,298;4759,326;4764,324;4768,324;4772,310;4777,322;4781,312;4785,326;4790,310;4794,338;4798,322;4803,322;4807,314;4811,312;4816,324;4820,310;4825,324;4829,316;4833,330;4838,314;4842,328;4846,312;4851,326;4855,316;4859,316;4864,314;4868,300;4872,312;4877,312;4881,332;4885,316;4890,330;4894,314;4899,328;4903,320;4907,318;4912,318;4916,316;4920,316;4925,316;4929,322;4933,308;4938,320;4942,318;4946,318;4951,316;4955,308;4960,322;4964,292;4968,306;4973,304;4977,324;4981,308;4986,322;4990,306;4994,320;4999,304;5003,310;5007,324;5012,310;5016,322;5020,306;5025,306;5029,312;5034,324;5038,310;5042,324;5047,308;5051,314;5055,312;5060,298;5064,310;5068,310;5073,324;5077,300;5081,314;5086,312;5090,312;5094,310;5099,310;5103,316;5108,300;5112,314;5116,300;5121,312;5125,318;5129,330;5134,316;5138,328;5142,314;5147,326;5151,318;5155,318;5160,316;5164,302;5168,314;5173,300;5177,334;5182,318;5186,318;5190,316;5195,330;5199,320;5203,306;5208,320;5212,318;5216,318;5221,318;5225,324;5229,308;5234,322;5238,320;5242,334;5247,312;5251,312;5256,310;5260,310;5264,324;5269,322;5273,330;5277,314;5282,328;5286,312;5290,326;5295,312;5299,316;5303,316;5308,314;5312,314;5316,314;5321,326;5325,304;5330,318;5334,316;5338,316;5343,316;5347,308;5351,320;5356,304;5360,318;5364,304;5369,316;5373,308;5377,322;5382,320;5386,320;5391,304;5395,310;5399,310;5404,308;5408,322;5412,306;5417,318;5421,310;5425,324;5430,310;5434,322;5438,306;5443,298;5447,310;5452,324;5456,322;5460,308;5465,320;5469,312;5473,324;5478,310;5482,322;5486,308;5491,322;5495,312;5499,310;5504,310;5508,294;5512,308;5517,306;5521,326;5526,312;5530,324;5534,324;5539,322;5543,314;5547,312;5552,326;5556,310;5560,324;5565,310;5569,328;5573,314;5578,328;5582,312;5586,326;5591,310;5595,302;5600,330;5604,316;5608,328;5613,298;5617,320;5621,304;5626,318;5630,302;5634,316;5639,314;5643,322;5647,318;5652,304;5656,318;5660,318;5665,316;5669,322;5674,322;5678,320;5682,320;5687,318;5691,310;5695,310;5700,308;5704,322;5708,320;5713,320;5717,312;5721,324;5726,310;5730,324;5734,322;5739,320;5743,326;5748,312;5752,310;5756,310;5761,322;5765,314;5769,328;5774,312;5778,326;5782,310;5787,324;5791,330;5795,302;5800,314;5804,314;5808,328;5813,304;5817,318;5822,304;5826,318;5830,316;5835,316;5839,322;5843,306;5848,306;5852,306;5856,306;5861,304;5865,324;5869,308;5874,308;5878,308;5882,320;5887,312;5891,312;5896,312;5900,310;5904,310;5909,308;5913,314;5917,314;5922,312;5926,312;5930,326;5935,310;5939,316;5943,328;5948,314;5952,326;5957,298;5961,318;5965,316;5970,330;5974,314;5978,328;5983,314;5987,304;5991,318;5996,318;6000,330;6004,316;6009,314;6013,306;6017,320;6022,306;6026,318;6031,290;6035,282;6039,294;6044,280;6048,292;6052,290;6057,290;6061,282;6065,266;6070,280;6074,292;6078,292;6083,298;6087,296;6092,296;6096,294;6100,294;6105,292;6109,284;6113,298;6118,282;6122,282;6126,280;6131,272;6135,286;6139,272;6144,284;6148,270;6152,282;6157,288;6161,288;6166,288;6170,300;6174,300;6179,284;6183,276;6187,274;6192,274;6196,272;6200,284;6205,284;6209,290;6213,290;6218,302;6222,288;6226,288;6231,278;6235,278;6240,276;6244,262;6248,290;6253,288;6257,294;6261,278;6266,264;6270,276;6274,276;6279,290;6283,268;6287,280;6292,250;6296,292;6300,278;6305,284;6309,282;6314,268;6318,266;6322,266;6327,280;6331,270;6335,282;6340,268;6344,280;6348,266;6353,256;6357,284;6361,298;6366,282;6370,294;6374,280;6379,286;6383,284;6388,284;6392,298;6396,282;6401,294;6405,272;6409,272;6414,270;6418,254;6422,282;6427,296;6431,274;6435,286;6440,284;6444,270;6448,284;6453,290;6457,276;6462,274;6466,258;6470,272;6475,272;6479,278;6483,292;6488,276;6492,290;6496,290;6501,282;6505,280;6509,280;6514,278;6518,292;6522,292;6527,284;6531,282;6536,296;6540,282;6544,280;6549,252;6553,300;6557,284;6562,284;6566,284;6570,268;6575,290;6579,288;6583,286;6588,272;6592,286;6597,270;\r\nBuffer sent in 0.973 secondsreturn;buffer;965\r\n'), 11:17:40
bytearray(b'received from UR: measure -> measure (0,1)\r\nSTEPPER: Moving to mstep: 6600 with speed [msteps/sec]: 1000 in StealthChop.\r\n'), 11:17:41
bytearray(b'STEPPER: Moving to mstep: 2400 with speed [msteps/sec]: 4000 in SpreadCycle.\r\n'), 11:17:45
bytearray(b'STEPPER: Moved 4200.00 msteps (ramp: 35%) in 1324.892 ms -> average speed [msteps/sec]: 3170.07\r\nreturn;measure;965\r\n'), 11:17:46
bytearray(b'received from UR: buffer -> buffer (0,1)\r\nSending buffer of size 965data;2400,298;2404,452;2408,162;2413,276;2417,318;2421,324;2426,338;2430,322;2434,336;2439,320;2443,326;2447,324;2452,310;2456,322;2460,308;2465,322;2469,328;2474,328;2478,314;2482,340;2487,324;2491,330;2495,330;2500,332;2504,330;2508,314;2513,328;2517,320;2521,334;2526,318;2530,332;2534,316;2539,330;2543,322;2547,306;2552,320;2556,306;2561,334;2565,324;2569,338;2574,324;2578,338;2582,322;2587,336;2591,328;2595,326;2600,340;2604,324;2608,324;2613,310;2617,330;2622,328;2626,328;2630,312;2635,340;2639,318;2643,330;2648,330;2652,328;2656,328;2661,312;2665,332;2669,330;2674,332;2678,330;2682,330;2687,328;2691,306;2696,320;2700,334;2704,332;2709,318;2713,338;2717,322;2722,336;2726,322;2730,334;2735,320;2739,312;2743,324;2748,310;2752,336;2757,322;2761,336;2765,328;2770,328;2774,312;2778,326;2783,324;2787,316;2791,328;2796,314;2800,328;2804,326;2809,340;2813,316;2817,330;2822,314;2826,328;2831,314;2835,318;2839,318;2844,318;2848,316;2852,314;2857,314;2861,320;2865,332;2870,318;2874,332;2878,316;2883,328;2887,334;2891,318;2896,318;2900,316;2905,316;2909,320;2913,320;2918,318;2922,332;2926,316;2931,330;2935,336;2939,320;2944,320;2948,304;2952,318;2957,318;2961,324;2965,308;2970,322;2974,320;2979,320;2983,326;2987,310;2992,324;2996,296;3000,308;3005,308;3009,328;3013,312;3018,326;3022,310;3026,324;3031,310;3035,314;3039,314;3044,298;3048,312;3053,312;3057,310;3061,316;3066,330;3070,314;3074,328;3079,312;3083,304;3087,316;3092,302;3096,302;3100,300;3105,314;3109,320;3113,320;3118,318;3122,330;3127,316;3131,308;3135,320;3140,292;3144,318;3148,304;3153,318;3157,322;3161,322;3166,320;3170,320;3174,318;3179,310;3183,324;3188,308;3192,322;3196,320;3201,334;3205,312;3209,324;3214,310;3218,324;3222,322;3227,334;3231,326;3235,312;3240,310;3244,322;3248,322;3253,322;3257,328;3262,312;3266,326;3270,324;3275,338;3279,316;3283,316;3288,328;3292,312;3296,312;3301,312;3305,332;3309,316;3314,330;3318,330;3323,328;3327,314;3331,306;3336,318;3340,304;3344,318;3349,302;3353,324;3357,322;3362,322;3366,320;3370,334;3375,318;3379,296;3383,308;3388,308;3392,322;3397,292;3401,306;3405,312;3410,324;3414,310;3418,322;3423,322;3427,314;3431,312;3436,312;3440,308;3444,312;3449,324;3453,302;3457,316;3462,302;3466,314;3471,312;3475,318;3479,318;3484,302;3488,316;3492,314;3497,314;3501,304;3505,318;3510,316;3514,316;3518,316;3523,314;3527,320;3531,292;3536,318;3540,304;3545,316;3549,302;3553,322;3558,320;3562,334;3566,318;3571,332;3575,324;3579,310;3584,336;3588,306;3592,320;3597,320;3601,326;3605,310;3610,324;3614,310;3619,322;3623,322;3627,314;3632,326;3636,312;3640,310;3645,324;3649,330;3653,312;3658,330;3662,314;3666,328;3671,326;3675,304;3679,316;3684,316;3688,330;3693,316;3697,328;3701,320;3706,334;3710,318;3714,332;3719,316;3723,322;3727,322;3732,320;3736,318;3740,304;3745,316;3749,322;3753,322;3758,306;3762,320;3767,306;3771,310;3775,324;3780,308;3784,322;3788,306;3793,320;3797,312;3801,326;3806,310;3810,324;3814,308;3819,322;3823,314;3828,314;3832,312;3836,298;3841,310;3845,304;3849,316;3854,302;3858,316;3862,300;3867,314;3871,320;3875,306;3880,318;3884,304;3888,316;3893,310;3897,308;3902,308;3906,320;3910,320;3915,320;3919,310;3923,296;3928,310;3932,308;3936,322;3941,292;3945,328;3949,326;3954,326;3958,312;3962,324;3967,324;3971,314;3976,314;3980,298;3984,312;3989,310;3993,332;3997,316;4002,344;4006,316;4010,328;4015,314;4019,320;4023,320;4028,318;4032,318;4037,302;4041,316;4045,322;4050,334;4054,320;4058,332;4063,318;4067,310;4071,308;4076,320;4080,320;4084,320;4089,318;4093,324;4097,324;4102,322;4106,322;4111,320;4115,312;4119,324;4124,324;4128,322;4132,322;4137,320;4141,312;4145,324;4150,322;4154,322;4158,306;4163,320;4167,310;4171,310;4176,322;4180,308;4185,320;4189,310;4193,324;4198,308;4202,322;4206,306;4211,318;4215,310;4219,310;4224,322;4228,308;4232,320;4237,304;4241,326;4245,310;4250,324;4254,308;4259,322;4263,312;4267,298;4272,310;4276,310;4280,308;4285,308;4289,312;4293,312;4298,324;4302,310;4306,322;4311,308;4315,312;4319,312;4324,298;4328,310;4333,310;4337,314;4341,314;4346,326;4350,312;4354,324;4359,310;4363,314;4367,328;4372,312;4376,312;4380,310;4385,324;4389,314;4393,328;4398,326;4402,328;4407,312;4411,316;4415,330;4420,316;4424,312;4428,298;4433,312;4437,316;4441,330;4446,316;4450,330;4454,314;4459,306;4463,318;4468,318;4472,316;4476,302;4481,316;4485,322;4489,336;4494,320;4498,334;4502,318;4507,332;4511,310;4515,308;4520,320;4524,306;4528,318;4533,318;4537,322;4542,322;4546,320;4550,318;4555,318;4559,324;4563,308;4568,322;4572,306;4576,318;4581,304;4585,324;4589,322;4594,322;4598,320;4602,334;4607,318;4611,296;4616,308;4620,308;4624,320;4629,304;4633,324;4637,310;4642,322;4646,306;4650,320;4655,304;4659,310;4663,322;4668,308;4672,322;4676,306;4681,306;4685,310;4690,310;4694,308;4698,308;4703,306;4707,312;4711,324;4716,310;4720,322;4724,294;4729,308;4733,312;4737,312;4742,312;4746,324;4750,310;4755,302;4759,328;4764,314;4768,328;4772,312;4777,326;4781,316;4785,330;4790,316;4794,330;4798,314;4803,328;4807,318;4811,304;4816,318;4820,302;4824,330;4829,316;4833,334;4838,318;4842,332;4846,316;4851,330;4855,322;4859,320;4864,320;4868,320;4872,318;4877,304;4881,324;4885,322;4890,322;4894,306;4899,334;4903,312;4907,312;4912,324;4916,310;4920,310;4925,322;4929,328;4933,314;4938,326;4942,312;4946,324;4951,324;4955,314;4959,314;4964,312;4968,312;4973,298;4977,316;4981,316;4986,314;4990,312;4994,326;4999,312;5003,302;5007,316;5012,314;5016,314;5020,284;5025,312;5029,316;5033,318;5038,316;5042,316;5047,300;5051,306;5055,304;5060,304;5064,316;5068,302;5073,302;5077,320;5081,306;5086,306;5090,318;5094,316;5099,316;5103,322;5108,306;5112,320;5116,304;5121,316;5125,322;5129,320;5134,320;5138,320;5142,304;5147,320;5151,310;5155,310;5160,324;5164,308;5168,322;5173,308;5177,328;5182,312;5186,326;5190,312;5195,336;5199,316;5203,302;5208,316;5212,300;5216,314;5221,312;5225,334;5229,318;5234,332;5238,316;5242,330;5247,308;5251,308;5256,320;5260,306;5264,318;5269,318;5273,324;5277,324;5282,322;5286,322;5290,322;5295,306;5299,312;5303,312;5308,310;5312,310;5316,308;5321,308;5325,314;5330,328;5334,312;5338,326;5343,312;5347,316;5351,330;5356,314;5360,314;5364,298;5369,312;5373,318;5377,332;5382,318;5386,302;5390,302;5395,308;5399,320;5404,306;5408,318;5412,318;5417,318;5421,310;5425,322;5430,322;5434,322;5438,306;5443,320;5447,310;5451,312;5456,324;5460,308;5465,322;5469,312;5473,312;5478,312;5482,310;5486,310;5491,308;5495,314;5499,314;5504,314;5508,312;5512,310;5517,296;5521,316;5525,314;5530,328;5534,314;5539,326;5543,318;5547,302;5552,316;5556,300;5560,312;5565,312;5569,320;5573,318;5578,330;5582,316;5586,328;5591,314;5595,318;5599,332;5604,318;5608,316;5613,302;5617,322;5621,320;5626,334;5630,318;5634,318;5639,304;5643,308;5647,322;5652,308;5656,320;5660,320;5665,318;5669,310;5673,324;5678,322;5682,322;5687,306;5691,312;5695,312;5700,326;5704,324;5708,324;5713,322;5717,314;5721,328;5726,312;5730,312;5734,310;5739,302;5743,316;5748,302;5752,314;5756,298;5761,312;5765,318;5769,332;5774,316;5778,330;5782,316;5787,328;5791,306;5795,306;5800,318;5804,304;5808,316;5813,316;5817,322;5822,308;5826,320;5830,320;5835,320;5839,310;5843,310;5848,322;5852,308;5856,322;5861,306;5865,312;5869,312;5874,310;5878,310;5882,308;5887,308;5891,314;5896,314;5900,312;5904,312;5909,296;5913,316;5917,314;5922,330;5926,314;5930,328;5935,312;5939,304;5943,318;5948,302;5952,316;5956,314;5961,328;5965,320;5970,320;5974,318;5978,332;5983,316;5987,308;5991,322;5996,294;6000,306;6004,306;6009,320;6013,310;6017,324;6022,294;6026,294;6030,292;6035,286;6039,284;6044,298;6048,282;6052,282;6057,294;6061,286;6065,300;6070,298;6074,284;6078,284;6083,274;6087,274;6091,288;6096,286;6100,258;6105,286;6109,292;6113,290;6118,290;6122,274;6126,274;6131,286;6135,280;6139,278;6144,278;6148,276;6152,276;6157,274;6161,294;6165,294;6170,306;6174,292;6179,290;6183,296;6187,282;6192,280;6196,266;6200,278;6205,278;6209,284;6213,296;6218,296;6222,294;6226,280;6231,272;6235,284;6239,270;6244,268;6248,268;6253,282;6257,286;6261,286;6266,300;6270,286;6274,284;6279,284;6283,274;6287,274;6292,272;6296,272;6300,270;6305,276;6309,290;6313,290;6318,288;6322,286;6327,286;6331,278;6335,292;6340,276;6344,288;6348,288;6353,252;6357,280;6361,292;6366,292;6370,290;6374,276;6379,294;6383,294;6387,278;6392,278;6396,276;6401,276;6405,280;6409,294;6414,280;6418,292;6422,276;6427,276;6431,296;6435,294;6440,280;6444,278;6448,278;6453,284;6457,282;6461,282;6466,296;6470,280;6475,250;6479,286;6483,270;6488,284;6492,268;6496,268;6501,266;6505,286;6509,286;6514,284;6518,284;6522,296;6527,288;6531,288;6536,286;6540,272;6544,284;6549,270;6553,290;6557,288;6562,274;6566,286;6570,300;6575,286;6579,290;6583,290;6588,290;6592,274;6596,288;\r\nBuffer sent in 0.973 secondsreturn;buffer;965\r\n'), 11:17:48
bytearray(b'received from UR: measure -> measure (0,1)\r\nSTEPPER: Moving to mstep: 6600 with speed [msteps/sec]: 1000 in StealthChop.\r\n'), 11:17:49
bytearray(b'STEPPER: Moving to mstep: 2400 with speed [msteps/sec]: 4000 in SpreadCycle.\r\n'), 11:17:53
bytearray(b'STEPPER: Moved 4200.00 msteps (ramp: 35%) in 1324.892 ms -> average speed [msteps/sec]: 3170.07\r\nreturn;measure;965\r\n'), 11:17:55
bytearray(b'received from UR: buffer -> buffer (0,1)\r\nSending buffer of size 965data;2400,298;2404,472;2408,140;2413,268;2417,324;2421,330;2426,342;2430,326;2434,340;2439,326;2443,318;2447,330;2452,316;2456,328;2460,312;2465,326;2469,316;2474,330;2478,330;2482,328;2487,326;2491,316;2495,316;2500,314;2504,328;2508,326;2513,326;2517,316;2521,330;2526,314;2530,328;2534,326;2539,326;2543,330;2548,316;2552,314;2556,314;2561,340;2565,316;2569,330;2574,316;2578,328;2582,312;2587,340;2591,332;2595,316;2600,330;2604,316;2608,326;2613,312;2617,332;2622,316;2626,344;2630,314;2635,326;2639,318;2643,304;2648,316;2652,316;2656,328;2661,328;2665,334;2669,318;2674,332;2678,330;2682,330;2687,328;2691,318;2696,332;2700,330;2704,330;2709,314;2713,334;2717,320;2722,332;2726,318;2730,330;2735,328;2739,320;2743,334;2748,318;2752,330;2756,316;2761,330;2765,320;2770,334;2774,318;2778,346;2783,316;2787,322;2791,334;2796,306;2800,318;2804,318;2809,330;2813,322;2817,334;2822,320;2826,332;2830,318;2835,330;2839,336;2844,322;2848,320;2852,318;2857,318;2861,324;2865,336;2870,322;2874,334;2878,320;2883,318;2887,324;2891,322;2896,322;2900,320;2905,318;2909,324;2913,324;2918,322;2922,322;2926,320;2931,332;2935,324;2939,310;2944,322;2948,306;2952,306;2957,304;2961,324;2965,308;2970,322;2974,306;2979,320;2983,326;2987,310;2992,324;2996,308;3000,320;3005,306;3009,324;3013,310;3018,322;3022,308;3026,320;3031,320;3035,310;3039,324;3044,324;3048,310;3053,308;3057,328;3061,312;3066,312;3070,310;3074,324;3079,308;3083,314;3087,312;3092,298;3096,324;3100,310;3105,322;3109,314;3113,314;3118,312;3122,326;3127,324;3131,302;3135,314;3140,300;3144,312;3148,298;3153,310;3157,330;3161,328;3166,314;3170,326;3174,310;3179,324;3183,328;3187,314;3192,314;3196,312;3201,324;3205,316;3209,330;3214,314;3218,328;3222,312;3227,338;3231,316;3235,316;3240,314;3244,298;3248,324;3253,310;3257,330;3262,314;3266,328;3270,312;3275,326;3279,316;3283,316;3288,328;3292,328;3296,326;3301,312;3305,330;3309,328;3314,328;3318,328;3322,326;3327,312;3331,316;3336,330;3340,314;3344,328;3349,298;3353,318;3357,316;3362,330;3366,314;3370,326;3375,312;3379,318;3383,316;3388,302;3392,314;3396,314;3401,312;3405,316;3410,318;3414,314;3418,328;3423,312;3427,304;3431,318;3436,316;3440,316;3444,314;3449,314;3453,304;3457,318;3462,316;3466,316;3471,314;3475,306;3479,320;3484,320;3488,318;3492,304;3497,316;3501,320;3505,320;3510,320;3514,318;3518,318;3523,316;3527,322;3531,306;3536,320;3540,304;3545,318;3549,310;3553,322;3558,320;3562,320;3566,318;3571,332;3575,322;3579,308;3584,322;3588,320;3592,318;3597,304;3601,338;3605,308;3610,322;3614,320;3619,334;3623,318;3627,310;3632,324;3636,322;3640,322;3645,320;3649,326;3653,312;3658,324;3662,310;3666,336;3671,320;3675,312;3679,326;3684,312;3688,324;3693,308;3697,322;3701,328;3706,326;3710,312;3714,326;3719,310;3723,314;3727,328;3732,314;3736,326;3740,310;3745,324;3749,316;3753,328;3758,314;3762,326;3767,312;3771,304;3775,316;3780,314;3784,312;3788,300;3793,312;3797,318;3801,332;3806,302;3810,316;3814,314;3819,328;3823,304;3827,318;3832,316;3836,316;3841,314;3845,306;3849,320;3854,304;3858,318;3862,302;3867,316;3871,306;3875,306;3880,306;3884,304;3888,304;3893,302;3897,322;3902,320;3906,320;3910,318;3915,318;3919,324;3923,308;3928,322;3932,306;3936,320;3941,304;3945,324;3949,310;3954,322;3958,308;3962,322;3967,306;3971,314;3976,326;3980,310;3984,322;3989,322;3993,328;3997,312;4002,326;4006,312;4010,324;4015,322;4019,300;4023,312;4028,312;4032,312;4037,310;4041,322;4045,328;4050,328;4054,312;4058,324;4063,324;4067,314;4071,314;4076,312;4080,312;4084,298;4089,310;4093,318;4097,330;4102,316;4106,328;4111,314;4115,304;4119,332;4124,318;4128,330;4132,314;4137,328;4141,320;4145,320;4150,318;4154,318;4158,316;4163,316;4167,322;4171,292;4176,318;4180,304;4185,318;4189,310;4193,322;4198,320;4202,334;4206,318;4211,318;4215,310;4219,310;4224,308;4228,308;4232,306;4237,320;4241,312;4245,310;4250,324;4254,308;4259,308;4263,312;4267,298;4272,310;4276,310;4280,308;4285,308;4289,314;4293,312;4298,312;4302,310;4306,324;4311,322;4315,300;4319,314;4324,300;4328,312;4333,298;4337,318;4341,302;4346,316;4350,314;4354,328;4359,312;4363,318;4367,318;4372,316;4376,330;4380,300;4385,328;4389,316;4393,332;4398,316;4402,330;4407,314;4411,320;4415,320;4420,318;4424,316;4428,302;4433,302;4437,320;4441,334;4446,318;4450,332;4454,316;4459,330;4463,320;4468,320;4472,318;4476,304;4481,318;4485,322;4489,322;4494,322;4498,334;4502,318;4507,332;4511,324;4515,322;4520,322;4524,308;4528,320;4533,306;4537,324;4542,310;4546,324;4550,308;4555,320;4559,326;4563,312;4568,324;4572,308;4576,322;4581,320;4585,314;4589,312;4594,324;4598,310;4602,322;4607,308;4611,298;4616,310;4620,310;4624,308;4629,308;4633,326;4637,312;4642,324;4646,308;4650,322;4655,320;4659,312;4663,310;4668,296;4672,294;4676,292;4681,306;4685,324;4690,324;4694,308;4698,308;4703,306;4707,312;4711,310;4716,308;4720,308;4724,306;4729,320;4733,310;4737,324;4742,308;4746,322;4750,320;4755,312;4759,324;4764,310;4768,322;4772,320;4777,320;4781,310;4785,324;4790,310;4794,322;4798,322;4803,334;4807,326;4811,312;4816,324;4820,324;4824,322;4829,314;4833,328;4838,312;4842,326;4846,312;4851,326;4855,316;4859,316;4864,314;4868,314;4872,314;4877,314;4881,320;4885,318;4890,332;4894,316;4899,314;4903,314;4907,320;4912,318;4916,318;4920,318;4925,316;4929,322;4933,322;4938,320;4942,320;4946,320;4951,318;4955,308;4959,322;4964,308;4968,320;4973,306;4977,326;4981,310;4986,324;4990,322;4994,322;4999,320;5003,312;5007,312;5012,296;5016,308;5020,308;5025,308;5029,312;5034,326;5038,310;5042,324;5047,310;5051,314;5055,314;5060,312;5064,312;5068,310;5073,324;5077,314;5081,314;5086,312;5090,312;5094,310;5099,310;5103,314;5108,314;5112,298;5116,298;5121,310;5125,316;5129,328;5134,314;5138,312;5142,310;5147,324;5151,328;5155,314;5160,326;5164,312;5168,324;5173,296;5177,330;5182,328;5186,328;5190,312;5195,326;5199,316;5203,300;5208,314;5212,312;5216,312;5221,310;5225,330;5229,314;5234,328;5238,312;5242,324;5247,322;5251,314;5256,312;5260,312;5264,310;5269,322;5273,316;5277,312;5282,326;5286,312;5290,324;5295,310;5299,314;5303,328;5308,326;5312,324;5316,310;5321,324;5325,316;5330,314;5334,312;5338,324;5343,310;5347,302;5351,314;5356,298;5360,326;5364,310;5369,322;5373,312;5377,328;5382,312;5386,326;5390,310;5395,302;5399,314;5404,300;5408,312;5412,298;5417,310;5421,316;5425,330;5430,314;5434,326;5438,312;5443,324;5447,316;5451,314;5456,300;5460,312;5464,324;5469,302;5473,314;5478,314;5482,314;5486,312;5491,310;5495,316;5499,314;5504,314;5508,298;5512,312;5517,310;5521,318;5525,316;5530,314;5534,312;5539,326;5543,310;5547,316;5552,330;5556,314;5560,314;5565,298;5569,332;5573,318;5578,330;5582,316;5586,328;5591,314;5595,306;5599,318;5604,302;5608,316;5613,316;5617,314;5621,320;5626,320;5630,318;5634,330;5639,316;5643,308;5647,320;5652,320;5656,318;5660,316;5665,316;5669,322;5673,322;5678,320;5682,320;5687,318;5691,310;5695,308;5700,320;5704,320;5708,318;5713,318;5717,310;5721,322;5726,306;5730,320;5734,320;5739,298;5743,310;5748,310;5752,322;5756,308;5761,306;5765,312;5769,326;5774,310;5778,322;5782,308;5787,322;5791,312;5795,312;5800,324;5804,310;5808,322;5813,306;5817,326;5822,312;5826,324;5830,310;5835,322;5839,314;5843,300;5848,298;5852,296;5856,310;5861,310;5865,316;5869,314;5874,328;5878,312;5882,312;5887,312;5891,304;5896,316;5900,316;5904,314;5909,314;5913,320;5917,320;5922,334;5926,318;5930,330;5935,316;5939,294;5943,306;5948,304;5952,320;5956,316;5961,316;5965,308;5970,334;5974,306;5978,332;5983,316;5987,308;5991,320;5996,306;6000,318;6004,304;6009,316;6013,322;6017,322;6022,306;6026,320;6030,304;6035,282;6039,280;6044,280;6048,278;6052,276;6057,276;6061,294;6065,294;6070,292;6074,292;6078,290;6083,276;6087,280;6091,294;6096,292;6100,292;6105,276;6109,296;6113,296;6118,294;6122,278;6126,290;6131,304;6135,280;6139,280;6144,278;6148,278;6152,276;6157,276;6161,296;6165,294;6170,292;6174,278;6179,290;6183,296;6187,280;6192,280;6196,278;6200,276;6205,276;6209,282;6213,294;6218,294;6222,292;6226,292;6231,282;6235,282;6239,266;6244,266;6248,278;6253,290;6257,282;6261,282;6266,294;6270,280;6274,266;6279,278;6283,282;6287,282;6292,266;6296,280;6300,280;6305,270;6309,282;6313,296;6318,296;6322,294;6327,294;6331,272;6335,270;6340,270;6344,296;6348,282;6353,280;6357,286;6361,284;6366,284;6370,298;6374,296;6379,288;6383,272;6387,270;6392,284;6396,282;6401,282;6405,274;6409,258;6414,286;6418,286;6422,282;6427,282;6431,274;6435,288;6440,286;6444,286;6448,284;6453,276;6457,290;6461,276;6466,274;6470,286;6475,286;6479,278;6483,292;6488,290;6492,288;6496,288;6501,288;6505,292;6509,292;6514,276;6518,276;6522,290;6527,280;6531,280;6535,292;6540,278;6544,276;6549,260;6553,294;6557,280;6562,278;6566,278;6570,292;6575,270;6579,268;6583,268;6588,280;6592,264;6596,278;\r\nBuffer sent in 0.973 secondsreturn;buffer;965\r\n'), 11:17:57
bytearray(b'received from UR: measure -> measure (0,1)\r\nSTEPPER: Moving to mstep: 6600 with speed [msteps/sec]: 1000 in StealthChop.\r\n'), 11:17:58
bytearray(b'STEPPER: Moving to mstep: 2400 with speed [msteps/sec]: 4000 in SpreadCycle.\r\n'), 11:18:02
bytearray(b'STEPPER: Moved 4200.00 msteps (ramp: 35%) in 1324.880 ms -> average speed [msteps/sec]: 3170.10\r\nreturn;measure;965\r\n'), 11:18:03
bytearray(b'received from UR: buffer -> buffer (0,1)\r\nSending buffer of size 965data;2400,302;2404,448;2408,172;2413,272;2417,314;2421,320;2426,336;2430,320;2434,334;2439,320;2443,312;2447,326;2452,324;2456,324;2460,324;2465,322;2469,328;2474,328;2478,328;2482,342;2487,326;2491,318;2495,318;2500,316;2504,330;2508,316;2513,330;2517,320;2521,334;2526,318;2530,332;2534,318;2539,330;2543,336;2548,322;2552,320;2556,306;2561,332;2565,326;2569,338;2574,324;2578,322;2582,322;2587,336;2591,328;2595,314;2600,326;2604,312;2608,326;2613,312;2617,332;2622,318;2626,330;2630,316;2635,330;2639,334;2643,320;2648,320;2652,318;2656,332;2661,332;2665,324;2669,322;2674,336;2678,322;2682,334;2687,320;2691,312;2696,326;2700,324;2704,324;2709,322;2713,328;2717,328;2722,328;2726,326;2730,340;2735,324;2739,304;2743,330;2748,316;2752,330;2756,314;2761,328;2765,320;2770,332;2774,318;2778,332;2783,316;2787,308;2791,334;2796,320;2800,334;2804,320;2809,332;2813,312;2817,338;2822,322;2826,336;2830,322;2835,314;2839,312;2844,312;2848,326;2852,310;2857,324;2861,316;2865,330;2870,314;2874,328;2878,328;2883,328;2887,320;2891,318;2896,318;2900,316;2904,330;2909,316;2913,322;2918,320;2922,320;2926,320;2931,334;2935,340;2939,324;2944,324;2948,308;2952,322;2957,308;2961,328;2965,312;2970,326;2974,312;2979,326;2983,318;2987,316;2992,316;2996,300;3000,328;3005,312;3009,320;3013,304;3018,318;3022,316;3026,330;3031,314;3035,320;3039,320;3044,306;3048,318;3053,304;3057,322;3061,306;3066,308;3070,306;3074,320;3079,320;3083,310;3087,310;3092,308;3096,322;3100,308;3105,320;3109,312;3114,326;3118,312;3122,326;3127,324;3131,302;3135,316;3140,300;3144,314;3148,314;3153,328;3157,318;3161,318;3166,316;3170,330;3174,314;3179,330;3183,334;3188,306;3192,318;3196,304;3201,318;3205,324;3209,338;3214,322;3218,336;3222,322;3227,334;3231,312;3235,312;3240,324;3244,310;3248,324;3253,308;3257,344;3262,328;3266,328;3270,314;3275,328;3279,332;3283,332;3288,316;3292,302;3296,316;3301,314;3305,334;3309,320;3314,332;3318,318;3322,332;3327,316;3331,322;3336,322;3340,308;3344,320;3349,306;3353,326;3357,324;3362,324;3366,308;3370,322;3375,308;3379,314;3383,314;3388,312;3392,326;3396,310;3401,324;3405,316;3410,330;3414,314;3418,328;3423,312;3427,304;3431,304;3436,302;3440,302;3444,300;3449,300;3453,320;3457,334;3462,318;3466,318;3471,316;3475,308;3479,322;3484,308;3488,306;3492,306;3497,320;3501,312;3505,326;3510,312;3514,324;3518,308;3523,322;3527,328;3531,298;3536,312;3540,296;3545,310;3549,316;3553,330;3558,316;3562,326;3566,312;3571,328;3575,332;3579,318;3584,316;3588,316;3592,330;3597,314;3601,336;3605,306;3610,320;3614,318;3619,332;3623,324;3627,324;3632,322;3636,308;3640,320;3645,306;3649,340;3653,324;3658,338;3662,322;3666,322;3671,322;3675,312;3680,326;3684,326;3688,324;3693,310;3697,330;3701,328;3706,328;3710,326;3714,326;3719,312;3723,316;3727,330;3732,316;3736,314;3740,314;3745,326;3749,318;3754,318;3758,316;3762,330;3767,314;3771,306;3775,318;3780,304;3784,318;3788,304;3793,318;3797,308;3801,322;3806,306;3810,320;3814,304;3819,318;3823,322;3828,322;3832,306;3836,306;3841,320;3845,310;3849,310;3854,294;3858,308;3862,306;3867,320;3871,326;3875,312;3880,310;3884,310;3888,322;3893,308;3897,314;3902,312;3906,326;3910,310;3915,324;3919,316;3923,302;3928,314;3932,300;3936,314;3941,298;3945,320;3949,318;3954,318;3958,316;3962,330;3967,316;3971,308;3976,334;3980,306;3984,318;3989,304;3993,338;3997,322;4002,336;4006,320;4010,336;4015,320;4019,312;4023,326;4028,324;4032,324;4036,308;4041,322;4045,314;4050,328;4054,312;4058,326;4063,312;4067,316;4071,316;4076,314;4080,314;4084,314;4089,326;4093,318;4097,332;4102,316;4106,318;4111,316;4115,308;4119,336;4124,320;4128,320;4132,306;4137,318;4141,310;4145,324;4150,308;4154,308;4158,308;4163,322;4167,326;4171,312;4176,310;4180,310;4185,324;4189,314;4193,316;4198,300;4202,314;4206,312;4211,326;4215,318;4219,318;4224,316;4228,302;4232,314;4237,314;4241,320;4245,306;4250,306;4254,304;4259,318;4263,312;4267,310;4272,310;4276,296;4280,310;4285,308;4289,314;4293,312;4298,314;4302,312;4306,312;4311,310;4315,300;4319,314;4324,300;4328,312;4333,310;4337,318;4341,316;4346,316;4350,316;4354,328;4359,314;4363,304;4367,318;4372,304;4376,330;4380,316;4385,316;4389,320;4393,334;4398,320;4402,332;4407,318;4411,310;4415,322;4420,322;4424,322;4428,306;4433,318;4437,310;4441,324;4446,308;4450,336;4454,320;4459,334;4463,324;4467,324;4472,322;4476,308;4481,320;4485,312;4489,326;4494,310;4498,324;4502,322;4507,322;4511,326;4515,312;4520,324;4524,324;4528,324;4533,308;4537,328;4542,312;4546,324;4550,310;4555,324;4559,316;4563,300;4568,314;4572,298;4576,326;4581,312;4585,332;4589,316;4594,330;4598,314;4602,328;4607,314;4611,320;4616,318;4620,304;4624,316;4629,316;4633,322;4637,306;4642,320;4646,318;4650,318;4655,304;4659,310;4663,322;4668,308;4672,306;4676,306;4681,312;4685,310;4690,324;4694,322;4698,322;4703,306;4707,312;4711,324;4716,310;4720,322;4724,308;4729,320;4733,312;4737,324;4742,324;4746,324;4751,322;4755,312;4759,326;4764,312;4768,324;4772,294;4777,322;4781,312;4785,324;4790,310;4794,324;4798,322;4803,336;4807,328;4811,298;4816,312;4820,310;4825,310;4829,316;4833,330;4838,314;4842,328;4846,314;4851,326;4855,318;4859,304;4864,316;4868,316;4872,314;4877,314;4881,320;4885,318;4890,332;4894,316;4899,330;4903,320;4907,306;4912,320;4916,318;4920,332;4925,316;4929,322;4933,320;4938,320;4942,318;4946,318;4951,316;4955,308;4959,322;4964,308;4968,320;4973,306;4977,326;4981,312;4986,326;4990,310;4994,324;4999,322;5003,300;5007,314;5012,298;5016,312;5020,298;5025,310;5029,316;5033,330;5038,314;5042,328;5047,314;5051,306;5055,318;5060,318;5064,316;5068,302;5073,314;5077,306;5081,320;5086,318;5090,318;5094,304;5099,316;5103,308;5107,308;5112,308;5116,306;5121,320;5125,312;5129,326;5134,324;5138,322;5142,308;5147,322;5151,314;5155,312;5160,326;5164,310;5168,324;5173,310;5177,316;5182,314;5186,328;5190,312;5195,326;5199,332;5203,318;5208,316;5212,316;5216,328;5221,314;5225,334;5229,318;5234,332;5238,304;5242,316;5247,308;5251,306;5256,320;5260,320;5264,320;5269,318;5273,324;5277,310;5282,322;5286,322;5290,322;5295,320;5299,312;5303,326;5308,312;5312,324;5316,322;5321,316;5325,314;5330,328;5334,328;5338,326;5343,326;5347,302;5351,316;5356,302;5360,328;5364,300;5369,314;5373,306;5377,320;5382,316;5386,316;5391,302;5395,308;5399,320;5404,306;5408,320;5412,304;5417,316;5421,308;5425,322;5430,306;5434,320;5438,318;5443,318;5447,324;5451,308;5456,320;5460,306;5465,320;5469,310;5473,310;5478,308;5482,308;5486,308;5491,320;5495,312;5499,310;5504,310;5508,310;5512,310;5517,294;5521,314;5525,312;5530,312;5534,310;5539,324;5543,316;5547,314;5552,328;5556,314;5560,312;5565,312;5569,332;5573,318;5578,316;5582,316;5586,330;5591,314;5595,306;5599,320;5604,306;5608,318;5613,304;5617,316;5621,310;5626,322;5630,308;5634,320;5639,306;5643,312;5647,324;5652,310;5656,322;5660,322;5665,320;5669,312;5673,326;5678,310;5682,310;5687,308;5691,314;5695,328;5700,312;5704,326;5708,310;5713,322;5717,314;5721,328;5726,314;5730,326;5734,326;5739,324;5743,316;5747,316;5752,328;5756,314;5761,312;5765,318;5769,318;5774,316;5778,330;5782,314;5787,328;5791,320;5795,304;5800,318;5804,302;5808,316;5813,300;5817,320;5822,306;5826,320;5830,304;5835,318;5839,324;5843,308;5848,322;5852,306;5856,306;5861,304;5865,324;5869,310;5874,308;5878,308;5882,322;5887,320;5891,298;5896,312;5900,296;5904,310;5909,310;5913,316;5917,314;5922,314;5926,312;5930,326;5935,312;5939,302;5943,316;5948,302;5952,316;5956,300;5961,328;5965,320;5970,320;5974,304;5978,332;5983,316;5987,308;5991,308;5996,308;6000,322;6004,306;6009,334;6013,312;6017,312;6022,310;6026,310;6031,294;6035,286;6039,286;6044,270;6048,284;6052,284;6057,282;6061,288;6065,286;6070,286;6074,272;6078,284;6083,284;6087,290;6091,276;6096,288;6100,288;6105,286;6109,292;6113,292;6118,292;6122,290;6126,290;6131,290;6135,294;6139,280;6144,294;6148,278;6152,278;6157,276;6161,284;6165,282;6170,268;6174,282;6179,294;6183,286;6187,270;6192,284;6196,282;6200,284;6205,282;6209,288;6213,288;6218,302;6222,286;6226,300;6231,278;6235,262;6239,290;6244,290;6248,288;6253,288;6257,280;6261,280;6266,250;6270,278;6274,290;6279,290;6283,284;6287,280;6292,280;6296,280;6300,266;6305,286;6309,298;6313,284;6318,282;6322,282;6327,282;6331,286;6335,286;6340,286;6344,284;6348,284;6353,260;6357,276;6361,302;6366,286;6370,286;6374,272;6379,278;6383,290;6387,276;6392,288;6396,288;6401,288;6405,280;6409,306;6414,292;6418,278;6422,276;6427,290;6431,280;6435,294;6440,292;6444,264;6448,278;6453,284;6457,296;6462,282;6466,282;6470,280;6475,252;6479,286;6483,286;6488,284;6492,284;6496,282;6501,274;6505,274;6509,288;6514,288;6518,286;6522,286;6527,278;6531,250;6536,290;6540,276;6544,290;6549,288;6553,266;6557,280;6562,250;6566,280;6570,292;6575,278;6579,284;6583,284;6588,282;6592,268;6596,268;\r\nBuffer sent in 0.973 secondsreturn;buffer;965\r\n'), 11:18:05
bytearray(b'received from UR: measure -> measure (0,1)\r\nSTEPPER: Moving to mstep: 6600 with speed [msteps/sec]: 1000 in StealthChop.\r\n'), 11:18:06
bytearray(b'STEPPER: Moving to mstep: 2400 with speed [msteps/sec]: 4000 in SpreadCycle.\r\n'), 11:18:11
bytearray(b'STEPPER: Moved 4200.00 msteps (ramp: 35%) in 1324.888 ms -> average speed [msteps/sec]: 3170.08\r\nreturn;measure;965\r\n'), 11:18:12
bytearray(b'received from UR: buffer -> buffer (0,1)\r\nSending buffer of size 965data;2400,312;2404,458;2408,170;2413,270;2417,312;2421,318;2426,332;2430,316;2434,344;2439,330;2443,308;2447,320;2452,320;2456,334;2460,318;2465,332;2469,324;2474,338;2478,324;2482,336;2487,322;2491,328;2495,328;2500,314;2504,326;2508,326;2513,326;2517,318;2521,330;2526,330;2530,330;2534,328;2539,328;2543,334;2548,318;2552,332;2556,316;2561,330;2565,324;2569,336;2574,322;2578,334;2582,320;2587,334;2591,340;2595,310;2600,324;2604,322;2608,336;2613,308;2617,328;2622,326;2626,326;2630,324;2635,338;2639,330;2643,314;2648,328;2652,328;2656,328;2661,312;2665,332;2669,330;2674,332;2678,316;2682,328;2687,326;2691,320;2696,332;2700,318;2704,330;2709,330;2713,336;2717,320;2722,322;2726,320;2730,332;2735,332;2739,310;2743,322;2748,308;2752,322;2756,320;2761,334;2765,326;2770,338;2774,324;2778,338;2783,322;2787,314;2791,342;2796,314;2800,326;2804,312;2809,324;2813,330;2817,330;2822,328;2826,342;2830,312;2835,318;2839,332;2844,316;2848,316;2852,316;2857,328;2861,320;2865,334;2870,318;2874,332;2878,318;2883,330;2887,322;2891,322;2896,320;2900,320;2905,320;2909,318;2913,338;2918,322;2922,324;2926,322;2931,320;2935,326;2939,310;2944,324;2948,310;2952,322;2957,308;2961,326;2965,312;2970,326;2974,310;2979,324;2983,316;2987,314;2992,314;2996,298;3000,312;3005,312;3009,318;3013,316;3018,330;3022,314;3026,328;3031,314;3035,304;3039,304;3044,316;3048,316;3053,302;3057,322;3061,308;3066,320;3070,306;3074,318;3079,318;3083,322;3087,308;3092,308;3096,308;3100,308;3105,320;3109,312;3113,326;3118,312;3122,326;3127,324;3131,302;3135,316;3140,302;3144,314;3148,314;3153,328;3157,318;3161,318;3166,318;3170,330;3174,316;3179,330;3183,336;3187,308;3192,320;3196,306;3201,320;3205,326;3209,326;3214,324;3218,338;3222,308;3227,336;3231,328;3235,312;3240,326;3244,312;3248,310;3253,324;3257,330;3261,316;3266,328;3270,314;3275,326;3279,326;3283,318;3288,316;3292,316;3296,316;3301,316;3305,320;3309,320;3314,320;3318,318;3322,332;3327,318;3331,310;3336,322;3340,322;3344,322;3349,306;3353,326;3357,312;3362,326;3366,310;3370,324;3375,310;3379,302;3383,314;3388,314;3392,328;3396,300;3401,312;3405,318;3410,318;3414,304;3418,330;3423,316;3427,308;3431,306;3436,306;3440,306;3444,318;3449,318;3453,310;3457,310;3462,308;3466,322;3470,308;3475,312;3479,312;3484,310;3488,310;3492,308;3497,308;3501,314;3505,314;3510,312;3514,312;3518,310;3523,324;3527,316;3531,314;3536,326;3540,300;3545,326;3549,318;3553,316;3558,316;3562,328;3566,314;3571,326;3575,318;3579,316;3584,330;3588,314;3592,328;3597,312;3601,332;3605,316;3610,330;3614,314;3619,328;3623,320;3627,318;3632,318;3636,316;3640,314;3645,314;3649,334;3653,318;3658,332;3662,316;3666,330;3671,314;3675,320;3679,320;3684,320;3688,318;3693,316;3697,330;3701,320;3706,334;3710,318;3714,332;3719,316;3723,308;3727,322;3732,320;3736,320;3740,304;3745,318;3749,322;3753,322;3758,306;3762,320;3767,318;3771,296;3775,310;3780,308;3784,308;3788,308;3793,320;3797,312;3801,326;3806,310;3810,324;3814,308;3819,322;3823,314;3827,314;3832,312;3836,312;3841,310;3845,316;3849,328;3854,312;3858,314;3862,312;3867,326;3871,318;3875,302;3880,314;3884,300;3888,300;3893,298;3897,318;3901,316;3906,316;3910,314;3915,314;3919,318;3923,304;3928,316;3932,302;3936,316;3941,300;3945,320;3949,318;3954,332;3958,316;3962,316;3967,314;3971,306;3976,320;3980,304;3984,318;3989,304;3993,338;3997,322;4002,336;4006,308;4010,334;4015,320;4019,312;4023,324;4028,324;4032,322;4036,308;4041,322;4045,314;4050,326;4054,310;4058,326;4063,324;4067,312;4071,328;4076,312;4080,312;4084,312;4089,324;4093,316;4097,328;4102,312;4106,326;4111,324;4115,318;4119,330;4124,316;4128,328;4132,314;4137,326;4141,318;4145,318;4150,316;4154,330;4158,314;4163,314;4167,320;4171,304;4176,316;4180,302;4185,316;4189,314;4193,306;4198,306;4202,320;4206,304;4211,318;4215,324;4219,310;4224,308;4228,308;4232,306;4237,306;4241,326;4245,310;4250,310;4254,308;4259,322;4263,312;4267,312;4272,312;4276,310;4280,310;4285,308;4289,302;4293,300;4298,312;4302,312;4306,310;4311,310;4315,302;4319,314;4324,300;4328,312;4333,312;4337,318;4341,316;4346,316;4350,314;4354,314;4359,312;4363,318;4367,330;4372,302;4376,314;4380,314;4385,326;4389,318;4393,332;4398,316;4402,330;4407,316;4411,306;4415,320;4420,318;4424,318;4428,316;4433,316;4437,320;4441,334;4446,318;4450,332;4454,318;4459,330;4463,322;4467,320;4472,320;4476,318;4481,318;4485,324;4489,338;4494,322;4498,320;4502,320;4507,332;4511,324;4515,310;4520,322;4524,308;4528,320;4533,306;4537,326;4542,324;4546,324;4550,308;4555,322;4559,314;4563,312;4568,312;4572,310;4576,324;4581,308;4585,328;4589,312;4594,326;4598,310;4602,324;4607,322;4611,300;4616,312;4620,312;4624,308;4629,310;4633,316;4637,314;4642,328;4646,312;4650,312;4655,310;4659,316;4663,316;4668,314;4672,314;4676,298;4681,312;4685,316;4690,316;4694,314;4698,314;4703,300;4707,318;4711,318;4716,316;4720,330;4724,300;4729,314;4733,318;4737,318;4742,318;4746,316;4750,316;4755,308;4759,322;4764,306;4768,320;4772,318;4777,332;4781,308;4785,322;4790,322;4794,308;4798,306;4803,318;4807,324;4811,310;4816,322;4820,322;4825,322;4829,314;4833,326;4838,308;4842,326;4846,310;4851,338;4855,316;4859,314;4864,328;4868,312;4872,326;4877,324;4881,316;4885,316;4890,330;4894,314;4899,328;4903,314;4907,318;4912,318;4916,318;4920,318;4925,316;4929,336;4933,322;4938,320;4942,320;4946,320;4951,318;4955,310;4959,322;4964,308;4968,322;4973,306;4977,320;4981,310;4986,324;4990,310;4994,324;4999,308;5003,300;5007,314;5012,312;5016,326;5020,310;5025,310;5029,316;5033,316;5038,314;5042,328;5047,312;5051,318;5055,316;5060,302;5064,316;5068,302;5073,314;5077,320;5081,318;5086,318;5090,318;5094,316;5099,314;5103,306;5107,306;5112,318;5116,318;5121,316;5125,308;5129,322;5134,320;5138,320;5142,318;5147,332;5151,310;5155,308;5160,322;5164,306;5168,320;5173,318;5177,324;5182,310;5186,322;5190,320;5195,334;5199,326;5203,310;5208,324;5212,308;5216,322;5221,320;5225,326;5229,312;5234,324;5238,310;5242,336;5247,322;5251,300;5256,312;5260,312;5264,324;5269,308;5273,328;5277,314;5282,326;5286,310;5290,324;5295,322;5299,314;5303,326;5308,312;5312,310;5316,310;5321,310;5325,314;5330,326;5334,312;5338,324;5343,310;5347,314;5351,314;5356,298;5360,312;5364,296;5369,310;5373,314;5377,328;5382,312;5386,326;5390,310;5395,320;5399,328;5404,300;5408,312;5412,298;5417,310;5421,316;5425,316;5430,314;5434,314;5438,312;5443,324;5447,316;5451,316;5456,314;5460,314;5464,298;5469,304;5473,318;5478,316;5482,316;5486,314;5491,314;5495,320;5499,304;5504,304;5508,302;5512,302;5517,316;5521,322;5525,306;5530,320;5534,318;5538,318;5543,316;5547,308;5552,322;5556,308;5560,320;5565,304;5569,326;5573,310;5578,324;5582,308;5586,322;5591,320;5595,312;5599,326;5604,312;5608,322;5612,310;5617,322;5621,314;5626,328;5630,312;5634,326;5639,310;5643,316;5647,314;5652,314;5656,312;5660,312;5665,312;5669,318;5673,330;5678,316;5682,314;5687,312;5691,318;5695,318;5700,316;5704,316;5708,288;5713,314;5717,318;5721,318;5726,316;5730,316;5734,314;5739,314;5743,320;5747,318;5752,318;5756,316;5761,316;5765,308;5769,320;5774,320;5778,334;5782,318;5787,318;5791,322;5795,308;5800,322;5804,306;5808,320;5813,306;5817,326;5822,310;5826,324;5830,308;5835,322;5839,314;5843,312;5848,298;5852,298;5856,310;5861,310;5865,316;5869,314;5874,314;5878,314;5882,314;5887,312;5891,304;5896,318;5900,302;5904,314;5909,300;5913,320;5917,320;5922,318;5926,304;5930,318;5935,316;5939,294;5943,306;5948,306;5952,306;5956,304;5961,318;5965,322;5970,324;5974,322;5978,306;5983,306;5987,312;5991,310;5996,310;6000,324;6004,308;6009,322;6013,314;6017,312;6022,298;6026,312;6030,296;6035,288;6039,272;6044,274;6048,272;6052,284;6057,270;6061,290;6065,260;6070,288;6074,302;6078,286;6083,286;6087,280;6091,292;6096,278;6100,290;6104,290;6109,282;6113,254;6118,280;6122,294;6126,294;6131,292;6135,298;6139,284;6144,282;6148,282;6152,282;6157,280;6161,288;6165,286;6170,256;6174,284;6178,298;6183,276;6187,274;6192,288;6196,274;6200,286;6205,286;6209,292;6213,292;6218,290;6222,276;6226,290;6231,280;6235,294;6239,278;6244,278;6248,278;6252,292;6257,296;6261,296;6266,296;6270,294;6274,280;6279,294;6283,272;6287,270;6292,284;6296,270;6300,284;6305,290;6309,276;6313,288;6318,288;6322,286;6327,286;6331,278;6335,290;6340,276;6344,276;6348,274;6353,288;6357,280;6361,278;6366,278;6370,262;6374,290;6379,282;6383,280;6387,280;6392,280;6396,278;6401,278;6405,284;6409,298;6414,282;6418,254;6422,280;6427,294;6431,272;6435,284;6440,270;6444,284;6448,268;6453,276;6457,274;6461,274;6466,274;6470,286;6475,286;6479,264;6483,276;6488,276;6492,288;6496,288;6501,288;6505,280;6509,278;6514,264;6518,276;6522,290;6527,282;6531,266;6536,280;6540,280;6544,292;6549,278;6553,284;6557,282;6562,282;6566,280;6570,280;6575,272;6579,270;6583,270;6588,268;6592,268;6596,268;\r\nBuffer sent in 0.973 secondsreturn;buffer;965\r\n'), 11:18:14
bytearray(b'received from UR: measure -> measure (0,1)\r\nSTEPPER: Moving to mstep: 6600 with speed [msteps/sec]: 1000 in StealthChop.\r\n'), 11:18:15
bytearray(b'STEPPER: Moving to mstep: 2400 with speed [msteps/sec]: 4000 in SpreadCycle.\r\n'), 11:18:19
bytearray(b'STEPPER: Moved 4200.00 msteps (ramp: 35%) in 1324.888 ms -> average speed [msteps/sec]: 3170.08\r\nreturn;measure;965\r\n'), 11:18:21
bytearray(b'received from UR: buffer -> buffer (0,1)\r\nSending buffer of size 965data;2400,298;2404,444;2408,198;2413,282;2417,310;2421,316;2426,344;2430,314;2434,328;2439,328;2443,320;2447,332;2452,318;2456,318;2460,330;2465,330;2469,322;2474,334;2478,320;2482,334;2487,318;2491,324;2495,324;2500,322;2504,322;2508,306;2513,320;2517,324;2521,324;2526,324;2530,336;2534,322;2539,322;2543,340;2548,326;2552,324;2556,310;2561,324;2565,316;2569,344;2574,328;2578,342;2582,326;2587,340;2591,318;2595,318;2600,330;2604,316;2608,328;2613,314;2617,334;2622,320;2626,334;2630,318;2635,332;2639,324;2643,310;2648,324;2652,322;2656,336;2661,320;2665,340;2669,326;2674,326;2678,324;2682,324;2687,324;2691,314;2696,314;2700,314;2704,328;2709,326;2713,332;2717,318;2722,330;2726,330;2730,330;2735,328;2739,320;2743,320;2748,318;2752,332;2756,330;2761,330;2765,322;2770,336;2774,322;2778,334;2783,320;2787,312;2791,326;2796,310;2800,324;2804,308;2809,322;2813,328;2817,328;2822,312;2826,326;2830,310;2835,324;2839,330;2844,316;2848,314;2852,312;2857,312;2861,318;2865,332;2870,316;2874,330;2878,314;2883,328;2887,318;2891,318;2896,318;2900,316;2905,316;2909,330;2913,322;2918,320;2922,332;2926,318;2931,332;2935,322;2939,308;2944,320;2948,306;2952,318;2957,318;2961,324;2965,308;2970,322;2974,308;2979,320;2983,326;2987,310;2992,310;2996,294;3000,308;3005,308;3009,314;3013,312;3018,326;3022,310;3026,324;3031,308;3035,314;3039,312;3044,298;3048,310;3053,310;3057,310;3061,316;3066,328;3070,314;3074,328;3079,312;3083,304;3087,316;3092,302;3096,314;3100,300;3105,314;3109,318;3114,320;3118,318;3122,330;3127,316;3131,308;3135,320;3140,292;3144,318;3148,304;3153,318;3157,324;3161,322;3166,322;3170,322;3174,306;3179,300;3183,312;3188,312;3192,324;3196,310;3201,322;3205,314;3209,328;3214,312;3218,326;3222,312;3227,340;3231,330;3235,316;3240,328;3244,314;3248,314;3253,326;3257,332;3262,318;3266,332;3270,316;3275,330;3279,322;3283,320;3288,320;3292,306;3296,318;3301,318;3305,324;3309,324;3314,324;3318,322;3322,322;3327,320;3331,314;3336,326;3340,312;3344,312;3349,296;3353,318;3357,328;3362,328;3366,314;3370,326;3375,312;3379,302;3383,316;3388,302;3392,316;3396,314;3401,326;3405,304;3410,318;3414,316;3418,316;3423,314;3427,320;3431,318;3436,304;3440,316;3444,316;3449,314;3453,306;3457,320;3462,304;3466,318;3470,316;3475,310;3479,322;3484,308;3488,308;3492,320;3497,320;3501,312;3505,312;3510,310;3514,324;3518,308;3523,322;3527,314;3531,298;3536,312;3540,298;3544,324;3549,310;3553,330;3558,314;3562,328;3566,312;3571,326;3575,318;3579,316;3584,332;3588,316;3592,316;3597,300;3601,334;3605,320;3610,332;3614,318;3619,332;3623,322;3627,322;3632,322;3636,320;3640,320;3645,306;3649,326;3653,324;3658,324;3662,308;3666,336;3671,322;3675,312;3679,326;3684,310;3688,310;3693,324;3697,330;3701,314;3706,328;3710,314;3714,328;3719,326;3723,318;3727,318;3732,302;3736,316;3740,316;3745,330;3749,320;3754,320;3758,320;3762,320;3767,318;3771,310;3775,310;3780,294;3784,308;3788,308;3793,320;3797,312;3801,324;3806,310;3810,324;3814,308;3819,300;3823,314;3828,314;3832,312;3836,312;3841,312;3845,302;3849,316;3854,314;3858,314;3862,300;3867,312;3871,304;3875,304;3880,304;3884,302;3888,302;3893,314;3897,320;3902,306;3906,318;3910,318;3915,316;3919,322;3923,308;3928,322;3932,306;3936,320;3941,304;3945,324;3949,310;3954,324;3958,322;3962,322;3967,306;3971,312;3976,326;3980,324;3984,324;3989,310;3993,330;3997,314;4002,328;4006,312;4010,340;4015,326;4019,302;4023,316;4028,316;4032,330;4036,314;4041,328;4045,306;4050,332;4054,318;4058,332;4063,316;4067,322;4071,320;4076,306;4080,318;4084,318;4089,318;4093,322;4097,322;4102,322;4106,320;4110,318;4115,310;4119,310;4124,324;4128,322;4132,308;4137,320;4141,312;4145,324;4150,322;4154,322;4158,320;4163,320;4167,326;4171,310;4176,310;4180,296;4185,308;4189,314;4193,314;4198,298;4202,312;4206,310;4211,324;4215,314;4219,314;4224,312;4228,312;4232,310;4237,310;4241,316;4245,300;4250,314;4254,300;4259,312;4263,318;4267,318;4272,316;4276,302;4280,314;4285,314;4289,304;4293,304;4298,304;4302,302;4306,314;4311,314;4315,306;4319,318;4324,304;4328,316;4333,302;4337,322;4341,318;4346,322;4350,320;4354,320;4359,320;4363,296;4367,310;4372,310;4376,322;4380,308;4385,320;4389,312;4393,326;4398,312;4402,326;4407,310;4411,316;4415,330;4420,314;4424,314;4428,298;4433,312;4437,318;4441,332;4446,316;4450,328;4454,314;4459,326;4463,318;4468,304;4472,316;4476,316;4481,328;4485,320;4489,334;4494,318;4498,332;4502,330;4507,330;4511,320;4515,306;4520,318;4524,304;4528,316;4533,300;4537,322;4542,320;4546,318;4550,316;4555,316;4559,308;4563,322;4568,320;4572,318;4576,318;4581,302;4585,324;4589,308;4594,336;4598,320;4602,320;4607,304;4611,308;4616,308;4620,320;4624,320;4629,320;4633,326;4637,310;4642,324;4646,322;4650,322;4655,308;4659,312;4663,310;4668,294;4672,308;4676,306;4681,306;4685,310;4690,324;4694,310;4698,308;4703,306;4707,298;4711,312;4716,310;4720,310;4724,294;4729,308;4733,328;4737,326;4742,312;4746,324;4751,324;4755,300;4759,314;4764,312;4768,326;4772,310;4777,322;4781,314;4785,328;4790,312;4794,326;4798,312;4803,324;4807,316;4811,314;4816,328;4820,312;4825,326;4829,316;4833,330;4838,314;4842,328;4846,312;4851,326;4855,316;4859,316;4864,328;4868,314;4872,314;4877,312;4881,332;4885,316;4890,316;4894,316;4899,328;4903,320;4907,320;4912,318;4916,304;4920,316;4925,316;4929,322;4933,308;4938,320;4942,318;4946,318;4951,316;4955,308;4959,322;4964,306;4968,320;4973,304;4977,324;4981,308;4986,336;4990,308;4994,320;4999,304;5003,310;5007,310;5012,322;5016,322;5020,320;5025,320;5029,312;5033,326;5038,310;5042,324;5047,308;5051,300;5055,312;5060,312;5064,324;5068,310;5073,310;5077,314;5081,314;5086,312;5090,310;5094,310;5099,310;5103,314;5107,314;5112,324;5116,312;5121,312;5125,316;5129,330;5134,314;5138,314;5142,312;5147,326;5151,316;5155,316;5160,330;5164,314;5168,328;5173,314;5177,334;5181,318;5186,332;5190,316;5195,330;5199,320;5203,304;5208,318;5212,316;5216,330;5221,314;5225,334;5229,320;5234,332;5238,318;5242,332;5247,316;5251,322;5256,320;5260,306;5264,318;5269,318;5273,324;5277,322;5282,322;5286,320;5290,332;5295,318;5299,308;5303,322;5308,306;5312,320;5316,306;5321,318;5325,320;5330,322;5334,322;5338,320;5343,306;5347,310;5351,310;5356,324;5360,322;5364,308;5369,320;5373,312;5377,326;5382,310;5386,324;5391,308;5395,300;5399,314;5404,312;5408,326;5412,310;5417,310;5421,316;5425,316;5430,314;5434,314;5438,312;5443,326;5447,316;5451,316;5456,314;5460,312;5465,312;5469,316;5473,316;5478,316;5482,314;5486,298;5491,312;5495,316;5499,316;5504,314;5508,314;5512,312;5517,296;5521,316;5525,314;5530,328;5534,312;5539,326;5543,316;5547,302;5552,314;5556,314;5560,326;5565,312;5569,330;5573,316;5578,328;5582,314;5586,326;5591,312;5595,302;5599,314;5604,300;5608,328;5613,312;5617,326;5621,316;5626,330;5630,314;5634,328;5639,312;5643,318;5647,318;5652,316;5656,314;5660,300;5665,312;5669,318;5673,332;5678,316;5682,316;5687,314;5691,306;5695,306;5700,306;5704,318;5708,318;5713,318;5717,308;5721,322;5726,308;5730,320;5734,318;5739,318;5743,310;5747,308;5752,322;5756,320;5761,320;5765,310;5769,310;5774,308;5778,322;5782,308;5787,320;5791,312;5795,310;5800,310;5804,310;5808,322;5813,300;5817,328;5822,312;5826,326;5830,312;5835,310;5839,316;5843,300;5848,314;5852,300;5856,312;5861,312;5865,318;5869,316;5874,316;5878,314;5882,312;5887,312;5891,304;5896,304;5900,302;5904,314;5909,300;5913,322;5917,320;5922,320;5926,318;5930,318;5935,316;5939,294;5943,308;5948,318;5952,320;5956,306;5961,318;5965,310;5970,324;5974,308;5978,336;5983,322;5987,298;5991,312;5996,298;6000,324;6004,310;6009,324;6013,314;6017,328;6022,312;6026,312;6030,296;6035,274;6039,286;6044,286;6048,284;6052,268;6057,296;6061,288;6065,288;6070,286;6074,272;6078,284;6083,276;6087,276;6091,288;6096,284;6100,258;6104,286;6109,292;6113,290;6118,290;6122,274;6126,274;6131,258;6135,292;6139,278;6144,290;6148,276;6152,290;6157,274;6161,294;6165,294;6170,294;6174,278;6179,278;6183,284;6187,282;6192,282;6196,268;6200,280;6205,278;6209,286;6213,286;6218,296;6222,296;6226,282;6231,274;6235,274;6239,272;6244,272;6248,270;6253,270;6257,276;6261,290;6266,302;6270,288;6274,286;6279,286;6283,292;6287,292;6292,276;6296,290;6300,290;6305,252;6309,280;6313,294;6318,280;6322,278;6327,276;6331,268;6335,282;6340,280;6344,280;6348,280;6353,292;6357,284;6361,284;6366,282;6370,280;6374,280;6379,286;6383,300;6387,284;6392,298;6396,284;6401,296;6405,274;6409,288;6414,286;6418,300;6422,286;6427,284;6431,290;6435,290;6440,274;6444,260;6448,288;6453,280;6457,292;6462,278;6466,262;6470,276;6475,276;6479,268;6483,280;6488,266;6492,252;6496,292;6501,278;6505,284;6509,282;6514,268;6518,280;6522,280;6527,284;6531,284;6536,296;6540,282;6544,282;6549,266;6553,286;6557,284;6562,284;6566,282;6570,282;6575,272;6579,272;6583,270;6588,270;6592,268;6596,282;\r\nBuffer sent in 0.973 secondsreturn;buffer;965\r\n'), 11:18:23
bytearray(b'received from UR: measure -> measure (0,1)\r\nSTEPPER: Moving to mstep: 6600 with speed [msteps/sec]: 1000 in StealthChop.\r\n'), 11:18:24
bytearray(b'STEPPER: Moving to mstep: 2400 with speed [msteps/sec]: 4000 in SpreadCycle.\r\n'), 11:18:28
bytearray(b'STEPPER: Moved 4200.00 msteps (ramp: 35%) in 1324.880 ms -> average speed [msteps/sec]: 3170.10\r\nreturn;measure;965\r\n'), 11:18:29
bytearray(b'received from UR: buffer -> buffer (0,1)\r\nSending buffer of size 965data;2400,312;2404,450;2408,162;2413,274;2417,316;2421,322;2426,336;2430,320;2434,334;2439,318;2443,324;2447,324;2452,322;2456,322;2460,320;2465,334;2469,326;2473,340;2478,324;2482,324;2487,322;2491,328;2495,326;2500,326;2504,324;2508,310;2513,322;2517,328;2521,328;2526,312;2530,326;2534,324;2539,324;2543,330;2548,314;2552,328;2556,312;2561,326;2565,330;2569,330;2574,328;2578,328;2582,326;2587,340;2591,332;2595,316;2600,330;2604,302;2608,328;2613,314;2617,334;2622,318;2626,330;2630,330;2635,344;2639,322;2643,320;2648,320;2652,318;2656,318;2661,318;2665,338;2669,322;2674,336;2678,320;2682,332;2687,318;2691,324;2696,322;2700,322;2704,320;2709,320;2713,340;2717,326;2722,326;2726,324;2730,322;2735,322;2739,314;2743,326;2748,312;2752,324;2756,310;2761,336;2765,328;2770,328;2774,326;2778,340;2783,324;2787,316;2791,344;2796,314;2800,342;2804,312;2809,326;2813,318;2817,330;2822,314;2826,328;2831,314;2835,318;2839,330;2844,318;2848,316;2852,316;2857,314;2861,320;2865,334;2870,318;2874,332;2878,316;2883,330;2887,320;2891,320;2896,318;2900,318;2905,318;2909,324;2913,336;2918,322;2922,334;2926,320;2931,332;2935,324;2939,310;2944,322;2948,308;2952,320;2957,304;2961,324;2965,310;2970,324;2974,308;2979,322;2983,312;2987,312;2992,324;2996,310;3000,310;3005,308;3009,328;3013,314;3018,328;3022,312;3026,324;3031,310;3035,316;3039,316;3044,300;3048,312;3053,312;3057,318;3061,302;3066,316;3070,314;3074,314;3079,312;3083,318;3087,318;3092,302;3096,316;3100,316;3105,314;3109,306;3113,320;3118,318;3122,316;3127,316;3131,308;3135,320;3140,306;3144,320;3148,304;3153,318;3157,322;3161,336;3166,320;3170,334;3174,320;3179,332;3183,338;3187,322;3192,322;3196,306;3201,320;3205,312;3209,340;3214,324;3218,324;3222,308;3227,324;3231,328;3235,314;3240,326;3244,312;3248,310;3253,310;3257,330;3262,316;3266,328;3270,312;3275,326;3279,318;3283,316;3288,316;3292,330;3296,328;3301,316;3305,320;3309,318;3314,332;3318,318;3322,330;3327,316;3331,320;3336,320;3340,304;3344,318;3349,304;3353,322;3357,320;3362,320;3366,318;3370,318;3375,318;3379,310;3383,308;3388,306;3392,306;3396,304;3401,318;3405,310;3410,324;3414,308;3418,322;3423,320;3427,312;3431,310;3436,308;3440,308;3444,308;3449,306;3453,312;3457,326;3462,310;3466,310;3471,308;3475,314;3479,314;3484,314;3488,312;3492,310;3497,310;3501,316;3505,316;3510,314;3514,328;3518,312;3523,326;3527,318;3531,302;3536,316;3540,300;3545,314;3549,300;3553,320;3558,318;3562,318;3566,316;3571,330;3575,322;3579,306;3584,320;3588,306;3592,332;3597,304;3601,324;3605,322;3610,334;3614,308;3619,334;3623,312;3627,326;3632,326;3636,324;3640,324;3645,308;3649,328;3653,314;3658,328;3662,312;3666,326;3671,310;3675,330;3679,330;3684,316;3688,328;3693,312;3697,318;3701,318;3706,318;3710,316;3714,330;3719,328;3723,306;3727,318;3732,318;3736,332;3740,316;3745,316;3749,322;3753,320;3758,320;3762,320;3767,318;3771,310;3775,308;3780,308;3784,308;3788,306;3793,320;3797,312;3801,326;3806,310;3810,324;3814,322;3819,322;3823,314;3827,312;3832,312;3836,310;3841,310;3845,316;3849,316;3854,300;3858,314;3862,312;3867,312;3871,318;3875,304;3880,316;3884,316;3888,314;3893,314;3897,320;3902,320;3906,318;3910,318;3915,318;3919,310;3923,308;3928,322;3932,308;3936,306;3941,306;3945,312;3949,310;3954,324;3958,310;3962,324;3967,308;3971,300;3976,312;3980,312;3984,326;3989,310;3993,332;3997,316;4002,330;4006,314;4010,328;4015,312;4019,304;4023,318;4028,302;4032,316;4036,316;4041,328;4045,306;4050,334;4054,318;4058,332;4063,318;4067,324;4071,322;4076,308;4080,320;4084,306;4089,320;4093,326;4097,326;4102,310;4106,324;4110,322;4115,336;4119,314;4124,312;4128,312;4132,312;4137,324;4141,316;4145,316;4150,314;4154,328;4158,312;4163,326;4167,318;4171,302;4176,316;4180,314;4184,326;4189,304;4193,318;4198,316;4202,330;4206,314;4211,328;4215,306;4219,304;4224,316;4228,316;4232,314;4237,314;4241,320;4245,304;4250,318;4254,302;4258,316;4263,314;4267,306;4272,320;4276,304;4280,318;4285,304;4289,308;4293,308;4298,322;4302,306;4306,320;4311,318;4315,296;4319,308;4324,308;4328,322;4333,306;4337,318;4341,310;4346,324;4350,308;4354,322;4359,320;4363,312;4367,326;4372,310;4376,322;4380,320;4385,336;4389,314;4393,328;4398,312;4402,326;4407,312;4411,316;4415,330;4420,314;4424,328;4428,312;4433,312;4437,318;4441,332;4446,316;4450,330;4454,314;4459,328;4463,320;4467,320;4472,318;4476,318;4481,316;4485,322;4489,322;4494,320;4498,334;4502,318;4507,332;4511,324;4515,310;4520,322;4524,308;4528,320;4533,306;4537,326;4542,310;4546,324;4550,310;4555,322;4559,314;4563,314;4568,312;4572,298;4576,310;4581,310;4585,330;4589,302;4594,316;4598,314;4602,328;4607,312;4611,304;4616,318;4620,316;4624,316;4629,314;4633,320;4637,320;4642,318;4646,318;4650,318;4655,314;4659,322;4663,320;4668,306;4672,318;4676,318;4681,310;4685,308;4690,322;4694,320;4698,320;4703,318;4707,310;4711,324;4716,310;4720,322;4724,308;4729,308;4733,312;4737,326;4742,312;4746,324;4750,310;4755,302;4759,328;4764,314;4768,328;4772,312;4777,326;4781,316;4785,330;4790,316;4794,328;4798,314;4803,326;4807,318;4811,316;4816,316;4820,302;4824,314;4829,314;4833,334;4838,318;4842,332;4846,316;4851,330;4855,308;4859,308;4864,308;4868,306;4872,320;4877,318;4881,324;4885,310;4890,322;4894,310;4898,322;4903,320;4907,312;4912,326;4916,310;4920,324;4925,310;4929,330;4933,328;4938,328;4942,312;4946,326;4951,310;4955,302;4959,314;4964,300;4968,314;4973,312;4977,326;4981,304;4986,318;4990,316;4994,330;4999,314;5003,306;5007,320;5012,318;5016,318;5020,318;5025,316;5029,308;5033,322;5038,308;5042,320;5047,304;5051,310;5055,310;5060,296;5064,308;5068,322;5073,320;5077,312;5081,312;5086,310;5090,310;5094,308;5099,308;5103,312;5107,312;5112,310;5116,296;5121,308;5125,314;5129,314;5134,314;5138,326;5142,312;5147,326;5151,318;5155,316;5160,316;5164,314;5168,328;5173,300;5177,334;5182,318;5186,332;5190,316;5195,330;5199,308;5203,306;5208,322;5212,306;5216,320;5221,304;5225,324;5229,310;5234,324;5238,308;5242,322;5247,308;5251,312;5256,312;5260,298;5264,310;5269,310;5273,328;5277,314;5282,312;5286,312;5290,324;5295,310;5299,316;5303,314;5308,314;5312,312;5316,298;5321,312;5325,318;5330,332;5334,316;5338,316;5343,314;5347,306;5351,320;5356,304;5360,318;5364,302;5369,316;5373,308;5377,322;5382,306;5386,320;5390,306;5395,320;5399,324;5404,310;5408,310;5412,296;5417,308;5421,314;5425,314;5430,312;5434,326;5438,310;5443,310;5447,314;5451,314;5456,312;5460,312;5464,312;5469,310;5473,318;5478,316;5482,328;5486,314;5491,328;5495,304;5499,304;5504,316;5508,316;5512,314;5517,300;5521,320;5525,318;5530,318;5534,318;5538,316;5543,316;5547,308;5552,320;5556,306;5560,320;5565,304;5569,324;5573,310;5578,322;5582,308;5586,322;5591,320;5595,310;5599,324;5604,308;5608,322;5613,306;5617,306;5621,312;5626,340;5630,310;5634,322;5639,308;5643,314;5647,314;5652,312;5656,310;5660,324;5665,322;5669,314;5673,328;5678,312;5682,326;5687,310;5691,316;5695,314;5700,302;5704,314;5708,312;5713,326;5717,318;5721,318;5726,316;5730,316;5734,314;5739,314;5743,320;5747,304;5752,318;5756,304;5761,316;5765,322;5769,322;5774,320;5778,320;5782,318;5787,332;5791,322;5795,308;5800,320;5804,306;5808,318;5813,306;5817,324;5821,322;5826,322;5830,308;5835,320;5839,312;5843,310;5848,310;5852,310;5856,308;5861,306;5865,326;5869,312;5874,312;5878,310;5882,310;5887,310;5891,314;5895,312;5900,312;5904,312;5909,310;5913,316;5917,316;5922,314;5926,312;5930,314;5935,312;5939,302;5943,316;5948,300;5952,314;5956,300;5961,312;5965,318;5969,332;5974,316;5978,330;5983,312;5987,306;5991,318;5996,304;6000,316;6004,302;6009,316;6013,320;6017,320;6022,304;6026,318;6030,302;6035,280;6039,280;6044,292;6048,278;6052,276;6057,276;6061,282;6065,280;6070,292;6074,292;6078,290;6083,290;6087,280;6091,282;6096,292;6100,292;6104,276;6109,296;6113,296;6118,294;6122,280;6126,292;6131,292;6135,296;6139,296;6144,294;6148,294;6152,292;6157,278;6161,284;6165,296;6170,294;6174,280;6178,278;6183,284;6187,282;6192,282;6196,280;6200,266;6205,278;6209,298;6213,282;6218,296;6222,294;6226,294;6231,272;6235,284;6239,282;6244,282;6248,280;6253,280;6257,284;6261,268;6266,282;6270,282;6274,266;6279,278;6283,270;6287,282;6292,282;6296,282;6300,280;6305,272;6309,284;6313,270;6318,282;6322,296;6327,280;6331,286;6335,300;6340,284;6344,284;6348,282;6353,282;6357,288;6361,300;6366,286;6370,298;6374,298;6379,274;6383,288;6387,272;6392,286;6396,284;6401,284;6405,288;6409,290;6414,274;6418,272;6422,284;6427,284;6431,274;6435,274;6440,274;6444,274;6448,284;6453,278;6457,290;6461,288;6466,288;6470,274;6475,244;6479,292;6483,290;6488,276;6492,276;6496,274;6501,272;6505,278;6509,276;6514,246;6518,288;6522,288;6527,280;6531,278;6535,276;6540,262;6544,288;6549,274;6553,280;6557,278;6562,276;6566,276;6570,290;6575,288;6579,280;6583,278;6588,264;6592,276;6596,276;\r\nBuffer sent in 0.973 secondsreturn;buffer;965\r\n'), 11:18:31
bytearray(b'received from UR: measure -> measure (0,1)\r\nSTEPPER: Moving to mstep: 6600 with speed [msteps/sec]: 1000 in StealthChop.\r\n'), 11:18:32
bytearray(b'STEPPER: Moving to mstep: 2400 with speed [msteps/sec]: 4000 in SpreadCycle.\r\n'), 11:18:36
bytearray(b'STEPPER: Moved 4200.00 msteps (ramp: 35%) in 1324.892 ms -> average speed [msteps/sec]: 3170.07\r\nreturn;measure;965\r\n'), 11:18:38
bytearray(b'received from UR: buffer -> buffer (0,1)\r\nSending buffer of size 965data;2400,300;2404,472;2408,140;2413,282;2417,312;2421,318;2426,332;2430,316;2434,330;2439,330;2443,322;2447,320;2452,306;2456,320;2460,318;2465,332;2469,324;2474,338;2478,322;2482,336;2487,320;2491,312;2495,326;2500,324;2504,324;2508,322;2513,322;2517,328;2521,328;2526,326;2530,326;2534,312;2539,340;2543,318;2548,316;2552,330;2556,314;2561,328;2565,320;2569,334;2574,318;2578,332;2582,332;2587,344;2591,336;2595,308;2600,322;2604,306;2608,320;2613,318;2617,340;2622,324;2626,334;2630,322;2635,336;2639,328;2643,326;2648,326;2652,324;2656,324;2661,308;2665,328;2669,328;2674,328;2678,312;2682,340;2687,324;2691,330;2696,330;2700,328;2704,328;2709,312;2713,332;2717,332;2722,330;2726,330;2730,330;2735,328;2739,318;2743,334;2748,318;2752,332;2757,316;2761,330;2765,322;2770,334;2774,320;2778,332;2783,318;2787,324;2791,322;2796,306;2800,320;2804,320;2809,332;2813,324;2817,336;2822,322;2826,334;2831,320;2835,312;2839,324;2844,310;2848,322;2852,308;2857,320;2861,326;2865,326;2870,310;2874,324;2878,310;2883,324;2887,328;2891,328;2896,326;2900,312;2905,326;2909,318;2913,330;2918,316;2922,328;2926,314;2931,328;2935,334;2939,320;2944,318;2948,304;2952,316;2957,302;2961,324;2965,322;2970,322;2974,306;2979,320;2983,312;2987,312;2992,324;2996,310;3000,308;3005,294;3009,328;3013,326;3018,328;3022,312;3026,326;3031,310;3035,302;3039,314;3044,314;3048,314;3053,312;3057,318;3061,304;3066,316;3070,316;3074,314;3079,314;3083,306;3087,304;3092,304;3096,316;3100,302;3105,314;3109,320;3113,320;3118,318;3122,318;3127,318;3131,294;3135,308;3140,308;3144,320;3148,306;3153,320;3157,310;3161,324;3166,324;3170,324;3174,322;3179,322;3183,328;3187,310;3192,324;3196,324;3201,338;3205,314;3209,328;3214,312;3218,326;3222,312;3227,338;3231,316;3235,300;3240,314;3244,312;3248,326;3253,312;3257,332;3262,316;3266,330;3270,314;3275,328;3279,318;3283,318;3288,332;3292,318;3296,316;3301,314;3305,336;3309,320;3314,320;3318,318;3323,332;3327,316;3331,322;3336,322;3340,320;3344,320;3349,304;3353,326;3357,324;3362,324;3366,308;3370,322;3375,306;3379,312;3383,326;3388,310;3392,324;3397,306;3401,308;3405,312;3410,326;3414,312;3418,326;3423,310;3427,316;3431,316;3436,314;3440,314;3444,300;3449,312;3453,304;3457,316;3462,302;3466,316;3471,302;3475,320;3479,320;3484,318;3488,318;3492,302;3497,316;3501,308;3505,308;3510,304;3514,318;3518,318;3523,318;3527,322;3531,308;3536,320;3540,292;3545,318;3549,310;3553,324;3558,322;3562,322;3566,306;3571,320;3575,326;3579,310;3584,324;3588,308;3592,322;3597,322;3601,328;3605,312;3610,324;3614,310;3619,324;3623,328;3627,314;3632,326;3636,312;3640,310;3645,324;3649,330;3653,314;3658,328;3662,312;3666,326;3671,312;3675,316;3679,316;3684,314;3688,314;3693,314;3697,312;3701,318;3706,332;3710,316;3714,330;3719,328;3723,306;3727,318;3732,318;3736,330;3740,316;3745,314;3749,320;3754,320;3758,318;3762,332;3767,316;3771,306;3775,320;3780,304;3784,318;3788,302;3793,316;3797,320;3801,320;3806,304;3810,318;3814,316;3819,308;3823,322;3828,306;3832,320;3836,318;3841,318;3845,308;3849,322;3854,308;3858,308;3862,306;3867,318;3871,310;3875,308;3880,322;3884,308;3889,320;3893,312;3897,326;3902,324;3906,324;3910,308;3915,322;3919,326;3923,312;3928,312;3932,296;3936,308;3941,308;3945,314;3949,312;3954,326;3958,310;3963,324;3967,322;3971,314;3976,328;3980,312;3984,326;3989,324;3993,330;3997,314;4002,328;4006,312;4010,326;4015,310;4019,316;4023,328;4028,314;4032,314;4037,298;4041,312;4045,316;4050,344;4054,314;4058,328;4063,312;4067,318;4071,318;4076,318;4080,330;4084,316;4089,328;4093,320;4097,320;4102,318;4106,318;4111,316;4115,308;4119,322;4124,320;4128,332;4132,318;4137,318;4141,324;4145,322;4150,322;4154,320;4158,306;4163,318;4167,310;4171,310;4176,322;4180,308;4185,320;4189,312;4193,326;4198,310;4202,324;4206,310;4211,308;4215,314;4219,300;4224,312;4228,310;4232,324;4237,310;4241,316;4245,314;4250,328;4254,312;4259,326;4263,304;4267,304;4272,302;4276,302;4280,300;4285,314;4289,306;4293,304;4298,318;4302,316;4306,316;4311,314;4315,306;4319,320;4324,304;4328,316;4333,316;4337,322;4341,306;4346,320;4350,318;4354,318;4359,316;4363,308;4367,320;4372,304;4376,318;4380,302;4385,330;4389,320;4394,334;4398,318;4402,332;4407,316;4411,308;4415,322;4420,320;4424,320;4428,318;4433,318;4437,308;4441,322;4446,320;4450,320;4454,306;4459,310;4463,324;4468,322;4472,322;4476,320;4481,320;4485,312;4489,324;4494,324;4498,324;4502,322;4507,336;4511,326;4515,312;4520,324;4524,308;4528,322;4533,314;4537,326;4542,310;4546,324;4550,322;4555,322;4559,326;4563,312;4568,310;4572,310;4576,308;4581,322;4585,314;4589,312;4594,326;4598,310;4602,324;4607,316;4611,314;4616,328;4620,312;4624,312;4629,310;4633,330;4637,314;4642,328;4646,312;4650,326;4655,310;4659,302;4663,314;4668,300;4672,312;4677,298;4681,318;4685,316;4690,314;4694,314;4698,312;4703,312;4707,316;4711,316;4716,314;4720,314;4724,298;4729,312;4733,318;4737,330;4742,316;4746,328;4751,328;4755,304;4759,318;4764,316;4768,330;4772,314;4777,328;4781,318;4785,332;4790,318;4794,330;4798,316;4803,328;4807,334;4811,318;4816,318;4820,302;4825,316;4829,308;4833,336;4838,320;4842,334;4846,306;4851,332;4855,310;4859,324;4864,322;4868,322;4872,320;4877,306;4881,326;4885,324;4890,324;4894,308;4899,322;4903,314;4907,328;4912,326;4916,312;4920,324;4925,310;4929,316;4933,316;4938,316;4942,314;4946,326;4951,314;4955,304;4959,318;4964,302;4968,316;4973,314;4977,320;4981,304;4986,318;4990,304;4994,316;4999,314;5003,306;5007,320;5012,304;5016,318;5020,316;5025,316;5029,306;5034,320;5038,320;5042,320;5047,318;5051,310;5055,310;5060,308;5064,308;5068,320;5073,320;5077,310;5081,310;5086,310;5090,310;5094,308;5099,306;5103,312;5108,312;5112,310;5116,310;5121,322;5125,314;5129,328;5134,312;5138,326;5142,324;5147,324;5151,316;5155,316;5160,328;5164,314;5168,328;5173,312;5177,332;5182,316;5186,330;5190,314;5195,328;5199,334;5203,318;5208,318;5212,302;5216,316;5221,300;5225,334;5229,318;5234,332;5238,304;5242,318;5247,316;5251,320;5256,320;5260,318;5264,318;5269,316;5273,322;5277,320;5282,320;5286,304;5290,332;5295,316;5299,322;5303,322;5308,320;5312,318;5316,304;5321,318;5325,324;5330,322;5334,322;5338,320;5343,318;5347,298;5351,324;5356,310;5360,322;5364,308;5369,308;5373,314;5377,326;5382,312;5386,326;5390,310;5395,324;5399,328;5404,300;5408,312;5412,312;5417,324;5421,302;5425,316;5430,314;5434,314;5438,312;5443,312;5447,318;5451,302;5456,316;5460,314;5464,314;5469,306;5473,304;5478,304;5482,316;5486,314;5491,314;5495,318;5499,304;5504,304;5508,316;5512,316;5517,314;5521,320;5525,318;5530,320;5534,318;5539,330;5543,308;5547,308;5552,320;5556,306;5560,318;5565,302;5569,324;5573,308;5578,336;5582,320;5586,334;5591,318;5595,310;5599,324;5604,308;5608,308;5613,294;5617,326;5621,312;5626,340;5630,324;5634,308;5639,308;5643,312;5647,312;5652,312;5656,324;5660,324;5665,324;5669,314;5674,314;5678,312;5682,326;5687,310;5691,316;5695,328;5700,314;5704,312;5708,326;5713,324;5717,316;5721,316;5726,314;5730,326;5734,312;5739,324;5743,316;5748,300;5752,314;5756,298;5761,312;5765,316;5769,316;5774,314;5778,328;5782,312;5787,326;5791,316;5795,314;5800,328;5804,312;5808,312;5813,304;5817,316;5822,316;5826,314;5830,314;5835,326;5839,318;5843,316;5848,316;5852,316;5856,314;5861,300;5865,318;5869,318;5874,316;5878,302;5882,314;5887,306;5891,318;5896,318;5900,318;5904,316;5909,302;5913,322;5917,320;5922,320;5926,306;5930,318;5935,318;5939,296;5943,322;5948,308;5952,320;5956,306;5961,318;5965,310;5970,324;5974,308;5978,322;5983,306;5987,298;5991,324;5996,310;6000,324;6004,308;6009,322;6013,314;6017,326;6022,310;6026,282;6030,294;6035,286;6039,298;6044,298;6048,296;6052,282;6057,280;6061,300;6065,286;6070,298;6074,298;6078,296;6083,260;6087,286;6091,286;6096,298;6100,298;6105,298;6109,274;6113,272;6118,286;6122,300;6126,300;6131,298;6135,290;6139,276;6144,288;6148,288;6152,300;6157,292;6161,292;6165,292;6170,290;6174,290;6179,304;6183,280;6187,266;6192,280;6196,278;6200,278;6205,264;6209,298;6213,298;6218,282;6222,296;6226,296;6231,272;6235,258;6239,284;6244,284;6248,284;6253,284;6257,274;6261,272;6266,272;6270,286;6274,300;6279,284;6283,290;6287,290;6292,288;6296,288;6300,272;6305,292;6309,292;6313,290;6318,290;6322,288;6327,286;6331,278;6335,292;6340,276;6344,290;6348,288;6353,302;6357,278;6361,278;6366,292;6370,306;6374,290;6379,268;6383,280;6388,280;6392,278;6396,264;6401,276;6405,282;6409,282;6414,282;6418,294;6422,292;6427,256;6431,284;6435,282;6440,282;6444,280;6448,280;6453,272;6457,284;6462,282;6466,268;6470,266;6475,238;6479,284;6483,284;6488,282;6492,282;6496,280;6501,264;6505,284;6509,284;6514,282;6518,266;6522,280;6527,272;6531,270;6536,270;6540,268;6544,282;6549,266;6553,274;6557,286;6562,298;6566,284;6570,282;6575,282;6579,286;6583,300;6588,284;6592,284;6596,268;\r\nBuffer sent in 0.973 secondsreturn;buffer;965\r\n'), 11:18:40
bytearray(b'received from UR: measure -> measure (0,1)\r\nSTEPPER: Moving to mstep: 6600 with speed [msteps/sec]: 1000 in StealthChop.\r\n'), 11:18:41
bytearray(b'STEPPER: Moving to mstep: 2400 with speed [msteps/sec]: 4000 in SpreadCycle.\r\n'), 11:18:45
bytearray(b'STEPPER: Moved 4200.00 msteps (ramp: 35%) in 1324.888 ms -> average speed [msteps/sec]: 3170.08\r\nreturn;measure;965\r\n'), 11:18:46
bytearray(b'received from UR: buffer -> buffer (0,1)\r\nSending buffer of size 965data;2400,294;2404,450;2408,160;2413,274;2417,316;2421,322;2426,336;2430,320;2434,334;2439,320;2443,326;2447,324;2452,310;2456,322;2460,322;2465,334;2469,326;2474,326;2478,324;2482,338;2487,322;2491,328;2495,328;2500,326;2504,326;2508,310;2513,324;2517,330;2521,328;2526,314;2530,326;2534,324;2539,338;2543,330;2548,314;2552,328;2556,312;2561,326;2565,332;2569,330;2574,316;2578,330;2582,328;2587,330;2591,334;2595,320;2600,332;2604,318;2608,318;2613,330;2617,336;2622,322;2626,336;2630,320;2635,334;2639,326;2643,324;2648,338;2652,322;2656,336;2661,322;2665,326;2669,326;2674,324;2678,324;2682,324;2687,322;2691,328;2696,328;2700,326;2704,326;2709,310;2713,330;2717,330;2722,328;2726,314;2730,328;2735,328;2739,318;2743,332;2748,316;2752,330;2756,314;2761,328;2765,320;2770,334;2774,318;2778,332;2783,316;2787,322;2791,334;2796,320;2800,334;2804,318;2809,332;2813,324;2817,338;2822,320;2826,334;2830,320;2835,312;2839,326;2844,324;2848,324;2852,322;2857,322;2861,314;2865,328;2870,326;2874,326;2878,310;2883,338;2887,316;2891,328;2896,328;2900,328;2905,326;2909,318;2913,330;2918,318;2922,330;2926,316;2931,328;2935,320;2939,320;2944,334;2948,318;2952,318;2957,316;2961,322;2965,322;2970,322;2974,320;2979,332;2983,310;2987,308;2992,322;2996,308;3000,320;3005,306;3009,326;3013,312;3018,324;3022,310;3026,324;3031,322;3035,300;3039,312;3044,312;3048,312;3053,296;3057,310;3061,316;3066,330;3070,314;3074,328;3079,314;3083,304;3087,304;3092,304;3096,316;3100,302;3105,314;3109,322;3113,320;3118,318;3122,320;3127,318;3131,296;3135,308;3140,308;3144,322;3148,308;3153,320;3157,312;3161,326;3166,312;3170,324;3174,310;3179,300;3183,314;3188,312;3192,326;3196,312;3201,326;3205,316;3209,330;3214,314;3218,330;3222,314;3227,342;3231,320;3235,304;3240,318;3244,318;3248,316;3253,302;3257,336;3261,322;3266,336;3270,320;3275,334;3279,326;3283,312;3288,312;3292,310;3296,324;3301,310;3305,330;3309,328;3314,328;3318,312;3322,326;3327,326;3331,318;3336,330;3340,316;3344,316;3349,300;3353,320;3357,320;3362,332;3366,318;3370,316;3375,302;3379,308;3383,306;3388,306;3392,318;3396,304;3401,310;3405,308;3410,322;3414,308;3418,320;3423,306;3427,312;3431,310;3436,310;3440,322;3444,308;3449,322;3453,312;3457,312;3462,312;3466,312;3471,310;3475,302;3479,302;3484,314;3488,314;3492,314;3497,314;3501,306;3505,320;3510,318;3514,318;3518,302;3523,318;3527,308;3531,308;3536,322;3540,306;3545,318;3549,312;3553,326;3558,310;3562,324;3566,310;3571,322;3575,314;3579,300;3584,328;3588,314;3592,326;3597,310;3601,332;3605,316;3610,330;3614,314;3619,342;3623,320;3627,320;3632,318;3636,304;3640,316;3645,318;3649,324;3653,308;3658,334;3662,320;3666,320;3671,318;3675,324;3679,324;3684,308;3688,308;3693,308;3697,320;3701,326;3706,326;3710,324;3714,326;3719,324;3723,316;3727,316;3732,300;3736,314;3740,298;3745,326;3749,318;3753,320;3758,314;3762,318;3767,316;3771,322;3775,320;3780,306;3784,320;3788,304;3793,318;3797,310;3801,324;3806,308;3810,322;3814,306;3819,320;3823,312;3827,312;3832,310;3836,308;3841,308;3845,314;3849,314;3854,312;3858,312;3862,296;3867,310;3871,316;3875,316;3880,314;3884,314;3888,314;3893,298;3897,318;3901,318;3906,318;3910,316;3915,330;3919,308;3923,292;3928,306;3932,306;3936,318;3941,304;3945,324;3949,324;3954,324;3958,308;3962,322;3967,320;3971,310;3976,326;3980,312;3984,326;3989,310;3993,332;3997,316;4002,330;4006,316;4010,328;4015,314;4019,304;4023,318;4028,304;4032,316;4036,316;4041,316;4045,306;4050,334;4054,318;4058,332;4063,318;4067,324;4071,322;4076,306;4080,320;4084,320;4089,320;4093,312;4097,326;4102,324;4106,324;4111,322;4115,314;4119,314;4124,300;4128,312;4132,298;4137,326;4141,318;4145,332;4150,316;4154,316;4158,314;4163,314;4167,320;4171,320;4176,318;4180,304;4185,304;4189,308;4193,324;4198,308;4202,320;4206,306;4211,320;4215,312;4219,298;4224,324;4228,310;4232,308;4237,308;4241,328;4245,312;4250,326;4254,310;4259,324;4263,302;4267,300;4272,300;4276,300;4280,314;4285,298;4289,318;4293,318;4298,316;4302,316;4306,316;4311,314;4315,292;4319,304;4324,304;4328,316;4333,300;4337,322;4341,320;4346,320;4350,318;4354,318;4359,318;4363,308;4367,322;4372,308;4376,322;4380,320;4385,320;4389,310;4393,324;4398,310;4402,336;4407,322;4411,314;4415,312;4420,298;4424,312;4428,310;4433,324;4437,316;4441,342;4446,314;4450,328;4454,312;4459,326;4463,318;4468,318;4472,316;4476,300;4481,314;4485,320;4489,334;4494,318;4498,318;4502,316;4507,330;4511,322;4515,320;4520,320;4524,318;4528,330;4533,302;4537,322;4542,322;4546,320;4550,306;4555,318;4559,310;4563,310;4568,322;4572,294;4576,308;4581,306;4585,312;4589,310;4594,324;4598,308;4602,322;4607,314;4611,298;4616,312;4620,312;4624,324;4629,310;4633,316;4637,314;4642,314;4646,312;4650,312;4655,298;4659,304;4663,302;4668,316;4672,316;4676,314;4681,314;4685,306;4690,320;4694,318;4698,318;4703,302;4707,308;4711,308;4716,308;4720,322;4724,292;4729,306;4733,312;4737,326;4742,308;4746,324;4750,310;4755,316;4759,328;4764,314;4768,328;4772,312;4777,326;4781,318;4785,332;4790,316;4794,330;4798,316;4803,330;4807,320;4811,320;4816,320;4820,304;4825,318;4829,318;4833,324;4838,308;4842,336;4846,322;4851,322;4855,326;4859,312;4864,324;4868,310;4872,324;4877,308;4881,328;4885,314;4890,326;4894,310;4899,324;4903,316;4907,330;4912,328;4916,314;4920,326;4925,312;4929,318;4933,316;4938,316;4942,314;4946,328;4951,312;4955,304;4959,318;4964,304;4968,316;4973,314;4977,320;4981,306;4986,318;4990,318;4994,316;4999,302;5003,308;5007,322;5012,320;5016,320;5020,318;5025,318;5029,310;5034,322;5038,308;5042,322;5047,306;5051,298;5055,310;5060,310;5064,322;5068,310;5073,324;5077,314;5081,314;5086,312;5090,312;5094,312;5099,304;5103,316;5108,316;5112,316;5116,314;5121,328;5125,306;5129,318;5134,318;5138,318;5142,316;5147,316;5151,308;5155,306;5160,320;5164,306;5168,332;5173,310;5177,324;5182,308;5186,322;5190,306;5195,334;5199,326;5203,310;5208,310;5212,294;5216,308;5221,306;5225,328;5229,326;5234,310;5238,310;5242,322;5247,314;5251,314;5256,326;5260,312;5264,324;5269,310;5273,314;5277,314;5282,316;5286,314;5290,314;5295,312;5299,304;5303,318;5308,316;5312,316;5316,302;5321,316;5325,320;5330,320;5334,320;5338,320;5343,318;5347,296;5351,308;5356,308;5360,320;5364,306;5369,318;5373,310;5377,324;5382,308;5386,322;5390,308;5395,298;5399,312;5404,298;5408,324;5412,310;5417,324;5421,302;5425,316;5430,314;5434,314;5438,312;5443,312;5447,318;5451,304;5456,318;5460,316;5465,316;5469,308;5473,308;5478,306;5482,320;5486,306;5491,306;5495,324;5499,310;5504,308;5508,322;5512,318;5517,306;5521,312;5525,312;5530,324;5534,310;5539,324;5543,316;5547,300;5552,314;5556,298;5560,312;5565,298;5569,332;5573,316;5578,316;5582,314;5586,328;5591,312;5595,318;5600,332;5604,316;5608,330;5613,316;5617,322;5621,306;5626,320;5630,318;5634,318;5639,316;5643,308;5647,306;5652,306;5656,318;5660,318;5665,318;5669,308;5674,322;5678,320;5682,320;5687,318;5691,312;5695,324;5700,308;5704,322;5708,320;5713,320;5717,310;5721,312;5726,310;5730,322;5734,322;5739,314;5743,326;5748,298;5752,312;5756,296;5761,324;5765,316;5769,330;5774,314;5778,328;5782,312;5787,326;5791,318;5795,302;5800,316;5804,300;5808,316;5813,314;5817,320;5822,304;5826,318;5830,302;5835,316;5839,320;5843,320;5848,318;5852,304;5856,316;5861,316;5865,308;5869,306;5874,320;5878,304;5882,318;5887,316;5891,308;5896,308;5900,306;5904,306;5909,304;5913,324;5917,308;5922,322;5926,320;5930,320;5935,304;5939,298;5943,310;5948,308;5952,322;5957,306;5961,320;5965,310;5970,324;5974,308;5978,336;5983,308;5987,312;5991,312;5996,298;6000,310;6004,322;6009,322;6013,314;6017,326;6022,310;6026,310;6031,296;6035,272;6039,286;6044,284;6048,284;6052,296;6057,296;6061,286;6065,286;6070,298;6074,298;6078,296;6083,260;6087,288;6091,286;6096,298;6100,298;6105,298;6109,274;6113,288;6118,286;6122,300;6126,298;6131,262;6135,276;6139,274;6144,274;6148,272;6152,286;6157,292;6161,262;6166,290;6170,304;6174,288;6179,302;6183,294;6187,292;6192,278;6196,276;6200,276;6205,276;6209,282;6213,294;6218,294;6222,294;6226,278;6231,270;6235,282;6240,268;6244,254;6248,280;6253,280;6257,286;6261,284;6266,270;6270,282;6274,282;6279,274;6283,272;6287,272;6292,256;6296,284;6300,284;6305,290;6309,288;6314,274;6318,272;6322,286;6327,286;6331,276;6335,290;6340,288;6344,288;6348,286;6353,278;6357,292;6361,304;6366,290;6370,290;6374,288;6379,280;6383,278;6388,264;6392,276;6396,276;6401,274;6405,280;6409,294;6414,292;6418,278;6422,292;6427,282;6431,268;6435,254;6440,280;6444,280;6448,280;6453,272;6457,270;6462,270;6466,240;6470,282;6475,296;6479,286;6483,272;6488,270;6492,270;6496,268;6501,268;6505,274;6509,288;6514,286;6518,286;6522,284;6527,276;6531,274;6536,274;6540,260;6544,272;6549,272;6553,278;6557,290;6562,290;6566,290;6570,276;6575,280;6579,266;6583,278;6588,262;6592,276;6597,276;\r\nBuffer sent in 0.973 secondsreturn;buffer;965\r\n'), 11:18:48
bytearray(b'received from UR: measure -> measure (0,1)\r\nSTEPPER: Moving to mstep: 6600 with speed [msteps/sec]: 1000 in StealthChop.\r\n'), 11:18:49
bytearray(b'STEPPER: Moving to mstep: 2400 with speed [msteps/sec]: 4000 in SpreadCycle.\r\n'), 11:18:54
bytearray(b'STEPPER: Moved 4200.00 msteps (ramp: 35%) in 1324.880 ms -> average speed [msteps/sec]: 3170.10\r\nreturn;measure;965\r\n'), 11:18:55
bytearray(b'received from UR: buffer -> buffer (0,1)\r\nSending buffer of size 965data;2400,302;2404,466;2408,134;2413,276;2417,318;2421,324;2426,338;2430,322;2434,336;2439,322;2443,312;2447,326;2452,326;2456,338;2460,324;2465,322;2469,314;2473,328;2478,328;2482,328;2487,326;2491,318;2495,330;2500,316;2504,330;2508,316;2513,328;2517,320;2521,334;2526,318;2530,332;2534,330;2539,330;2543,322;2547,322;2552,322;2556,320;2561,320;2565,324;2569,338;2574,324;2578,338;2582,324;2587,322;2591,328;2595,312;2600,328;2604,312;2608,326;2613,310;2617,330;2622,316;2626,330;2630,314;2635,328;2639,334;2643,318;2648,332;2652,332;2656,330;2661,316;2665,336;2669,320;2674,334;2678,320;2682,332;2687,316;2691,322;2696,334;2700,334;2704,320;2709,318;2713,332;2717,324;2722,336;2726,322;2730,322;2735,322;2739,312;2743,326;2748,310;2752,322;2756,308;2761,336;2765,328;2770,342;2774,326;2778,340;2783,324;2787,316;2791,344;2796,328;2800,328;2804,312;2809,326;2813,318;2817,330;2822,316;2826,328;2830,314;2835,328;2839,334;2844,320;2848,318;2852,316;2857,330;2861,322;2865,334;2870,320;2874,334;2878,318;2883,332;2887,322;2891,322;2896,334;2900,320;2904,320;2909,318;2913,326;2918,324;2922,324;2926,322;2931,336;2935,326;2939,312;2944,324;2948,296;2952,322;2957,308;2961,328;2965,314;2970,326;2974,312;2979,324;2983,310;2987,316;2992,314;2996,312;3000,328;3005,312;3009,318;3013,302;3018,316;3022,316;3026,328;3031,312;3035,320;3039,306;3044,304;3048,318;3053,304;3057,310;3061,308;3066,308;3070,306;3074,320;3079,306;3083,310;3087,310;3092,310;3096,322;3100,308;3105,320;3109,312;3113,326;3118,312;3122,312;3127,308;3131,314;3135,328;3140,312;3144,312;3148,312;3153,324;3157,316;3161,330;3166,314;3170,328;3174,314;3179,328;3183,332;3187,318;3192,318;3196,316;3201,328;3205,320;3209,334;3214,318;3218,332;3222,318;3227,332;3231,324;3235,322;3240,320;3244,306;3248,320;3253,318;3257,324;3261,310;3266,324;3270,322;3275,336;3279,326;3283,312;3288,312;3292,308;3296,322;3301,322;3305,328;3309,326;3314,326;3318,312;3322,326;3327,324;3331,302;3335,314;3340,300;3344,328;3349,312;3353,318;3357,304;3362,318;3366,316;3370,316;3375,314;3379,320;3383,320;3388,304;3392,318;3396,304;3401,330;3405,308;3410,322;3414,306;3418,320;3423,304;3427,310;3431,308;3436,308;3440,320;3444,306;3449,320;3453,296;3457,310;3462,308;3466,322;3470,306;3475,320;3479,312;3484,298;3488,310;3492,310;3497,322;3501,314;3505,314;3510,312;3514,326;3518,310;3523,322;3527,316;3531,300;3536,328;3540,314;3545,326;3549,318;3553,318;3558,316;3562,330;3566,314;3571,328;3575,334;3579,306;3584,318;3588,304;3592,318;3597,316;3601,336;3605,320;3610,334;3614,318;3619,332;3623,324;3627,322;3632,322;3636,306;3640,306;3645,304;3649,338;3653,310;3658,336;3662,322;3666,322;3671,320;3675,310;3679,324;3684,324;3688,322;3693,308;3697,320;3701,312;3706,326;3710,310;3714,322;3719,322;3723,312;3727,326;3732,310;3736,320;3740,294;3745,322;3749,314;3753,326;3758,324;3762,324;3767,310;3771,300;3775,316;3780,312;3784,326;3788,310;3793,310;3797,316;3801,330;3806,314;3810,326;3814,312;3819,324;3823,316;3827,314;3832,328;3836,314;3841,312;3845,304;3849,318;3854,302;3858,316;3862,300;3867,314;3871,320;3875,304;3880,318;3884,316;3888,316;3893,302;3897,320;3901,306;3906,304;3910,302;3915,316;3919,322;3923,308;3928,320;3932,304;3936,318;3941,302;3945,322;3949,322;3954,334;3958,318;3962,332;3967,316;3971,294;3975,322;3980,306;3984,320;3989,306;3993,320;3997,324;4002,324;4006,310;4010,336;4015,322;4019,328;4023,312;4028,312;4032,326;4036,310;4041,324;4045,316;4050,330;4054,314;4058,328;4063,312;4067,318;4071,318;4076,316;4080,316;4084,314;4089,328;4093,318;4097,318;4102,318;4106,330;4110,316;4115,328;4119,320;4124,306;4128,318;4132,304;4137,330;4141,322;4145,322;4150,320;4154,320;4158,318;4163,318;4167,310;4171,308;4176,320;4180,306;4184,320;4189,312;4193,326;4198,310;4202,308;4206,308;4211,322;4215,312;4219,312;4224,312;4228,310;4232,324;4237,308;4241,314;4245,314;4250,314;4254,310;4259,326;4263,316;4267,316;4272,302;4276,300;4280,314;4285,312;4289,306;4293,304;4298,304;4302,304;4306,316;4311,316;4315,320;4319,320;4324,304;4328,318;4333,304;4337,316;4341,308;4346,322;4350,308;4354,320;4359,318;4363,310;4367,324;4372,308;4376,322;4380,308;4385,334;4389,312;4393,326;4398,310;4402,324;4407,322;4411,314;4415,314;4420,312;4424,324;4428,310;4433,324;4437,314;4441,328;4446,312;4450,326;4454,310;4459,324;4463,316;4467,314;4472,326;4476,312;4481,326;4485,316;4489,316;4494,314;4498,328;4502,312;4507,326;4511,318;4515,302;4520,328;4524,314;4528,328;4533,312;4537,318;4541,316;4546,316;4550,314;4555,314;4559,320;4563,304;4568,318;4572,302;4576,330;4581,314;4585,320;4589,304;4594,318;4598,316;4602,316;4607,302;4611,306;4615,320;4620,306;4624,318;4629,318;4633,322;4637,308;4642,320;4646,306;4650,318;4655,302;4659,308;4663,322;4668,306;4672,320;4676,304;4681,318;4685,310;4690,308;4694,306;4698,320;4703,320;4707,296;4711,310;4716,308;4720,322;4724,306;4729,320;4733,310;4737,324;4742,310;4746,322;4750,322;4755,300;4759,310;4764,310;4768,324;4772,308;4777,336;4781,314;4785,328;4790,312;4794,326;4798,310;4803,324;4807,316;4811,314;4816,328;4820,312;4824,326;4829,304;4833,318;4838,316;4842,330;4846,314;4851,328;4855,320;4859,304;4864,318;4868,316;4872,316;4877,314;4881,334;4885,320;4890,334;4894,318;4898,318;4903,316;4907,324;4912,322;4916,308;4920,320;4925,306;4929,326;4933,310;4938,310;4942,308;4946,322;4951,320;4955,312;4959,312;4964,298;4968,324;4972,310;4977,310;4981,314;4986,328;4990,314;4994,326;4999,312;5003,302;5007,316;5012,302;5016,316;5020,302;5025,314;5029,320;5033,320;5038,318;5042,330;5046,316;5051,308;5055,306;5060,306;5064,306;5068,304;5073,318;5077,310;5081,310;5086,308;5090,308;5094,308;5099,320;5103,312;5107,312;5112,310;5116,296;5121,324;5125,314;5129,314;5134,314;5138,312;5142,312;5147,324;5151,332;5155,316;5160,316;5164,314;5168,328;5173,314;5177,320;5181,304;5186,318;5190,316;5195,330;5199,316;5203,322;5208,320;5212,306;5216,318;5221,304;5225,324;5229,308;5234,322;5238,308;5242,322;5247,320;5251,326;5256,310;5260,310;5264,310;5269,308;5273,328;5277,314;5282,328;5286,314;5290,326;5295,312;5299,316;5303,316;5308,316;5312,328;5316,314;5321,312;5325,318;5330,332;5334,316;5338,328;5343,314;5347,306;5351,320;5356,304;5360,316;5364,302;5369,316;5373,306;5377,320;5382,320;5386,318;5390,304;5395,308;5399,322;5404,322;5408,320;5412,306;5417,318;5421,310;5425,324;5430,308;5434,322;5438,306;5443,320;5447,326;5451,324;5456,310;5460,308;5464,320;5469,306;5473,312;5478,310;5482,310;5486,308;5491,308;5495,312;5499,312;5504,312;5508,310;5512,310;5517,308;5521,314;5525,314;5530,312;5534,310;5538,310;5543,308;5547,314;5552,328;5556,312;5560,312;5565,296;5569,330;5573,314;5578,328;5582,312;5586,326;5591,312;5595,302;5599,316;5604,314;5608,314;5612,298;5617,312;5621,318;5626,318;5630,314;5634,328;5639,314;5643,304;5647,318;5652,318;5656,316;5660,302;5665,314;5669,308;5673,320;5678,318;5682,318;5687,318;5691,308;5695,308;5700,308;5704,322;5708,306;5713,306;5717,312;5721,326;5726,310;5730,324;5734,308;5739,310;5743,328;5747,312;5752,326;5756,312;5761,310;5765,316;5769,330;5774,316;5778,330;5782,314;5787,328;5791,318;5795,304;5800,318;5804,302;5808,316;5813,300;5817,320;5822,306;5826,318;5830,304;5835,318;5839,308;5843,308;5848,308;5852,306;5856,320;5861,304;5865,310;5869,310;5874,308;5878,308;5882,320;5887,320;5891,296;5896,310;5900,310;5904,308;5909,308;5913,314;5917,312;5922,314;5926,312;5930,310;5935,310;5939,302;5943,328;5948,300;5952,314;5956,298;5961,326;5965,316;5970,316;5974,302;5978,316;5983,312;5987,306;5991,320;5996,304;6000,318;6004,302;6009,316;6013,322;6017,322;6022,306;6026,318;6030,302;6035,280;6039,292;6044,292;6048,290;6052,290;6057,288;6061,280;6065,264;6070,278;6074,292;6078,290;6083,290;6087,294;6091,294;6096,292;6100,292;6104,276;6109,294;6113,296;6118,294;6122,294;6126,292;6131,262;6135,298;6139,282;6144,296;6148,282;6152,294;6157,294;6161,286;6165,298;6170,298;6174,282;6178,268;6183,288;6187,286;6192,286;6196,286;6200,284;6205,282;6209,260;6213,286;6218,300;6222,286;6226,286;6231,284;6235,290;6239,274;6244,272;6248,286;6253,272;6257,292;6261,290;6266,290;6270,288;6274,288;6279,286;6283,262;6287,290;6292,290;6296,288;6300,286;6305,264;6309,276;6313,292;6318,290;6322,276;6327,288;6331,266;6335,278;6340,264;6344,278;6348,276;6353,290;6357,282;6361,294;6366,294;6370,292;6374,292;6379,270;6383,282;6387,266;6392,280;6396,266;6401,278;6405,284;6409,298;6414,282;6418,296;6422,280;6427,272;6431,270;6435,270;6440,284;6444,282;6448,282;6453,274;6457,286;6461,272;6466,242;6470,284;6475,298;6479,274;6483,274;6488,286;6492,258;6496,270;6501,270;6505,290;6509,288;6514,288;6518,286;6522,272;6527,276;6531,262;6535,288;6540,274;6544,286;6549,258;6553,292;6557,290;6562,290;6566,290;6570,290;6575,266;6579,252;6583,280;6588,278;6592,278;6596,290;\r\nBuffer sent in 0.973 secondsreturn;buffer;965\r\n'), 11:18:57
bytearray(b'received from UR: home -> home (0,1)\r\nSTEPPER: Moving to mstep: 0 with speed [msteps/sec]: 4000 in SpreadCycle.\r\n'), 11:18:58
bytearray(b'STEPPER: Moved 2400.00 msteps (ramp: 35%) in 813.416 ms -> average speed [msteps/sec]: 2950.52\r\nreturn;home;1\r\n'), 11:18:59
