bytearray(b'STEPPER: Moving to mstep: 2400 with speed [msteps/sec]: 4000 in SpreadCycle.\r\n'), 11:15:27
bytearray(b'STEPPER: Moved 2400.00 msteps (ramp: 35%) in 812.832 ms -> average speed [msteps/sec]: 2952.64\r\n'), 11:15:28
bytearray(b'received from UR: status -> status (0,1)\r\n*** STATUS ***\r\nid        :         3 -\r\nstep      :      2400 steps\r\nspeed     :      1500 msteps/s\r\nmspeed    :      1000 msteps/s\r\nsg-thrs   :        80 -\r\ndefault   :     12000 \xc2\xb5m\r\ndispense  :     30350 \xc2\xb5m\r\nblowout   :     33000 \xc2\xb5m\r\nd-offset  :        20 \xc2\xb5m\r\nur0       :         0 -\r\nur1       :         1 -\r\nhomed     :         1 -\r\nreturn;status;2400\r\n'), 11:15:30
bytearray(b'received from UR: measure -> measure (0,1)\r\nSTEPPER: Moving to mstep: 6600 with speed [msteps/sec]: 1000 in StealthChop.\r\n'), 11:15:31
bytearray(b'STEPPER: Moving to mstep: 2400 with speed [msteps/sec]: 4000 in SpreadCycle.\r\n'), 11:15:35
bytearray(b'STEPPER: Moved 4200.00 msteps (ramp: 35%) in 1324.888 ms -> average speed [msteps/sec]: 3170.08\r\nreturn;measure;965\r\n'), 11:15:36
bytearray(b'received from UR: buffer -> buffer (0,1)\r\nSending buffer of size 965data;2400,126;2404,476;2408,160;2413,274;2417,316;2421,322;2426,336;2430,320;2434,334;2439,320;2443,312;2447,326;2452,310;2456,324;2460,324;2465,324;2469,316;2474,330;2478,316;2482,330;2487,328;2491,322;2495,322;2500,318;2504,320;2508,334;2513,334;2517,326;2521,326;2526,324;2530,338;2534,338;2539,336;2543,328;2548,314;2552,326;2556,312;2561,340;2565,316;2569,332;2574,316;2578,330;2582,316;2587,330;2591,336;2595,306;2600,334;2604,320;2608,320;2613,318;2617,340;2622,324;2626,338;2630,324;2635,336;2639,328;2643,312;2648,326;2652,312;2656,326;2661,326;2665,332;2669,332;2674,332;2678,330;2683,330;2687,322;2691,308;2696,320;2700,308;2704,320;2709,306;2713,338;2717,326;2722,326;2726,324;2730,338;2735,324;2739,316;2743,330;2748,314;2752,328;2757,328;2761,340;2765,318;2770,332;2774,318;2778,332;2783,316;2787,310;2791,336;2796,322;2800,334;2804,320;2809,334;2813,326;2817,340;2822,326;2826,338;2831,322;2835,338;2839,330;2844,314;2848,328;2852,328;2857,328;2861,320;2865,334;2870,318;2874,332;2878,332;2883,332;2887,322;2891,322;2896,322;2900,320;2905,322;2909,320;2913,326;2918,326;2922,338;2926,324;2931,338;2935,330;2939,314;2944,328;2948,328;2952,342;2957,326;2961,332;2965,318;2970,330;2974,330;2979,344;2983,320;2987,306;2992,320;2996,318;3000,332;3005,318;3009,324;3013,308;3018,322;3022,308;3026,320;3031,306;3035,298;3039,310;3044,310;3048,310;3053,310;3057,302;3061,300;3066,314;3070,312;3074,300;3079,298;3083,302;3087,304;3092,302;3096,300;3100,300;3105,300;3109,306;3113,320;3118,318;3122,318;3127,316;3131,294;3135,308;3140,308;3144,320;3148,306;3153,320;3157,312;3161,326;3166,310;3170,324;3174,308;3179,322;3183,314;3188,300;3192,312;3196,298;3201,312;3205,318;3209,332;3214,316;3218,330;3222,316;3227,330;3231,308;3235,320;3240,320;3244,304;3249,318;3253,310;3257,324;3262,310;3266,322;3270,320;3275,324;3279,314;3283,314;3288,312;3292,326;3296,326;3301,312;3305,330;3309,316;3314,330;3318,314;3323,328;3327,314;3331,320;3336,318;3340,304;3344,318;3349,316;3353,308;3357,308;3362,322;3366,306;3370,320;3375,306;3379,312;3383,310;3388,296;3392,310;3397,308;3401,308;3405,314;3410,328;3414,312;3418,312;3423,312;3427,318;3431,304;3436,302;3440,316;3444,316;3449,314;3453,306;3457,320;3462,304;3466,318;3471,318;3475,294;3479,294;3484,292;3488,306;3492,292;3497,304;3501,310;3505,310;3510,310;3514,308;3518,308;3523,322;3527,314;3531,298;3536,312;3540,310;3545,324;3549,302;3553,330;3558,314;3562,328;3566,314;3571,326;3575,318;3579,318;3584,316;3588,302;3592,316;3597,300;3601,334;3605,318;3610,318;3614,316;3619,330;3623,322;3627,308;3632,320;3636,320;3640,318;3645,304;3649,324;3653,308;3658,322;3662,308;3666,320;3671,320;3675,298;3680,310;3684,310;3688,322;3693,322;3697,314;3701,312;3706,326;3710,310;3714,324;3719,324;3723,300;3727,314;3732,314;3736,326;3740,312;3745,312;3749,318;3754,316;3758,316;3762,316;3767,300;3771,306;3775,320;3780,306;3784,304;3788,304;3793,304;3797,310;3801,324;3806,308;3810,322;3814,306;3819,312;3823,312;3828,312;3832,312;3836,312;3841,310;3845,302;3849,316;3854,316;3858,316;3862,314;3867,314;3871,306;3875,304;3880,304;3884,304;3888,302;3893,308;3897,308;3902,308;3906,322;3910,308;3915,306;3919,312;3923,298;3928,324;3932,296;3936,310;3941,310;3945,314;3949,300;3954,314;3958,312;3962,326;3967,312;3971,304;3976,316;3980,302;3984,316;3989,302;3993,336;3997,320;4002,320;4006,304;4010,318;4015,318;4019,310;4023,310;4028,308;4032,308;4037,308;4041,318;4045,312;4050,326;4054,310;4058,324;4063,310;4067,316;4071,314;4076,300;4080,314;4084,314;4089,312;4093,318;4097,332;4102,316;4106,330;4111,314;4115,306;4119,320;4124,320;4128,320;4132,318;4137,318;4141,310;4145,324;4150,322;4154,322;4158,320;4163,320;4167,312;4171,298;4176,310;4180,296;4185,308;4189,314;4193,314;4198,314;4202,314;4206,298;4211,312;4215,304;4219,318;4224,316;4228,316;4232,316;4237,302;4241,322;4245,306;4250,306;4254,302;4259,304;4263,310;4267,310;4272,310;4276,310;4280,310;4285,308;4289,314;4293,314;4298,298;4302,298;4306,312;4311,304;4315,318;4320,316;4324,302;4328,314;4333,300;4337,320;4341,306;4346,320;4350,306;4354,318;4359,306;4363,310;4367,324;4372,310;4376,322;4380,308;4385,308;4389,314;4394,328;4398,312;4402,326;4407,312;4411,318;4415,316;4420,302;4424,314;4428,314;4433,314;4437,320;4441,332;4446,318;4450,332;4454,316;4459,330;4463,322;4468,306;4472,306;4476,306;4481,318;4485,310;4489,324;4494,308;4498,322;4502,320;4507,320;4511,312;4515,298;4520,310;4524,310;4528,322;4533,308;4537,314;4542,314;4546,328;4550,312;4555,326;4559,304;4563,302;4568,302;4572,302;4576,314;4581,300;4585,320;4589,304;4594,318;4598,304;4602,316;4607,300;4611,306;4616,306;4620,320;4624,318;4629,318;4633,324;4637,310;4642,322;4646,308;4650,308;4655,306;4659,312;4663,312;4668,312;4672,310;4676,296;4681,310;4685,302;4690,314;4694,300;4698,314;4703,312;4707,304;4711,318;4716,302;4720,316;4724,316;4729,316;4733,306;4737,320;4742,306;4746,318;4751,318;4755,310;4759,310;4764,308;4768,308;4772,306;4777,320;4781,312;4785,326;4790,312;4794,326;4798,310;4803,338;4807,316;4811,300;4816,314;4820,314;4825,312;4829,318;4833,334;4838,318;4842,332;4846,316;4851,330;4855,322;4859,320;4864,306;4868,306;4872,318;4877,318;4881,310;4886,310;4890,308;4894,308;4899,322;4903,326;4907,312;4912,312;4916,310;4920,310;4925,322;4929,314;4933,314;4938,314;4942,312;4946,312;4951,310;4955,316;4960,316;4964,300;4968,302;4973,300;4977,320;4981,306;4986,318;4990,304;4994,318;4999,316;5003,308;5007,306;5012,292;5016,306;5020,304;5025,302;5029,310;5034,324;5038,308;5042,322;5047,308;5051,298;5055,312;5060,312;5064,310;5068,310;5073,310;5077,302;5081,316;5086,314;5090,300;5094,300;5099,306;5103,306;5108,318;5112,318;5116,304;5121,316;5125,308;5129,322;5134,308;5138,322;5142,320;5147,320;5151,312;5155,298;5160,310;5164,310;5168,324;5173,308;5177,328;5182,314;5186,328;5190,312;5195,326;5199,304;5203,302;5208,304;5212,302;5216,302;5221,300;5225,322;5229,320;5234,334;5238,318;5242,318;5247,304;5251,310;5256,308;5260,308;5264,308;5269,320;5273,312;5277,312;5282,326;5286,310;5290,310;5295,310;5299,314;5303,314;5308,312;5312,312;5316,310;5321,310;5325,316;5330,316;5334,314;5338,314;5343,314;5347,306;5351,318;5356,304;5360,318;5364,302;5369,316;5373,308;5377,322;5382,308;5386,320;5390,320;5395,296;5399,310;5404,296;5408,310;5412,308;5417,308;5421,314;5425,328;5430,312;5434,326;5438,312;5443,324;5447,316;5451,316;5456,314;5460,300;5465,314;5469,306;5473,318;5478,304;5482,304;5486,302;5491,316;5495,308;5499,308;5504,306;5508,292;5512,306;5517,306;5521,310;5525,310;5530,324;5534,308;5539,322;5543,314;5547,298;5552,312;5556,298;5560,324;5565,310;5569,318;5573,316;5578,330;5582,314;5586,328;5591,314;5595,304;5599,316;5604,304;5608,316;5613,302;5617,322;5621,308;5626,322;5630,306;5634,320;5639,320;5643,310;5647,310;5652,310;5656,308;5660,308;5665,322;5669,314;5673,314;5678,312;5682,312;5687,310;5691,304;5695,316;5700,316;5704,316;5708,314;5713,314;5717,306;5721,320;5726,318;5730,332;5734,318;5739,294;5743,308;5747,308;5752,306;5756,306;5761,320;5765,310;5769,324;5774,310;5778,324;5782,308;5787,322;5791,314;5795,300;5800,312;5804,298;5808,312;5813,296;5817,316;5822,314;5826,314;5830,314;5835,314;5839,318;5843,304;5848,304;5852,316;5856,316;5861,316;5865,322;5869,308;5874,320;5878,306;5882,306;5887,306;5891,310;5896,312;5900,298;5904,310;5909,310;5913,302;5917,300;5922,314;5926,314;5930,314;5935,312;5939,304;5943,318;5948,302;5952,316;5956,316;5961,308;5965,308;5970,320;5974,306;5978,318;5983,304;5987,310;5991,324;5996,296;6000,308;6004,308;6009,318;6013,298;6017,326;6022,310;6026,324;6031,308;6035,314;6039,314;6044,300;6048,312;6052,312;6057,312;6061,304;6065,316;6070,302;6074,314;6078,314;6083,314;6087,318;6091,304;6096,304;6100,318;6105,316;6109,308;6113,308;6118,306;6122,322;6126,308;6131,306;6135,312;6139,298;6144,312;6148,310;6152,310;6157,310;6161,316;6165,316;6170,316;6174,302;6179,314;6183,306;6187,306;6192,304;6196,290;6200,302;6205,288;6209,294;6213,280;6218,250;6222,292;6226,292;6231,282;6235,282;6239,268;6244,266;6248,280;6253,280;6257,286;6261,284;6266,256;6270,284;6274,284;6279,296;6283,274;6287,274;6292,258;6296,286;6300,272;6305,278;6309,278;6313,262;6318,262;6322,276;6327,274;6331,266;6335,280;6340,266;6344,278;6348,278;6353,278;6357,284;6361,296;6366,282;6370,266;6374,280;6379,286;6383,284;6387,284;6392,284;6396,282;6401,294;6405,272;6409,272;6414,270;6418,284;6422,284;6427,296;6431,274;6435,260;6440,272;6444,284;6448,272;6453,276;6457,276;6461,274;6466,274;6470,288;6475,288;6479,278;6483,264;6488,262;6492,262;6496,276;6501,268;6505,238;6509,280;6514,280;6518,278;6522,278;6527,284;6531,270;6536,282;6540,282;6544,280;6549,280;6553,286;6557,286;6562,284;6566,284;6570,268;6575,274;6579,274;6583,272;6588,270;6592,270;6596,270;\r\nBuffer sent in 0.973 secondsreturn;buffer;965\r\n'), 11:15:38
bytearray(b'received from UR: measure -> measure (0,1)\r\nSTEPPER: Moving to mstep: 6600 with speed [msteps/sec]: 1000 in StealthChop.\r\n'), 11:15:39
bytearray(b'STEPPER: Moving to mstep: 2400 with speed [msteps/sec]: 4000 in SpreadCycle.\r\n'), 11:15:44
bytearray(b'STEPPER: Moved 4200.00 msteps (ramp: 35%) in 1324.888 ms -> average speed [msteps/sec]: 3170.08\r\nreturn;measure;965\r\n'), 11:15:45
bytearray(b'received from UR: buffer -> buffer (0,1)\r\nSending buffer of size 965data;2400,302;2404,446;2408,170;2413,272;2417,314;2421,320;2426,334;2430,318;2434,346;2439,330;2443,322;2447,322;2452,306;2456,318;2460,318;2465,332;2469,322;2473,336;2478,322;2482,322;2487,320;2491,326;2495,340;2500,326;2504,324;2508,324;2513,324;2517,330;2521,330;2526,328;2530,328;2534,326;2539,340;2543,330;2547,316;2552,330;2556,314;2561,314;2565,320;2569,334;2574,318;2578,332;2582,318;2587,332;2591,336;2595,320;2600,334;2604,318;2608,318;2613,316;2617,336;2622,322;2626,336;2630,320;2635,320;2639,326;2643,324;2648,338;2652,324;2656,322;2661,322;2665,330;2669,326;2674,328;2678,326;2682,326;2687,326;2691,318;2696,332;2700,330;2704,330;2709,316;2713,336;2717,334;2722,334;2726,334;2730,334;2735,318;2739,312;2743,324;2748,324;2752,338;2757,310;2761,322;2765,314;2770,328;2774,326;2778,340;2783,326;2787,318;2791,330;2796,316;2800,344;2804,328;2809,328;2813,320;2817,334;2822,318;2826,332;2831,316;2835,320;2839,334;2844,320;2848,334;2852,318;2857,318;2861,324;2865,338;2870,322;2874,336;2878,322;2883,334;2887,326;2891,324;2896,324;2900,322;2905,322;2909,320;2913,342;2918,326;2922,340;2926,324;2931,338;2935,344;2939,328;2944,328;2948,314;2952,326;2957,312;2961,332;2965,316;2970,330;2974,316;2979,330;2983,328;2987,320;2992,332;2996,304;3000,332;3005,316;3009,322;3013,306;3018,308;3022,306;3026,318;3031,304;3035,310;3039,310;3044,308;3048,322;3053,306;3057,314;3061,312;3066,312;3070,310;3074,310;3079,308;3083,314;3087,314;3092,300;3096,312;3100,312;3105,312;3109,316;3113,316;3118,302;3122,316;3127,314;3131,292;3135,320;3140,304;3144,318;3148,318;3153,316;3157,308;3161,322;3166,308;3170,322;3174,306;3179,320;3183,326;3187,312;3192,326;3196,312;3201,312;3205,316;3209,330;3214,314;3218,328;3222,314;3227,326;3231,318;3235,318;3240,330;3244,316;3248,314;3253,314;3257,322;3262,320;3266,320;3270,304;3275,318;3279,324;3283,310;3288,322;3292,322;3296,320;3301,306;3305,326;3309,312;3314,324;3318,310;3322,310;3327,308;3331,314;3336,314;3340,298;3344,312;3349,296;3353,318;3357,316;3362,330;3366,316;3370,316;3375,314;3379,306;3383,318;3388,304;3392,304;3396,288;3401,316;3405,308;3410,322;3414,306;3418,320;3423,304;3427,310;3431,308;3436,308;3440,318;3444,306;3449,304;3453,310;3457,310;3462,308;3466,308;3470,306;3475,300;3479,312;3484,296;3488,310;3492,296;3497,308;3501,314;3505,314;3510,312;3514,312;3518,312;3523,326;3527,316;3531,288;3536,316;3540,300;3544,314;3549,306;3553,320;3558,304;3562,318;3566,302;3571,316;3575,322;3579,308;3584,320;3588,306;3592,320;3597,304;3601,326;3605,310;3610,338;3614,308;3619,322;3623,314;3627,314;3632,312;3636,312;3640,312;3645,310;3649,330;3653,314;3658,330;3662,314;3666,328;3671,312;3675,318;3679,318;3684,318;3688,316;3693,304;3697,316;3701,308;3706,322;3710,308;3714,320;3719,318;3723,312;3727,324;3732,310;3736,310;3740,294;3745,322;3749,314;3753,314;3758,312;3762,326;3767,310;3771,302;3775,302;3780,300;3784,314;3788,298;3793,312;3797,318;3801,318;3806,316;3810,316;3814,314;3819,292;3823,306;3827,304;3832,304;3836,302;3841,302;3845,308;3849,322;3854,306;3858,320;3862,304;3867,318;3871,310;3875,296;3880,308;3884,306;3888,306;3893,304;3897,310;3902,308;3906,308;3910,308;3915,320;3919,312;3923,296;3928,310;3932,294;3936,308;3941,292;3945,326;3949,312;3954,324;3958,310;3962,322;3967,322;3971,298;3976,312;3980,298;3984,326;3989,296;3993,330;3997,314;4002,328;4006,314;4010,326;4015,312;4019,316;4023,316;4028,302;4032,314;4036,314;4041,314;4045,318;4050,318;4054,318;4058,318;4063,316;4067,322;4071,320;4076,306;4080,306;4084,318;4089,318;4093,310;4097,310;4102,308;4106,322;4110,320;4115,312;4119,312;4124,310;4128,324;4132,310;4137,322;4141,314;4145,314;4150,312;4154,312;4158,310;4163,310;4167,314;4171,300;4176,314;4180,312;4184,324;4189,302;4193,316;4198,300;4202,314;4206,312;4211,324;4215,302;4219,290;4224,302;4228,300;4232,314;4237,298;4241,318;4245,304;4250,318;4254,302;4258,316;4263,300;4267,308;4272,306;4276,304;4280,318;4285,302;4289,308;4293,308;4298,320;4302,304;4306,318;4311,302;4315,308;4319,308;4324,306;4328,320;4333,304;4337,310;4341,310;4346,308;4350,308;4354,320;4359,306;4363,312;4367,310;4372,310;4376,322;4380,308;4385,322;4389,312;4393,326;4398,310;4402,324;4407,308;4411,314;4415,314;4420,298;4424,310;4428,310;4433,310;4437,314;4441,328;4446,312;4450,326;4454,310;4459,324;4463,316;4468,314;4472,328;4476,312;4481,312;4485,316;4489,316;4494,314;4498,314;4502,312;4507,326;4511,318;4515,316;4520,316;4524,314;4528,328;4533,312;4537,318;4542,316;4546,316;4550,316;4555,314;4559,320;4563,304;4568,304;4572,290;4576,316;4581,302;4585,322;4589,320;4594,320;4598,320;4602,318;4607,310;4611,308;4616,308;4620,308;4624,320;4629,306;4633,326;4637,310;4642,324;4646,308;4650,322;4655,308;4659,298;4663,312;4668,298;4672,310;4676,296;4681,306;4685,314;4690,312;4694,312;4698,312;4703,310;4707,302;4711,314;4716,300;4720,312;4724,298;4729,310;4733,316;4737,330;4742,314;4746,328;4750,314;4755,304;4759,318;4764,304;4768,316;4772,302;4777,316;4781,308;4785,336;4790,318;4794,332;4798,318;4803,332;4807,308;4811,308;4816,320;4820,306;4824,320;4829,312;4833,326;4838,310;4842,324;4846,308;4851,322;4855,314;4859,312;4864,312;4868,310;4872,324;4877,324;4881,314;4885,314;4890,314;4894,312;4898,312;4903,318;4907,304;4912,316;4916,314;4920,328;4925,314;4929,320;4933,318;4938,318;4942,318;4946,316;4951,302;4955,308;4959,322;4964,306;4968,320;4973,306;4977,306;4981,310;4986,324;4990,310;4994,324;4999,308;5003,300;5007,312;5012,298;5016,312;5020,310;5025,324;5029,302;5033,314;5038,302;5042,314;5047,314;5051,306;5055,304;5060,304;5064,304;5068,302;5073,316;5077,308;5081,320;5086,306;5090,304;5094,304;5099,318;5103,324;5107,308;5112,308;5116,306;5121,320;5125,312;5129,312;5134,296;5138,310;5142,308;5147,322;5151,328;5155,298;5160,312;5164,296;5168,310;5173,310;5177,330;5182,314;5186,314;5190,314;5195,324;5199,318;5203,304;5208,318;5212,316;5216,316;5221,316;5225,322;5229,306;5234,320;5238,304;5242,320;5247,304;5251,310;5256,322;5260,308;5264,320;5269,320;5273,312;5277,310;5282,324;5286,310;5290,308;5295,306;5299,314;5303,314;5308,312;5312,326;5316,312;5321,310;5325,316;5330,316;5334,314;5338,314;5343,312;5347,304;5351,316;5356,302;5360,302;5364,300;5369,314;5373,306;5377,320;5382,304;5386,318;5390,316;5395,296;5399,308;5404,306;5408,320;5412,306;5417,304;5421,312;5425,324;5430,310;5434,324;5438,308;5443,322;5447,314;5451,298;5456,312;5460,298;5464,296;5469,304;5473,316;5478,316;5482,314;5486,314;5491,314;5495,306;5499,290;5504,304;5508,304;5512,304;5517,302;5521,324;5525,308;5530,322;5534,308;5539,320;5543,312;5547,298;5552,324;5556,296;5560,322;5565,308;5569,314;5573,298;5578,312;5582,312;5586,326;5591,312;5595,302;5599,316;5604,300;5608,314;5613,300;5617,320;5621,304;5626,318;5630,304;5634,318;5639,316;5643,322;5647,308;5652,306;5656,320;5660,306;5665,320;5669,298;5673,310;5678,310;5682,310;5687,308;5691,316;5695,314;5700,314;5704,314;5708,312;5713,312;5717,318;5721,318;5726,316;5730,318;5734,316;5739,330;5743,308;5747,294;5752,306;5756,292;5761,306;5765,312;5769,326;5774,312;5778,324;5782,310;5787,324;5791,316;5795,300;5800,328;5804,314;5808,312;5813,298;5817,318;5822,304;5826,316;5830,302;5835,316;5839,308;5843,306;5848,320;5852,306;5856,304;5861,304;5865,312;5869,310;5874,310;5878,310;5882,296;5887,300;5891,300;5896,314;5900,298;5904,300;5909,298;5913,318;5917,316;5922,316;5926,316;5930,314;5935,314;5939,306;5943,306;5948,290;5952,318;5956,304;5961,318;5965,310;5970,324;5974,308;5978,322;5983,306;5987,298;5991,312;5996,298;6000,312;6004,296;6009,310;6013,302;6017,316;6022,314;6026,314;6030,298;6035,304;6039,318;6044,304;6048,316;6052,316;6057,316;6061,306;6065,320;6070,306;6074,304;6078,304;6083,304;6087,310;6091,308;6096,308;6100,306;6105,306;6109,312;6113,312;6118,310;6122,310;6126,310;6131,310;6135,316;6139,300;6144,314;6148,298;6152,312;6157,296;6161,318;6165,316;6170,330;6174,314;6179,314;6183,306;6187,304;6192,304;6196,288;6200,288;6205,274;6209,306;6213,292;6218,292;6222,290;6226,290;6231,282;6235,280;6239,280;6244,294;6248,278;6253,292;6257,270;6261,282;6266,268;6270,280;6274,280;6279,292;6283,270;6287,270;6292,282;6296,280;6300,282;6305,286;6309,286;6313,286;6318,284;6322,270;6327,282;6331,274;6335,288;6340,260;6344,274;6348,272;6353,284;6357,290;6361,290;6366,288;6370,288;6374,288;6379,266;6383,278;6387,264;6392,276;6396,276;6401,276;6405,280;6409,282;6414,280;6418,294;6422,292;6427,270;6431,270;6435,256;6440,282;6444,282;6448,280;6453,272;6457,258;6461,286;6466,286;6470,284;6475,298;6479,260;6483,274;6488,274;6492,274;6496,286;6501,272;6505,278;6509,276;6514,276;6518,288;6522,288;6527,280;6531,264;6536,278;6540,264;6544,262;6549,262;6553,282;6557,280;6562,252;6566,280;6570,294;6575,272;6579,270;6583,270;6588,270;6592,268;6596,254;\r\nBuffer sent in 0.973 secondsreturn;buffer;965\r\n'), 11:15:47
bytearray(b'received from UR: measure -> measure (0,1)\r\nSTEPPER: Moving to mstep: 6600 with speed [msteps/sec]: 1000 in StealthChop.\r\n'), 11:15:48
bytearray(b'STEPPER: Moving to mstep: 2400 with speed [msteps/sec]: 4000 in SpreadCycle.\r\n'), 11:15:52
bytearray(b'STEPPER: Moved 4200.00 msteps (ramp: 35%) in 1324.888 ms -> average speed [msteps/sec]: 3170.08\r\nreturn;measure;965\r\n'), 11:15:54
bytearray(b'received from UR: buffer -> buffer (0,1)\r\nSending buffer of size 965data;2400,298;2404,464;2408,146;2413,276;2417,316;2421,322;2426,336;2430,322;2434,336;2439,320;2443,326;2447,326;2452,310;2456,324;2460,324;2465,322;2469,328;2474,342;2478,328;2482,342;2487,326;2491,318;2495,332;2500,316;2504,330;2508,316;2513,330;2517,322;2521,334;2526,334;2530,334;2534,318;2539,332;2543,324;2548,308;2552,324;2556,308;2561,334;2565,328;2569,340;2574,326;2578,340;2582,324;2587,338;2591,330;2595,302;2600,328;2604,314;2608,326;2613,312;2617,334;2622,332;2626,332;2630,316;2635,344;2639,322;2643,306;2648,320;2652,320;2656,332;2661,318;2665,338;2669,322;2674,336;2678,322;2682,336;2687,334;2691,312;2696,326;2700,310;2704,324;2709,308;2713,322;2717,328;2722,340;2726,326;2730,340;2735,326;2739,304;2743,330;2748,316;2752,330;2756,314;2761,328;2765,320;2770,334;2774,318;2778,334;2783,318;2787,310;2791,324;2796,308;2800,336;2804,306;2809,334;2813,324;2817,340;2822,324;2826,338;2830,320;2835,336;2839,328;2844,312;2848,326;2852,312;2857,324;2861,330;2865,344;2870,330;2874,342;2878,328;2883,342;2887,332;2891,318;2896,330;2900,330;2905,316;2909,320;2913,334;2918,320;2922,332;2926,318;2931,330;2935,336;2939,322;2944,334;2948,306;2952,332;2957,318;2961,338;2965,322;2970,336;2974,322;2979,334;2983,326;2987,312;2992,324;2996,310;3000,324;3005,308;3009,328;3013,314;3018,326;3022,312;3026,326;3031,312;3035,302;3039,302;3044,302;3048,314;3053,300;3057,320;3061,306;3066,320;3070,318;3074,318;3079,318;3083,296;3087,308;3092,294;3096,308;3100,294;3105,306;3109,312;3113,326;3118,312;3122,324;3127,310;3131,302;3135,316;3140,288;3144,314;3148,300;3153,314;3157,320;3161,320;3166,318;3170,320;3174,304;3179,318;3183,324;3187,310;3192,324;3196,294;3201,322;3205,314;3209,328;3214,312;3218,328;3222,312;3227,326;3231,316;3235,302;3240,316;3244,302;3248,314;3253,314;3257,334;3261,320;3266,334;3270,318;3275,332;3279,324;3283,308;3288,322;3292,308;3296,320;3301,306;3305,326;3309,312;3314,326;3318,324;3322,324;3327,322;3331,300;3335,314;3340,298;3344,314;3349,312;3353,318;3357,304;3362,316;3366,302;3370,316;3375,316;3379,294;3383,320;3388,304;3392,318;3396,290;3401,318;3405,310;3410,324;3414,308;3418,322;3423,308;3427,300;3431,312;3436,298;3440,310;3444,296;3449,310;3453,316;3457,316;3462,314;3466,328;3470,312;3475,290;3479,304;3484,302;3488,302;3492,300;3497,314;3501,320;3505,320;3510,320;3514,320;3518,318;3523,318;3527,310;3531,294;3536,308;3540,292;3545,320;3549,312;3553,326;3558,310;3562,324;3566,310;3571,324;3575,314;3579,300;3584,314;3588,298;3592,326;3597,298;3601,332;3605,316;3610,330;3614,316;3619,328;3623,320;3627,306;3632,318;3636,304;3640,318;3645,302;3649,336;3653,320;3658,334;3662,320;3666,332;3671,318;3675,310;3679,310;3684,308;3688,322;3693,306;3697,320;3701,310;3706,324;3710,322;3714,322;3719,322;3723,300;3727,312;3732,298;3736,312;3740,296;3745,310;3749,316;3753,330;3758,314;3762,328;3767,312;3771,304;3775,304;3780,290;3784,316;3788,302;3793,316;3797,308;3801,320;3806,320;3810,320;3814,318;3819,296;3823,308;3827,294;3832,306;3836,306;3841,304;3845,310;3849,324;3854,308;3858,322;3862,308;3867,320;3871,312;3875,296;3880,310;3884,296;3888,308;3893,294;3897,316;3901,314;3906,314;3910,312;3915,326;3919,304;3923,290;3928,316;3932,302;3936,316;3941,288;3945,322;3949,320;3954,320;3958,318;3962,332;3967,318;3971,296;3976,322;3980,308;3984,322;3989,294;3993,328;3997,312;4002,326;4006,310;4010,324;4015,308;4019,314;4023,314;4028,300;4032,312;4037,312;4041,312;4045,316;4050,332;4054,316;4058,330;4063,314;4067,306;4071,320;4076,304;4080,318;4084,302;4089,316;4093,322;4097,322;4102,320;4106,320;4111,320;4115,312;4119,310;4124,296;4128,324;4132,296;4137,308;4141,314;4145,328;4150,312;4154,326;4158,310;4163,324;4167,316;4171,300;4176,314;4180,300;4185,312;4189,304;4193,332;4198,316;4202,316;4206,314;4211,328;4215,304;4219,290;4224,304;4228,302;4232,302;4237,302;4241,322;4245,308;4250,320;4254,306;4259,318;4263,296;4267,296;4272,308;4276,294;4280,306;4285,292;4289,312;4293,310;4298,310;4302,308;4306,322;4311,308;4315,286;4319,312;4324,298;4328,312;4333,296;4337,318;4341,316;4346,318;4350,316;4354,330;4359,314;4363,292;4367,320;4372,304;4376,318;4380,304;4385,318;4389,310;4393,324;4398,308;4402,336;4407,320;4411,298;4415,312;4420,312;4424,310;4428,296;4433,310;4437,316;4441,330;4446,314;4450,328;4454,314;4459,326;4463,318;4468,304;4472,318;4476,302;4481,316;4485,324;4489,322;4494,320;4498,320;4502,320;4507,320;4511,312;4515,310;4520,310;4524,294;4528,322;4533,314;4537,328;4542,312;4546,326;4550,312;4555,324;4559,316;4563,302;4568,314;4572,300;4576,312;4581,298;4585,320;4589,318;4594,332;4598,316;4603,330;4607,308;4611,306;4616,306;4620,292;4624,306;4629,302;4633,324;4637,308;4642,322;4646,306;4650,320;4655,304;4659,296;4663,310;4668,294;4672,308;4677,294;4681,314;4685,312;4690,326;4694,310;4698,310;4703,310;4707,300;4711,314;4716,298;4720,312;4724,298;4729,312;4733,316;4737,330;4742,316;4746,328;4751,314;4755,306;4759,318;4764,304;4768,318;4772,302;4777,316;4781,308;4785,336;4790,320;4794,334;4798,318;4803,332;4807,310;4811,296;4816,308;4820,308;4825,308;4829,312;4833,326;4838,312;4842,324;4846,310;4851,324;4855,314;4859,298;4864,312;4868,312;4872,310;4877,296;4881,330;4885,314;4890,328;4894,314;4899,326;4903,318;4907,302;4912,316;4916,302;4920,314;4925,298;4929,332;4933,318;4938,318;4942,316;4946,330;4951,314;4955,292;4959,320;4964,304;4968,304;4973,290;4977,324;4981,308;4986,322;4990,306;4994,320;4999,320;5003,298;5007,312;5012,296;5016,310;5020,296;5025,308;5029,314;5034,328;5038,312;5042,326;5047,312;5051,304;5055,304;5060,302;5064,302;5068,302;5073,302;5077,322;5081,320;5086,306;5090,320;5094,318;5099,296;5103,310;5108,296;5112,308;5116,294;5121,308;5125,314;5129,328;5134,312;5138,326;5142,312;5147,324;5151,316;5155,302;5160,316;5164,300;5168,314;5173,306;5177,320;5182,304;5186,318;5190,316;5195,330;5199,322;5203,306;5208,320;5212,292;5216,318;5221,304;5225,324;5229,310;5234,336;5238,322;5242,322;5247,312;5251,300;5256,312;5260,296;5264,310;5269,308;5273,330;5277,314;5282,328;5286,314;5290,328;5295,312;5299,304;5303,318;5308,302;5312,316;5316,302;5321,314;5325,320;5330,320;5334,318;5338,318;5343,316;5347,294;5351,308;5356,292;5360,306;5364,304;5369,304;5373,310;5377,324;5382,308;5386,320;5390,306;5395,296;5399,310;5404,296;5408,308;5412,294;5417,306;5421,312;5425,326;5430,310;5434,324;5438,308;5443,322;5447,314;5451,298;5456,312;5460,296;5465,310;5469,316;5473,316;5478,314;5482,314;5486,314;5491,312;5495,304;5499,290;5504,302;5508,302;5512,302;5517,286;5521,320;5525,320;5530,320;5534,318;5539,332;5543,308;5547,294;5552,322;5556,292;5560,320;5565,290;5569,326;5573,310;5578,324;5582,308;5586,336;5591,322;5595,298;5600,312;5604,298;5608,312;5613,296;5617,330;5621,316;5626,328;5630,312;5634,326;5639,312;5643,302;5647,316;5652,302;5656,314;5660,300;5665,312;5669,320;5674,318;5678,318;5682,318;5687,316;5691,306;5695,306;5700,306;5704,304;5708,304;5713,316;5717,322;5721,322;5726,320;5730,320;5734,320;5739,298;5743,310;5748,296;5752,308;5756,294;5761,308;5765,314;5769,326;5774,312;5778,324;5782,310;5787,322;5791,314;5795,298;5800,312;5804,296;5808,310;5813,316;5817,328;5822,314;5826,314;5830,312;5835,312;5839,302;5843,302;5848,300;5852,300;5856,314;5861,298;5865,318;5869,304;5874,316;5878,314;5882,314;5887,306;5891,304;5896,304;5900,290;5904,304;5909,302;5913,322;5917,308;5922,320;5926,320;5930,320;5935,318;5939,296;5943,310;5948,294;5952,308;5957,294;5961,308;5965,312;5970,326;5974,310;5978,322;5983,308;5987,300;5991,312;5996,298;6000,312;6004,296;6009,308;6013,314;6017,328;6022,314;6026,328;6031,312;6035,304;6039,302;6044,302;6048,314;6052,300;6057,312;6061,306;6065,318;6070,318;6074,318;6078,316;6083,330;6087,306;6091,292;6096,304;6100,304;6105,304;6109,310;6113,322;6118,322;6122,322;6126,320;6131,320;6135,310;6139,296;6144,310;6148,294;6152,308;6157,292;6161,326;6166,312;6170,324;6174,310;6179,324;6183,314;6187,284;6192,312;6196,296;6200,296;6205,280;6209,300;6213,286;6218,284;6222,284;6226,296;6231,274;6235,274;6240,274;6244,270;6248,270;6253,256;6257,290;6261,276;6266,274;6270,274;6274,272;6279,278;6283,264;6287,278;6292,248;6296,290;6300,276;6305,282;6309,280;6314,252;6318,280;6322,294;6327,292;6331,270;6335,284;6340,284;6344,282;6348,268;6353,282;6357,272;6361,258;6366,284;6370,284;6374,284;6379,290;6383,288;6388,288;6392,286;6396,286;6401,298;6405,276;6409,260;6414,274;6418,288;6422,272;6427,242;6431,276;6435,276;6440,274;6444,274;6448,260;6453,278;6457,292;6462,278;6466,262;6470,274;6475,248;6479,280;6483,266;6488,278;6492,264;6496,276;6501,282;6505,268;6509,280;6514,266;6518,280;6522,292;6527,284;6531,282;6536,282;6540,266;6544,266;6549,250;6553,286;6557,284;6562,284;6566,270;6570,240;6575,288;6579,272;6583,272;6588,256;6592,284;6597,282;\r\nBuffer sent in 0.973 secondsreturn;buffer;965\r\n'), 11:15:56
bytearray(b'received from UR: measure -> measure (0,1)\r\nSTEPPER: Moving to mstep: 6600 with speed [msteps/sec]: 1000 in StealthChop.\r\n'), 11:15:57
bytearray(b'STEPPER: Moving to mstep: 2400 with speed [msteps/sec]: 4000 in SpreadCycle.\r\n'), 11:16:01
bytearray(b'STEPPER: Moved 4200.00 msteps (ramp: 35%) in 1324.884 ms -> average speed [msteps/sec]: 3170.09\r\nreturn;measure;965\r\n'), 11:16:02
bytearray(b'received from UR: buffer -> buffer (0,1)\r\nSending buffer of size 965data;2400,310;2404,464;2408,146;2413,274;2417,318;2421,324;2426,338;2430,322;2434,336;2439,322;2443,314;2447,328;2452,314;2456,340;2460,326;2465,324;2469,316;2474,330;2478,316;2482,330;2487,314;2491,320;2495,334;2500,318;2504,332;2508,332;2513,330;2517,322;2521,336;2526,320;2530,334;2534,332;2539,332;2543,324;2548,310;2552,322;2556,322;2561,336;2565,314;2569,328;2574,324;2578,340;2582,324;2587,338;2591,330;2595,314;2600,314;2604,312;2608,326;2613,312;2617,332;2622,316;2626,330;2630,316;2635,330;2639,334;2643,320;2648,320;2652,318;2656,332;2661,318;2665,338;2669,322;2674,322;2678,320;2682,334;2687,334;2691,312;2696,326;2700,310;2704,324;2709,322;2713,330;2717,328;2722,328;2726,326;2730,328;2735,326;2739,318;2743,330;2748,316;2752,330;2757,314;2761,328;2765,320;2770,334;2774,318;2778,332;2783,316;2787,310;2791,336;2796,322;2800,334;2804,320;2809,332;2813,324;2817,338;2822,310;2826,324;2831,322;2835,314;2839,340;2844,326;2848,326;2852,312;2857,324;2861,316;2865,330;2870,316;2874,328;2878,314;2883,328;2887,334;2891,318;2896,332;2900,316;2905,330;2909,316;2913,336;2918,320;2922,320;2926,320;2931,332;2935,324;2939,310;2944,322;2948,308;2952,336;2957,320;2961,340;2965,326;2970,326;2974,324;2979,338;2983,322;2987,314;2992,328;2996,314;3000,326;3005,312;3009,318;3013,302;3018,316;3022,302;3026,316;3031,314;3035,306;3039,304;3044,304;3048,318;3053,302;3057,324;3061,308;3066,308;3070,306;3074,306;3079,306;3083,312;3087,312;3092,310;3096,310;3100,308;3105,308;3109,314;3113,314;3118,298;3122,312;3127,310;3131,302;3135,316;3140,302;3144,314;3148,300;3153,314;3157,318;3161,332;3166,316;3170,330;3174,316;3179,328;3183,320;3187,306;3192,320;3196,304;3201,318;3205,308;3209,322;3214,308;3218,334;3222,306;3227,334;3231,324;3235,310;3240,308;3244,308;3248,320;3253,306;3257,326;3262,310;3266,324;3270,310;3275,322;3279,328;3283,328;3288,312;3292,312;3296,312;3301,310;3305,330;3309,316;3314,328;3318,328;3322,328;3327,312;3331,304;3336,318;3340,316;3344,312;3349,302;3353,320;3357,320;3362,320;3366,318;3370,318;3375,316;3379,294;3383,308;3388,294;3392,306;3396,306;3401,306;3405,310;3410,324;3414,310;3418,308;3423,306;3427,300;3431,312;3436,312;3440,312;3444,310;3449,296;3453,302;3457,314;3462,314;3466,314;3471,312;3475,304;3479,316;3484,316;3488,302;3492,300;3497,312;3501,304;3505,304;3510,302;3514,304;3518,302;3523,316;3527,322;3531,306;3536,306;3540,292;3545,318;3549,310;3553,324;3558,310;3562,322;3566,322;3571,322;3575,312;3579,312;3584,324;3588,310;3592,322;3597,308;3601,328;3605,312;3610,326;3614,312;3619,326;3623,316;3627,302;3632,316;3636,314;3640,328;3645,328;3649,320;3653,318;3658,332;3662,316;3666,316;3671,314;3675,308;3679,320;3684,320;3688,318;3693,318;3697,316;3701,322;3706,322;3710,308;3714,320;3719,318;3723,310;3727,324;3732,310;3736,322;3740,308;3745,322;3749,312;3753,312;3758,312;3762,324;3767,308;3771,300;3775,314;3780,298;3784,312;3788,298;3793,310;3797,316;3801,330;3806,314;3810,328;3814,314;3819,326;3823,304;3827,304;3832,316;3836,302;3841,314;3845,294;3849,306;3854,304;3858,318;3862,304;3867,304;3871,308;3875,306;3880,308;3884,306;3888,306;3893,310;3897,310;3902,310;3906,310;3910,308;3915,322;3919,314;3923,298;3928,312;3932,296;3936,310;3941,296;3945,316;3949,314;3954,314;3958,314;3962,314;3967,312;3971,304;3976,318;3980,302;3984,330;3989,314;3993,320;3997,306;4002,332;4006,318;4010,318;4015,302;4019,308;4023,320;4028,306;4032,318;4036,304;4041,316;4045,308;4050,320;4054,306;4058,334;4063,318;4067,310;4071,324;4076,308;4080,322;4084,306;4089,306;4093,312;4097,324;4102,324;4106,324;4110,308;4115,314;4119,314;4124,312;4128,326;4132,310;4137,310;4141,316;4145,316;4150,314;4154,314;4158,312;4163,312;4167,304;4171,288;4176,316;4180,302;4184,314;4189,308;4193,320;4198,306;4202,318;4206,318;4211,318;4215,308;4219,308;4224,308;4228,306;4232,304;4237,304;4241,310;4245,310;4250,310;4254,308;4259,308;4263,300;4267,298;4272,312;4276,298;4280,310;4285,310;4289,302;4293,300;4298,314;4302,314;4306,312;4311,312;4315,290;4319,316;4324,302;4328,316;4333,300;4337,320;4341,320;4346,318;4350,318;4354,318;4359,316;4363,294;4367,308;4372,306;4376,320;4380,306;4385,334;4389,312;4394,324;4398,310;4402,324;4407,308;4411,314;4415,314;4420,314;4424,312;4428,312;4433,326;4437,302;4441,316;4446,316;4450,330;4454,314;4459,306;4463,306;4468,306;4472,318;4476,318;4481,316;4485,308;4489,322;4494,320;4498,320;4502,318;4507,318;4511,310;4515,310;4520,322;4524,308;4528,322;4533,306;4537,328;4542,312;4546,326;4550,312;4555,326;4559,318;4563,302;4568,302;4572,302;4576,302;4581,300;4585,322;4589,306;4594,320;4598,306;4602,320;4607,306;4611,296;4616,310;4620,296;4624,308;4629,308;4633,328;4637,312;4642,326;4646,312;4650,312;4655,310;4659,316;4663,316;4668,300;4672,300;4676,298;4681,306;4685,304;4690,318;4694,302;4698,302;4703,300;4707,306;4711,318;4716,304;4720,318;4724,302;4729,316;4733,308;4737,322;4742,320;4746,322;4750,320;4755,298;4759,310;4764,296;4768,310;4772,296;4777,322;4781,314;4785,328;4790,314;4794,328;4798,312;4803,326;4807,318;4811,302;4816,316;4820,302;4824,314;4829,308;4833,320;4838,306;4842,320;4846,318;4851,318;4855,310;4859,310;4864,322;4868,308;4872,308;4877,308;4881,314;4885,314;4890,312;4894,312;4899,312;4903,318;4907,318;4912,316;4916,316;4920,316;4925,302;4929,322;4933,320;4938,320;4942,306;4946,306;4951,306;4955,310;4960,324;4964,310;4968,310;4973,294;4977,330;4981,314;4986,328;4990,314;4994,314;4999,312;5003,306;5007,318;5012,304;5016,318;5020,304;5025,316;5029,310;5034,310;5038,308;5042,322;5047,306;5051,300;5055,300;5060,298;5064,312;5068,298;5073,310;5077,302;5081,316;5086,300;5090,300;5094,300;5099,306;5103,320;5108,306;5112,318;5116,304;5121,304;5125,310;5129,324;5134,308;5138,322;5142,322;5147,322;5151,312;5155,298;5160,326;5164,310;5168,324;5173,302;5177,316;5182,314;5186,330;5190,314;5195,328;5199,306;5203,304;5208,318;5212,304;5216,316;5221,302;5225,320;5229,306;5234,320;5238,306;5242,318;5247,302;5251,308;5256,308;5260,306;5264,306;5269,306;5273,326;5277,312;5282,324;5286,324;5290,322;5295,322;5299,300;5303,312;5308,298;5312,312;5316,310;5321,324;5325,302;5330,316;5334,314;5338,314;5343,314;5347,306;5351,304;5356,304;5360,318;5364,302;5369,316;5373,308;5377,322;5382,306;5386,320;5390,306;5395,296;5399,310;5404,308;5408,308;5412,308;5417,320;5421,312;5425,312;5430,298;5434,310;5438,310;5443,310;5447,316;5451,314;5456,314;5460,298;5465,312;5469,304;5473,318;5478,302;5482,302;5486,300;5491,314;5495,306;5499,304;5504,318;5508,304;5512,316;5517,316;5521,308;5525,306;5530,320;5534,306;5539,318;5543,310;5547,296;5552,310;5556,294;5560,322;5565,306;5569,328;5573,312;5578,326;5582,310;5586,324;5591,310;5595,314;5599,328;5604,300;5608,312;5613,298;5617,310;5621,316;5626,302;5630,300;5634,314;5639,314;5643,306;5647,318;5652,318;5656,304;5660,316;5665,318;5669,308;5673,322;5678,308;5682,306;5687,306;5691,312;5695,312;5700,310;5704,310;5708,296;5713,308;5717,314;5721,328;5726,314;5730,328;5734,312;5739,326;5743,318;5747,302;5752,316;5756,302;5761,300;5765,306;5769,320;5774,304;5778,318;5782,302;5787,316;5791,322;5795,308;5800,308;5804,292;5808,306;5813,290;5817,324;5822,310;5826,324;5830,308;5835,322;5839,300;5843,300;5848,298;5852,298;5856,312;5861,310;5865,302;5869,302;5874,302;5878,300;5882,314;5887,312;5891,304;5896,304;5900,304;5904,316;5909,302;5913,322;5917,306;5922,306;5926,306;5930,318;5935,304;5939,310;5943,308;5948,308;5952,320;5956,306;5961,320;5965,310;5970,312;5974,308;5978,322;5983,308;5987,300;5991,312;5996,298;6000,312;6004,296;6009,310;6013,314;6017,328;6022,314;6026,328;6030,312;6035,304;6039,318;6044,316;6048,302;6052,302;6057,314;6061,306;6065,320;6070,306;6074,318;6078,304;6083,318;6087,310;6091,294;6096,308;6100,306;6105,306;6109,312;6113,312;6118,310;6122,310;6126,308;6131,322;6135,314;6139,298;6144,312;6148,312;6152,312;6157,296;6161,316;6165,314;6170,314;6174,312;6179,312;6183,304;6187,288;6192,302;6196,286;6200,300;6205,284;6209,290;6213,290;6218,288;6222,288;6226,288;6231,280;6235,264;6239,290;6244,290;6248,276;6253,288;6257,266;6261,278;6266,278;6270,290;6274,290;6279,268;6283,268;6287,280;6292,264;6296,278;6300,276;6305,284;6309,282;6313,282;6318,280;6322,278;6327,292;6331,256;6335,282;6340,268;6344,280;6348,266;6353,280;6357,284;6361,284;6366,296;6370,294;6374,280;6379,272;6383,270;6387,284;6392,284;6396,282;6401,280;6405,286;6409,286;6414,270;6418,284;6422,284;6427,282;6431,274;6435,288;6440,286;6444,286;6448,286;6453,278;6457,276;6461,262;6466,276;6470,274;6475,274;6479,280;6483,264;6488,278;6492,278;6496,276;6501,260;6505,296;6509,280;6514,280;6518,278;6522,250;6527,284;6531,268;6536,282;6540,270;6544,268;6549,266;6553,274;6557,286;6562,286;6566,284;6570,284;6575,276;6579,276;6583,274;6588,272;6592,272;6596,272;\r\nBuffer sent in 0.973 secondsreturn;buffer;965\r\n'), 11:16:04
bytearray(b'received from UR: measure -> measure (0,1)\r\nSTEPPER: Moving to mstep: 6600 with speed [msteps/sec]: 1000 in StealthChop.\r\n'), 11:16:05
bytearray(b'STEPPER: Moving to mstep: 2400 with speed [msteps/sec]: 4000 in SpreadCycle.\r\n'), 11:16:09
bytearray(b'STEPPER: Moved 4200.00 msteps (ramp: 35%) in 1324.888 ms -> average speed [msteps/sec]: 3170.08\r\nreturn;measure;965\r\n'), 11:16:11
bytearray(b'received from UR: buffer -> buffer (0,1)\r\nSending buffer of size 965data;2400,304;2404,448;2408,172;2413,272;2417,314;2421,320;2426,334;2430,320;2434,334;2439,318;2443,324;2447,324;2452,310;2456,322;2460,322;2465,334;2469,312;2474,326;2478,324;2482,338;2487,338;2491,316;2495,328;2500,314;2504,326;2508,326;2513,326;2517,316;2521,332;2526,316;2530,328;2534,328;2539,328;2543,334;2548,306;2552,318;2556,318;2561,332;2565,324;2569,338;2574,322;2578,336;2582,322;2587,334;2591,326;2595,326;2600,340;2604,324;2609,324;2613,318;2617,330;2622,328;2626,328;2630,314;2635,342;2639,318;2643,318;2648,332;2652,316;2656,316;2661,330;2665,336;2669,320;2674,334;2678,320;2683,332;2687,326;2691,324;2696,322;2700,308;2704,320;2709,308;2713,342;2717,326;2722,326;2726,324;2730,326;2735,324;2739,330;2743,344;2748,316;2752,328;2757,314;2761,328;2765,320;2770,332;2774,318;2778,332;2783,318;2787,310;2791,336;2796,322;2800,336;2804,308;2809,322;2813,326;2817,326;2822,326;2826,338;2831,324;2835,316;2839,316;2844,314;2848,328;2852,328;2857,328;2861,318;2865,332;2870,318;2874,332;2878,330;2883,330;2887,322;2891,320;2896,320;2900,334;2905,334;2909,312;2913,338;2918,324;2922,336;2926,322;2931,334;2935,326;2939,312;2944,324;2948,324;2952,338;2957,324;2961,328;2965,326;2970,328;2974,326;2979,340;2983,324;2987,316;2992,328;2996,328;3000,328;3005,314;3009,320;3013,318;3018,318;3022,316;3026,316;3031,302;3035,294;3039,308;3044,308;3048,308;3053,306;3057,312;3061,312;3066,312;3070,310;3074,310;3079,296;3083,300;3087,300;3092,300;3096,312;3100,298;3105,312;3109,318;3114,318;3118,316;3122,316;3127,316;3131,292;3135,306;3140,304;3144,318;3148,290;3153,304;3157,310;3161,322;3166,308;3170,320;3175,306;3179,298;3183,324;3188,310;3192,324;3196,310;3201,322;3205,314;3209,328;3214,312;3218,326;3222,312;3227,326;3231,316;3235,316;3240,316;3244,314;3249,328;3253,306;3257,320;3262,318;3266,318;3270,304;3275,318;3279,324;3283,322;3288,322;3292,322;3296,322;3301,306;3305,326;3309,326;3314,326;3318,310;3323,324;3327,324;3331,314;3336,314;3340,300;3344,312;3349,312;3353,318;3357,302;3362,330;3366,314;3370,328;3375,312;3379,304;3383,304;3388,302;3392,302;3397,300;3401,322;3405,306;3410,320;3414,304;3418,318;3423,304;3427,296;3431,310;3436,308;3440,308;3444,308;3449,306;3453,300;3457,312;3462,310;3466,310;3471,296;3475,300;3479,314;3484,314;3488,314;3492,312;3497,312;3501,302;3505,316;3510,314;3514,314;3518,300;3523,314;3527,306;3531,304;3536,318;3540,302;3545,316;3549,308;3553,320;3558,320;3562,320;3566,304;3571,318;3575,310;3579,308;3584,322;3588,306;3592,320;3597,304;3601,326;3606,324;3610,338;3614,310;3619,336;3623,314;3627,298;3632,312;3636,312;3640,310;3645,296;3649,330;3653,316;3658,330;3662,314;3666,328;3671,314;3675,302;3680,318;3684,316;3688,316;3693,316;3697,320;3701,306;3706,320;3710,318;3714,318;3719,302;3723,308;3727,308;3732,308;3736,320;3741,292;3745,306;3749,312;3754,326;3758,310;3762,324;3767,308;3771,302;3775,314;3780,300;3784,312;3788,298;3793,310;3797,304;3801,316;3806,302;3810,316;3815,314;3819,306;3823,306;3828,290;3832,304;3836,302;3841,302;3845,308;3849,322;3854,306;3858,320;3862,304;3867,318;3871,310;3875,294;3880,308;3884,294;3889,306;3893,312;3897,312;3902,312;3906,310;3910,310;3915,322;3919,314;3923,300;3928,312;3932,298;3936,312;3941,296;3945,316;3949,316;3954,330;3958,314;3963,314;3967,318;3971,304;3976,318;3980,316;3984,330;3989,316;3993,322;3997,320;4002,334;4006,320;4010,332;4015,318;4019,310;4023,324;4028,310;4032,322;4037,308;4041,308;4045,314;4050,326;4054,312;4058,326;4063,310;4067,316;4071,316;4076,316;4080,314;4084,300;4089,314;4093,320;4097,320;4102,318;4106,318;4111,316;4115,308;4119,320;4124,306;4128,320;4132,318;4137,318;4141,310;4145,310;4150,308;4154,310;4158,308;4163,306;4167,312;4172,298;4176,310;4180,310;4185,324;4189,302;4193,316;4198,300;4202,314;4206,314;4211,300;4215,306;4219,304;4224,304;4228,304;4232,304;4237,296;4241,308;4246,294;4250,308;4254,306;4259,320;4263,312;4267,298;4272,310;4276,310;4280,308;4285,294;4289,314;4293,314;4298,314;4302,312;4307,312;4311,304;4315,290;4320,302;4324,302;4328,316;4333,286;4337,322;4341,320;4346,320;4350,304;4354,318;4359,304;4363,310;4367,322;4372,308;4376,322;4381,306;4385,320;4389,312;4394,326;4398,310;4402,324;4407,310;4411,316;4415,330;4420,314;4424,314;4428,300;4433,312;4437,318;4441,318;4446,302;4450,316;4455,302;4459,330;4463,320;4468,320;4472,320;4476,304;4481,318;4485,310;4489,310;4494,308;4498,308;4502,306;4507,320;4511,326;4515,312;4520,312;4524,296;4529,310;4533,316;4537,330;4542,316;4546,328;4550,314;4555,314;4559,306;4563,304;4568,318;4572,302;4576,318;4581,302;4585,322;4589,308;4594,322;4598,320;4603,334;4607,312;4611,310;4616,310;4620,296;4624,308;4629,294;4633,328;4637,314;4642,314;4646,312;4650,326;4655,312;4659,300;4663,302;4668,302;4672,314;4677,300;4681,320;4685,318;4690,318;4694,318;4698,318;4703,316;4707,306;4711,306;4716,306;4720,306;4724,318;4729,318;4733,310;4738,322;4742,308;4746,322;4751,320;4755,312;4759,326;4764,310;4768,324;4772,310;4777,310;4781,314;4785,330;4790,300;4794,328;4798,312;4803,326;4807,318;4812,318;4816,318;4820,302;4825,316;4829,308;4833,322;4838,306;4842,320;4846,304;4851,318;4855,310;4859,310;4864,322;4868,308;4872,320;4877,312;4881,312;4886,312;4890,310;4894,310;4899,322;4903,314;4907,312;4912,326;4916,312;4920,310;4925,310;4929,330;4933,314;4938,314;4942,312;4946,312;4951,304;4955,304;4960,316;4964,302;4968,316;4973,300;4977,320;4981,306;4986,320;4990,304;4994,318;4999,302;5003,308;5007,308;5012,294;5016,306;5020,306;5025,320;5029,312;5034,310;5038,296;5042,308;5047,308;5051,314;5055,314;5060,312;5064,312;5068,298;5073,310;5077,302;5081,302;5086,300;5090,314;5095,312;5099,306;5103,318;5108,304;5112,316;5116,302;5121,302;5125,322;5129,322;5134,320;5138,320;5142,320;5147,318;5151,310;5155,296;5160,310;5164,310;5169,322;5173,300;5177,328;5182,312;5186,324;5190,310;5195,324;5199,314;5203,300;5208,314;5212,300;5216,312;5221,312;5225,304;5229,302;5234,316;5238,302;5243,314;5247,320;5251,318;5256,318;5260,304;5264,302;5269,302;5273,320;5277,320;5282,318;5286,318;5290,318;5295,316;5299,308;5303,308;5308,306;5312,306;5317,306;5321,326;5325,310;5330,324;5334,308;5338,310;5343,308;5347,300;5351,312;5356,298;5360,312;5364,296;5369,310;5373,316;5378,316;5382,300;5386,314;5391,312;5395,318;5399,318;5404,304;5408,316;5412,302;5417,316;5421,306;5425,306;5430,304;5434,306;5438,304;5443,310;5447,310;5452,310;5456,308;5460,294;5465,308;5469,312;5473,298;5478,298;5482,312;5486,310;5491,310;5495,316;5499,302;5504,314;5508,300;5512,312;5517,306;5521,306;5526,304;5530,318;5534,316;5539,318;5543,324;5547,308;5552,322;5556,308;5560,322;5565,306;5569,326;5573,312;5578,324;5582,296;5586,324;5591,310;5595,314;5600,316;5604,314;5608,314;5613,298;5617,320;5621,318;5626,332;5630,316;5634,316;5639,302;5643,294;5647,306;5652,306;5656,320;5660,304;5665,312;5669,310;5674,310;5678,308;5682,310;5687,308;5691,314;5695,312;5700,300;5704,312;5708,310;5713,310;5717,316;5721,330;5726,314;5730,328;5734,312;5739,304;5743,318;5748,304;5752,316;5756,302;5761,316;5765,306;5769,306;5774,306;5778,320;5782,304;5787,318;5791,324;5795,308;5800,308;5804,306;5809,306;5813,312;5817,310;5822,296;5826,310;5830,308;5835,310;5839,314;5843,314;5848,312;5852,298;5856,310;5861,312;5865,302;5869,302;5874,316;5878,314;5883,314;5887,306;5891,304;5896,318;5900,302;5904,302;5909,316;5913,308;5917,306;5922,320;5926,304;5930,318;5935,316;5939,308;5944,322;5948,292;5952,306;5957,306;5961,312;5965,296;5970,310;5974,308;5978,322;5983,308;5987,300;5991,312;5996,298;6000,312;6004,310;6009,324;6013,302;6018,316;6022,300;6026,314;6031,312;6035,318;6039,318;6044,316;6048,316;6052,300;6057,314;6061,306;6065,318;6070,304;6074,304;6078,302;6083,316;6087,322;6092,308;6096,308;6100,306;6105,304;6109,310;6113,324;6118,308;6122,308;6126,306;6131,320;6135,312;6139,298;6144,310;6148,296;6152,308;6157,308;6161,314;6166,300;6170,312;6174,312;6179,326;6183,304;6187,288;6192,302;6196,286;6200,298;6205,270;6209,306;6213,290;6218,290;6222,288;6226,302;6231,266;6235,264;6240,292;6244,278;6248,290;6253,290;6257,254;6261,280;6266,294;6270,280;6274,278;6279,270;6283,268;6287,268;6292,268;6296,268;6301,266;6305,286;6309,286;6314,272;6318,284;6322,284;6327,284;6331,260;6335,274;6340,274;6344,274;6348,258;6353,294;6357,292;6361,278;6366,290;6370,290;6375,276;6379,296;6383,294;6388,280;6392,294;6396,264;6401,278;6405,284;6409,284;6414,280;6418,296;6422,282;6427,258;6431,286;6435,286;6440,286;6444,284;6449,282;6453,262;6457,246;6462,274;6466,288;6470,288;6475,252;6479,278;6483,278;6488,292;6492,278;6496,276;6501,282;6505,282;6509,280;6514,266;6518,292;6523,292;6527,270;6531,256;6536,268;6540,268;6544,266;6549,252;6553,300;6557,286;6562,284;6566,284;6570,268;6575,290;6579,288;6584,274;6588,274;6592,274;6597,258;\r\nBuffer sent in 0.973 secondsreturn;buffer;965\r\n'), 11:16:13
bytearray(b'received from UR: measure -> measure (0,1)\r\nSTEPPER: Moving to mstep: 6600 with speed [msteps/sec]: 1000 in StealthChop.\r\n'), 11:16:14
bytearray(b'STEPPER: Moving to mstep: 2400 with speed [msteps/sec]: 4000 in SpreadCycle.\r\n'), 11:16:18
bytearray(b'STEPPER: Moved 4200.00 msteps (ramp: 35%) in 1324.880 ms -> average speed [msteps/sec]: 3170.10\r\nreturn;measure;965\r\n'), 11:16:19
bytearray(b'received from UR: buffer -> buffer (0,1)\r\nSending buffer of size 965data;2400,302;2404,448;2408,160;2413,272;2417,314;2421,320;2426,334;2430,318;2434,346;2439,330;2443,324;2447,308;2452,308;2456,322;2460,320;2465,334;2469,326;2474,326;2478,324;2482,326;2487,324;2491,330;2495,330;2500,314;2504,328;2508,314;2513,340;2517,318;2521,318;2526,316;2530,330;2534,330;2539,308;2543,320;2548,306;2552,332;2556,318;2561,332;2565,322;2569,322;2574,322;2578,336;2582,320;2587,334;2591,326;2595,312;2600,324;2604,310;2608,338;2613,322;2617,328;2622,314;2626,342;2630,326;2635,340;2639,318;2643,316;2648,330;2652,316;2656,328;2661,314;2665,334;2669,320;2674,332;2678,318;2682,332;2687,330;2691,322;2696,334;2700,320;2704,320;2709,304;2713,338;2717,324;2722,336;2726,322;2730,334;2735,320;2739,312;2743,324;2748,324;2752,336;2756,322;2761,320;2765,314;2770,340;2774,326;2778,340;2783,310;2787,316;2791,330;2796,314;2800,328;2804,314;2809,326;2813,318;2817,332;2822,318;2826,330;2830,316;2835,330;2839,322;2844,320;2848,320;2852,304;2857,318;2861,324;2865,338;2870,322;2874,336;2878,322;2883,336;2887,328;2891,312;2896,326;2900,312;2905,324;2909,310;2913,330;2918,316;2922,326;2926,328;2931,328;2935,320;2939,306;2944,332;2948,318;2952,332;2957,330;2961,322;2965,322;2970,336;2974,320;2979,334;2983,320;2987,312;2992,324;2996,310;3000,338;3005,322;3009,314;3013,314;3018,328;3022,312;3026,312;3031,296;3035,304;3039,316;3044,302;3048,316;3053,314;3057,306;3061,304;3066,318;3070,304;3074,304;3079,302;3083,308;3087,322;3092,306;3096,320;3100,304;3105,304;3109,310;3113,324;3118,308;3122,310;3127,308;3131,300;3135,314;3140,298;3144,326;3148,310;3153,326;3157,302;3161,316;3166,316;3170,330;3174,314;3179,328;3183,322;3188,306;3192,320;3196,306;3201,334;3205,310;3209,326;3214,310;3218,324;3222,310;3227,324;3231,314;3235,314;3240,314;3244,314;3248,328;3253,328;3257,320;3262,306;3266,320;3270,320;3275,320;3279,312;3283,310;3288,324;3292,310;3296,322;3301,324;3305,314;3309,314;3314,328;3318,314;3322,326;3327,312;3331,304;3336,318;3340,304;3344,316;3349,302;3353,322;3357,308;3362,322;3366,320;3370,322;3375,320;3379,298;3383,312;3388,296;3392,310;3396,310;3401,324;3405,302;3410,316;3414,302;3418,314;3423,314;3427,320;3431,306;3436,304;3440,318;3444,304;3449,318;3453,310;3457,324;3462,308;3466,322;3470,308;3475,308;3479,300;3484,298;3488,312;3492,298;3497,310;3501,316;3505,316;3510,316;3514,316;3518,314;3523,316;3527,306;3531,306;3536,320;3540,304;3545,304;3549,310;3553,324;3558,310;3562,322;3566,322;3571,322;3575,314;3579,300;3584,314;3588,298;3592,314;3597,312;3601,332;3605,318;3610,330;3614,316;3619,330;3623,322;3627,322;3632,320;3636,306;3640,318;3645,318;3649,326;3653,310;3658,324;3662,308;3666,322;3671,308;3675,328;3679,314;3684,312;3688,326;3693,310;3697,318;3701,316;3706,316;3710,316;3714,316;3719,314;3723,306;3727,320;3732,292;3736,318;3740,304;3745,318;3749,310;3753,322;3758,322;3762,322;3767,306;3771,298;3775,312;3780,298;3784,312;3788,296;3793,310;3797,316;3801,330;3806,316;3810,330;3814,314;3819,328;3823,306;3827,304;3832,306;3836,304;3841,318;3845,310;3849,310;3854,308;3858,322;3862,308;3867,306;3871,300;3875,298;3880,312;3884,296;3888,310;3893,296;3897,316;3901,316;3906,316;3910,314;3915,314;3919,320;3923,306;3928,306;3932,290;3936,306;3941,304;3945,324;3949,310;3954,322;3958,322;3962,322;3967,306;3971,314;3975,328;3980,312;3984,312;3989,298;3993,312;3997,316;4002,332;4006,316;4010,330;4015,316;4019,294;4023,308;4028,304;4032,320;4036,306;4041,318;4045,310;4050,324;4054,310;4058,324;4063,308;4067,316;4071,314;4076,314;4080,314;4084,314;4089,326;4093,318;4097,318;4102,318;4106,318;4110,316;4115,316;4119,322;4124,308;4128,322;4132,306;4137,320;4141,312;4145,312;4150,310;4154,310;4158,310;4163,324;4167,316;4171,300;4176,302;4180,286;4185,314;4189,306;4193,320;4198,320;4202,320;4206,318;4211,318;4215,310;4219,310;4224,324;4228,310;4232,308;4237,308;4241,314;4245,300;4250,312;4254,312;4259,312;4263,318;4267,304;4272,316;4276,316;4280,302;4285,300;4289,308;4293,306;4298,306;4302,306;4306,320;4311,306;4315,296;4319,310;4324,296;4328,308;4333,294;4337,314;4341,312;4346,326;4350,312;4354,324;4359,310;4363,302;4367,316;4372,302;4376,328;4380,314;4385,314;4389,304;4393,332;4398,318;4402,316;4407,300;4411,306;4415,320;4420,306;4424,318;4428,318;4433,316;4437,308;4441,322;4446,306;4450,320;4454,304;4459,318;4463,324;4467,308;4472,320;4476,320;4481,320;4485,312;4489,324;4494,310;4498,310;4502,308;4507,308;4511,314;4515,312;4520,326;4524,312;4528,310;4533,296;4537,316;4542,314;4546,316;4550,314;4555,314;4559,320;4563,304;4568,318;4572,302;4576,316;4581,302;4585,308;4589,306;4594,320;4598,304;4602,318;4607,304;4611,310;4616,308;4620,306;4624,320;4629,306;4633,312;4637,296;4642,308;4646,308;4650,320;4655,306;4659,312;4663,310;4668,308;4672,308;4677,308;4681,312;4685,312;4690,312;4694,310;4698,308;4703,308;4707,300;4711,312;4716,298;4720,310;4724,296;4729,310;4733,316;4737,314;4742,314;4746,326;4751,310;4755,318;4759,316;4764,302;4768,328;4772,312;4777,326;4781,318;4785,318;4790,316;4794,330;4798,314;4803,328;4807,320;4811,292;4816,318;4820,302;4825,316;4829,310;4833,322;4838,320;4842,322;4846,306;4851,332;4855,310;4859,308;4864,308;4868,306;4872,306;4877,306;4881,324;4885,310;4890,310;4894,308;4899,308;4903,314;4907,314;4912,326;4916,312;4920,312;4925,296;4929,330;4933,316;4938,330;4942,314;4946,314;4951,314;4955,306;4959,318;4964,304;4968,304;4973,290;4977,324;4981,308;4986,322;4990,308;4994,320;4999,306;5003,298;5007,310;5012,310;5016,310;5020,294;5025,308;5029,314;5033,314;5038,312;5042,312;5047,310;5051,302;5055,302;5060,302;5064,314;5068,300;5073,300;5077,306;5081,304;5086,302;5090,316;5094,302;5099,300;5103,306;5107,304;5112,318;5116,304;5121,316;5125,308;5129,322;5134,306;5138,320;5142,320;5147,320;5151,310;5155,296;5160,310;5164,294;5168,322;5173,308;5177,314;5182,298;5186,312;5190,310;5195,324;5199,316;5203,302;5208,314;5212,300;5216,314;5221,298;5225,334;5229,318;5234,332;5238,316;5242,330;5247,308;5251,306;5256,306;5260,304;5264,304;5269,304;5273,324;5277,322;5282,322;5286,322;5290,320;5295,320;5299,298;5303,312;5308,298;5312,310;5316,296;5321,316;5325,316;5330,316;5334,302;5338,314;5343,314;5347,306;5351,320;5356,304;5360,304;5364,290;5369,318;5373,310;5377,324;5382,308;5386,322;5391,306;5395,298;5399,312;5404,298;5408,312;5412,296;5417,310;5421,302;5425,316;5430,300;5434,314;5438,312;5443,326;5447,318;5451,302;5456,302;5460,300;5465,314;5469,306;5473,318;5478,304;5482,318;5486,316;5491,316;5495,306;5499,306;5504,318;5508,304;5512,302;5517,302;5521,322;5525,306;5530,320;5534,306;5539,318;5543,312;5547,310;5552,308;5556,306;5560,320;5565,306;5569,312;5573,296;5578,310;5582,308;5586,322;5591,306;5595,298;5599,310;5604,296;5608,322;5613,308;5617,320;5621,312;5626,326;5630,310;5634,324;5639,308;5643,300;5647,314;5652,298;5656,312;5660,312;5665,310;5669,316;5673,330;5678,314;5682,328;5687,312;5691,304;5695,302;5700,302;5704,300;5708,300;5713,312;5717,318;5721,332;5726,318;5730,316;5734,316;5739,314;5743,320;5747,304;5752,304;5756,304;5761,318;5765,308;5769,308;5774,308;5778,322;5782,306;5787,320;5791,312;5795,296;5800,310;5804,296;5808,308;5813,308;5817,314;5822,314;5826,312;5830,312;5835,312;5839,302;5843,302;5848,302;5852,300;5856,300;5861,298;5865,320;5869,304;5874,318;5878,302;5882,316;5887,306;5891,306;5896,320;5900,304;5904,318;5909,318;5913,308;5917,308;5922,320;5926,306;5930,320;5935,318;5939,294;5943,308;5948,294;5952,320;5956,304;5961,320;5965,310;5970,324;5974,308;5978,322;5983,306;5987,298;5991,312;5996,296;6000,308;6004,294;6009,308;6013,312;6017,326;6022,312;6026,324;6030,310;6035,302;6039,314;6044,314;6048,312;6052,298;6057,310;6061,316;6065,328;6070,314;6074,312;6078,312;6083,324;6087,316;6091,316;6096,302;6100,302;6104,314;6109,306;6113,320;6118,318;6122,318;6126,318;6131,318;6135,308;6139,308;6144,308;6148,292;6152,306;6157,304;6161,310;6165,310;6170,322;6174,308;6178,322;6183,312;6187,298;6192,296;6196,294;6200,308;6205,292;6209,298;6213,284;6218,282;6222,268;6226,266;6231,286;6235,286;6239,284;6244,284;6248,282;6253,268;6257,286;6261,272;6266,286;6270,284;6274,284;6279,282;6283,260;6287,272;6292,258;6296,270;6300,270;6305,276;6309,276;6313,274;6318,286;6322,286;6327,286;6331,278;6335,276;6340,276;6344,288;6348,274;6353,286;6357,278;6361,292;6366,290;6370,290;6374,274;6379,266;6383,280;6388,280;6392,278;6396,262;6401,276;6405,280;6409,294;6414,280;6418,278;6422,276;6427,292;6431,282;6435,268;6440,282;6444,266;6448,266;6453,286;6457,286;6462,284;6466,268;6470,282;6475,282;6479,272;6483,272;6488,270;6492,284;6496,268;6501,274;6505,288;6509,286;6514,284;6518,270;6522,268;6527,274;6531,260;6536,274;6540,258;6544,270;6549,256;6553,290;6557,288;6562,274;6566,288;6570,286;6575,286;6579,278;6583,290;6588,262;6592,276;6596,274;\r\nBuffer sent in 0.973 secondsreturn;buffer;965\r\n'), 11:16:21
bytearray(b'received from UR: measure -> measure (0,1)\r\nSTEPPER: Moving to mstep: 6600 with speed [msteps/sec]: 1000 in StealthChop.\r\n'), 11:16:22
bytearray(b'STEPPER: Moving to mstep: 2400 with speed [msteps/sec]: 4000 in SpreadCycle.\r\n'), 11:16:27
bytearray(b'STEPPER: Moved 4200.00 msteps (ramp: 35%) in 1324.880 ms -> average speed [msteps/sec]: 3170.10\r\nreturn;measure;965\r\n'), 11:16:28
bytearray(b'received from UR: buffer -> buffer (0,1)\r\nSending buffer of size 965data;2400,300;2404,452;2408,164;2413,278;2417,320;2421,326;2426,340;2430,312;2434,340;2439,324;2443,318;2447,316;2452,316;2456,314;2460,314;2465,328;2469,320;2474,334;2478,320;2482,334;2487,318;2491,324;2495,324;2500,310;2504,324;2508,324;2513,336;2517,316;2521,330;2526,328;2530,328;2534,328;2539,328;2543,332;2548,304;2552,318;2556,318;2561,332;2565,324;2569,338;2574,322;2578,336;2582,322;2587,336;2591,342;2595,326;2600,326;2604,310;2608,324;2613,310;2617,344;2622,330;2626,344;2630,328;2635,328;2639,320;2643,334;2648,332;2652,318;2656,318;2661,316;2665,338;2669,322;2674,336;2678,320;2682,334;2687,320;2691,312;2696,326;2700,310;2704,324;2709,324;2713,344;2717,328;2722,342;2726,326;2730,340;2735,326;2739,304;2743,330;2748,316;2752,330;2756,314;2761,328;2765,318;2770,332;2774,318;2778,346;2783,330;2787,308;2791,334;2796,320;2800,334;2804,316;2809,332;2813,324;2817,338;2822,322;2826,336;2830,320;2835,312;2839,326;2844,324;2848,324;2852,322;2857,320;2861,324;2865,326;2870,324;2874,324;2878,322;2883,336;2887,314;2891,312;2896,328;2900,324;2905,326;2909,316;2913,330;2918,328;2922,328;2926,328;2931,326;2935,332;2939,316;2944,330;2948,328;2952,342;2957,316;2961,334;2965,320;2970,334;2974,318;2979,332;2983,324;2987,308;2992,322;2996,306;3000,334;3005,320;3009,312;3013,310;3018,324;3022,308;3026,324;3031,308;3035,300;3040,300;3044,312;3048,312;3053,310;3057,318;3061,316;3066,316;3070,314;3074,328;3079,314;3083,304;3087,318;3092,302;3096,316;3100,314;3105,306;3109,306;3114,320;3118,304;3122,318;3127,316;3131,308;3135,322;3140,294;3144,320;3148,320;3153,318;3157,310;3161,324;3166,308;3170,322;3174,320;3179,320;3183,312;3188,296;3192,310;3196,308;3201,322;3205,314;3209,314;3214,312;3218,326;3222,310;3227,324;3231,316;3235,316;3240,330;3244,314;3248,314;3253,314;3257,318;3262,304;3266,318;3270,316;3275,330;3279,322;3283,308;3288,306;3292,306;3296,320;3301,306;3305,326;3309,324;3314,324;3318,322;3322,322;3327,322;3331,314;3336,314;3340,298;3344,310;3349,310;3353,316;3357,316;3362,314;3366,312;3370,312;3375,310;3379,304;3383,316;3388,300;3392,314;3396,298;3401,312;3405,304;3410,318;3414,302;3418,316;3423,314;3427,320;3431,318;3436,304;3440,316;3444,302;3449,300;3453,306;3457,306;3462,304;3466,318;3470,304;3475,308;3479,322;3484,308;3488,306;3492,290;3497,304;3501,308;3505,322;3510,320;3514,292;3518,304;3523,318;3527,324;3531,308;3536,322;3540,306;3545,320;3549,312;3553,324;3558,310;3562,324;3566,308;3571,322;3575,328;3579,312;3584,312;3588,296;3592,310;3597,310;3601,328;3605,312;3610,326;3614,310;3619,324;3623,314;3627,312;3632,326;3636,312;3640,324;3645,308;3649,328;3653,314;3658,326;3662,310;3666,324;3671,308;3675,316;3679,328;3684,314;3688,312;3693,312;3697,316;3701,316;3706,316;3710,314;3714,328;3719,312;3723,304;3727,318;3732,302;3736,316;3740,300;3745,314;3749,320;3754,320;3758,318;3762,318;3767,316;3771,308;3775,306;3780,292;3784,306;3788,304;3793,304;3797,308;3801,322;3806,322;3810,320;3814,306;3819,298;3823,310;3828,296;3832,310;3836,308;3841,308;3845,314;3849,328;3854,312;3858,312;3862,310;3867,324;3871,302;3875,288;3880,300;3884,300;3888,300;3893,304;3897,318;3902,316;3906,316;3910,316;3915,314;3919,320;3923,306;3928,318;3932,304;3936,316;3941,316;3945,308;3949,308;3954,320;3958,306;3962,320;3967,318;3971,310;3976,310;3980,296;3984,308;3989,308;3993,328;3997,312;4002,326;4006,310;4010,324;4015,310;4019,316;4023,316;4028,314;4032,312;4036,312;4041,318;4045,316;4050,318;4054,302;4058,316;4063,312;4067,320;4071,320;4076,318;4080,318;4084,316;4089,316;4093,322;4097,320;4102,306;4106,320;4111,318;4115,310;4119,324;4124,294;4128,320;4132,306;4137,320;4141,310;4145,310;4150,310;4154,322;4158,308;4163,322;4167,314;4171,312;4176,312;4180,296;4185,310;4189,302;4193,316;4198,300;4202,314;4206,312;4211,312;4215,318;4219,304;4224,316;4228,300;4232,300;4237,300;4241,320;4246,304;4250,318;4254,316;4259,316;4263,294;4267,306;4272,306;4276,304;4280,304;4285,290;4289,310;4293,308;4298,308;4302,308;4306,322;4311,320;4315,298;4320,310;4324,310;4328,310;4333,308;4337,314;4341,314;4346,326;4350,312;4354,324;4359,310;4363,316;4367,330;4372,314;4376,314;4380,300;4385,312;4389,318;4394,318;4398,302;4402,316;4407,314;4411,320;4415,320;4420,318;4424,318;4428,304;4433,316;4437,308;4441,322;4446,306;4450,320;4454,304;4459,318;4463,324;4468,322;4472,322;4476,306;4481,306;4485,324;4489,324;4494,310;4498,324;4502,322;4507,322;4511,314;4515,298;4520,312;4524,310;4528,310;4533,294;4537,328;4542,314;4546,312;4550,312;4555,310;4559,316;4563,316;4568,316;4572,314;4576,314;4581,298;4585,318;4589,304;4594,316;4598,302;4602,314;4607,308;4611,320;4616,318;4620,304;4624,318;4629,302;4633,322;4637,322;4642,320;4646,306;4650,320;4655,318;4659,296;4663,308;4668,308;4672,306;4677,292;4681,312;4685,310;4690,310;4694,310;4698,322;4703,308;4707,300;4711,300;4716,312;4720,312;4724,310;4729,310;4733,316;4737,316;4742,314;4746,328;4751,312;4755,304;4759,318;4764,302;4768,316;4772,302;4777,314;4781,320;4785,334;4790,318;4794,332;4798,318;4803,332;4807,310;4811,294;4816,308;4820,306;4825,320;4829,312;4833,326;4838,312;4842,326;4846,310;4851,324;4855,316;4859,300;4864,314;4868,314;4872,312;4877,296;4881,318;4885,316;4890,316;4894,314;4899,328;4903,304;4907,304;4912,318;4916,302;4920,316;4925,314;4929,320;4933,306;4938,320;4942,318;4946,318;4951,316;4955,310;4959,308;4964,294;4968,306;4973,320;4977,312;4981,296;4986,310;4990,308;4994,322;4999,306;5003,312;5007,312;5012,298;5016,310;5020,310;5025,310;5029,300;5033,314;5038,300;5042,312;5047,312;5051,304;5055,316;5060,302;5064,316;5068,314;5073,314;5077,306;5081,306;5086,304;5090,318;5094,304;5099,302;5103,310;5108,294;5112,308;5116,306;5121,306;5125,312;5129,326;5134,310;5138,322;5142,308;5147,322;5151,314;5155,314;5160,314;5164,298;5168,310;5173,310;5177,316;5182,302;5186,328;5190,314;5195,328;5199,318;5203,304;5208,318;5212,302;5216,302;5221,302;5225,322;5229,320;5234,320;5238,306;5243,320;5247,310;5251,310;5256,310;5260,308;5264,308;5269,294;5273,324;5277,312;5282,324;5286,310;5290,310;5295,308;5299,302;5303,314;5308,314;5312,326;5317,312;5321,318;5325,316;5330,330;5334,316;5338,328;5343,314;5347,304;5351,318;5356,290;5360,302;5364,302;5369,314;5373,306;5377,320;5382,304;5386,318;5391,304;5395,310;5399,308;5404,294;5408,306;5412,306;5417,320;5421,312;5425,312;5430,310;5434,324;5438,308;5443,322;5447,314;5451,300;5456,300;5460,298;5465,312;5469,304;5473,318;5478,316;5482,316;5486,316;5491,316;5495,306;5499,306;5504,306;5508,306;5512,304;5517,318;5521,310;5525,308;5530,310;5534,308;5539,320;5543,306;5547,312;5552,310;5556,296;5560,308;5565,294;5569,328;5573,314;5578,326;5582,312;5586,326;5591,312;5595,302;5599,316;5604,302;5608,314;5613,300;5617,312;5621,318;5626,332;5630,318;5634,332;5639,316;5643,308;5647,308;5652,292;5656,306;5660,306;5665,318;5669,310;5674,310;5678,308;5682,322;5687,306;5691,312;5695,312;5700,312;5704,310;5708,296;5713,308;5717,314;5721,328;5726,312;5730,326;5734,324;5739,302;5743,314;5748,314;5752,314;5756,312;5761,312;5765,318;5769,318;5774,316;5778,328;5782,314;5787,326;5791,304;5795,290;5800,302;5804,302;5809,314;5813,306;5817,320;5822,318;5826,318;5830,316;5835,318;5839,310;5843,308;5848,308;5852,292;5856,304;5861,304;5865,310;5869,308;5874,324;5878,308;5883,306;5887,298;5891,296;5896,308;5900,294;5904,306;5909,306;5913,312;5917,312;5922,324;5926,310;5930,322;5935,308;5939,300;5943,312;5948,312;5952,310;5957,296;5961,316;5965,314;5970,328;5974,312;5978,312;5983,296;5987,302;5991,316;5996,314;6000,328;6004,312;6009,312;6013,304;6017,316;6022,314;6026,314;6031,300;6035,304;6039,304;6044,302;6048,302;6052,300;6057,300;6061,320;6065,318;6070,316;6074,316;6078,314;6083,292;6087,306;6091,304;6096,304;6100,302;6105,302;6109,320;6113,320;6118,318;6122,318;6126,318;6131,316;6135,308;6139,306;6144,320;6148,304;6152,304;6157,302;6161,322;6165,308;6170,308;6174,306;6179,318;6183,310;6187,296;6192,308;6196,294;6200,306;6205,292;6209,296;6213,282;6218,294;6222,280;6226,250;6231,284;6235,282;6240,282;6244,280;6248,280;6253,266;6257,284;6261,284;6266,270;6270,268;6274,268;6279,274;6283,272;6287,270;6292,256;6296,284;6300,282;6305,288;6309,274;6314,260;6318,272;6322,270;6327,284;6331,262;6335,274;6340,260;6344,272;6348,272;6353,278;6357,292;6361,290;6366,290;6370,288;6374,288;6379,266;6383,278;6388,264;6392,276;6396,276;6401,276;6405,282;6409,296;6414,280;6418,278;6422,278;6427,284;6431,282;6435,282;6440,280;6444,266;6448,278;6453,284;6457,284;6462,268;6466,268;6470,282;6475,294;6479,286;6483,286;6488,284;6492,284;6496,282;6501,276;6505,288;6509,288;6514,286;6518,286;6522,258;6527,290;6531,262;6536,276;6540,274;6544,274;6549,260;6553,294;6557,292;6562,276;6566,290;6570,290;6575,266;6579,266;6583,266;6588,264;6592,264;6597,248;\r\nBuffer sent in 0.973 secondsreturn;buffer;965\r\n'), 11:16:30
bytearray(b'received from UR: measure -> measure (0,1)\r\nSTEPPER: Moving to mstep: 6600 with speed [msteps/sec]: 1000 in StealthChop.\r\n'), 11:16:31
bytearray(b'STEPPER: Moving to mstep: 2400 with speed [msteps/sec]: 4000 in SpreadCycle.\r\n'), 11:16:35
bytearray(b'STEPPER: Moved 4200.00 msteps (ramp: 35%) in 1324.888 ms -> average speed [msteps/sec]: 3170.08\r\nreturn;measure;965\r\n'), 11:16:37
bytearray(b'received from UR: buffer -> buffer (0,1)\r\nSending buffer of size 965data;2400,298;2404,454;2408,166;2413,280;2417,308;2421,328;2426,342;2430,328;2434,342;2439,326;2443,318;2447,318;2452,304;2456,316;2460,316;2465,328;2469,320;2474,334;2478,320;2482,334;2487,318;2491,324;2495,336;2500,322;2504,320;2508,320;2513,320;2517,326;2521,324;2526,324;2530,324;2534,322;2539,322;2543,340;2548,326;2552,324;2556,310;2561,322;2565,328;2569,328;2574,312;2578,326;2582,324;2587,324;2591,330;2595,314;2600,328;2604,312;2608,324;2613,312;2617,346;2622,316;2626,330;2630,328;2635,328;2639,320;2643,318;2648,332;2652,330;2656,330;2661,316;2665,334;2669,320;2674,334;2678,332;2683,330;2687,330;2691,308;2696,320;2700,320;2704,332;2709,318;2713,338;2717,322;2722,336;2726,320;2730,334;2735,332;2739,324;2743,322;2748,308;2752,322;2757,306;2761,332;2765,324;2770,338;2774,322;2778,336;2783,320;2787,326;2791,340;2796,324;2800,324;2804,308;2809,322;2813,326;2817,340;2822,310;2826,326;2831,324;2835,336;2839,328;2844,326;2848,326;2852,312;2857,324;2861,330;2865,330;2870,314;2874,342;2878,326;2883,326;2887,332;2891,330;2896,328;2900,314;2905,312;2909,318;2913,332;2918,330;2922,330;2926,314;2931,328;2935,318;2939,318;2944,332;2948,316;2952,328;2957,314;2961,334;2965,332;2970,332;2974,316;2979,330;2983,320;2987,320;2992,332;2996,318;3000,318;3005,302;3009,320;3013,306;3018,318;3022,304;3026,316;3031,302;3035,322;3039,320;3044,306;3048,318;3053,304;3057,310;3061,308;3066,306;3070,306;3074,318;3079,304;3083,310;3087,310;3092,308;3096,308;3100,306;3105,304;3109,310;3113,310;3118,308;3122,308;3127,308;3131,312;3135,326;3140,310;3144,310;3148,296;3153,308;3157,314;3161,314;3166,310;3170,324;3174,310;3179,324;3183,328;3188,314;3192,326;3196,312;3201,324;3205,316;3209,330;3214,314;3218,328;3222,312;3227,326;3231,316;3235,316;3240,328;3244,312;3248,312;3253,316;3257,330;3262,314;3266,328;3270,312;3275,326;3279,318;3283,302;3288,314;3292,314;3296,314;3301,298;3305,332;3309,316;3314,330;3318,314;3322,328;3327,314;3331,318;3336,318;3340,302;3344,316;3349,300;3353,320;3357,320;3362,318;3366,304;3370,318;3375,316;3379,306;3383,306;3388,290;3392,304;3396,302;3401,316;3405,308;3410,322;3414,320;3418,320;3423,304;3427,310;3431,310;3436,294;3440,308;3444,306;3449,306;3453,312;3457,326;3462,310;3466,310;3471,308;3475,302;3479,314;3484,312;3488,312;3492,298;3497,310;3501,302;3505,302;3510,300;3514,314;3518,312;3523,326;3527,318;3531,288;3536,302;3540,302;3545,314;3549,320;3553,320;3558,318;3562,318;3566,302;3571,316;3575,322;3579,320;3584,320;3588,318;3592,318;3597,302;3601,322;3605,320;3610,320;3614,318;3619,318;3623,310;3627,322;3632,322;3636,320;3640,320;3645,304;3649,324;3653,310;3658,322;3662,308;3666,322;3671,306;3675,326;3679,324;3684,324;3688,322;3693,308;3697,314;3701,312;3706,312;3710,310;3714,310;3719,308;3723,316;3727,328;3732,314;3736,314;3740,298;3745,310;3749,316;3753,316;3758,300;3762,314;3767,312;3771,320;3775,318;3780,304;3784,304;3788,302;3793,302;3797,320;3801,322;3806,306;3810,320;3814,304;3819,296;3823,310;3828,310;3832,308;3836,308;3841,306;3845,300;3849,312;3854,312;3858,310;3862,296;3867,308;3871,314;3875,314;3880,314;3884,312;3888,312;3893,304;3897,316;3902,302;3906,302;3910,300;3915,314;3919,306;3923,304;3928,306;3932,290;3936,304;3941,302;3945,310;3949,308;3954,322;3958,306;3962,320;3967,318;3971,310;3976,324;3980,296;3984,308;3989,308;3993,328;3997,314;4002,328;4006,312;4010,326;4015,310;4019,302;4023,302;4028,302;4032,314;4036,314;4041,312;4045,318;4050,332;4054,316;4058,330;4063,316;4067,306;4071,306;4076,306;4080,318;4084,318;4089,318;4093,308;4097,308;4102,308;4106,320;4110,320;4115,312;4119,312;4124,296;4128,310;4132,296;4137,322;4141,312;4145,312;4150,312;4154,312;4158,310;4163,324;4167,314;4171,300;4176,312;4180,298;4184,312;4189,316;4193,318;4198,316;4202,330;4206,314;4211,328;4215,306;4219,304;4224,304;4228,304;4232,302;4237,302;4241,322;4245,308;4250,322;4254,306;4259,320;4263,298;4267,298;4272,310;4276,296;4280,296;4285,296;4289,314;4293,314;4298,314;4302,314;4306,314;4311,312;4315,304;4320,304;4324,288;4328,302;4333,302;4337,308;4341,306;4346,320;4350,306;4354,318;4359,318;4363,310;4367,310;4372,294;4376,308;4380,308;4385,320;4389,314;4394,314;4398,312;4402,326;4407,310;4411,316;4415,316;4420,314;4424,314;4428,298;4433,312;4437,318;4441,332;4446,316;4450,330;4454,302;4459,308;4463,308;4468,320;4472,320;4476,320;4481,318;4485,310;4489,324;4494,310;4498,322;4502,308;4507,322;4511,312;4515,312;4520,326;4524,312;4528,312;4533,310;4537,316;4542,302;4546,328;4550,314;4555,328;4559,320;4563,290;4568,304;4572,304;4576,304;4581,302;4585,322;4589,308;4594,322;4598,306;4602,320;4607,306;4611,312;4616,310;4620,296;4624,310;4629,296;4633,330;4637,314;4642,316;4646,300;4650,316;4655,314;4659,306;4663,304;4668,290;4672,304;4676,302;4681,310;4685,308;4690,322;4694,322;4698,320;4703,306;4707,298;4711,310;4716,296;4720,310;4724,296;4729,308;4733,314;4737,328;4742,314;4746,326;4750,312;4755,304;4759,318;4764,302;4768,316;4772,302;4777,314;4781,308;4785,334;4790,320;4794,334;4798,318;4803,332;4807,310;4811,294;4816,308;4820,308;4825,308;4829,312;4833,326;4838,310;4842,324;4846,310;4851,324;4855,314;4859,314;4864,312;4868,312;4872,312;4877,324;4881,316;4885,302;4890,328;4894,314;4899,328;4903,306;4907,304;4912,304;4916,304;4920,318;4925,302;4929,322;4933,322;4938,322;4942,306;4946,320;4951,306;4955,312;4959,324;4964,310;4968,310;4973,308;4977,314;4981,314;4986,314;4990,298;4994,312;4999,310;5003,316;5007,316;5012,316;5016,314;5020,300;5025,312;5029,306;5033,318;5038,304;5042,318;5047,302;5051,310;5055,308;5060,306;5064,306;5068,292;5073,304;5077,310;5081,312;5086,310;5090,294;5094,308;5099,300;5103,312;5108,312;5112,312;5116,310;5121,310;5125,314;5129,316;5134,314;5138,314;5142,312;5147,326;5151,318;5155,304;5160,316;5164,302;5168,314;5173,300;5177,334;5182,306;5186,320;5190,304;5195,318;5199,310;5203,296;5208,322;5212,308;5216,308;5221,292;5225,314;5229,312;5234,326;5238,310;5242,324;5247,308;5251,316;5256,316;5260,314;5264,314;5269,314;5273,318;5277,304;5282,316;5286,302;5290,316;5295,314;5299,320;5303,318;5308,304;5312,304;5316,304;5321,316;5325,310;5330,322;5334,320;5338,320;5343,306;5347,298;5351,310;5356,310;5360,322;5364,308;5369,308;5373,314;5377,328;5382,310;5386,324;5391,310;5395,300;5399,314;5404,300;5408,312;5412,312;5417,324;5421,302;5425,316;5430,314;5434,328;5438,312;5443,292;5447,304;5451,302;5456,302;5460,300;5465,300;5469,320;5473,320;5478,304;5482,318;5486,316;5491,316;5495,308;5499,308;5504,306;5508,292;5512,306;5517,304;5521,324;5525,310;5530,324;5534,322;5539,322;5543,314;5547,296;5552,312;5556,298;5560,310;5565,310;5569,330;5573,316;5578,328;5582,314;5586,328;5591,312;5595,304;5599,318;5604,302;5608,316;5613,316;5617,322;5621,306;5626,320;5630,306;5634,320;5639,304;5643,310;5647,310;5652,308;5656,308;5660,322;5665,320;5669,298;5674,312;5678,312;5682,312;5687,310;5691,318;5695,316;5700,302;5704,302;5708,302;5713,314;5717,320;5721,320;5726,320;5730,318;5734,304;5739,296;5743,310;5748,310;5752,322;5756,308;5761,322;5765,312;5769,328;5774,312;5778,312;5782,310;5787,326;5791,302;5795,302;5800,316;5804,300;5808,314;5813,306;5817,318;5822,304;5826,316;5830,316;5835,316;5839,308;5843,292;5848,306;5852,306;5856,304;5861,290;5865,324;5869,310;5874,308;5878,308;5882,320;5887,312;5891,296;5896,296;5900,296;5904,308;5909,294;5913,316;5917,314;5922,314;5926,312;5930,326;5935,312;5939,288;5943,302;5948,300;5952,314;5957,312;5961,318;5965,318;5970,318;5974,316;5978,330;5983,314;5987,306;5991,320;5996,304;6000,318;6004,318;6009,316;6013,308;6017,322;6022,308;6026,322;6031,306;6035,312;6039,312;6044,296;6048,310;6052,310;6057,308;6061,314;6065,328;6070,312;6074,326;6078,312;6083,326;6087,302;6091,302;6096,302;6100,314;6105,312;6109,306;6113,320;6118,318;6122,318;6126,316;6131,316;6135,308;6139,294;6144,308;6148,308;6152,306;6157,292;6161,326;6165,312;6170,324;6174,310;6179,324;6183,316;6187,300;6192,314;6196,300;6200,298;6205,298;6209,262;6213,276;6218,288;6222,288;6226,286;6231,278;6235,278;6239,276;6244,276;6248,274;6253,260;6257,294;6261,292;6266,278;6270,278;6274,262;6279,262;6283,266;6287,266;6292,266;6296,266;6300,250;6305,298;6309,284;6313,284;6318,280;6322,266;6327,280;6331,286;6335,286;6340,286;6344,284;6348,284;6353,296;6357,274;6361,274;6366,286;6370,300;6374,286;6379,262;6383,276;6388,276;6392,274;6396,260;6401,272;6405,280;6409,278;6414,292;6418,292;6422,278;6427,268;6431,266;6435,266;6440,266;6444,250;6448,278;6453,284;6457,282;6462,268;6466,266;6470,266;6475,238;6479,286;6483,272;6488,272;6492,270;6496,282;6501,288;6505,288;6509,288;6514,272;6518,272;6523,270;6527,276;6531,276;6536,274;6540,274;6544,286;6549,272;6553,278;6557,276;6562,276;6566,288;6570,288;6575,266;6579,266;6583,264;6588,264;6592,264;6597,248;\r\nBuffer sent in 0.973 secondsreturn;buffer;965\r\n'), 11:16:39
bytearray(b'received from UR: measure -> measure (0,1)\r\nSTEPPER: Moving to mstep: 6600 with speed [msteps/sec]: 1000 in StealthChop.\r\n'), 11:16:40
bytearray(b'STEPPER: Moving to mstep: 2400 with speed [msteps/sec]: 4000 in SpreadCycle.\r\n'), 11:16:44
bytearray(b'STEPPER: Moved 4200.00 msteps (ramp: 35%) in 1324.884 ms -> average speed [msteps/sec]: 3170.09\r\nreturn;measure;965\r\n'), 11:16:45
bytearray(b'received from UR: buffer -> buffer (0,1)\r\nSending buffer of size 965data;2400,306;2404,432;2408,200;2413,286;2417,314;2421,320;2426,334;2430,316;2434,332;2439,316;2443,322;2447,336;2452,320;2456,320;2460,318;2465,318;2469,324;2474,338;2478,322;2482,336;2487,320;2491,312;2495,326;2500,324;2504,324;2508,322;2513,322;2517,328;2521,328;2526,326;2530,326;2534,326;2539,324;2543,330;2548,316;2552,328;2556,328;2561,328;2565,318;2569,332;2574,314;2578,330;2582,316;2587,344;2591,334;2595,320;2600,320;2604,304;2608,318;2613,316;2617,336;2622,322;2626,336;2630,320;2635,334;2639,326;2643,324;2648,338;2652,322;2656,322;2661,308;2665,328;2669,326;2674,326;2678,324;2682,324;2687,322;2691,328;2696,328;2700,326;2704,324;2709,310;2713,330;2717,328;2722,328;2726,326;2730,326;2735,324;2739,316;2743,330;2748,316;2752,328;2757,312;2761,326;2765,318;2770,346;2774,316;2778,330;2783,314;2787,318;2791,318;2796,318;2800,332;2804,316;2809,328;2813,320;2817,334;2822,318;2826,346;2831,332;2835,324;2839,322;2844,308;2848,320;2852,320;2857,334;2861,312;2865,340;2870,324;2874,324;2878,324;2883,336;2887,328;2891,314;2896,326;2900,326;2905,326;2909,318;2913,332;2918,330;2922,330;2926,330;2931,328;2935,334;2939,320;2944,320;2948,318;2952,332;2957,318;2961,338;2965,322;2970,336;2974,322;2979,336;2983,320;2987,314;2992,326;2996,312;3000,326;3005,310;3009,332;3013,316;3018,302;3022,302;3026,316;3031,300;3035,306;3039,320;3044,306;3048,306;3053,304;3057,324;3061,310;3066,324;3070,308;3074,322;3079,308;3083,314;3087,312;3092,298;3096,312;3100,310;3105,310;3109,316;3113,316;3118,316;3122,316;3127,314;3131,306;3135,320;3140,304;3144,318;3148,304;3153,316;3157,308;3161,322;3166,306;3170,320;3174,306;3179,320;3183,326;3188,310;3192,310;3196,296;3201,310;3205,316;3209,330;3214,314;3218,328;3222,312;3227,326;3231,318;3235,318;3240,316;3244,316;3248,314;3253,306;3257,320;3262,318;3266,318;3270,304;3275,318;3279,322;3283,322;3288,322;3292,320;3296,320;3301,306;3305,326;3309,312;3314,324;3318,308;3322,322;3327,314;3331,314;3336,328;3340,312;3344,322;3349,310;3353,316;3357,316;3362,316;3366,300;3370,314;3375,312;3379,304;3383,304;3388,302;3392,302;3396,300;3401,314;3405,306;3410,318;3414,318;3418,318;3423,316;3427,308;3431,306;3436,292;3440,304;3444,304;3449,302;3453,308;3457,322;3462,320;3466,320;3471,304;3475,296;3479,308;3484,294;3488,306;3492,306;3497,304;3501,310;3505,322;3510,308;3514,308;3518,306;3523,320;3527,312;3531,312;3536,324;3540,310;3545,322;3549,314;3553,328;3558,312;3562,312;3566,312;3571,324;3575,316;3579,316;3584,330;3588,314;3592,328;3597,298;3601,332;3605,318;3610,332;3614,316;3619,330;3623,308;3627,306;3632,306;3636,304;3640,318;3645,304;3649,324;3653,322;3658,324;3662,322;3666,334;3671,320;3675,298;3679,310;3684,310;3688,310;3693,308;3697,308;3701,314;3706,314;3710,312;3714,312;3719,310;3723,302;3727,316;3732,314;3736,328;3740,314;3745,314;3749,318;3753,318;3758,318;3762,318;3767,316;3771,308;3775,308;3780,294;3784,306;3788,306;3793,306;3797,312;3801,324;3806,310;3810,310;3814,296;3819,302;3823,314;3828,314;3832,314;3836,314;3841,314;3845,306;3849,320;3854,304;3858,304;3862,304;3867,302;3871,308;3875,308;3880,308;3884,308;3888,308;3893,306;3897,314;3902,312;3906,312;3910,296;3915,312;3919,316;3923,316;3928,316;3932,302;3936,314;3941,300;3945,320;3949,318;3954,318;3958,304;3962,318;3967,310;3971,322;3976,322;3980,308;3984,320;3989,306;3993,326;3997,312;4002,326;4006,310;4010,324;4015,310;4019,302;4023,316;4028,300;4032,314;4036,314;4041,326;4045,304;4050,318;4054,304;4058,316;4063,316;4067,322;4071,322;4076,306;4080,320;4084,320;4089,318;4093,310;4097,310;4102,310;4106,322;4110,322;4115,314;4119,314;4124,300;4128,312;4132,312;4137,312;4141,318;4145,318;4150,318;4154,318;4158,316;4163,316;4167,308;4171,294;4176,306;4180,306;4184,320;4189,298;4193,312;4198,312;4202,312;4206,310;4211,310;4215,316;4219,300;4224,316;4228,316;4232,314;4237,314;4241,320;4245,306;4250,318;4254,304;4259,304;4263,310;4267,294;4272,294;4276,294;4280,306;4285,292;4289,314;4293,312;4298,312;4302,310;4306,312;4311,310;4315,288;4319,302;4324,300;4328,314;4333,286;4337,320;4341,306;4346,318;4350,304;4354,318;4359,316;4363,296;4367,322;4372,308;4376,322;4380,294;4385,320;4389,312;4394,314;4398,312;4402,326;4407,310;4411,302;4415,316;4420,314;4424,314;4428,314;4433,314;4437,318;4441,334;4446,318;4450,332;4454,316;4459,308;4463,308;4468,308;4472,308;4476,306;4481,320;4485,312;4489,326;4494,324;4498,324;4502,310;4507,324;4511,316;4515,316;4520,314;4524,300;4528,314;4533,314;4537,318;4542,318;4546,318;4550,316;4555,316;4559,322;4563,306;4568,320;4572,292;4576,304;4581,304;4585,324;4589,310;4594,324;4598,308;4602,322;4607,308;4611,300;4616,312;4620,298;4624,312;4629,310;4633,318;4637,316;4642,318;4646,316;4650,316;4655,314;4659,306;4663,304;4668,290;4672,304;4676,302;4681,308;4685,308;4690,308;4694,306;4698,306;4703,304;4707,312;4711,310;4716,296;4720,310;4724,310;4729,322;4733,300;4737,328;4742,314;4746,314;4750,312;4755,304;4759,318;4764,304;4768,316;4772,316;4777,318;4781,308;4785,322;4790,308;4794,322;4798,306;4803,334;4807,312;4811,298;4816,310;4820,294;4825,308;4829,316;4833,330;4838,314;4842,328;4846,300;4851,328;4855,318;4859,318;4864,318;4868,318;4872,316;4877,316;4881,322;4885,320;4890,320;4894,304;4899,318;4903,310;4907,310;4912,322;4916,308;4920,320;4925,306;4929,326;4933,312;4938,310;4942,310;4946,324;4951,308;4955,314;4960,314;4964,312;4968,312;4973,296;4977,318;4981,302;4986,316;4990,300;4994,314;4999,314;5003,306;5007,318;5012,304;5016,316;5020,300;5025,302;5029,320;5034,320;5038,304;5042,318;5047,316;5051,294;5055,308;5060,306;5064,306;5068,290;5073,304;5077,310;5081,310;5086,308;5090,322;5094,308;5099,302;5103,312;5108,298;5112,312;5116,312;5121,312;5125,302;5129,316;5134,316;5138,316;5142,314;5147,314;5151,320;5155,304;5160,318;5164,316;5168,330;5173,306;5177,320;5182,306;5186,320;5190,304;5195,332;5199,310;5203,294;5208,308;5212,306;5216,320;5221,306;5225,326;5229,310;5234,324;5238,308;5242,324;5247,308;5251,314;5256,314;5260,314;5264,312;5269,312;5273,318;5277,318;5282,316;5286,302;5290,316;5295,314;5299,320;5303,320;5308,318;5312,318;5316,304;5321,316;5325,308;5330,308;5334,308;5338,306;5343,306;5347,312;5351,324;5356,310;5360,310;5364,294;5369,308;5373,314;5377,328;5382,312;5386,326;5391,310;5395,288;5399,302;5404,302;5408,314;5412,300;5417,312;5421,304;5425,318;5430,302;5434,316;5438,300;5443,314;5447,306;5451,318;5456,318;5460,302;5465,316;5469,308;5473,308;5478,306;5482,306;5486,304;5491,304;5495,310;5499,308;5504,308;5508,306;5512,306;5517,306;5521,312;5526,310;5530,310;5534,308;5539,322;5543,312;5547,312;5552,326;5556,310;5560,310;5565,294;5569,330;5573,314;5578,328;5582,312;5586,326;5591,310;5595,302;5600,316;5604,300;5608,314;5613,314;5617,320;5621,304;5626,318;5630,316;5634,330;5639,316;5643,308;5647,320;5652,306;5656,320;5660,304;5665,318;5669,310;5674,310;5678,308;5682,306;5687,306;5691,312;5695,324;5700,310;5704,310;5708,294;5713,308;5717,314;5721,326;5726,312;5730,324;5734,324;5739,302;5743,302;5748,302;5752,314;5756,314;5761,312;5765,306;5769,318;5774,316;5778,332;5782,302;5787,316;5791,308;5795,306;5800,306;5804,306;5808,318;5813,296;5817,324;5822,308;5826,324;5830,308;5835,322;5839,298;5843,298;5848,310;5852,296;5856,308;5861,296;5865,316;5869,314;5874,314;5878,312;5882,312;5887,304;5891,302;5896,316;5900,302;5904,314;5909,300;5913,320;5917,304;5922,304;5926,302;5930,316;5935,314;5939,306;5943,306;5948,290;5952,304;5957,304;5961,316;5965,308;5970,322;5974,306;5978,320;5983,304;5987,296;5991,310;5996,308;6000,322;6004,306;6009,320;6013,310;6017,324;6022,308;6026,322;6031,308;6035,300;6039,312;6044,312;6048,310;6052,310;6057,322;6061,300;6065,314;6070,312;6074,312;6078,296;6083,302;6087,316;6091,316;6096,314;6100,314;6105,312;6109,318;6113,318;6118,316;6122,316;6126,300;6131,328;6135,306;6139,320;6144,318;6148,304;6152,316;6157,300;6161,320;6166,306;6170,318;6174,304;6179,316;6183,322;6187,294;6192,306;6196,306;6200,304;6205,290;6209,294;6213,280;6218,280;6222,278;6226,278;6231,284;6235,282;6240,282;6244,282;6248,280;6253,280;6257,272;6261,284;6266,298;6270,282;6274,282;6279,282;6283,288;6287,286;6292,270;6296,270;6300,270;6305,276;6309,288;6314,288;6318,286;6322,286;6327,284;6331,276;6335,290;6340,260;6344,274;6348,272;6353,272;6357,292;6361,292;6366,290;6370,288;6374,288;6379,266;6383,278;6388,264;6392,276;6396,276;6401,276;6405,282;6409,296;6414,282;6418,280;6422,280;6427,272;6431,270;6435,256;6440,284;6444,284;6448,282;6453,274;6457,260;6462,272;6466,242;6470,284;6475,284;6479,276;6483,276;6488,276;6492,260;6496,274;6501,280;6505,266;6509,278;6514,264;6518,278;6523,290;6527,284;6531,282;6536,294;6540,280;6544,280;6549,250;6553,300;6557,284;6562,284;6566,284;6570,268;6575,288;6579,288;6583,286;6588,272;6592,272;6597,270;\r\nBuffer sent in 0.973 secondsreturn;buffer;965\r\n'), 11:16:47
bytearray(b'received from UR: measure -> measure (0,1)\r\nSTEPPER: Moving to mstep: 6600 with speed [msteps/sec]: 1000 in StealthChop.\r\n'), 11:16:48
bytearray(b'STEPPER: Moving to mstep: 2400 with speed [msteps/sec]: 4000 in SpreadCycle.\r\n'), 11:16:52
bytearray(b'STEPPER: Moved 4200.00 msteps (ramp: 35%) in 1324.888 ms -> average speed [msteps/sec]: 3170.08\r\nreturn;measure;965\r\n'), 11:16:54
bytearray(b'received from UR: buffer -> buffer (0,1)\r\nSending buffer of size 965data;2400,294;2404,458;2408,170;2413,270;2417,312;2421,318;2426,332;2430,316;2434,330;2439,330;2443,322;2447,320;2452,320;2456,320;2460,320;2465,332;2469,324;2474,338;2478,322;2482,324;2487,322;2491,328;2495,328;2500,326;2504,326;2508,312;2513,324;2517,330;2521,330;2526,316;2530,330;2534,314;2539,328;2543,336;2548,320;2552,320;2556,304;2561,318;2565,322;2569,338;2574,324;2578,338;2582,322;2587,336;2591,328;2595,312;2600,326;2604,312;2608,326;2613,310;2617,332;2622,316;2626,330;2630,328;2635,330;2639,322;2643,320;2648,320;2652,318;2656,332;2661,318;2665,338;2669,324;2674,338;2678,322;2683,336;2687,314;2691,328;2696,328;2700,326;2704,326;2709,312;2713,330;2717,332;2722,330;2726,316;2730,330;2735,328;2739,320;2743,334;2748,318;2752,332;2757,318;2761,332;2765,324;2770,338;2774,322;2778,336;2783,320;2787,328;2791,340;2796,326;2800,326;2804,310;2809,324;2813,330;2817,330;2822,328;2826,330;2831,314;2835,320;2839,332;2844,318;2848,318;2852,316;2857,316;2861,322;2865,336;2870,320;2874,334;2878,320;2883,334;2887,326;2891,324;2896,324;2900,310;2905,322;2909,316;2913,342;2918,328;2922,328;2926,326;2931,326;2935,318;2939,316;2944,330;2948,316;2952,330;2957,316;2961,334;2965,320;2970,334;2974,332;2979,332;2983,324;2987,324;2992,338;2996,322;3000,322;3005,306;3009,328;3013,312;3018,326;3022,310;3026,310;3031,310;3035,302;3039,300;3044,300;3048,312;3053,312;3057,320;3061,304;3066,318;3070,316;3074,316;3079,316;3083,308;3087,308;3092,294;3096,306;3100,308;3105,306;3109,312;3113,326;3118,312;3122,324;3127,310;3131,302;3135,316;3140,314;3144,314;3148,300;3153,312;3157,318;3161,320;3166,318;3170,332;3174,316;3179,308;3183,322;3188,306;3192,320;3196,306;3201,318;3205,326;3209,310;3214,310;3218,324;3222,308;3227,322;3231,328;3235,314;3240,328;3244,312;3248,312;3253,326;3257,332;3262,302;3266,316;3270,316;3275,316;3279,322;3283,322;3288,320;3292,306;3296,320;3301,320;3305,326;3309,310;3314,324;3318,308;3322,322;3327,322;3331,314;3336,314;3340,298;3344,312;3349,312;3353,316;3357,316;3362,316;3366,316;3370,316;3375,314;3379,306;3383,320;3388,306;3392,320;3397,304;3401,318;3405,310;3410,310;3414,294;3418,322;3423,308;3427,300;3431,314;3436,312;3440,312;3444,298;3449,310;3453,302;3457,316;3462,300;3466,314;3471,300;3475,308;3479,320;3484,304;3488,318;3492,302;3497,302;3501,308;3505,308;3510,306;3514,320;3518,318;3523,318;3527,310;3531,294;3536,308;3540,294;3545,308;3549,312;3553,326;3558,312;3562,326;3566,310;3571,324;3575,330;3579,314;3584,314;3588,300;3592,312;3597,298;3601,332;3605,316;3610,330;3614,314;3619,328;3623,306;3627,306;3632,318;3636,318;3640,316;3645,316;3649,322;3653,320;3658,334;3662,320;3666,332;3671,316;3675,310;3679,322;3684,322;3688,320;3693,306;3697,324;3701,312;3706,324;3710,310;3714,322;3719,308;3723,300;3727,312;3732,312;3736,326;3740,310;3745,324;3749,316;3754,328;3758,314;3762,326;3767,312;3771,302;3775,316;3780,302;3784,314;3788,300;3793,312;3797,304;3801,318;3806,302;3810,316;3814,300;3819,314;3823,318;3828,304;3832,318;3836,302;3841,302;3845,308;3849,306;3854,292;3858,320;3862,304;3867,318;3871,310;3875,308;3880,308;3884,308;3888,306;3893,312;3897,312;3902,310;3906,310;3910,296;3915,308;3919,314;3923,314;3928,326;3932,312;3936,310;3941,296;3945,316;3949,314;3954,314;3958,312;3962,326;3967,318;3971,302;3976,316;3980,316;3984,328;3989,314;3993,320;3997,318;4002,320;4006,318;4010,332;4015,316;4019,308;4023,320;4028,306;4032,304;4037,304;4041,316;4045,308;4050,336;4054,320;4058,334;4063,318;4067,310;4071,310;4076,308;4080,308;4084,308;4089,320;4093,312;4097,326;4102,324;4106,324;4111,310;4115,314;4119,326;4124,312;4128,312;4132,296;4137,310;4141,316;4145,314;4150,300;4154,314;4158,312;4163,326;4167,304;4171,302;4176,302;4180,300;4185,314;4189,306;4193,320;4198,318;4202,318;4206,316;4211,330;4215,306;4219,292;4224,304;4228,304;4232,302;4237,302;4241,322;4245,308;4250,320;4254,304;4259,318;4263,310;4267,294;4272,294;4276,294;4280,306;4285,292;4289,312;4293,310;4298,310;4302,308;4306,320;4311,320;4315,296;4320,310;4324,294;4328,308;4333,292;4337,314;4341,312;4346,310;4350,310;4354,322;4359,308;4363,314;4367,326;4372,312;4376,312;4380,296;4385,310;4389,314;4394,328;4398,312;4402,326;4407,310;4411,302;4415,314;4420,300;4424,314;4428,312;4433,324;4437,302;4441,328;4446,314;4450,326;4454,312;4459,302;4463,314;4468,312;4472,312;4476,298;4481,310;4485,316;4489,316;4494,314;4498,314;4502,312;4507,326;4511,318;4515,316;4520,316;4524,300;4528,312;4533,312;4537,318;4542,316;4546,318;4550,316;4555,328;4559,306;4563,304;4568,316;4572,302;4576,302;4581,314;4585,320;4589,304;4594,318;4598,302;4602,316;4607,314;4611,306;4616,320;4620,304;4624,316;4629,316;4633,308;4637,306;4642,306;4646,304;4650,318;4655,302;4659,308;4663,308;4668,306;4672,304;4676,318;4681,310;4685,294;4690,308;4694,308;4698,320;4703,318;4707,296;4711,310;4716,308;4720,322;4724,308;4729,320;4733,312;4737,326;4742,310;4746,324;4751,308;4755,314;4759,314;4764,300;4768,312;4772,312;4777,312;4781,316;4785,330;4790,316;4794,328;4798,300;4803,326;4807,318;4811,318;4816,316;4820,316;4825,316;4829,306;4833,320;4838,318;4842,318;4846,302;4851,316;4855,308;4859,320;4864,320;4868,318;4872,318;4877,304;4881,322;4886,322;4890,320;4894,306;4899,318;4903,310;4907,310;4912,308;4916,308;4920,306;4925,306;4929,312;4933,310;4938,324;4942,308;4946,322;4951,320;4955,312;4960,326;4964,298;4968,310;4973,310;4977,316;4981,300;4986,314;4990,312;4994,312;4999,312;5003,302;5007,316;5012,300;5016,300;5020,298;5025,310;5029,304;5034,318;5038,302;5042,316;5047,300;5051,320;5055,320;5060,306;5064,304;5068,306;5073,304;5077,310;5081,308;5086,294;5090,308;5094,306;5099,306;5103,310;5108,310;5112,310;5116,308;5121,306;5125,312;5129,312;5134,298;5138,310;5142,310;5147,322;5151,314;5155,312;5160,312;5164,296;5168,310;5173,308;5177,330;5182,314;5186,312;5190,312;5195,326;5199,318;5203,316;5208,328;5212,314;5216,312;5221,296;5225,318;5229,316;5234,330;5238,312;5242,328;5247,298;5251,304;5256,318;5260,316;5264,316;5269,314;5273,308;5277,306;5282,318;5286,318;5290,318;5295,302;5299,308;5303,308;5308,320;5312,320;5317,318;5321,312;5325,310;5330,322;5334,310;5338,308;5343,306;5347,298;5351,312;5356,298;5360,310;5364,294;5369,308;5373,314;5377,326;5382,310;5386,324;5391,308;5395,300;5399,300;5404,298;5408,312;5412,296;5417,310;5421,316;5425,316;5430,314;5434,326;5438,312;5443,302;5447,302;5451,300;5456,300;5460,298;5465,298;5469,318;5473,316;5478,316;5482,314;5486,314;5491,314;5495,304;5499,304;5504,302;5508,288;5512,300;5517,300;5521,306;5526,304;5530,318;5534,316;5539,316;5543,320;5547,306;5552,318;5556,304;5560,316;5565,316;5569,322;5573,306;5578,320;5582,304;5586,318;5591,304;5595,310;5600,322;5604,308;5608,320;5613,320;5617,326;5621,296;5626,322;5630,308;5634,322;5639,306;5643,312;5647,310;5652,310;5656,308;5660,322;5665,322;5669,298;5674,326;5678,310;5682,324;5687,308;5691,314;5695,314;5700,298;5704,310;5708,312;5713,324;5717,302;5721,314;5726,314;5730,326;5734,312;5739,290;5743,316;5748,302;5752,314;5756,298;5761,312;5765,318;5769,318;5774,316;5778,330;5782,314;5787,328;5791,306;5795,304;5800,318;5804,302;5808,316;5813,308;5817,320;5822,306;5826,318;5830,302;5835,304;5839,308;5843,308;5848,306;5852,306;5856,318;5861,304;5865,310;5869,308;5874,308;5878,294;5883,308;5887,298;5891,312;5896,312;5900,310;5904,310;5909,296;5913,316;5917,314;5922,314;5926,312;5930,324;5935,310;5939,302;5943,314;5948,300;5952,314;5957,298;5961,320;5965,304;5970,316;5974,302;5978,316;5983,314;5987,292;5991,318;5996,304;6000,318;6004,302;6009,314;6013,308;6017,322;6022,320;6026,320;6031,304;6035,310;6039,310;6044,308;6048,308;6052,306;6057,306;6061,312;6065,324;6070,310;6074,324;6078,322;6083,300;6087,300;6092,312;6096,310;6100,296;6105,308;6109,314;6113,314;6118,312;6122,326;6126,312;6131,324;6135,302;6139,300;6144,312;6148,298;6152,312;6157,296;6161,316;6166,316;6170,316;6174,312;6179,326;6183,304;6187,302;6192,302;6196,286;6200,286;6205,284;6209,290;6213,288;6218,302;6222,284;6226,286;6231,276;6235,276;6240,274;6244,272;6248,272;6253,272;6257,276;6261,290;6266,290;6270,288;6274,288;6279,272;6283,278;6287,290;6292,262;6296,276;6300,274;6305,268;6309,280;6314,294;6318,292;6322,278;6327,276;6331,268;6335,282;6340,266;6344,280;6348,264;6353,278;6357,284;6361,284;6366,284;6370,296;6375,282;6379,260;6383,272;6388,272;6392,272;6396,270;6401,270;6405,276;6409,276;6414,288;6418,288;6422,288;6427,280;6431,280;6435,292;6440,276;6444,276;6449,276;6453,282;6457,266;6462,280;6466,294;6470,292;6475,270;6479,270;6483,268;6488,268;6492,282;6496,266;6501,286;6505,286;6509,286;6514,270;6518,284;6523,284;6527,274;6531,260;6536,274;6540,274;6544,272;6549,244;6553,292;6557,278;6562,278;6566,274;6570,262;6575,296;6579,280;6583,280;6588,266;6592,278;6597,278;\r\nBuffer sent in 0.973 secondsreturn;buffer;965\r\n'), 11:16:56
bytearray(b'received from UR: home -> home (0,1)\r\nSTEPPER: Moving to mstep: 0 with speed [msteps/sec]: 4000 in SpreadCycle.\r\n'), 11:16:57
bytearray(b'STEPPER: Moved 2400.00 msteps (ramp: 35%) in 813.416 ms -> average speed [msteps/sec]: 2950.52\r\nreturn;home;1\r\n'), 11:16:58
