bytearray(b'received from UR: home -> home (0,1)\r\nreturn;home;1\r\n'), 11:07:22
bytearray(b'STEPPER: Moving to mstep: 2400 with speed [msteps/sec]: 4000 in SpreadCycle.\r\n'), 11:07:31
bytearray(b'STEPPER: Moved 2400.00 msteps (ramp: 35%) in 812.836 ms -> average speed [msteps/sec]: 2952.63\r\n'), 11:07:32
bytearray(b'received from UR: status -> status (0,1)\r\n*** STATUS ***\r\nid        :         3 -\r\nstep      :      2400 steps\r\nspeed     :      1500 msteps/s\r\nmspeed    :      1000 msteps/s\r\nsg-thrs   :        80 -\r\ndefault   :     12000 \xc2\xb5m\r\ndispense  :     30350 \xc2\xb5m\r\nblowout   :     33000 \xc2\xb5m\r\nd-offset  :        20 \xc2\xb5m\r\nur0       :         0 -\r\nur1       :         1 -\r\nhomed     :         1 -\r\nreturn;status;2400\r\n'), 11:07:34
bytearray(b'received from UR: measure -> measure (0,1)\r\nSTEPPER: Moving to mstep: 6600 with speed [msteps/sec]: 1000 in StealthChop.\r\n'), 11:07:35
bytearray(b'STEPPER: Moving to mstep: 2400 with speed [msteps/sec]: 4000 in SpreadCycle.\r\n'), 11:07:39
bytearray(b'STEPPER: Moved 4200.00 msteps (ramp: 35%) in 1324.888 ms -> average speed [msteps/sec]: 3170.08\r\nreturn;measure;965\r\n'), 11:07:41
bytearray(b'received from UR: buffer -> buffer (0,1)\r\nSending buffer of size 965data;2400,126;2404,468;2408,164;2413,276;2417,306;2421,326;2426,340;2430,324;2434,338;2439,324;2443,316;2447,330;2452,316;2456,316;2460,314;2465,328;2469,320;2474,334;2478,320;2482,334;2487,318;2491,324;2495,324;2500,324;2504,324;2508,322;2513,336;2517,328;2521,328;2526,326;2530,340;2534,326;2539,316;2543,330;2548,316;2552,330;2556,314;2561,326;2565,320;2569,332;2574,318;2578,332;2582,318;2587,330;2591,324;2595,322;2600,336;2604,320;2609,320;2613,304;2617,338;2622,322;2626,338;2630,322;2635,336;2639,326;2643,326;2648,326;2652,310;2656,324;2661,322;2665,328;2669,314;2674,326;2678,326;2683,324;2687,316;2691,316;2696,330;2700,314;2704,328;2709,312;2713,320;2717,318;2722,330;2726,316;2730,330;2735,328;2739,306;2743,320;2748,306;2752,332;2757,318;2761,330;2765,322;2770,334;2774,320;2778,334;2783,318;2787,324;2791,324;2796,308;2800,336;2804,322;2809,334;2813,326;2817,340;2822,324;2826,338;2831,322;2835,338;2839,328;2844,314;2848,312;2852,312;2857,326;2861,318;2865,344;2870,328;2874,342;2878,326;2883,328;2887,332;2891,316;2896,330;2900,316;2905,328;2909,320;2913,334;2918,318;2922,332;2926,332;2931,330;2935,336;2939,322;2944,334;2948,320;2952,320;2957,304;2961,338;2965,324;2970,338;2974,322;2979,322;2983,308;2987,312;2992,326;2996,310;3000,310;3005,296;3009,330;3013,314;3018,328;3022,314;3026,326;3031,304;3035,302;3040,316;3044,300;3048,314;3053,300;3057,318;3061,318;3066,316;3070,316;3074,314;3079,314;3083,306;3087,304;3092,302;3096,316;3100,302;3105,316;3109,322;3114,320;3118,306;3122,318;3127,318;3131,310;3135,322;3140,294;3144,306;3148,304;3153,318;3157,312;3161,324;3166,310;3170,324;3174,322;3179,298;3183,326;3188,312;3192,324;3196,310;3201,324;3205,314;3209,328;3214,314;3218,326;3222,312;3227,326;3231,330;3235,330;3240,314;3244,314;3248,314;3253,314;3257,332;3262,318;3266,332;3270,316;3275,330;3279,322;3283,320;3288,320;3292,320;3296,318;3301,318;3305,324;3309,322;3314,322;3318,322;3322,322;3327,320;3331,312;3336,312;3340,296;3344,322;3349,308;3353,328;3357,314;3362,326;3366,312;3370,326;3375,310;3379,302;3383,316;3388,300;3392,314;3396,298;3401,312;3405,318;3410,332;3414,316;3418,330;3423,314;3427,308;3431,320;3436,306;3440,318;3444,318;3449,318;3453,308;3457,324;3462,308;3466,322;3470,306;3475,314;3479,312;3484,298;3488,312;3492,298;3497,310;3501,316;3505,316;3510,316;3514,330;3518,314;3523,328;3527,320;3531,306;3536,318;3540,304;3545,318;3549,310;3553,324;3558,308;3562,322;3566,322;3571,322;3575,326;3579,312;3584,326;3588,312;3592,324;3597,296;3601,330;3605,316;3610,328;3614,314;3619,328;3623,320;3627,306;3632,318;3636,318;3640,318;3645,302;3649,322;3653,308;3658,322;3662,320;3666,334;3671,320;3675,326;3679,312;3684,310;3688,324;3693,310;3697,316;3701,314;3706,314;3710,312;3714,326;3719,312;3723,318;3727,318;3732,316;3736,328;3740,314;3745,328;3749,318;3754,318;3758,318;3762,318;3767,316;3771,322;3775,322;3780,306;3784,320;3788,304;3793,332;3797,308;3801,310;3806,308;3810,322;3814,306;3819,320;3823,312;3828,298;3832,310;3836,310;3841,308;3845,314;3849,330;3854,312;3858,326;3862,312;3867,312;3871,316;3875,316;3880,316;3884,300;3888,314;3893,306;3897,318;3902,318;3906,316;3910,316;3915,316;3919,320;3923,306;3928,318;3932,290;3936,318;3941,302;3945,324;3949,320;3954,320;3958,306;3962,320;3967,318;3971,324;3976,324;3980,308;3984,322;3989,320;3993,326;3997,312;4002,326;4006,310;4010,324;4015,308;4019,314;4023,328;4028,312;4032,326;4036,310;4041,324;4045,316;4050,316;4054,314;4058,328;4063,312;4067,304;4071,318;4076,316;4080,316;4084,316;4089,316;4093,320;4097,334;4102,318;4106,320;4111,318;4115,318;4119,322;4124,308;4128,322;4132,308;4137,322;4141,312;4145,326;4150,312;4154,326;4158,310;4163,324;4167,316;4171,302;4176,316;4180,300;4185,312;4189,320;4193,320;4198,318;4202,318;4206,316;4211,330;4215,308;4219,306;4224,320;4228,306;4232,318;4237,304;4241,324;4245,308;4250,308;4254,306;4259,320;4263,312;4267,298;4272,310;4276,310;4280,310;4285,308;4289,314;4293,314;4298,312;4302,312;4306,312;4311,302;4315,302;4320,316;4324,300;4328,328;4333,300;4337,320;4341,318;4346,318;4350,316;4354,316;4359,314;4363,306;4367,320;4372,306;4376,332;4380,304;4385,316;4389,308;4394,334;4398,320;4402,334;4407,318;4411,310;4415,324;4420,308;4424,322;4428,322;4433,320;4437,312;4441,326;4446,312;4450,324;4454,310;4459,324;4463,316;4468,314;4472,328;4476,312;4481,326;4485,318;4489,330;4494,316;4498,316;4502,314;4507,314;4511,320;4515,318;4520,332;4524,318;4528,316;4533,308;4537,322;4542,320;4546,320;4550,320;4555,320;4559,324;4563,310;4568,324;4572,308;4576,322;4581,306;4585,326;4589,312;4594,326;4598,310;4602,324;4607,324;4611,302;4616,314;4620,300;4624,314;4629,298;4633,332;4637,318;4642,332;4646,316;4650,316;4655,314;4659,306;4663,320;4668,306;4672,304;4676,304;4681,318;4685,308;4690,322;4694,308;4698,322;4703,308;4707,298;4711,312;4716,296;4720,310;4724,296;4729,308;4733,314;4737,328;4742,314;4746,326;4751,326;4755,304;4759,318;4764,302;4768,330;4772,314;4777,328;4781,306;4785,320;4790,318;4794,334;4798,318;4803,332;4807,324;4811,296;4816,322;4820,308;4825,322;4829,314;4833,328;4838,312;4842,326;4846,310;4851,324;4855,330;4859,328;4864,314;4868,314;4872,326;4877,312;4881,318;4885,318;4890,318;4894,316;4899,330;4903,322;4907,308;4912,320;4916,306;4920,318;4925,306;4929,326;4933,312;4938,324;4942,310;4946,324;4951,322;4955,300;4959,314;4964,298;4968,326;4973,312;4977,318;4981,304;4986,318;4990,316;4994,318;4999,314;5003,304;5007,306;5012,292;5016,318;5020,304;5025,318;5029,310;5033,322;5038,308;5042,322;5047,306;5051,300;5055,312;5060,310;5064,324;5068,324;5073,308;5077,314;5081,314;5086,312;5090,312;5094,312;5099,326;5103,316;5107,316;5112,316;5116,300;5121,314;5125,320;5129,320;5134,318;5138,318;5142,318;5147,330;5151,322;5155,308;5160,322;5164,320;5168,334;5173,306;5177,326;5181,310;5186,338;5190,322;5195,308;5199,314;5203,312;5208,312;5212,312;5216,324;5221,324;5225,330;5229,314;5234,328;5238,314;5242,328;5247,312;5251,318;5256,318;5260,316;5264,316;5269,314;5273,320;5277,318;5282,320;5286,318;5290,318;5295,316;5299,308;5303,322;5308,308;5312,320;5316,306;5321,318;5325,310;5330,324;5334,308;5338,322;5343,320;5347,298;5351,312;5356,296;5360,310;5364,296;5369,310;5373,314;5377,328;5382,314;5386,326;5391,312;5395,304;5399,316;5404,302;5408,314;5412,314;5417,326;5421,318;5425,318;5430,316;5434,316;5438,314;5443,314;5447,306;5451,304;5456,318;5460,316;5465,330;5469,306;5473,306;5478,306;5482,318;5486,316;5491,316;5495,308;5499,306;5504,320;5508,304;5512,318;5517,304;5521,322;5525,308;5530,320;5534,320;5539,320;5543,312;5547,296;5552,312;5556,308;5560,322;5565,308;5569,326;5573,312;5578,326;5582,312;5586,324;5591,310;5595,302;5599,314;5604,300;5608,314;5613,312;5617,326;5621,316;5626,330;5630,316;5634,330;5639,314;5643,306;5647,320;5652,318;5656,318;5660,318;5665,316;5669,308;5673,322;5678,308;5682,320;5687,320;5691,312;5695,324;5700,310;5704,310;5708,308;5713,322;5717,314;5721,328;5726,312;5730,312;5734,310;5739,310;5743,316;5747,316;5752,328;5756,314;5761,314;5765,304;5769,320;5774,304;5778,318;5782,302;5787,316;5791,322;5795,308;5800,322;5804,320;5808,320;5813,306;5817,326;5822,310;5826,310;5830,310;5835,310;5839,316;5843,314;5848,314;5852,312;5856,312;5861,310;5865,316;5869,316;5874,316;5878,300;5882,314;5887,312;5891,306;5896,318;5900,304;5904,304;5909,302;5913,324;5917,308;5922,308;5926,308;5930,320;5935,320;5939,298;5943,312;5948,296;5952,312;5956,310;5961,322;5965,314;5970,328;5974,300;5978,326;5983,312;5987,316;5991,318;5996,302;6000,316;6004,302;6009,316;6013,308;6017,322;6022,306;6026,322;6031,306;6035,312;6039,326;6044,312;6048,310;6052,310;6057,310;6061,316;6065,316;6070,314;6074,326;6078,312;6083,312;6087,318;6091,318;6096,330;6100,318;6105,316;6109,308;6113,322;6118,308;6122,322;6126,320;6131,320;6135,312;6139,298;6144,312;6148,298;6152,310;6157,296;6161,330;6165,316;6170,328;6174,314;6179,314;6183,306;6187,290;6192,304;6196,290;6200,302;6205,288;6209,280;6213,294;6218,306;6222,292;6226,304;6231,282;6235,282;6239,280;6244,266;6248,294;6253,294;6257,286;6261,286;6266,270;6270,284;6274,284;6279,282;6283,274;6287,274;6292,274;6296,286;6300,272;6305,278;6309,292;6313,276;6318,290;6322,290;6327,288;6331,280;6335,294;6340,280;6344,292;6348,280;6353,292;6357,284;6361,284;6366,282;6370,296;6374,296;6379,274;6383,272;6387,286;6392,300;6396,286;6401,284;6405,276;6409,288;6414,274;6418,260;6422,288;6427,302;6431,278;6435,292;6440,276;6444,290;6448,274;6453,296;6457,296;6462,294;6466,294;6470,294;6475,278;6479,270;6483,270;6488,284;6492,282;6496,282;6501,282;6505,288;6509,288;6514,258;6518,286;6522,286;6527,292;6531,278;6536,290;6540,290;6544,288;6549,274;6553,266;6557,292;6562,292;6566,292;6570,292;6575,282;6579,268;6583,282;6588,268;6592,266;6596,266;\r\nBuffer sent in 0.973 secondsreturn;buffer;965\r\n'), 11:07:43
bytearray(b'received from UR: measure -> measure (0,1)\r\nSTEPPER: Moving to mstep: 6600 with speed [msteps/sec]: 1000 in StealthChop.\r\n'), 11:07:44
bytearray(b'STEPPER: Moving to mstep: 2400 with speed [msteps/sec]: 4000 in SpreadCycle.\r\n'), 11:07:48
bytearray(b'STEPPER: Moved 4200.00 msteps (ramp: 35%) in 1324.892 ms -> average speed [msteps/sec]: 3170.07\r\nreturn;measure;964\r\n'), 11:07:49
bytearray(b'received from UR: buffer -> buffer (0,1)\r\nSending buffer of size 964data;2400,304;2404,474;2408,142;2413,272;2417,314;2421,320;2426,334;2430,318;2434,332;2439,318;2443,324;2447,338;2452,324;2456,322;2460,322;2465,322;2469,328;2473,328;2478,314;2482,326;2487,326;2491,318;2495,332;2500,332;2504,318;2508,318;2513,330;2517,322;2521,336;2526,322;2530,322;2534,320;2539,334;2543,326;2548,312;2552,326;2556,312;2561,326;2565,318;2569,332;2574,316;2578,330;2582,314;2587,330;2591,336;2595,320;2600,320;2604,306;2608,320;2613,304;2617,340;2622,324;2626,338;2630,322;2635,336;2639,328;2643,314;2648,326;2652,326;2656,326;2661,312;2665,332;2669,330;2674,330;2678,328;2682,330;2687,314;2691,320;2696,334;2700,320;2704,318;2709,304;2713,318;2717,324;2722,338;2726,336;2730,336;2735,322;2739,314;2743,328;2748,312;2752,340;2756,310;2761,324;2765,330;2770,330;2774,314;2778,342;2783,314;2787,320;2791,332;2796,304;2800,332;2804,318;2809,330;2813,324;2817,322;2826,336;2830,320;2835,334;2839,340;2843,326;2848,324;2852,324;2857,324;2861,316;2865,328;2870,314;2874,328;2878,326;2883,328;2887,332;2891,328;2896,330;2900,316;2904,328;2909,314;2913,334;2918,332;2922,332;2926,318;2931,332;2935,324;2939,322;2944,336;2948,320;2952,320;2957,320;2961,340;2965,324;2970,324;2974,324;2978,338;2983,322;2987,300;2992,314;2996,314;3000,312;3005,312;3009,320;3013,306;3018,318;3022,304;3026,318;3031,316;3035,308;3039,308;3044,308;3048,322;3052,306;3057,320;3061,312;3066,312;3070,310;3074,312;3079,310;3083,304;3087,318;3092,316;3096,316;3100,316;3105,316;3109,322;3113,322;3118,320;3122,320;3127,318;3131,296;3135,310;3140,296;3144,322;3148,308;3153,322;3157,314;3161,328;3166,312;3170,326;3174,312;3179,326;3183,318;3187,316;3192,330;3196,314;3201,328;3205,318;3209,334;3214,318;3218,332;3222,316;3227,330;3231,322;3235,322;3240,320;3244,306;3248,318;3253,304;3257,338;3261,324;3266,336;3270,322;3275,322;3279,314;3283,312;3288,324;3292,324;3296,324;3301,310;3305,330;3309,314;3314,328;3318,314;3322,314;3327,312;3331,318;3335,320;3340,304;3344,316;3349,302;3353,316;3357,308;3362,322;3366,320;3370,320;3375,318;3379,296;3383,310;3388,308;3392,322;3396,308;3401,320;3405,312;3409,326;3414,312;3418,324;3423,324;3427,302;3431,316;3436,314;3440,314;3444,312;3449,326;3453,304;3457,318;3462,302;3466,316;3470,302;3475,316;3479,320;3483,306;3488,320;3492,306;3497,318;3501,310;3505,310;3510,308;3514,322;3518,308;3523,320;3527,312;3531,312;3536,326;3540,310;3544,310;3549,308;3553,330;3557,314;3562,328;3566,312;3571,326;3575,318;3579,316;3584,330;3588,300;3592,314;3597,314;3601,320;3605,318;3610,332;3614,316;3618,330;3623,314;3627,320;3632,320;3636,304;3640,318;3645,302;3649,338;3653,322;3658,334;3662,318;3666,334;3671,318;3675,310;3679,322;3684,322;3688,322;3692,320;3697,320;3701,312;3706,326;3710,310;3714,324;3719,308;3723,314;3727,328;3732,312;3736,312;3740,310;3745,324;3749,316;3753,328;3758,314;3762,326;3766,312;3771,304;3775,318;3780,302;3784,316;3788,302;3793,316;3797,308;3801,322;3806,306;3810,320;3814,304;3819,318;3823,322;3827,308;3832,308;3836,308;3840,306;3845,312;3849,326;3854,310;3858,324;3862,308;3867,322;3871,312;3875,298;3880,312;3884,310;3888,310;3893,310;3897,314;3901,314;3906,314;3910,312;3914,312;3919,310;3923,302;3928,316;3932,302;3936,328;3941,300;3945,320;3949,318;3954,318;3958,316;3962,330;3967,314;3971,306;3975,320;3980,304;3984,316;3988,316;3993,330;3997,322;4002,322;4006,320;4010,334;4015,318;4019,310;4023,324;4028,308;4032,322;4036,308;4041,334;4045,312;4049,326;4054,310;4058,324;4062,308;4067,322;4071,314;4076,312;4080,326;4084,312;4089,324;4093,316;4097,314;4102,314;4106,328;4110,312;4115,326;4119,318;4123,302;4128,316;4132,314;4137,314;4141,320;4145,320;4150,318;4154,318;4158,316;4163,318;4167,308;4171,292;4176,320;4180,304;4184,318;4189,304;4193,324;4198,308;4202,322;4206,306;4211,320;4215,326;4219,312;4224,310;4228,308;4232,308;4237,308;4241,328;4245,312;4250,326;4254,310;4258,324;4263,310;4267,300;4272,314;4276,298;4280,312;4285,296;4289,316;4293,314;4298,314;4302,314;4306,314;4311,312;4315,304;4319,318;4324,302;4328,316;4332,300;4337,314;4341,306;4346,320;4350,320;4354,320;4359,318;4363,296;4367,322;4372,308;4376,322;4380,320;4385,334;4389,310;4393,324;4398,310;4402,324;4406,308;4411,320;4415,326;4420,312;4424,326;4428,324;4433,320;4437,314;4441,328;4446,312;4450,326;4454,310;4459,324;4463,316;4467,316;4472,328;4476,328;4480,314;4485,312;4489,318;4494,316;4498,330;4502,316;4507,328;4511,320;4515,320;4520,332;4524,318;4528,318;4533,304;4537,322;4541,308;4546,322;4550,308;4554,322;4559,320;4563,298;4568,324;4572,310;4576,324;4581,322;4585,314;4589,314;4594,328;4598,312;4602,326;4607,312;4611,304;4615,318;4620,316;4624,330;4629,316;4633,314;4637,306;4642,320;4646,304;4650,318;4655,304;4659,310;4663,322;4668,308;4672,308;4676,306;4681,306;4685,312;4689,312;4694,310;4698,310;4703,310;4707,302;4711,314;4716,314;4720,326;4724,298;4729,326;4733,316;4737,318;4742,316;4746,330;4750,312;4755,328;4759,320;4764,304;4768,320;4772,304;4777,318;4781,308;4785,324;4790,308;4794,322;4798,306;4803,320;4807,326;4811,312;4816,324;4820,310;4824,324;4829,308;4833,330;4838,314;4842,328;4846,312;4851,326;4855,318;4859,318;4864,330;4868,318;4872,316;4877,314;4881,322;4885,320;4890,334;4894,318;4898,320;4903,318;4907,310;4912,322;4916,308;4920,322;4925,306;4929,326;4933,312;4938,326;4942,312;4946,324;4951,310;4955,302;4959,314;4964,314;4968,312;4972,298;4977,312;4981,318;4986,316;4990,316;4994,316;4999,314;5003,306;5007,320;5012,304;5016,318;5020,318;5025,316;5029,308;5033,322;5038,306;5042,320;5046,306;5051,320;5055,324;5060,310;5064,310;5068,308;5073,322;5077,300;5081,314;5086,312;5090,312;5094,312;5099,310;5103,302;5107,302;5112,316;5116,300;5120,314;5125,312;5129,318;5134,304;5138,316;5142,316;5147,316;5151,322;5155,306;5160,320;5164,304;5168,318;5173,304;5177,336;5181,322;5186,336;5190,322;5195,334;5199,314;5203,312;5208,326;5212,312;5216,324;5221,310;5225,330;5229,314;5234,328;5238,314;5242,328;5247,312;5251,304;5255,316;5260,302;5264,316;5269,314;5273,322;5277,320;5282,320;5286,318;5290,332;5295,316;5299,322;5303,322;5308,308;5312,308;5316,306;5321,320;5325,312;5329,324;5334,310;5338,322;5343,308;5347,314;5351,314;5356,312;5360,326;5364,310;5369,324;5373,302;5377,316;5382,314;5386,328;5390,312;5395,312;5399,318;5404,304;5408,316;5412,302;5417,326;5421,306;5425,320;5430,306;5434,320;5438,304;5443,318;5447,310;5451,310;5456,310;5460,308;5464,322;5469,300;5473,314;5478,312;5482,312;5486,312;5491,310;5495,304;5499,302;5504,316;5508,302;5512,314;5517,300;5521,318;5525,318;5530,318;5534,316;5538,316;5543,316;5547,308;5552,320;5556,320;5560,318;5565,304;5569,324;5573,310;5578,338;5582,322;5586,308;5591,306;5595,312;5599,310;5604,310;5608,324;5612,322;5617,322;5621,314;5626,328;5630,326;5634,310;5639,310;5643,316;5647,314;5652,314;5656,314;5660,312;5665,326;5669,318;5673,330;5678,316;5682,330;5686,314;5691,306;5695,318;5700,318;5704,332;5708,318;5713,316;5717,308;5721,322;5726,320;5730,320;5734,318;5739,318;5743,310;5747,310;5752,322;5756,308;5760,322;5765,312;5769,326;5774,312;5778,324;5782,310;5787,322;5791,314;5795,300;5800,314;5804,312;5808,326;5813,310;5817,330;5821,316;5826,330;5830,314;5835,328;5839,306;5843,304;5848,318;5852,304;5856,316;5861,302;5865,322;5869,308;5874,320;5878,320;5882,318;5887,318;5891,298;5895,308;5900,294;5904,308;5909,306;5913,326;5917,312;5922,326;5926,310;5930,324;5935,310;5939,302;5943,328;5948,300;5952,312;5956,298;5961,312;5965,318;5969,318;5974,316;5978,318;5983,302;5987,308;5991,320;5996,306;6000,320;6004,304;6009,318;6013,310;6017,322;6022,308;6026,322;6030,306;6035,320;6039,312;6043,312;6048,324;6052,324;6057,310;6061,314;6065,328;6070,312;6074,328;6078,312;6083,326;6087,318;6091,316;6096,316;6100,316;6104,314;6109,314;6113,320;6118,318;6122,318;6126,316;6131,316;6135,322;6139,308;6144,322;6148,306;6152,320;6157,306;6161,326;6165,310;6170,324;6174,308;6178,308;6183,308;6187,300;6192,300;6196,284;6200,284;6205,282;6209,302;6213,302;6218,302;6222,300;6226,286;6231,286;6235,292;6239,290;6244,290;6248,276;6252,288;6257,282;6261,294;6266,294;6270,292;6274,292;6279,292;6283,268;6287,282;6292,282;6296,282;6300,294;6305,272;6309,286;6313,286;6318,286;6322,298;6327,298;6331,276;6335,290;6340,274;6344,288;6348,274;6353,288;6357,280;6361,266;6366,292;6370,292;6374,292;6379,284;6383,284;6387,282;6392,282;6396,266;6401,296;6405,286;6409,288;6414,286;6418,284;6422,270;6427,298;6431,276;6435,276;6440,276;6444,288;6448,288;6453,294;6457,294;6461,294;6466,280;6470,280;6475,292;6479,284;6483,298;6488,282;6492,284;6496,282;6501,282;6505,274;6509,288;6514,288;6518,286;6522,286;6527,292;6531,278;6535,278;6540,276;6544,276;6549,276;6553,254;6557,282;6562,296;6566,280;6570,294;6575,278;6579,286;6583,284;6588,270;6592,282;6596,282;\r\nBuffer sent in 0.972 secondsreturn;buffer;964\r\n'), 11:07:51
bytearray(b'received from UR: measure -> measure (0,1)\r\nSTEPPER: Moving to mstep: 6600 with speed [msteps/sec]: 1000 in StealthChop.\r\n'), 11:07:52
bytearray(b'STEPPER: Moving to mstep: 2400 with speed [msteps/sec]: 4000 in SpreadCycle.\r\n'), 11:07:57
bytearray(b'STEPPER: Moved 4200.00 msteps (ramp: 35%) in 1324.888 ms -> average speed [msteps/sec]: 3170.08\r\nreturn;measure;965\r\n'), 11:07:58
bytearray(b'received from UR: buffer -> buffer (0,1)\r\nSending buffer of size 965data;2400,300;2404,450;2408,162;2413,276;2417,316;2421,324;2426,336;2430,322;2434,336;2439,320;2443,326;2447,326;2452,312;2456,324;2460,310;2465,322;2469,328;2474,342;2478,326;2482,342;2487,326;2491,318;2495,330;2500,316;2504,330;2508,314;2513,328;2517,334;2521,334;2526,318;2530,332;2534,330;2539,330;2543,322;2548,308;2552,334;2556,306;2561,334;2565,326;2569,338;2574,324;2578,338;2582,322;2587,336;2591,328;2595,312;2600,326;2604,312;2608,326;2613,310;2617,332;2622,316;2626,344;2630,328;2635,342;2639,320;2643,318;2648,332;2652,332;2656,318;2661,316;2665,338;2669,322;2674,336;2678,322;2682,334;2687,322;2691,312;2696,326;2700,312;2704,322;2709,310;2713,344;2717,330;2722,330;2726,328;2730,342;2735,328;2739,306;2743,332;2748,318;2752,332;2757,302;2761,330;2765,322;2770,336;2774,320;2778,336;2783,320;2787,312;2791,326;2796,310;2800,324;2804,308;2809,324;2813,328;2817,342;2822,326;2826,340;2831,326;2835,316;2839,330;2844,316;2848,328;2852,314;2857,328;2861,320;2865,334;2870,318;2874,334;2878,332;2883,332;2887,324;2891,322;2896,322;2900,308;2905,322;2909,320;2913,340;2918,326;2922,340;2926,324;2931,338;2935,330;2939,314;2944,328;2948,312;2952,326;2957,312;2961,332;2965,318;2970,330;2974,316;2979,330;2983,320;2987,306;2992,320;2996,304;3000,318;3005,302;3009,324;3013,310;3018,336;3022,322;3026,322;3031,320;3035,312;3039,312;3044,298;3048,310;3053,310;3057,306;3061,314;3066,328;3070,314;3074,328;3079,312;3083,304;3087,318;3092,302;3096,316;3100,302;3105,316;3109,322;3113,322;3118,320;3122,320;3127,320;3131,298;3135,310;3140,296;3144,324;3148,308;3153,322;3157,314;3161,328;3166,314;3170,328;3174,312;3179,304;3183,318;3188,304;3192,330;3196,316;3201,328;3205,320;3209,334;3214,320;3218,332;3222,318;3227,332;3231,322;3235,308;3240,322;3244,306;3248,320;3253,312;3257,340;3262,324;3266,338;3270,322;3275,336;3279,316;3283,312;3288,326;3292,312;3296,326;3301,310;3305,332;3309,316;3314,330;3318,314;3322,328;3327,328;3331,304;3336,318;3340,304;3344,318;3349,316;3353,322;3357,308;3362,320;3366,318;3370,320;3375,304;3379,310;3383,324;3388,308;3392,322;3397,308;3401,320;3405,312;3410,326;3414,312;3418,326;3423,310;3427,302;3431,314;3436,300;3440,314;3444,298;3449,312;3453,318;3457,318;3462,316;3466,330;3471,316;3475,294;3479,320;3484,306;3488,306;3492,304;3497,318;3501,324;3505,324;3510,322;3514,320;3518,320;3523,320;3527,312;3531,296;3536,310;3540,296;3545,322;3549,316;3553,328;3558,314;3562,328;3566,326;3571,326;3575,318;3579,302;3584,316;3588,300;3592,328;3597,314;3601,334;3605,318;3610,334;3614,318;3619,332;3623,316;3627,308;3632,322;3636,306;3640,320;3645,306;3649,338;3653,310;3658,338;3662,322;3666,334;3671,320;3675,312;3679,324;3684,310;3688,324;3693,308;3697,322;3701,314;3706,328;3710,326;3714,326;3719,312;3723,304;3727,316;3732,300;3736,314;3740,300;3745,314;3749,318;3753,332;3758,318;3762,330;3767,316;3771,308;3775,320;3780,292;3784,320;3788,304;3793,318;3797,310;3801,324;3806,310;3810,322;3814,308;3819,300;3823,314;3828,298;3832,312;3836,310;3841,310;3845,316;3849,330;3854,314;3858,328;3862,312;3867,326;3871,318;3875,318;3880,304;3884,302;3888,316;3893,308;3897,308;3902,306;3906,306;3910,306;3915,320;3919,326;3923,310;3928,310;3932,308;3936,322;3941,308;3945,328;3949,314;3954,328;3958,314;3962,326;3967,312;3971,304;3976,318;3980,302;3984,330;3989,302;3993,334;3997,320;4002,334;4006,318;4010,332;4015,316;4019,308;4023,322;4028,306;4032,320;4036,306;4041,320;4045,312;4050,340;4054,324;4058,338;4063,310;4067,316;4071,314;4076,300;4080,314;4084,312;4089,326;4093,318;4097,332;4102,316;4106,330;4110,316;4115,308;4119,320;4124,304;4128,320;4132,304;4137,318;4141,324;4145,324;4150,322;4154,322;4158,320;4163,322;4167,312;4171,298;4176,312;4180,296;4184,310;4189,294;4193,330;4198,314;4202,328;4206,314;4211,328;4215,306;4219,306;4224,318;4228,304;4232,304;4237,304;4241,324;4245,310;4250,324;4254,308;4259,322;4263,314;4267,300;4272,312;4276,298;4280,312;4285,298;4289,318;4293,318;4298,316;4302,316;4306,330;4311,314;4315,292;4319,320;4324,306;4328,320;4333,290;4337,326;4341,324;4346,324;4350,310;4354,324;4359,322;4363,300;4367,314;4372,314;4376,328;4380,298;4385,326;4389,318;4393,332;4398,318;4402,332;4407,316;4411,308;4415,322;4420,308;4424,320;4428,306;4433,320;4437,312;4441,326;4446,310;4450,338;4454,322;4459,300;4463,314;4468,312;4472,314;4476,312;4481,326;4485,316;4489,330;4494,316;4498,330;4502,328;4507,328;4511,320;4515,306;4520,318;4524,304;4528,318;4533,302;4537,322;4542,322;4546,334;4550,320;4555,320;4559,312;4563,310;4568,310;4572,296;4576,310;4581,308;4585,328;4589,314;4594,328;4598,312;4602,326;4607,310;4611,302;4616,316;4620,300;4624,314;4629,312;4633,320;4637,318;4642,330;4646,316;4650,330;4655,314;4659,306;4663,308;4668,306;4672,320;4676,304;4681,318;4685,310;4690,324;4694,308;4698,322;4703,308;4707,298;4711,312;4716,296;4720,310;4724,296;4729,322;4733,316;4737,328;4742,314;4746,328;4750,312;4755,304;4759,318;4764,302;4768,318;4772,302;4777,328;4781,320;4785,334;4790,318;4794,332;4798,318;4803,332;4807,324;4811,308;4816,322;4820,308;4824,322;4829,314;4833,328;4838,314;4842,328;4846,312;4851,340;4855,318;4859,302;4864,316;4868,314;4872,314;4877,300;4881,334;4885,320;4890,332;4894,318;4899,332;4903,322;4907,308;4912,322;4916,306;4920,320;4925,306;4929,326;4933,324;4938,324;4942,324;4946,322;4951,322;4955,300;4960,314;4964,298;4968,312;4973,298;4977,332;4981,318;4986,330;4990,316;4994,328;4999,314;5003,292;5007,318;5012,304;5016,318;5020,302;5025,316;5029,322;5034,322;5038,320;5042,320;5047,304;5051,326;5055,310;5060,310;5064,322;5068,308;5073,322;5077,300;5081,312;5086,312;5090,312;5094,310;5099,310;5103,314;5108,302;5112,314;5116,312;5121,326;5125,318;5129,332;5134,316;5138,330;5142,314;5147,328;5151,318;5155,304;5160,318;5164,304;5168,318;5173,302;5177,336;5182,322;5186,334;5190,318;5195,334;5199,324;5203,296;5208,324;5212,308;5216,322;5221,308;5225,328;5229,314;5234,328;5238,312;5242,328;5247,312;5251,304;5256,318;5260,304;5264,316;5269,302;5273,324;5277,322;5282,322;5286,320;5290,334;5295,320;5299,298;5303,312;5308,312;5312,312;5316,310;5321,324;5325,316;5330,330;5334,316;5338,330;5343,316;5347,294;5351,320;5356,306;5360,318;5364,304;5369,318;5373,310;5377,324;5382,308;5386,322;5391,306;5395,300;5399,314;5404,298;5408,312;5412,298;5417,312;5421,318;5425,332;5430,316;5434,330;5438,314;5443,328;5447,320;5451,306;5456,306;5460,304;5465,318;5469,310;5473,324;5478,310;5482,324;5486,322;5491,322;5495,314;5499,300;5504,312;5508,298;5512,312;5517,298;5521,318;5525,316;5530,330;5534,316;5539,330;5543,322;5547,308;5552,322;5556,292;5560,320;5565,306;5569,326;5573,312;5578,326;5582,310;5586,324;5591,310;5595,302;5599,316;5604,300;5608,314;5613,300;5617,314;5621,320;5626,334;5630,320;5634,334;5639,318;5643,310;5647,310;5652,310;5656,310;5660,308;5665,308;5669,316;5673,330;5678,314;5682,328;5687,314;5691,306;5695,320;5700,306;5704,318;5708,304;5713,318;5717,312;5721,324;5726,324;5730,322;5734,322;5739,300;5743,314;5748,298;5752,314;5756,298;5761,312;5765,318;5769,332;5774,316;5778,330;5782,316;5787,330;5791,322;5795,292;5800,320;5804,304;5808,318;5813,304;5817,326;5822,310;5826,324;5830,308;5835,324;5839,316;5843,300;5848,314;5852,300;5856,314;5861,300;5865,322;5869,320;5874,320;5878,320;5882,320;5887,318;5891,298;5896,312;5900,298;5904,310;5909,296;5913,330;5917,316;5922,328;5926,314;5930,328;5935,314;5939,292;5943,320;5948,304;5952,318;5956,302;5961,318;5965,322;5970,322;5974,320;5978,336;5983,320;5987,298;5991,326;5996,310;6000,324;6004,296;6009,324;6013,316;6017,330;6022,314;6026,328;6031,314;6035,306;6039,320;6044,304;6048,318;6052,304;6057,318;6061,310;6065,324;6070,310;6074,322;6078,322;6083,322;6087,314;6091,312;6096,312;6100,298;6105,312;6109,318;6113,332;6118,316;6122,330;6126,316;6131,328;6135,320;6139,306;6144,320;6148,304;6152,318;6157,304;6161,324;6165,310;6170,322;6174,322;6179,322;6183,314;6187,298;6192,298;6196,282;6200,296;6205,282;6209,302;6213,300;6218,300;6222,286;6226,286;6231,292;6235,290;6239,290;6244,290;6248,290;6253,274;6257,296;6261,294;6266,280;6270,278;6274,278;6279,292;6283,270;6287,282;6292,268;6296,282;6300,268;6305,288;6309,288;6313,286;6318,286;6322,286;6327,298;6331,262;6335,276;6340,262;6344,288;6348,274;6353,274;6357,294;6361,292;6366,292;6370,292;6374,290;6379,268;6383,282;6387,268;6392,280;6396,266;6401,280;6405,286;6409,300;6414,284;6418,284;6422,284;6427,276;6431,274;6435,260;6440,288;6444,286;6448,286;6453,278;6457,264;6462,290;6466,290;6470,290;6475,290;6479,280;6483,280;6488,280;6492,266;6496,278;6501,278;6505,284;6509,298;6514,284;6518,296;6522,282;6527,288;6531,272;6536,272;6540,272;6544,286;6549,270;6553,290;6557,290;6562,290;6566,290;6570,288;6575,280;6579,266;6583,280;6588,264;6592,278;6597,264;\r\nBuffer sent in 0.973 secondsreturn;buffer;965\r\n'), 11:08:00
bytearray(b'received from UR: measure -> measure (0,1)\r\nSTEPPER: Moving to mstep: 6600 with speed [msteps/sec]: 1000 in StealthChop.\r\n'), 11:08:01
bytearray(b'STEPPER: Moving to mstep: 2400 with speed [msteps/sec]: 4000 in SpreadCycle.\r\n'), 11:08:05
bytearray(b'STEPPER: Moved 4200.00 msteps (ramp: 35%) in 1324.888 ms -> average speed [msteps/sec]: 3170.08\r\nreturn;measure;965\r\n'), 11:08:07
bytearray(b'received from UR: buffer -> buffer (0,1)\r\nSending buffer of size 965data;2400,306;2404,466;2408,134;2413,276;2417,318;2421,326;2426,340;2430,324;2434,338;2439,324;2443,316;2447,316;2452,316;2456,316;2460,316;2465,328;2469,336;2474,336;2478,322;2482,334;2487,320;2491,326;2495,326;2500,326;2504,324;2508,310;2513,340;2517,328;2521,330;2526,316;2530,330;2534,330;2539,330;2543,322;2548,306;2552,334;2556,320;2561,334;2565,324;2569,326;2574,324;2578,326;2582,324;2587,338;2591,330;2595,316;2600,316;2604,314;2608,330;2613,328;2617,334;2622,320;2626,334;2630,318;2635,334;2639,324;2643,324;2648,324;2652,322;2656,324;2661,322;2665,330;2669,328;2674,328;2678,328;2682,328;2687,326;2691,332;2696,330;2700,318;2704,330;2709,330;2713,324;2717,322;2722,336;2726,336;2730,334;2735,320;2739,312;2743,340;2748,326;2752,326;2756,312;2761,324;2765,318;2770,332;2774,316;2778,330;2783,316;2787,322;2791,336;2796,310;2800,322;2804,308;2809,336;2813,314;2817,328;2822,328;2826,342;2831,314;2835,340;2839,332;2844,318;2848,318;2852,316;2857,316;2861,322;2865,336;2870,322;2874,336;2878,322;2883,334;2887,326;2891,326;2896,326;2900,324;2905,326;2909,324;2913,332;2918,330;2922,330;2926,314;2931,330;2935,334;2939,320;2944,320;2948,318;2952,332;2957,332;2961,324;2965,324;2970,324;2974,310;2979,336;2983,308;2987,314;2992,314;2996,314;3000,312;3005,298;3009,320;3013,318;3018,332;3022,318;3026,318;3031,316;3035,310;3039,308;3044,308;3048,320;3053,320;3057,314;3061,312;3066,326;3070,310;3074,324;3079,324;3083,316;3087,302;3092,302;3096,300;3100,300;3105,328;3109,306;3113,320;3118,318;3122,318;3127,316;3131,310;3135,310;3140,308;3144,322;3148,308;3153,320;3157,312;3161,326;3166,310;3170,324;3174,310;3179,324;3183,330;3187,314;3192,328;3196,314;3201,326;3205,318;3209,332;3214,318;3218,330;3222,330;3227,330;3231,306;3235,306;3240,306;3244,320;3248,318;3253,320;3257,340;3261,324;3266,326;3270,310;3275,324;3279,316;3283,316;3288,326;3292,328;3296,328;3301,314;3305,320;3309,320;3314,320;3318,318;3322,332;3327,316;3331,310;3336,324;3340,308;3344,322;3349,308;3353,328;3357,314;3362,328;3366,312;3370,312;3375,312;3379,318;3383,318;3388,302;3392,316;3396,302;3401,330;3405,306;3410,320;3414,306;3418,320;3423,306;3427,312;3431,310;3436,310;3440,310;3444,310;3449,310;3453,302;3457,314;3462,314;3466,314;3470,312;3475,314;3479,320;3484,306;3488,318;3492,304;3497,318;3501,310;3505,310;3510,310;3514,324;3518,308;3523,324;3527,316;3531,302;3536,314;3540,300;3545,314;3549,318;3553,320;3558,318;3562,332;3566,316;3571,330;3575,322;3579,308;3584,320;3588,306;3592,320;3597,306;3601,326;3605,310;3610,324;3614,324;3619,338;3623,316;3627,314;3632,314;3636,314;3640,314;3645,312;3649,334;3653,318;3658,332;3662,318;3666,332;3671,318;3675,310;3679,310;3684,310;3688,324;3693,324;3697,316;3701,316;3706,330;3710,316;3714,316;3719,314;3723,306;3727,320;3732,318;3736,318;3740,304;3745,318;3749,322;3753,322;3758,322;3762,322;3767,320;3771,312;3775,312;3780,312;3784,312;3788,310;3793,310;3797,316;3801,330;3806,316;3810,330;3814,314;3819,328;3823,320;3827,306;3832,318;3836,318;3841,318;3845,310;3849,324;3854,310;3858,310;3862,308;3867,310;3871,302;3875,314;3880,314;3884,314;3888,300;3893,298;3897,320;3901,304;3906,318;3910,304;3915,318;3919,310;3923,308;3928,322;3932,308;3936,322;3941,308;3945,328;3949,312;3954,326;3958,312;3962,326;3967,312;3971,304;3976,316;3980,316;3984,316;3989,316;3993,336;3997,320;4002,334;4006,320;4010,332;4015,318;4019,310;4023,310;4028,310;4032,308;4036,308;4041,308;4045,316;4050,328;4054,314;4058,326;4063,314;4067,320;4071,320;4076,320;4080,318;4084,318;4089,318;4093,310;4097,324;4102,324;4106,324;4110,322;4115,314;4119,314;4124,312;4128,312;4132,298;4137,312;4141,318;4145,318;4150,318;4154,318;4158,316;4163,330;4167,308;4171,308;4176,320;4180,306;4185,320;4189,312;4193,326;4198,310;4202,324;4206,310;4211,310;4215,316;4219,300;4224,300;4228,314;4232,314;4237,314;4241,320;4245,306;4250,320;4254,304;4259,318;4263,296;4267,296;4272,320;4276,310;4280,308;4285,308;4289,316;4293,314;4298,314;4302,314;4306,314;4311,314;4315,320;4319,320;4324,306;4328,318;4333,290;4337,318;4341,324;4346,324;4350,310;4354,322;4359,308;4363,300;4367,328;4372,314;4376,326;4380,312;4385,326;4389,318;4393,332;4398,316;4402,330;4407,316;4411,308;4415,308;4420,308;4424,322;4428,320;4433,320;4437,312;4441,326;4446,312;4450,326;4454,312;4459,326;4463,318;4467,318;4472,316;4476,316;4481,316;4485,322;4489,322;4494,322;4498,320;4502,320;4507,322;4511,326;4515,326;4520,326;4524,312;4528,324;4533,298;4537,318;4541,318;4546,330;4550,316;4555,316;4559,308;4563,308;4568,322;4572,322;4576,320;4581,308;4585,326;4589,312;4594,326;4598,310;4602,312;4607,310;4611,316;4616,314;4620,314;4624,314;4629,314;4633,320;4637,306;4642,320;4646,304;4650,318;4655,304;4659,310;4663,308;4668,308;4672,308;4676,306;4681,320;4685,312;4690,312;4694,310;4698,310;4703,324;4707,300;4711,300;4716,300;4720,314;4724,312;4729,312;4733,316;4737,332;4742,316;4746,330;4750,314;4755,328;4759,320;4764,306;4768,318;4772,304;4777,332;4781,308;4785,322;4790,308;4794,336;4798,320;4803,334;4807,326;4811,310;4816,310;4820,308;4824,308;4829,314;4833,328;4838,314;4842,328;4846,314;4851,328;4855,320;4859,318;4864,318;4868,316;4872,316;4877,316;4881,322;4885,322;4890,322;4894,320;4898,322;4903,320;4907,326;4912,326;4916,310;4920,324;4925,324;4929,328;4933,316;4938,328;4942,314;4946,328;4951,312;4955,306;4959,318;4964,304;4968,318;4973,318;4977,316;4981,310;4986,324;4990,310;4994,322;4999,308;5003,314;5007,312;5012,312;5016,312;5020,312;5025,312;5029,318;5033,318;5038,302;5042,314;5047,316;5051,308;5055,308;5060,306;5064,306;5068,304;5073,304;5077,312;5081,310;5086,310;5090,310;5094,308;5099,300;5103,314;5108,314;5112,314;5116,312;5121,312;5125,318;5129,318;5134,318;5138,318;5142,316;5147,316;5151,308;5155,308;5160,320;5164,306;5168,320;5173,310;5177,326;5182,310;5186,324;5190,310;5195,324;5199,314;5203,314;5208,328;5212,312;5216,314;5221,312;5225,334;5229,318;5234,320;5238,318;5242,332;5247,310;5251,310;5256,322;5260,322;5264,308;5269,308;5273,328;5277,312;5282,326;5286,326;5290,326;5295,312;5299,316;5303,316;5308,316;5312,314;5316,314;5321,312;5325,318;5330,320;5334,318;5338,318;5343,316;5347,294;5351,308;5356,308;5360,322;5364,306;5369,320;5373,312;5377,326;5382,312;5386,324;5390,310;5395,324;5399,316;5404,302;5408,314;5412,300;5417,328;5421,306;5425,320;5430,304;5434,318;5438,318;5443,316;5447,310;5451,322;5456,308;5460,308;5464,320;5469,312;5473,326;5478,310;5482,312;5486,310;5491,324;5495,302;5499,300;5504,316;5508,314;5512,314;5517,312;5521,318;5525,318;5530,318;5534,316;5539,330;5543,322;5547,306;5552,320;5556,306;5560,334;5565,318;5569,326;5573,310;5578,324;5582,324;5586,336;5591,322;5595,300;5599,328;5604,314;5608,326;5613,312;5617,326;5621,318;5626,332;5630,316;5634,330;5639,316;5643,308;5647,320;5652,320;5656,306;5660,304;5665,304;5669,324;5674,324;5678,310;5682,324;5687,308;5691,316;5695,314;5700,314;5704,314;5708,312;5713,328;5717,306;5721,320;5726,318;5730,318;5734,318;5739,318;5743,324;5748,310;5752,310;5756,308;5761,308;5765,314;5769,314;5774,312;5778,326;5782,312;5787,326;5791,304;5795,302;5800,318;5804,316;5808,316;5813,312;5817,322;5822,306;5826,320;5830,320;5835,320;5839,312;5843,310;5848,310;5852,310;5856,308;5861,308;5865,330;5869,314;5874,314;5878,314;5882,314;5887,306;5891,304;5896,318;5900,318;5904,316;5909,304;5913,324;5917,308;5922,322;5926,322;5930,322;5935,320;5939,312;5943,312;5948,298;5952,324;5956,310;5961,322;5965,314;5970,328;5974,312;5978,328;5983,312;5987,304;5991,318;5996,318;6000,316;6004,316;6009,316;6013,322;6017,336;6022,308;6026,322;6030,306;6035,320;6039,312;6044,312;6048,310;6052,310;6057,310;6061,316;6065,316;6070,314;6074,328;6078,314;6083,328;6087,320;6091,320;6096,318;6100,318;6104,318;6109,310;6113,324;6118,324;6122,322;6126,322;6131,322;6135,328;6139,314;6144,314;6148,312;6152,314;6157,312;6161,318;6165,318;6170,318;6174,316;6179,316;6183,308;6187,294;6192,308;6196,294;6200,292;6205,292;6209,298;6213,298;6218,298;6222,296;6226,296;6231,274;6235,288;6239,288;6244,286;6248,286;6253,286;6257,292;6261,278;6266,290;6270,290;6274,276;6279,274;6283,280;6287,294;6292,280;6296,278;6300,278;6305,284;6309,298;6313,298;6318,284;6322,282;6327,296;6331,274;6335,302;6340,272;6344,286;6348,272;6353,286;6357,292;6361,292;6366,290;6370,290;6374,276;6379,282;6383,282;6387,282;6392,280;6396,280;6401,280;6405,286;6409,286;6414,286;6418,300;6422,284;6427,284;6431,262;6435,276;6440,276;6444,290;6448,276;6453,282;6457,296;6461,282;6466,280;6470,280;6475,294;6479,272;6483,284;6488,270;6492,284;6496,268;6501,268;6505,290;6509,288;6514,274;6518,286;6522,286;6527,292;6531,278;6536,276;6540,264;6544,276;6549,276;6553,282;6557,282;6562,296;6566,282;6570,296;6575,280;6579,286;6583,286;6588,286;6592,286;6596,284;\r\nBuffer sent in 0.973 secondsreturn;buffer;965\r\n'), 11:08:09
bytearray(b'received from UR: measure -> measure (0,1)\r\nSTEPPER: Moving to mstep: 6600 with speed [msteps/sec]: 1000 in StealthChop.\r\n'), 11:08:10
bytearray(b'STEPPER: Moving to mstep: 2400 with speed [msteps/sec]: 4000 in SpreadCycle.\r\n'), 11:08:14
bytearray(b'STEPPER: Moved 4200.00 msteps (ramp: 35%) in 1324.880 ms -> average speed [msteps/sec]: 3170.10\r\nreturn;measure;965\r\n'), 11:08:15
bytearray(b'received from UR: buffer -> buffer (0,1)\r\nSending buffer of size 965data;2400,290;2404,470;2408,140;2413,282;2417,310;2421,318;2426,346;2430,316;2434,332;2439,316;2443,322;2447,322;2452,322;2456,336;2460,308;2465,320;2469,326;2474,340;2478,326;2482,340;2487,324;2491,316;2495,330;2500,316;2504,330;2508,314;2513,328;2517,322;2521,334;2526,318;2530,334;2534,332;2539,332;2543,324;2548,310;2552,324;2556,308;2561,336;2565,328;2569,342;2574,326;2578,340;2582,326;2587,340;2591,332;2595,318;2600,330;2604,304;2608,330;2613,316;2617,338;2622,322;2626,336;2630,322;2635,336;2639,328;2643,314;2648,326;2652,312;2656,326;2661,312;2665,332;2669,318;2674,344;2678,330;2682,330;2687,328;2691,320;2696,334;2700,306;2704,332;2709,318;2713,332;2717,324;2722,338;2726,322;2730,336;2735,322;2739,312;2743,326;2748,310;2752,326;2756,310;2761,324;2765,316;2770,344;2774,330;2778,344;2783,316;2787,308;2791,334;2796,306;2800,334;2804,320;2809,334;2813,324;2817,340;2822,324;2826,338;2830,324;2835,338;2839,330;2844,314;2848,328;2852,314;2857,328;2861,320;2865,334;2870,320;2874,334;2878,318;2883,332;2887,324;2891,308;2896,322;2900,322;2904,322;2909,308;2913,340;2918,326;2922,340;2926,324;2931,338;2935,330;2939,316;2944,330;2948,314;2952,328;2957,312;2961,334;2965,332;2970,332;2974,318;2979,332;2983,310;2987,294;2992,322;2996,308;3000,322;3005,292;3009,328;3013,312;3018,326;3022,312;3026,326;3031,310;3035,302;3039,316;3044,300;3048,314;3053,298;3057,312;3061,320;3066,320;3070,318;3074,332;3079,318;3083,296;3087,310;3092,308;3096,308;3100,308;3105,322;3109,314;3113,326;3118,312;3122,326;3127,324;3131,302;3135,318;3140,302;3144,316;3148,300;3153,314;3157,320;3161,334;3166,320;3170,334;3174,318;3179,334;3183,324;3187,310;3192,324;3196,308;3201,322;3205,308;3209,328;3214,314;3218,340;3222,326;3227,340;3231,316;3235,318;3240,316;3244,302;3248,316;3253,316;3257,336;3261,320;3266,334;3270,320;3275,334;3279,324;3283,310;3288,324;3292,310;3296,322;3301,308;3305,330;3309,314;3314,328;3318,328;3322,328;3327,328;3331,306;3335,318;3340,304;3344,318;3349,304;3353,324;3357,310;3362,324;3366,324;3370,324;3375,308;3379,300;3383,314;3388,300;3392,314;3396,298;3401,312;3405,318;3410,332;3414,318;3418,332;3423,316;3427,310;3431,308;3436,296;3440,308;3444,308;3449,308;3453,314;3457,328;3462,312;3466,326;3470,312;3475,304;3479,304;3484,304;3488,316;3492,302;3497,316;3501,310;3505,322;3510,320;3514,320;3518,320;3523,320;3527,310;3531,296;3536,324;3540,294;3545,322;3549,314;3553,328;3558,314;3562,328;3566,312;3571,326;3575,318;3579,304;3584,318;3588,302;3592,316;3597,302;3601,336;3605,322;3610,336;3614,320;3619,334;3623,320;3627,312;3632,326;3636,310;3640,310;3645,310;3649,330;3653,316;3658,330;3662,314;3666,328;3671,326;3675,306;3679,318;3684,318;3688,318;3693,304;3697,316;3701,322;3706,322;3710,322;3714,336;3719,320;3723,298;3727,326;3732,312;3736,326;3740,298;3745,326;3749,318;3753,318;3758,316;3762,332;3767,316;3771,294;3775,310;3780,308;3784,308;3788,294;3793,308;3797,314;3801,328;3806,314;3810,328;3814,314;3819,326;3823,320;3827,304;3832,304;3836,304;3841,318;3845,310;3849,324;3854,308;3858,324;3862,308;3867,322;3871,314;3875,300;3880,314;3884,300;3888,314;3893,300;3897,320;3901,320;3906,320;3910,318;3915,318;3919,312;3923,298;3928,310;3932,296;3936,324;3941,296;3945,332;3949,316;3954,330;3958,316;3962,330;3967,316;3971,308;3976,322;3980,308;3984,322;3989,306;3993,328;3997,312;4002,340;4006,326;4010,340;4015,312;4019,304;4023,318;4028,318;4032,316;4036,302;4041,316;4045,308;4050,336;4054,306;4058,336;4063,320;4067,314;4071,314;4076,312;4080,326;4084,312;4089,326;4093,318;4097,334;4102,318;4106,332;4111,318;4115,310;4119,324;4124,310;4128,324;4132,310;4137,324;4141,316;4145,330;4150,314;4154,328;4158,314;4163,328;4167,320;4171,292;4176,320;4180,306;4185,320;4189,312;4193,328;4198,312;4202,326;4206,312;4211,326;4215,318;4219,304;4224,318;4228,304;4232,304;4237,302;4241,324;4245,310;4250,324;4254,308;4259,322;4263,314;4267,300;4272,314;4276,300;4280,314;4285,298;4289,320;4293,320;4298,320;4302,318;4306,318;4311,318;4315,298;4319,312;4324,296;4328,310;4333,296;4337,310;4341,316;4346,330;4350,316;4354,330;4359,314;4363,306;4367,320;4372,306;4376,320;4380,304;4385,318;4389,324;4393,338;4398,310;4402,338;4407,322;4411,300;4415,316;4420,314;4424,314;4428,300;4433,314;4437,320;4441,334;4446,318;4450,334;4454,318;4459,334;4463,312;4467,310;4472,322;4476,310;4481,322;4485,316;4489,330;4494,316;4498,330;4502,316;4507,328;4511,322;4515,306;4520,320;4524,306;4528,320;4533,306;4537,328;4542,312;4546,326;4550,326;4555,326;4559,318;4563,304;4568,318;4572,304;4576,318;4581,302;4585,324;4589,310;4594,324;4598,310;4602,324;4607,308;4611,300;4616,314;4620,300;4624,314;4629,300;4633,322;4637,320;4642,334;4646,320;4650,320;4655,306;4659,298;4663,312;4668,298;4672,312;4676,312;4681,312;4685,318;4690,318;4694,316;4698,318;4703,316;4707,308;4711,310;4716,294;4720,322;4724,308;4729,322;4733,316;4737,330;4742,316;4746,328;4750,314;4755,308;4759,322;4764,308;4768,322;4772,306;4777,320;4781,314;4785,328;4790,314;4794,328;4798,314;4803,342;4807,320;4811,306;4816,320;4820,306;4824,320;4829,312;4833,342;4838,326;4842,326;4846,312;4851,326;4855,318;4859,318;4864,332;4868,318;4872,316;4877,316;4881,324;4885,310;4890,322;4894,308;4898,322;4903,316;4907,314;4912,314;4916,300;4920,328;4925,300;4929,334;4933,318;4938,334;4942,320;4946,318;4951,318;4955,310;4959,312;4964,296;4968,310;4973,310;4977,310;4981,316;4986,330;4990,316;4994,330;4999,316;5003,308;5007,308;5012,294;5016,308;5020,308;5025,308;5029,314;5033,328;5038,314;5042,328;5047,314;5051,306;5055,306;5060,306;5064,320;5068,306;5073,306;5077,312;5081,326;5086,312;5090,326;5094,312;5099,326;5103,318;5107,304;5112,316;5116,302;5121,316;5125,310;5129,324;5134,322;5138,324;5142,322;5147,324;5151,316;5155,300;5160,316;5164,302;5168,328;5173,300;5177,336;5182,320;5186,336;5190,320;5195,334;5199,326;5203,298;5208,326;5212,312;5216,312;5221,310;5225,332;5229,318;5234,332;5238,316;5242,330;5247,310;5251,308;5256,322;5260,308;5264,322;5269,308;5273,328;5277,314;5282,328;5286,314;5290,328;5295,314;5299,306;5303,320;5308,306;5312,320;5316,304;5321,320;5325,324;5330,326;5334,312;5338,326;5343,324;5347,302;5351,318;5356,302;5360,316;5364,302;5369,316;5373,310;5377,322;5382,308;5386,322;5390,322;5395,300;5399,314;5404,298;5408,312;5412,298;5417,312;5421,318;5425,332;5430,318;5434,330;5438,316;5443,330;5447,310;5451,308;5456,308;5460,294;5464,308;5469,308;5473,314;5478,314;5482,326;5486,312;5491,326;5495,318;5499,304;5504,316;5508,302;5512,316;5517,302;5521,322;5525,320;5530,320;5534,320;5538,320;5543,320;5547,310;5552,324;5556,296;5560,324;5565,310;5569,330;5573,316;5578,330;5582,314;5586,330;5591,314;5595,306;5599,320;5604,306;5608,320;5613,304;5617,318;5621,312;5626,338;5630,312;5634,326;5639,310;5643,302;5647,316;5652,302;5656,314;5660,314;5665,314;5669,320;5673,334;5678,320;5682,320;5687,320;5691,312;5695,312;5700,310;5704,310;5708,310;5713,310;5717,316;5721,330;5726,316;5730,330;5734,314;5739,328;5743,320;5747,306;5752,318;5756,304;5761,318;5765,310;5769,324;5774,322;5778,322;5782,308;5787,322;5791,314;5795,298;5800,312;5804,298;5808,312;5813,296;5817,332;5822,316;5826,330;5830,316;5835,330;5839,308;5843,296;5848,308;5852,308;5856,308;5861,308;5865,328;5869,314;5874,314;5878,314;5882,328;5887,306;5891,306;5896,320;5900,306;5904,306;5909,304;5913,324;5917,324;5922,324;5926,310;5930,324;5935,322;5939,300;5943,314;5948,300;5952,314;5956,300;5961,326;5965,318;5970,334;5974,318;5978,334;5983,318;5987,296;5991,324;5996,310;6000,324;6004,296;6009,324;6013,316;6017,330;6022,314;6026,330;6030,314;6035,306;6039,320;6044,306;6048,320;6052,304;6057,318;6061,312;6065,326;6070,310;6074,324;6078,324;6083,324;6087,316;6091,316;6096,316;6100,302;6104,316;6109,314;6113,322;6118,320;6122,320;6126,320;6131,320;6135,312;6139,310;6144,310;6148,296;6152,324;6157,308;6161,330;6165,314;6170,328;6174,314;6178,328;6183,306;6187,290;6192,290;6196,276;6200,290;6205,276;6209,296;6213,294;6218,294;6222,294;6226,294;6231,286;6235,272;6239,284;6244,270;6248,298;6253,282;6257,290;6261,288;6266,274;6270,288;6274,288;6279,288;6283,280;6287,278;6292,278;6296,278;6300,264;6305,298;6309,284;6313,284;6318,282;6322,282;6327,282;6331,274;6335,288;6340,274;6344,286;6348,272;6353,286;6357,292;6361,292;6366,292;6370,292;6374,290;6379,270;6383,282;6387,268;6392,282;6396,266;6401,280;6405,286;6409,300;6414,286;6418,300;6422,284;6427,284;6431,290;6435,276;6440,276;6444,276;6448,274;6453,280;6457,294;6461,280;6466,294;6470,278;6475,264;6479,286;6483,270;6488,284;6492,270;6496,270;6501,270;6505,290;6509,290;6514,276;6518,290;6522,290;6527,282;6531,282;6535,296;6540,282;6544,294;6549,266;6553,288;6557,286;6562,286;6566,286;6570,300;6575,286;6579,264;6583,278;6588,276;6592,276;6596,262;\r\nBuffer sent in 0.973 secondsreturn;buffer;965\r\n'), 11:08:17
bytearray(b'received from UR: measure -> measure (0,1)\r\nSTEPPER: Moving to mstep: 6600 with speed [msteps/sec]: 1000 in StealthChop.\r\n'), 11:08:18
bytearray(b'STEPPER: Moving to mstep: 2400 with speed [msteps/sec]: 4000 in SpreadCycle.\r\n'), 11:08:22
bytearray(b'STEPPER: Moved 4200.00 msteps (ramp: 35%) in 1324.888 ms -> average speed [msteps/sec]: 3170.08\r\nreturn;measure;965\r\n'), 11:08:24
bytearray(b'received from UR: buffer -> buffer (0,1)\r\nSending buffer of size 965data;2400,302;2404,452;2408,164;2413,278;2417,320;2421,326;2426,340;2430,312;2434,338;2439,326;2443,318;2447,316;2452,316;2456,316;2460,316;2465,328;2469,322;2474,336;2478,320;2482,334;2487,320;2491,326;2495,326;2500,326;2504,322;2508,312;2513,324;2517,332;2521,332;2526,316;2530,330;2534,330;2539,330;2543,336;2548,322;2552,334;2556,308;2561,320;2565,326;2569,340;2574,324;2578,338;2582,324;2587,324;2591,330;2595,316;2600,330;2604,314;2608,328;2613,316;2617,336;2622,320;2626,334;2630,320;2635,334;2639,326;2643,326;2648,324;2652,310;2656,324;2661,324;2665,330;2669,316;2674,330;2678,328;2682,328;2687,328;2691,322;2696,322;2700,308;2704,320;2709,320;2713,328;2717,324;2722,326;2726,326;2730,326;2735,324;2739,318;2743,330;2748,316;2752,330;2756,316;2761,330;2765,322;2770,336;2774,322;2778,336;2783,320;2787,314;2791,328;2796,328;2800,342;2804,314;2809,326;2813,320;2817,332;2822,318;2826,332;2830,318;2835,310;2839,324;2844,324;2848,336;2852,322;2857,322;2861,328;2865,342;2870,328;2874,328;2878,312;2883,340;2887,318;2891,318;2896,332;2900,316;2904,316;2909,316;2913,336;2918,322;2922,336;2926,322;2931,334;2935,326;2939,312;2944,324;2948,310;2952,338;2957,322;2961,344;2965,330;2970,330;2974,314;2979,328;2983,320;2987,318;2992,318;2996,304;3000,316;3005,302;3009,324;3013,308;3018,322;3022,308;3026,320;3031,320;3035,312;3039,312;3044,298;3048,312;3053,310;3057,310;3061,316;3066,330;3070,316;3074,330;3079,316;3083,308;3087,322;3092,306;3096,306;3100,306;3105,320;3109,312;3113,326;3118,324;3122,324;3127,324;3131,302;3135,316;3140,300;3144,314;3148,314;3153,326;3157,318;3161,332;3166,318;3170,332;3174,316;3179,330;3183,322;3187,308;3192,322;3196,306;3201,320;3205,314;3209,328;3214,326;3218,340;3222,312;3227,340;3231,316;3235,302;3240,316;3244,316;3248,328;3253,314;3257,334;3262,320;3266,334;3270,318;3275,330;3279,322;3283,308;3288,322;3292,322;3296,322;3301,322;3305,326;3309,326;3314,324;3318,324;3322,324;3327,322;3331,300;3336,314;3340,300;3344,328;3349,312;3353,318;3357,304;3362,318;3366,316;3370,330;3375,316;3379,294;3383,306;3388,306;3392,320;3396,304;3401,306;3405,310;3410,324;3414,310;3418,324;3423,322;3427,300;3431,300;3436,314;3440,312;3444,298;3449,312;3453,318;3457,318;3462,316;3466,318;3470,316;3475,294;3479,308;3484,306;3488,318;3492,306;3497,306;3501,312;3505,312;3510,310;3514,310;3518,310;3523,324;3527,330;3531,314;3536,314;3540,300;3544,314;3549,312;3553,320;3558,304;3562,318;3566,318;3571,330;3575,324;3579,310;3584,324;3588,310;3592,322;3597,306;3601,328;3605,312;3610,326;3614,310;3619,326;3623,316;3627,318;3632,330;3636,316;3640,328;3645,314;3649,322;3653,320;3658,332;3662,306;3666,332;3671,316;3675,324;3679,324;3684,324;3688,322;3693,308;3697,328;3701,328;3706,326;3710,312;3714,326;3719,310;3723,318;3727,330;3732,316;3736,316;3740,302;3745,314;3749,320;3753,320;3758,306;3762,320;3767,318;3771,310;3775,310;3780,296;3784,310;3788,310;3793,310;3797,316;3801,330;3806,314;3810,330;3814,314;3819,328;3823,306;3827,306;3832,306;3836,306;3841,306;3845,312;3849,326;3854,312;3858,326;3862,310;3867,324;3871,304;3875,302;3880,302;3884,302;3888,316;3893,302;3897,322;3901,308;3906,308;3910,308;3915,308;3919,314;3923,314;3928,328;3932,312;3936,326;3941,298;3945,320;3949,318;3954,332;3958,318;3962,332;3967,318;3971,310;3975,322;3980,308;3984,322;3989,322;3993,328;3997,314;4002,328;4006,314;4010,328;4015,328;4019,306;4023,320;4028,320;4032,320;4036,304;4041,318;4045,326;4049,340;4054,310;4058,326;4063,322;4067,316;4071,316;4076,300;4080,314;4084,314;4089,328;4093,320;4097,334;4102,318;4106,332;4110,318;4115,310;4119,310;4124,310;4128,324;4132,296;4137,310;4141,316;4145,316;4150,314;4154,314;4158,314;4163,314;4167,320;4171,318;4176,318;4180,304;4185,316;4189,308;4193,322;4198,308;4202,322;4206,306;4211,320;4215,326;4219,312;4224,312;4228,310;4232,310;4237,324;4241,314;4245,300;4250,314;4254,314;4259,312;4263,320;4267,306;4272,320;4276,304;4280,304;4285,318;4289,310;4293,310;4298,310;4302,308;4306,322;4311,322;4315,298;4319,312;4324,298;4328,312;4333,298;4337,318;4341,316;4346,316;4350,302;4354,316;4359,314;4363,308;4367,322;4372,320;4376,320;4380,304;4385,318;4389,312;4393,326;4398,310;4402,324;4407,310;4411,316;4415,330;4420,314;4424,314;4428,312;4433,312;4437,318;4441,332;4446,304;4450,318;4454,316;4459,330;4463,322;4467,322;4472,322;4476,306;4481,320;4485,326;4489,326;4494,312;4498,326;4502,310;4507,324;4511,330;4515,316;4520,330;4524,314;4528,316;4533,314;4537,320;4541,306;4546,320;4550,320;4555,318;4559,326;4563,310;4568,324;4572,310;4576,324;4581,308;4585,316;4589,314;4594,314;4598,300;4602,328;4607,314;4611,318;4615,320;4620,318;4624,318;4629,304;4633,324;4637,310;4642,324;4646,308;4650,322;4655,308;4659,314;4663,314;4668,300;4672,312;4676,312;4681,312;4685,318;4690,318;4694,318;4698,318;4703,318;4707,310;4711,324;4716,310;4720,324;4724,310;4729,310;4733,316;4737,316;4742,316;4746,316;4750,316;4755,308;4759,322;4764,308;4768,322;4772,308;4777,322;4781,314;4785,328;4790,314;4794,328;4798,312;4803,326;4807,334;4811,318;4816,318;4820,304;4825,318;4829,312;4833,338;4838,310;4842,324;4846,310;4851,324;4855,316;4859,316;4864,316;4868,316;4872,314;4877,300;4881,322;4885,322;4890,336;4894,320;4899,322;4903,314;4907,314;4912,326;4916,314;4920,326;4925,312;4929,320;4933,320;4938,320;4942,306;4946,318;4951,318;4955,312;4959,324;4964,310;4968,312;4973,310;4977,318;4981,316;4986,318;4990,302;4994,316;4999,316;5003,322;5007,322;5012,308;5016,322;5020,306;5025,306;5029,314;5033,328;5038,312;5042,328;5047,312;5051,306;5055,306;5060,304;5064,304;5068,304;5073,318;5077,310;5081,324;5086,310;5090,310;5094,310;5099,324;5103,302;5107,316;5112,316;5116,316;5121,314;5125,322;5129,322;5134,322;5138,322;5142,308;5147,322;5151,314;5155,314;5160,328;5164,312;5168,326;5173,298;5177,320;5181,318;5186,334;5190,318;5195,334;5199,312;5203,296;5208,312;5212,310;5216,324;5221,310;5225,332;5229,318;5234,332;5238,318;5242,332;5247,318;5251,310;5256,324;5260,324;5264,322;5269,308;5273,330;5277,316;5282,316;5286,314;5290,316;5295,314;5299,322;5303,322;5308,322;5312,322;5316,308;5321,308;5325,314;5330,328;5334,312;5338,328;5343,314;5347,306;5351,320;5356,306;5360,320;5364,304;5369,320;5373,312;5377,312;5382,298;5386,326;5390,310;5395,326;5399,318;5404,304;5408,318;5412,302;5417,304;5421,310;5425,324;5430,310;5434,310;5438,308;5443,324;5447,316;5451,316;5456,316;5460,302;5464,302;5469,302;5473,322;5478,308;5482,322;5486,308;5491,308;5495,314;5499,300;5504,314;5508,314;5512,314;5517,314;5521,320;5525,320;5530,320;5534,320;5539,320;5543,306;5547,298;5552,312;5556,298;5560,326;5565,312;5569,304;5573,304;5578,318;5582,304;5586,318;5591,318;5595,312;5599,324;5604,296;5608,310;5613,310;5617,324;5621,316;5626,330;5630,314;5634,330;5639,314;5643,320;5647,320;5652,306;5656,320;5660,320;5665,318;5669,310;5673,312;5678,310;5682,324;5687,310;5691,318;5695,316;5700,304;5704,316;5708,318;5713,318;5717,308;5721,324;5726,322;5730,322;5734,322;5739,322;5743,314;5748,300;5752,312;5756,312;5761,312;5765,318;5769,320;5774,318;5778,332;5782,318;5787,332;5791,310;5795,296;5800,310;5804,310;5808,310;5813,308;5817,302;5822,302;5826,316;5830,314;5835,314;5839,322;5843,322;5848,322;5852,322;5856,322;5861,308;5865,328;5869,314;5874,314;5878,300;5882,314;5887,306;5891,306;5896,306;5900,304;5904,304;5909,304;5913,324;5917,310;5922,324;5926,310;5930,324;5935,310;5939,302;5943,316;5948,302;5952,328;5956,314;5961,328;5965,306;5970,322;5974,306;5978,320;5983,320;5987,312;5991,326;5996,298;6000,312;6004,312;6009,326;6013,318;6017,332;6022,316;6026,330;6030,316;6035,308;6039,322;6044,322;6048,320;6052,306;6057,306;6061,312;6065,326;6070,312;6074,326;6078,324;6083,324;6087,316;6091,316;6096,316;6100,316;6104,314;6109,312;6113,322;6118,320;6122,320;6126,306;6131,320;6135,310;6139,310;6144,324;6148,310;6152,322;6157,308;6161,328;6165,314;6170,314;6174,312;6178,312;6183,304;6187,304;6192,302;6196,288;6200,300;6205,286;6209,308;6213,294;6218,292;6222,292;6226,292;6231,282;6235,284;6239,282;6244,270;6248,282;6253,282;6257,288;6261,288;6266,300;6270,288;6274,286;6279,286;6283,292;6287,292;6292,278;6296,276;6300,290;6305,254;6309,282;6313,296;6318,294;6322,280;6327,280;6331,270;6335,284;6340,270;6344,282;6348,254;6353,296;6357,288;6361,286;6366,286;6370,286;6374,286;6379,278;6383,276;6388,276;6392,276;6396,276;6401,274;6405,294;6409,308;6414,294;6418,292;6422,292;6427,306;6431,268;6435,268;6440,282;6444,294;6448,294;6453,272;6457,272;6462,286;6466,298;6470,284;6475,284;6479,274;6483,274;6488,274;6492,258;6496,286;6501,286;6505,292;6509,278;6514,278;6518,276;6522,276;6527,282;6531,268;6536,282;6540,268;6544,280;6549,266;6553,286;6557,286;6562,300;6566,286;6570,284;6575,276;6579,276;6583,276;6588,276;6592,276;6596,274;\r\nBuffer sent in 0.973 secondsreturn;buffer;965\r\n'), 11:08:26
bytearray(b'received from UR: measure -> measure (0,1)\r\nSTEPPER: Moving to mstep: 6600 with speed [msteps/sec]: 1000 in StealthChop.\r\n'), 11:08:27
bytearray(b'STEPPER: Moving to mstep: 2400 with speed [msteps/sec]: 4000 in SpreadCycle.\r\n'), 11:08:31
bytearray(b'STEPPER: Moved 4200.00 msteps (ramp: 35%) in 1324.888 ms -> average speed [msteps/sec]: 3170.08\r\nreturn;measure;965\r\n'), 11:08:32
bytearray(b'received from UR: buffer -> buffer (0,1)\r\nSending buffer of size 965data;2400,306;2404,436;2408,190;2413,290;2417,326;2421,324;2426,338;2430,324;2434,338;2439,322;2443,316;2447,328;2452,314;2456,328;2460,314;2465,314;2469,320;2474,334;2478,318;2482,332;2487,330;2491,324;2495,324;2500,324;2504,322;2508,322;2513,322;2517,328;2521,328;2526,328;2530,330;2534,328;2539,342;2543,334;2548,318;2552,318;2556,318;2561,332;2565,324;2569,326;2574,324;2578,338;2582,324;2587,324;2591,330;2595,316;2600,330;2604,316;2608,328;2613,314;2617,336;2622,322;2626,336;2630,322;2635,336;2639,328;2643,328;2648,328;2652,326;2656,326;2661,312;2665,332;2669,318;2674,332;2678,318;2682,332;2687,332;2691,324;2696,324;2700,322;2704,324;2709,310;2713,330;2717,316;2722,330;2726,328;2730,330;2735,330;2739,306;2743,322;2748,306;2752,320;2756,306;2761,320;2765,326;2770,340;2774,326;2778,340;2783,326;2787,304;2791,332;2796,318;2800,332;2804,318;2809,332;2813,324;2817,338;2822,322;2826,338;2830,322;2835,314;2839,316;2844,314;2848,328;2852,314;2857,328;2861,320;2865,334;2870,320;2874,334;2878,320;2883,334;2887,326;2891,312;2896,326;2900,312;2905,326;2909,312;2913,330;2918,332;2922,332;2926,318;2931,332;2935,340;2939,324;2944,324;2948,312;2952,324;2957,324;2961,332;2965,330;2970,344;2974,328;2979,330;2983,308;2987,308;2992,308;2996,306;3000,320;3005,306;3009,326;3013,312;3018,326;3022,312;3026,326;3031,312;3035,304;3039,318;3044,318;3048,316;3053,316;3057,324;3061,308;3066,322;3070,308;3074,322;3079,308;3083,314;3087,314;3092,314;3096,314;3100,314;3105,314;3109,320;3113,320;3118,306;3122,320;3127,320;3131,312;3135,312;3140,298;3144,310;3148,310;3153,324;3157,316;3161,330;3166,316;3170,330;3174,314;3179,330;3183,322;3187,306;3192,320;3196,320;3201,334;3205,312;3209,326;3214,312;3218,340;3222,324;3227,338;3231,316;3235,304;3240,316;3244,316;3248,316;3253,316;3257,336;3261,322;3266,336;3270,320;3275,334;3279,314;3283,326;3288,326;3292,326;3296,312;3301,312;3305,332;3309,318;3314,332;3318,316;3322,316;3327,316;3331,322;3336,322;3340,320;3344,320;3349,306;3353,326;3357,312;3362,326;3366,312;3370,326;3375,310;3379,316;3383,316;3388,302;3392,316;3396,316;3401,314;3405,308;3410,322;3414,308;3418,320;3423,306;3427,298;3431,312;3436,312;3440,312;3444,310;3449,310;3453,316;3457,316;3462,302;3466,316;3471,312;3475,306;3479,320;3484,320;3488,320;3492,304;3497,318;3501,310;3505,324;3510,324;3514,324;3518,322;3523,322;3527,314;3531,300;3536,328;3540,298;3545,312;3549,318;3553,318;3558,318;3562,318;3566,316;3571,330;3575,324;3579,308;3584,322;3588,308;3592,322;3597,308;3601,328;3605,314;3610,328;3614,312;3619,326;3623,318;3627,318;3632,318;3636,316;3640,316;3645,316;3649,336;3653,320;3658,334;3662,320;3666,334;3671,318;3675,310;3679,310;3684,308;3688,310;3693,310;3697,308;3701,328;3706,328;3710,326;3714,328;3719,326;3723,304;3727,318;3732,304;3736,318;3740,304;3745,330;3749,308;3753,322;3758,322;3762,322;3767,320;3771,300;3775,328;3780,312;3784,312;3788,298;3793,312;3797,318;3801,332;3806,304;3810,318;3814,316;3819,318;3823,310;3827,308;3832,308;3836,308;3841,308;3845,314;3849,328;3854,312;3858,312;3862,312;3867,312;3871,318;3875,318;3880,318;3884,304;3888,316;3893,316;3897,310;3902,308;3906,322;3910,308;3915,322;3919,328;3923,314;3928,314;3932,298;3936,312;3941,312;3945,318;3949,316;3954,318;3958,316;3962,330;3967,316;3971,308;3976,322;3980,308;3984,322;3989,322;3993,328;3997,312;4002,326;4006,312;4010,326;4015,312;4019,318;4023,316;4028,302;4032,316;4036,316;4041,316;4045,320;4050,322;4054,308;4058,320;4063,320;4067,326;4071,312;4076,310;4080,310;4084,310;4089,324;4093,316;4097,328;4102,314;4106,328;4110,314;4115,306;4119,318;4124,318;4128,332;4132,318;4137,318;4141,324;4145,324;4150,310;4154,322;4158,308;4163,322;4167,314;4171,300;4176,314;4180,314;4185,326;4189,304;4193,320;4198,316;4202,332;4206,316;4211,318;4215,308;4219,308;4224,308;4228,320;4232,320;4237,320;4241,312;4245,310;4250,324;4254,310;4259,310;4263,316;4267,302;4272,314;4276,302;4280,300;4285,300;4289,320;4293,320;4298,320;4302,306;4306,320;4311,304;4315,296;4319,310;4324,310;4328,324;4333,310;4337,316;4341,314;4346,316;4350,314;4354,328;4359,314;4363,306;4367,320;4372,306;4376,320;4380,306;4385,318;4389,310;4393,324;4398,310;4402,338;4407,322;4411,302;4415,314;4420,314;4424,314;4428,314;4433,328;4437,306;4441,320;4446,318;4450,332;4454,314;4459,332;4463,308;4467,308;4472,308;4476,308;4481,320;4485,326;4489,328;4494,326;4498,326;4502,312;4507,326;4511,316;4515,318;4520,318;4524,316;4528,316;4533,302;4537,336;4542,322;4546,322;4550,320;4555,320;4559,326;4563,312;4568,312;4572,298;4576,312;4581,312;4585,318;4589,304;4594,318;4598,318;4602,332;4607,316;4611,310;4616,308;4620,308;4624,308;4629,322;4633,316;4637,300;4642,314;4646,314;4650,314;4655,314;4659,320;4663,320;4668,306;4672,318;4676,318;4681,312;4685,310;4690,310;4694,310;4698,310;4703,310;4707,316;4711,316;4716,302;4720,316;4724,316;4729,328;4733,308;4737,322;4742,322;4746,322;4750,320;4755,314;4759,328;4764,314;4768,328;4772,314;4777,328;4781,320;4785,334;4790,320;4794,334;4798,320;4803,334;4807,326;4811,312;4816,312;4820,312;4824,312;4829,312;4833,332;4838,318;4842,332;4846,318;4851,332;4855,310;4859,324;4864,324;4868,324;4872,310;4877,310;4881,330;4885,316;4890,316;4894,314;4898,328;4903,314;4907,308;4912,320;4916,306;4920,320;4925,306;4929,326;4933,312;4938,312;4942,312;4946,326;4951,310;4955,318;4959,318;4964,316;4968,316;4972,302;4977,316;4981,308;4986,324;4990,310;4994,324;4999,308;5003,302;5007,316;5012,316;5016,316;5020,302;5025,314;5029,308;5033,322;5038,308;5042,322;5047,308;5051,300;5055,314;5060,314;5064,314;5068,314;5073,314;5077,320;5081,306;5086,306;5090,318;5094,318;5099,320;5103,312;5107,310;5112,310;5116,310;5121,324;5125,302;5129,316;5134,316;5138,330;5142,316;5147,330;5151,322;5155,306;5160,320;5164,306;5168,334;5173,320;5177,328;5182,312;5186,326;5190,312;5195,326;5199,318;5203,304;5208,318;5212,304;5216,316;5221,316;5225,324;5229,322;5234,324;5238,308;5242,322;5247,320;5251,312;5256,314;5260,314;5264,314;5269,326;5273,320;5277,306;5282,334;5286,318;5290,320;5295,318;5299,326;5303,326;5308,312;5312,310;5316,310;5321,310;5325,316;5330,330;5334,316;5338,328;5343,314;5347,320;5351,320;5356,306;5360,320;5364,304;5369,318;5373,310;5377,312;5382,310;5386,324;5390,310;5395,302;5399,314;5404,302;5408,312;5412,298;5417,312;5421,318;5425,320;5430,318;5434,318;5438,302;5443,330;5447,308;5451,308;5456,308;5460,322;5464,322;5469,298;5473,314;5478,312;5482,312;5486,310;5491,310;5495,318;5499,302;5504,316;5508,316;5512,316;5517,316;5521,322;5525,322;5530,322;5534,320;5538,320;5543,320;5547,314;5552,312;5556,312;5560,326;5565,312;5569,320;5573,318;5578,320;5582,302;5586,318;5591,318;5595,324;5599,324;5604,310;5608,310;5613,308;5617,308;5621,316;5626,330;5630,314;5634,328;5639,314;5643,320;5647,320;5652,320;5656,318;5660,304;5665,304;5669,324;5673,324;5678,322;5682,324;5687,324;5691,314;5695,314;5700,314;5704,314;5708,314;5713,328;5717,306;5721,320;5726,318;5730,318;5734,318;5739,332;5743,310;5747,308;5752,308;5756,308;5761,308;5765,314;5769,328;5774,314;5778,328;5782,312;5787,326;5791,320;5795,306;5800,306;5804,290;5808,304;5813,304;5817,326;5821,310;5826,326;5830,310;5835,324;5839,302;5843,302;5848,302;5852,302;5856,316;5861,314;5865,308;5869,308;5874,322;5878,320;5882,320;5887,320;5891,300;5896,314;5900,300;5904,314;5909,314;5913,320;5917,320;5922,320;5926,320;5930,320;5935,320;5939,312;5943,312;5948,298;5952,326;5956,312;5961,324;5965,318;5970,332;5974,316;5978,330;5983,316;5987,308;5991,308;5996,308;6000,308;6004,308;6009,322;6013,314;6017,330;6022,314;6026,328;6030,314;6035,328;6039,308;6044,306;6048,306;6052,306;6057,320;6061,314;6065,314;6070,312;6074,328;6078,312;6083,328;6087,306;6091,306;6096,318;6100,318;6104,304;6109,310;6113,324;6118,310;6122,322;6126,308;6131,322;6135,314;6139,314;6144,314;6148,314;6152,314;6157,312;6161,320;6165,320;6170,320;6174,318;6179,318;6183,310;6187,296;6192,294;6196,294;6200,294;6205,294;6209,286;6213,286;6218,300;6222,284;6226,298;6231,292;6235,292;6239,276;6244,276;6248,276;6253,276;6257,282;6261,296;6266,296;6270,296;6274,296;6279,296;6283,274;6287,274;6292,274;6296,288;6300,274;6305,280;6309,280;6313,252;6318,280;6322,294;6327,292;6331,286;6335,284;6340,270;6344,284;6348,270;6353,284;6357,292;6361,290;6366,290;6370,292;6374,290;6379,284;6383,296;6387,282;6392,282;6396,268;6401,282;6405,288;6409,288;6414,286;6418,302;6422,286;6427,288;6431,292;6435,278;6440,278;6444,278;6448,276;6453,298;6457,284;6461,284;6466,298;6470,284;6475,282;6479,276;6483,290;6488,276;6492,274;6496,274;6501,288;6505,268;6509,280;6514,280;6518,280;6522,280;6527,286;6531,272;6536,286;6540,286;6544,286;6549,270;6553,292;6557,292;6562,276;6566,276;6570,290;6575,278;6579,284;6583,282;6588,282;6592,282;6596,268;\r\nBuffer sent in 0.973 secondsreturn;buffer;965\r\n'), 11:08:34
bytearray(b'received from UR: measure -> measure (0,1)\r\nSTEPPER: Moving to mstep: 6600 with speed [msteps/sec]: 1000 in StealthChop.\r\n'), 11:08:35
bytearray(b'STEPPER: Moving to mstep: 2400 with speed [msteps/sec]: 4000 in SpreadCycle.\r\n'), 11:08:40
bytearray(b'STEPPER: Moved 4200.00 msteps (ramp: 35%) in 1324.888 ms -> average speed [msteps/sec]: 3170.08\r\nreturn;measure;965\r\n'), 11:08:41
bytearray(b'received from UR: buffer -> buffer (0,1)\r\nSending buffer of size 965data;2400,294;2404,450;2408,162;2413,276;2417,318;2421,324;2426,338;2430,324;2434,338;2439,324;2443,316;2447,328;2452,328;2456,328;2460,314;2465,328;2469,320;2474,334;2478,320;2482,334;2487,318;2491,326;2495,326;2500,326;2504,326;2508,326;2513,326;2517,318;2521,332;2526,332;2530,332;2534,330;2539,330;2543,324;2548,322;2552,336;2556,308;2561,322;2565,328;2569,342;2574,328;2578,328;2582,314;2587,342;2591,334;2595,318;2600,334;2604,318;2608,316;2613,318;2617,340;2622,324;2626,338;2630,324;2635,338;2639,330;2643,316;2648,330;2652,330;2656,326;2661,316;2665,336;2669,322;2674,336;2678,320;2682,334;2687,320;2691,314;2696,340;2700,326;2704,326;2709,312;2713,332;2717,318;2722,332;2726,332;2730,332;2735,318;2739,310;2743,324;2748,324;2752,338;2756,310;2761,324;2765,330;2770,330;2774,316;2778,330;2783,316;2787,322;2791,336;2796,308;2800,336;2804,322;2809,336;2813,314;2817,342;2822,328;2826,342;2830,328;2835,342;2839,320;2844,320;2848,334;2852,318;2857,332;2861,324;2865,340;2870,324;2874,338;2878,324;2883,338;2887,330;2891,316;2896,344;2900,328;2904,328;2909,314;2913,334;2918,320;2922,334;2926,320;2931,320;2935,326;2939,312;2944,340;2948,324;2952,324;2957,310;2961,330;2965,330;2970,330;2974,330;2979,328;2983,320;2987,306;2992,320;2996,306;3000,318;3005,304;3009,326;3013,310;3018,324;3022,308;3026,310;3031,308;3035,314;3039,328;3044,316;3048,314;3053,314;3057,320;3061,304;3066,320;3070,306;3074,318;3079,318;3083,310;3087,310;3092,310;3096,322;3100,308;3105,308;3109,314;3113,314;3118,312;3122,312;3127,312;3131,304;3135,318;3140,302;3144,316;3148,302;3153,316;3157,308;3161,322;3166,308;3170,334;3174,320;3179,334;3183,326;3187,312;3192,326;3196,296;3201,324;3205,316;3209,330;3214,316;3218,330;3222,316;3227,330;3231,308;3235,308;3240,320;3244,320;3248,320;3253,320;3257,326;3261,312;3266,326;3270,312;3275,324;3279,316;3283,316;3288,330;3292,316;3296,328;3301,328;3305,320;3309,320;3314,334;3318,318;3322,320;3327,318;3331,310;3335,324;3340,310;3344,324;3349,308;3353,330;3357,314;3362,328;3366,314;3370,328;3375,312;3379,292;3383,320;3388,304;3392,318;3396,302;3401,316;3405,310;3410,322;3414,306;3418,320;3423,306;3427,314;3431,312;3436,298;3440,312;3444,312;3449,326;3453,304;3457,318;3462,304;3466,316;3470,316;3475,308;3479,308;3484,308;3488,322;3492,308;3497,320;3501,314;3505,314;3510,312;3514,326;3518,312;3523,326;3527,318;3531,304;3536,318;3540,302;3545,316;3549,302;3553,322;3558,322;3562,322;3566,320;3571,336;3575,328;3579,312;3584,326;3588,312;3592,326;3597,310;3601,316;3605,316;3610,330;3614,316;3619,330;3623,322;3627,322;3632,322;3636,320;3640,320;3645,306;3649,328;3653,312;3658,326;3662,312;3666,324;3671,310;3675,318;3679,330;3684,332;3688,316;3693,316;3697,322;3701,322;3706,322;3710,308;3714,320;3719,320;3723,312;3727,326;3732,312;3736,310;3740,296;3745,324;3749,316;3753,328;3758,314;3762,314;3767,312;3771,304;3775,318;3780,304;3784,316;3788,302;3793,316;3797,322;3801,322;3806,306;3810,320;3814,304;3819,318;3823,324;3827,324;3832,308;3836,308;3841,322;3845,312;3849,312;3854,298;3858,310;3862,310;3867,310;3871,316;3875,316;3880,316;3884,302;3888,314;3893,314;3897,320;3901,306;3906,318;3910,318;3915,318;3919,310;3923,310;3928,322;3932,308;3936,322;3941,306;3945,328;3949,312;3954,326;3958,312;3962,326;3967,324;3971,316;3976,328;3980,314;3984,314;3989,300;3993,334;3997,318;4002,332;4006,316;4010,330;4015,316;4019,308;4023,320;4028,306;4032,320;4036,306;4041,318;4045,312;4050,340;4054,324;4058,338;4063,322;4067,314;4071,328;4076,314;4080,328;4084,314;4089,314;4093,320;4097,320;4102,318;4106,332;4110,318;4115,330;4119,322;4124,308;4128,322;4132,308;4137,320;4141,314;4145,326;4150,310;4154,324;4158,310;4163,322;4167,314;4171,300;4176,314;4180,312;4185,326;4189,304;4193,316;4198,302;4202,316;4206,314;4211,314;4215,320;4219,306;4224,320;4228,304;4232,318;4237,318;4241,310;4245,310;4250,324;4254,308;4259,308;4263,314;4267,300;4272,314;4276,314;4280,312;4285,298;4289,318;4293,304;4298,316;4302,316;4306,316;4311,300;4315,308;4319,320;4324,306;4328,320;4333,304;4337,312;4341,310;4346,324;4350,310;4354,322;4359,308;4363,314;4367,328;4372,314;4376,328;4380,312;4385,326;4389,318;4393,334;4398,318;4402,332;4407,304;4411,310;4415,322;4420,308;4424,322;4428,308;4433,320;4437,312;4441,328;4446,312;4450,326;4454,310;4459,324;4463,318;4467,316;4472,330;4476,330;4481,316;4485,308;4489,322;4494,322;4498,322;4502,322;4507,320;4511,326;4515,312;4520,326;4524,312;4528,312;4533,310;4537,330;4541,316;4546,330;4550,316;4555,316;4559,320;4563,306;4568,320;4572,304;4576,318;4581,304;4585,324;4589,310;4594,324;4598,308;4602,322;4607,308;4611,314;4616,326;4620,312;4624,312;4629,298;4633,318;4637,304;4642,318;4646,302;4650,316;4655,304;4659,308;4663,322;4668,320;4672,306;4676,306;4681,318;4685,310;4690,310;4694,310;4698,310;4703,310;4707,316;4711,316;4716,302;4720,314;4724,300;4729,328;4733,320;4737,320;4742,318;4746,320;4750,318;4755,310;4759,324;4764,310;4768,324;4772,308;4777,320;4781,314;4785,328;4790,314;4794,326;4798,312;4803,326;4807,332;4811,304;4816,316;4820,316;4824,328;4829,314;4833,334;4838,318;4842,334;4846,318;4851,332;4855,310;4859,308;4864,308;4868,308;4872,308;4877,306;4881,328;4885,312;4890,326;4894,312;4898,312;4903,310;4907,316;4912,328;4916,328;4920,314;4925,314;4929,320;4933,320;4938,320;4942,320;4946,318;4951,318;4955,310;4959,310;4964,310;4968,322;4972,308;4977,320;4981,314;4986,314;4990,312;4994,326;4999,312;5003,304;5007,316;5012,316;5016,316;5020,302;5025,314;5029,320;5033,320;5038,306;5042,320;5047,306;5051,310;5055,310;5060,310;5064,324;5068,308;5073,322;5077,300;5081,314;5086,314;5090,312;5094,312;5099,314;5103,320;5107,318;5112,318;5116,304;5121,318;5125,310;5129,324;5134,322;5138,324;5142,322;5147,322;5151,328;5155,312;5160,326;5164,312;5168,312;5173,296;5177,332;5182,316;5186,330;5190,316;5195,328;5199,320;5203,306;5208,320;5212,306;5216,318;5221,304;5225,324;5229,310;5234,324;5238,308;5242,322;5247,308;5251,314;5256,314;5260,312;5264,326;5269,326;5273,318;5277,316;5282,318;5286,316;5290,316;5295,314;5299,306;5303,320;5308,318;5312,332;5316,318;5321,310;5325,308;5330,322;5334,322;5338,322;5343,320;5347,312;5351,326;5356,312;5360,312;5364,310;5369,324;5373,302;5377,316;5382,314;5386,316;5390,300;5395,306;5399,320;5404,306;5408,318;5412,304;5417,318;5421,310;5425,324;5430,308;5434,322;5438,308;5443,322;5447,312;5451,298;5456,312;5460,298;5464,310;5469,310;5473,316;5478,316;5482,316;5486,314;5491,314;5495,320;5499,320;5504,306;5508,304;5512,318;5517,304;5521,322;5525,310;5530,308;5534,308;5538,322;5543,322;5547,300;5552,312;5556,298;5560,326;5565,310;5569,332;5573,316;5578,330;5582,314;5586,328;5591,314;5595,306;5599,320;5604,304;5608,316;5612,304;5617,318;5621,308;5626,338;5630,308;5634,322;5639,308;5643,314;5647,314;5652,312;5656,326;5660,312;5665,312;5669,316;5673,316;5678,316;5682,328;5687,314;5691,308;5695,320;5700,320;5704,320;5708,306;5713,318;5717,312;5721,324;5726,310;5730,324;5734,322;5739,300;5743,314;5747,300;5752,314;5756,312;5761,312;5765,318;5769,318;5774,304;5778,318;5782,316;5787,332;5791,308;5795,308;5800,322;5804,306;5808,320;5813,306;5817,326;5822,312;5826,326;5830,310;5835,324;5839,316;5843,302;5848,316;5852,314;5856,314;5861,314;5865,320;5869,320;5874,320;5878,318;5882,318;5887,318;5891,310;5896,310;5900,294;5904,322;5909,308;5913,314;5917,312;5922,326;5926,312;5930,326;5935,312;5939,302;5943,316;5948,302;5952,316;5956,302;5961,328;5965,320;5970,322;5974,320;5978,334;5983,318;5987,310;5991,324;5996,310;6000,310;6004,296;6009,322;6013,314;6017,330;6022,314;6026,314;6030,314;6035,306;6039,320;6044,306;6048,320;6052,304;6057,318;6061,310;6065,324;6070,310;6074,310;6078,308;6083,324;6087,316;6091,316;6096,314;6100,314;6104,314;6109,314;6113,320;6118,318;6122,318;6126,316;6131,318;6135,310;6139,308;6144,308;6148,308;6152,308;6157,306;6161,328;6165,312;6170,326;6174,312;6179,312;6183,304;6187,304;6192,304;6196,288;6200,302;6205,274;6209,308;6213,294;6218,306;6222,292;6226,292;6231,284;6235,268;6239,284;6244,284;6248,282;6253,296;6257,274;6261,274;6266,286;6270,286;6274,286;6279,298;6283,276;6287,276;6292,260;6296,288;6300,288;6305,282;6309,280;6314,280;6318,278;6322,292;6327,290;6331,270;6335,282;6340,268;6344,282;6348,266;6353,280;6357,300;6361,300;6366,300;6370,298;6374,284;6379,278;6383,290;6388,290;6392,290;6396,276;6401,288;6405,294;6409,294;6414,294;6418,294;6422,292;6427,294;6431,284;6435,298;6440,284;6444,284;6448,270;6453,290;6457,290;6462,290;6466,290;6470,288;6475,276;6479,282;6483,282;6488,280;6492,294;6496,278;6501,292;6505,282;6509,300;6514,298;6518,298;6522,298;6527,276;6531,274;6536,274;6540,274;6544,286;6549,272;6553,278;6557,278;6562,292;6566,290;6570,276;6575,276;6579,282;6583,296;6588,268;6592,280;6596,280;\r\nBuffer sent in 0.973 secondsreturn;buffer;965\r\n'), 11:08:43
bytearray(b'received from UR: measure -> measure (0,1)\r\nSTEPPER: Moving to mstep: 6600 with speed [msteps/sec]: 1000 in StealthChop.\r\n'), 11:08:44
bytearray(b'STEPPER: Moving to mstep: 2400 with speed [msteps/sec]: 4000 in SpreadCycle.\r\n'), 11:08:48
bytearray(b'STEPPER: Moved 4200.00 msteps (ramp: 35%) in 1324.880 ms -> average speed [msteps/sec]: 3170.10\r\nreturn;measure;965\r\n'), 11:08:50
bytearray(b'received from UR: buffer -> buffer (0,1)\r\nSending buffer of size 965data;2400,306;2404,468;2408,140;2413,280;2417,322;2421,330;2426,344;2430,328;2434,344;2439,328;2443,322;2447,334;2452,320;2456,320;2460,318;2465,318;2469,326;2473,338;2478,324;2482,324;2487,322;2491,330;2495,328;2500,328;2504,328;2508,314;2513,328;2517,334;2521,332;2526,320;2530,332;2534,318;2539,332;2543,338;2548,324;2552,322;2556,308;2561,322;2565,328;2569,342;2574,326;2578,340;2582,326;2587,340;2591,318;2595,316;2600,330;2604,330;2608,330;2613,316;2617,336;2622,320;2626,334;2630,320;2635,334;2639,326;2643,326;2648,324;2652,310;2656,324;2661,324;2665,330;2669,316;2674,330;2678,328;2682,328;2687,328;2691,320;2696,320;2700,318;2704,318;2709,318;2713,332;2717,324;2722,338;2726,322;2730,336;2735,322;2739,314;2743,328;2748,312;2752,326;2756,310;2761,326;2765,316;2770,330;2774,330;2778,344;2783,328;2787,306;2791,320;2796,304;2800,330;2804,316;2809,330;2813,322;2817,336;2822,320;2826,334;2830,320;2835,334;2839,326;2844,324;2848,322;2852,308;2857,322;2861,314;2865,342;2870,326;2874,328;2878,326;2883,326;2887,316;2891,316;2896,330;2900,328;2904,328;2909,314;2913,332;2918,318;2922,332;2926,330;2931,330;2935,336;2939,308;2944,320;2948,320;2952,334;2957,318;2961,324;2965,324;2970,324;2974,322;2979,322;2983,306;2987,298;2992,310;2996,310;3000,324;3005,310;3009,330;3013,314;3018,328;3022,314;3026,326;3031,312;3035,318;3039,316;3044,302;3048,302;3053,312;3057,320;3061,320;3066,320;3070,318;3074,318;3079,316;3083,308;3087,308;3092,306;3096,306;3100,318;3105,318;3109,310;3113,324;3118,308;3122,322;3127,322;3131,312;3135,314;3140,298;3144,312;3148,310;3153,324;3157,302;3161,330;3166,314;3170,330;3174,314;3179,328;3183,320;3187,304;3192,318;3196,318;3201,330;3205,310;3209,336;3214,308;3218,322;3222,320;3227,334;3231,326;3235,312;3240,312;3244,324;3248,324;3253,324;3257,330;3261,314;3266,326;3270,326;3275,326;3279,312;3283,318;3288,316;3292,330;3296,330;3301,316;3305,322;3309,320;3314,334;3318,318;3322,320;3327,318;3331,310;3335,310;3340,310;3344,322;3349,308;3353,328;3357,314;3362,326;3366,312;3370,326;3375,310;3379,302;3383,316;3388,316;3392,328;3396,314;3401,314;3405,306;3410,320;3414,320;3418,318;3423,304;3427,310;3431,310;3436,322;3440,322;3444,308;3449,322;3453,314;3457,314;3462,312;3466,312;3470,298;3475,304;3479,316;3484,316;3488,316;3492,314;3497,314;3501,306;3505,318;3510,318;3514,316;3518,302;3523,330;3527,308;3531,306;3536,320;3540,304;3545,316;3549,304;3553,324;3558,322;3562,322;3566,320;3571,320;3575,326;3579,312;3584,324;3588,324;3592,324;3597,310;3601,330;3605,314;3610,328;3614,314;3619,340;3623,320;3627,318;3632,318;3636,302;3640,316;3645,304;3649,336;3653,322;3658,322;3662,306;3666,334;3671,318;3675,324;3679,324;3684,322;3688,322;3693,308;3697,318;3701,326;3706,326;3710,324;3714,324;3719,324;3723,316;3727,328;3732,300;3736,314;3740,312;3745,326;3749,318;3753,318;3758,316;3762,330;3767,316;3771,308;3775,322;3780,294;3784,306;3788,306;3793,320;3797,312;3801,326;3806,312;3810,324;3814,310;3819,324;3823,314;3827,314;3832,314;3836,300;3841,300;3845,306;3849,320;3854,304;3858,318;3862,302;3867,318;3871,308;3875,322;3880,322;3884,308;3888,320;3893,306;3897,312;3901,312;3906,310;3910,310;3915,324;3919,316;3923,316;3928,328;3932,314;3936,314;3941,298;3945,320;3949,318;3954,332;3958,316;3962,330;3967,314;3971,306;3975,320;3980,306;3984,320;3989,318;3993,310;3997,310;4002,322;4006,308;4010,322;4015,320;4019,312;4023,326;4028,312;4032,324;4036,308;4041,308;4045,314;4050,328;4054,314;4058,328;4063,312;4067,318;4071,318;4076,318;4080,316;4084,316;4089,316;4093,322;4097,320;4102,306;4106,320;4110,318;4115,320;4119,324;4124,310;4128,324;4132,308;4137,308;4141,314;4145,314;4150,312;4154,312;4158,312;4163,324;4167,316;4171,314;4176,314;4180,300;4184,314;4189,306;4193,318;4198,304;4202,318;4206,302;4211,316;4215,322;4219,308;4224,320;4228,306;4232,306;4237,304;4241,324;4245,310;4250,322;4254,310;4258,308;4263,316;4267,300;4272,314;4276,314;4280,314;4285,312;4289,320;4293,318;4298,318;4302,318;4306,318;4311,316;4315,308;4319,308;4324,294;4328,308;4333,306;4337,320;4341,312;4346,326;4350,312;4354,326;4359,310;4363,302;4367,316;4372,302;4376,328;4380,314;4385,328;4389,306;4393,334;4398,320;4402,334;4407,318;4411,312;4415,324;4420,310;4424,310;4428,310;4433,310;4437,316;4441,330;4446,316;4450,330;4454,314;4459,328;4463,320;4467,306;4472,320;4476,320;4481,318;4485,312;4489,326;4494,324;4498,324;4502,322;4507,324;4511,316;4515,300;4520,314;4524,314;4528,328;4533,298;4537,320;4541,318;4546,318;4550,304;4555,332;4559,310;4563,308;4568,322;4572,308;4576,322;4581,306;4585,328;4589,312;4594,326;4598,312;4602,326;4607,310;4611,318;4616,316;4620,316;4624,316;4629,302;4633,322;4637,320;4642,320;4646,306;4650,320;4655,304;4659,312;4663,324;4668,310;4672,310;4676,296;4681,308;4685,316;4690,314;4694,302;4698,328;4703,314;4707,308;4711,320;4716,306;4720,318;4724,304;4729,318;4733,310;4737,324;4742,310;4746,310;4750,308;4755,322;4759,328;4764,314;4768,328;4772,312;4777,326;4781,318;4785,332;4790,304;4794,332;4798,316;4803,330;4807,324;4811,308;4816,322;4820,308;4824,320;4829,312;4833,326;4838,312;4842,326;4846,310;4851,324;4855,316;4859,314;4864,328;4868,314;4872,314;4877,326;4881,320;4885,304;4890,318;4894,316;4898,318;4903,316;4907,322;4912,322;4916,306;4920,320;4925,320;4929,326;4933,312;4938,324;4942,310;4946,324;4951,310;4955,314;4959,328;4964,314;4968,314;4972,298;4977,310;4981,316;4986,330;4990,316;4994,302;4999,314;5003,306;5007,318;5012,318;5016,318;5020,314;5025,316;5029,308;5033,322;5038,320;5042,320;5047,320;5051,312;5055,310;5060,296;5064,310;5068,308;5073,308;5077,314;5081,314;5086,312;5090,314;5094,312;5099,326;5103,316;5107,302;5112,316;5116,300;5121,314;5125,320;5129,320;5134,318;5138,320;5142,304;5147,318;5151,324;5155,324;5160,322;5164,308;5168,320;5173,306;5177,326;5182,312;5186,324;5190,310;5195,324;5199,314;5203,300;5208,328;5212,312;5216,326;5221,312;5225,332;5229,316;5234,330;5238,316;5242,330;5247,314;5251,306;5256,306;5260,318;5264,318;5269,302;5273,324;5277,322;5282,322;5286,320;5290,320;5295,320;5299,310;5303,310;5308,324;5312,322;5316,322;5321,320;5325,312;5330,326;5334,326;5338,324;5343,310;5347,302;5351,316;5356,314;5360,328;5364,314;5369,314;5373,304;5377,318;5382,318;5386,318;5390,304;5395,294;5399,308;5404,306;5408,322;5412,306;5417,320;5421,312;5425,326;5430,312;5434,326;5438,310;5443,312;5447,316;5451,302;5456,302;5460,300;5464,314;5469,308;5473,320;5478,320;5482,306;5486,304;5491,318;5495,310;5499,310;5504,324;5508,310;5512,310;5517,294;5521,330;5525,314;5530,328;5534,312;5538,326;5543,312;5547,318;5552,318;5556,302;5560,316;5565,316;5569,336;5573,322;5578,308;5582,306;5586,320;5591,306;5595,312;5599,326;5604,312;5608,326;5613,310;5617,310;5621,316;5626,330;5630,316;5634,330;5639,314;5643,306;5647,306;5652,306;5656,320;5660,304;5665,318;5669,324;5673,324;5678,310;5682,324;5687,322;5691,316;5695,328;5700,314;5704,314;5708,326;5713,326;5717,318;5721,318;5726,318;5730,318;5734,316;5739,330;5743,322;5747,308;5752,320;5756,304;5761,318;5765,310;5769,310;5774,310;5778,322;5782,308;5787,322;5791,314;5795,312;5800,326;5804,312;5808,310;5813,296;5817,316;5822,314;5826,314;5830,300;5835,328;5839,306;5843,304;5848,318;5852,318;5856,316;5861,302;5865,322;5869,306;5874,320;5878,304;5882,318;5887,318;5891,296;5896,308;5900,308;5904,308;5909,306;5913,326;5917,324;5922,324;5926,310;5930,324;5935,322;5939,314;5943,314;5948,298;5952,312;5956,298;5961,326;5965,318;5970,318;5974,302;5978,330;5983,316;5987,306;5991,322;5996,308;6000,320;6004,306;6009,320;6013,312;6017,326;6022,310;6026,324;6030,310;6035,324;6039,316;6044,314;6048,314;6052,300;6057,314;6061,320;6065,334;6070,318;6074,320;6078,318;6083,332;6087,322;6091,322;6096,322;6100,308;6104,306;6109,306;6113,328;6118,312;6122,326;6126,326;6131,324;6135,316;6139,316;6144,316;6148,316;6152,314;6157,300;6161,320;6165,320;6170,320;6174,306;6178,320;6183,298;6187,296;6192,296;6196,282;6200,294;6205,294;6209,300;6213,286;6218,300;6222,284;6226,284;6231,278;6235,262;6239,290;6244,290;6248,290;6253,290;6257,280;6261,280;6266,266;6270,294;6274,294;6279,292;6283,270;6287,284;6292,270;6296,282;6300,254;6305,290;6309,288;6313,288;6318,288;6322,274;6327,272;6331,266;6335,278;6340,278;6344,278;6348,262;6353,276;6357,296;6361,296;6366,296;6370,296;6374,280;6379,286;6383,300;6387,272;6392,286;6396,284;6401,284;6405,290;6409,304;6414,290;6418,290;6422,288;6427,274;6431,280;6435,264;6440,292;6444,278;6448,290;6453,282;6457,282;6461,280;6466,280;6470,280;6475,294;6479,284;6483,284;6488,298;6492,282;6496,282;6501,268;6505,288;6509,288;6514,286;6518,286;6522,300;6527,276;6531,262;6535,276;6540,274;6544,274;6549,272;6553,294;6557,292;6562,290;6566,290;6570,304;6575,288;6579,266;6583,280;6588,280;6592,278;6596,264;\r\nBuffer sent in 0.973 secondsreturn;buffer;965\r\n'), 11:08:52
bytearray(b'received from UR: measure -> measure (0,1)\r\nSTEPPER: Moving to mstep: 6600 with speed [msteps/sec]: 1000 in StealthChop.\r\n'), 11:08:53
bytearray(b'STEPPER: Moving to mstep: 2400 with speed [msteps/sec]: 4000 in SpreadCycle.\r\n'), 11:08:57
bytearray(b'STEPPER: Moved 4200.00 msteps (ramp: 35%) in 1324.888 ms -> average speed [msteps/sec]: 3170.08\r\nreturn;measure;965\r\n'), 11:08:58
bytearray(b'received from UR: buffer -> buffer (0,1)\r\nSending buffer of size 965data;2400,292;2404,454;2408,166;2413,282;2417,310;2421,330;2426,344;2430,328;2434,342;2439,314;2443,320;2447,334;2452,334;2456,318;2460,318;2465,332;2469,324;2473,338;2478,324;2482,338;2487,322;2491,316;2495,330;2500,330;2504,328;2508,314;2513,328;2517,320;2521,334;2526,320;2530,332;2534,318;2539,332;2543,326;2547,310;2552,324;2556,308;2561,324;2565,316;2569,330;2574,328;2578,328;2582,314;2587,342;2591,334;2595,320;2600,320;2604,318;2608,332;2613,318;2617,338;2622,322;2626,324;2630,322;2635,336;2639,330;2643,328;2648,328;2652,314;2656,328;2661,314;2665,334;2669,320;2674,334;2678,318;2682,332;2687,318;2691,324;2696,338;2700,310;2704,324;2709,324;2713,346;2717,330;2722,330;2726,316;2730,328;2735,328;2739,306;2743,334;2748,320;2752,334;2757,318;2761,320;2765,326;2770,340;2774,324;2778,338;2783,310;2787,316;2791,330;2796,316;2800,330;2804,316;2809,330;2813,322;2817,336;2822,322;2826,336;2831,322;2835,314;2839,326;2844,314;2848,328;2852,314;2857,328;2861,320;2865,334;2870,318;2874,332;2878,318;2883,332;2887,324;2891,324;2896,324;2900,324;2905,338;2909,316;2913,330;2918,316;2922,330;2926,328;2931,328;2935,322;2939,320;2944,334;2948,320;2952,334;2957,334;2961,326;2965,326;2970,326;2974,312;2979,324;2983,318;2987,304;2992,316;2996,302;3000,330;3005,316;3009,322;3013,308;3018,322;3022,308;3026,322;3031,306;3035,314;3039,314;3044,312;3048,314;3053,312;3057,318;3061,316;3066,318;3070,316;3074,316;3079,316;3083,308;3087,322;3092,308;3096,322;3100,308;3105,308;3109,314;3113,326;3118,312;3122,326;3127,312;3131,304;3135,318;3140,302;3144,316;3148,302;3153,316;3157,322;3161,322;3166,322;3170,336;3174,320;3179,334;3183,326;3188,312;3192,326;3196,298;3201,324;3205,316;3209,330;3214,316;3218,330;3222,314;3227,328;3231,320;3235,306;3240,320;3244,306;3248,318;3253,316;3257,340;3262,324;3266,324;3270,310;3275,324;3279,330;3283,330;3288,314;3292,314;3296,328;3301,314;3305,334;3309,320;3314,320;3318,318;3322,332;3327,318;3331,310;3336,324;3340,310;3344,324;3349,308;3353,330;3357,316;3362,316;3366,314;3370,328;3375,314;3379,306;3383,320;3388,292;3392,320;3397,306;3401,320;3405,312;3410,326;3414,312;3418,326;3423,310;3427,302;3431,316;3436,302;3440,316;3444,302;3449,302;3453,308;3457,322;3462,308;3466,308;3471,306;3475,314;3479,314;3484,314;3488,314;3492,300;3497,312;3501,318;3505,318;3510,318;3514,318;3518,316;3523,332;3527,324;3531,294;3536,322;3540,308;3545,308;3549,314;3553,328;3558,314;3562,328;3566,312;3571,326;3575,318;3579,318;3584,332;3588,318;3592,318;3597,316;3601,338;3605,310;3610,322;3614,308;3619,322;3623,320;3627,314;3632,328;3636,314;3640,312;3645,298;3649,334;3653,318;3658,334;3662,318;3666,332;3671,318;3675,310;3679,310;3684,308;3688,308;3693,308;3697,308;3701,328;3706,328;3710,312;3714,326;3719,312;3723,304;3727,318;3732,302;3736,318;3740,316;3745,330;3749,308;3753,308;3758,308;3762,320;3767,320;3771,300;3775,312;3780,298;3784,312;3788,296;3793,310;3797,316;3801,330;3806,316;3810,330;3814,314;3819,308;3823,308;3828,306;3832,320;3836,306;3841,320;3845,312;3849,312;3854,312;3858,326;3862,310;3867,310;3871,304;3875,302;3880,316;3884,302;3888,330;3893,308;3897,308;3902,306;3906,320;3910,306;3915,320;3919,312;3923,298;3928,312;3932,298;3936,312;3941,298;3945,332;3949,318;3954,318;3958,316;3962,330;3967,316;3971,308;3976,322;3980,308;3984,322;3989,308;3993,328;3997,314;4002,328;4006,314;4010,328;4015,312;4019,320;4023,320;4028,318;4032,318;4037,304;4041,318;4045,324;4050,338;4054,308;4058,322;4063,306;4067,312;4071,326;4076,312;4080,326;4084,326;4089,310;4093,316;4097,330;4102,316;4106,328;4111,314;4115,328;4119,320;4124,318;4128,332;4132,304;4137,316;4141,322;4145,322;4150,308;4154,320;4158,320;4163,320;4167,312;4171,298;4176,310;4180,296;4185,310;4189,316;4193,330;4198,314;4202,328;4206,314;4211,326;4215,306;4219,302;4224,318;4228,302;4232,316;4237,302;4241,322;4245,320;4250,320;4254,306;4259,318;4263,324;4267,324;4272,308;4276,308;4280,322;4285,306;4289,314;4293,312;4298,312;4302,312;4306,312;4311,310;4315,302;4319,316;4324,302;4328,328;4333,300;4337,320;4341,318;4346,320;4350,318;4354,332;4359,318;4363,294;4367,308;4372,308;4376,320;4380,306;4385,334;4389,312;4394,338;4398,324;4402,326;4407,310;4411,316;4415,316;4420,314;4424,326;4428,314;4433,312;4437,318;4441,332;4446,316;4450,332;4454,316;4459,308;4463,322;4468,306;4472,320;4476,320;4481,332;4485,310;4489,324;4494,310;4498,324;4502,322;4507,322;4511,328;4515,298;4520,312;4524,312;4528,326;4533,310;4537,330;4542,316;4546,316;4550,314;4555,326;4559,320;4563,304;4568,318;4572,302;4576,316;4581,302;4585,320;4589,308;4594,322;4598,320;4602,320;4607,312;4611,310;4616,310;4620,308;4624,308;4629,308;4633,328;4637,312;4642,328;4646,312;4650,312;4655,298;4659,304;4663,318;4668,304;4672,316;4676,302;4681,316;4685,308;4690,322;4694,306;4698,320;4703,320;4707,298;4711,310;4716,310;4720,324;4724,310;4729,310;4733,316;4737,330;4742,314;4746,328;4750,314;4755,306;4759,320;4764,306;4768,332;4772,304;4777,318;4781,308;4785,336;4790,320;4794,334;4798,320;4803,334;4807,324;4811,310;4816,324;4820,322;4824,322;4829,314;4833,328;4838,312;4842,326;4846,310;4851,324;4855,316;4859,314;4864,328;4868,328;4872,312;4877,312;4881,320;4885,318;4890,318;4894,316;4899,316;4903,322;4907,308;4912,322;4916,320;4920,320;4925,306;4929,326;4933,310;4938,324;4942,310;4946,322;4951,322;4955,300;4960,312;4964,298;4968,324;4973,310;4977,316;4981,302;4986,316;4990,314;4994,328;4999,314;5003,318;5007,318;5012,304;5016,318;5020,316;5025,316;5029,308;5034,322;5038,306;5042,320;5047,306;5051,310;5055,310;5060,310;5064,322;5068,308;5073,322;5077,312;5081,326;5086,310;5090,310;5094,310;5099,300;5103,314;5108,312;5112,324;5116,310;5121,310;5125,314;5129,328;5134,312;5138,326;5142,312;5147,324;5151,316;5155,314;5160,328;5164,312;5168,312;5173,298;5177,332;5182,316;5186,330;5190,314;5195,328;5199,320;5203,320;5208,320;5212,304;5216,318;5221,318;5225,324;5229,308;5234,322;5238,322;5242,334;5247,318;5251,312;5256,312;5260,310;5264,310;5269,308;5273,330;5277,328;5282,328;5286,312;5290,326;5295,312;5299,318;5303,316;5308,316;5312,316;5316,314;5321,328;5325,320;5330,320;5334,318;5338,320;5343,318;5347,310;5351,322;5356,308;5360,308;5364,306;5369,320;5373,310;5377,324;5382,310;5386,322;5390,308;5395,314;5399,312;5404,312;5408,310;5412,296;5417,310;5421,314;5425,314;5430,314;5434,326;5438,312;5443,326;5447,316;5451,316;5456,316;5460,300;5465,314;5469,306;5473,320;5478,304;5482,318;5486,318;5491,318;5495,310;5499,308;5504,308;5508,308;5512,320;5517,306;5521,328;5525,312;5530,326;5534,310;5539,324;5543,316;5547,316;5552,328;5556,300;5560,312;5565,298;5569,334;5573,318;5578,332;5582,318;5586,332;5591,316;5595,308;5599,336;5604,320;5608,320;5613,306;5617,326;5621,312;5626,326;5630,310;5634,324;5639,310;5643,316;5647,330;5652,330;5656,314;5660,314;5665,314;5669,320;5673,320;5678,304;5682,318;5687,318;5691,310;5695,322;5700,322;5704,308;5708,306;5713,320;5717,312;5721,324;5726,310;5730,310;5734,308;5739,322;5743,328;5748,312;5752,312;5756,296;5761,310;5765,316;5769,330;5774,314;5778,314;5782,314;5787,326;5791,318;5795,304;5800,318;5804,302;5808,316;5813,314;5817,306;5822,306;5826,318;5830,304;5835,318;5839,324;5843,322;5848,308;5852,308;5856,308;5861,306;5865,312;5869,312;5874,326;5878,310;5882,310;5887,308;5891,302;5896,314;5900,314;5904,312;5909,312;5913,318;5917,318;5922,318;5926,316;5930,316;5935,314;5939,306;5943,320;5948,306;5952,318;5956,304;5961,318;5965,308;5970,322;5974,322;5978,336;5983,320;5987,298;5991,310;5996,296;6000,324;6004,308;6009,322;6013,314;6017,326;6022,312;6026,324;6030,310;6035,338;6039,316;6044,300;6048,314;6052,314;6057,312;6061,320;6065,320;6070,318;6074,318;6078,316;6083,318;6087,324;6091,308;6096,308;6100,308;6105,322;6109,314;6113,328;6118,312;6122,326;6126,312;6131,310;6135,316;6139,302;6144,330;6148,314;6152,314;6157,312;6161,318;6165,318;6170,316;6174,302;6179,314;6183,308;6187,294;6192,306;6196,292;6200,290;6205,276;6209,310;6213,294;6218,294;6222,294;6226,292;6231,270;6235,284;6239,270;6244,282;6248,282;6253,282;6257,272;6261,286;6266,300;6270,298;6274,298;6279,298;6283,276;6287,274;6292,274;6296,272;6300,272;6305,280;6309,278;6313,278;6318,290;6322,292;6327,290;6331,282;6335,282;6340,282;6344,294;6348,280;6353,294;6357,286;6361,300;6366,284;6370,284;6374,282;6379,276;6383,288;6387,274;6392,272;6396,286;6401,300;6405,290;6409,292;6414,290;6418,290;6422,274;6427,274;6431,280;6435,280;6440,280;6444,278;6448,278;6453,284;6457,270;6461,284;6466,296;6470,296;6475,296;6479,274;6483,274;6488,272;6492,272;6496,272;6501,272;6505,278;6509,290;6514,276;6518,290;6522,290;6527,282;6531,266;6536,280;6540,266;6544,294;6549,278;6553,270;6557,284;6562,284;6566,282;6570,282;6575,282;6579,288;6583,286;6588,286;6592,286;6596,284;\r\nBuffer sent in 0.973 secondsreturn;buffer;965\r\n'), 11:09:00
bytearray(b'received from UR: home -> home (0,1)\r\nSTEPPER: Moving to mstep: 0 with speed [msteps/sec]: 4000 in SpreadCycle.\r\n'), 11:09:01
bytearray(b'STEPPER: Moved 2400.00 msteps (ramp: 35%) in 813.424 ms -> average speed [msteps/sec]: 2950.49\r\nreturn;home;1\r\n'), 11:09:02
