bytearray(b'STEPPER: Moving to mstep: 2400 with speed [msteps/sec]: 4000 in SpreadCycle.\r\n'), 11:13:27
bytearray(b'STEPPER: Moved 2400.00 msteps (ramp: 35%) in 812.836 ms -> average speed [msteps/sec]: 2952.63\r\n'), 11:13:28
bytearray(b'received from UR: status -> status (0,1)\r\n*** STATUS ***\r\nid        :         3 -\r\nstep      :      2400 steps\r\nspeed     :      1500 msteps/s\r\nmspeed    :      1000 msteps/s\r\nsg-thrs   :        80 -\r\ndefault   :     12000 \xc2\xb5m\r\ndispense  :     30350 \xc2\xb5m\r\nblowout   :     33000 \xc2\xb5m\r\nd-offset  :        20 \xc2\xb5m\r\nur0       :         0 -\r\nur1       :         1 -\r\nhomed     :         1 -\r\nreturn;status;2400\r\n'), 11:13:29
bytearray(b'received from UR: measure -> measure (0,1)\r\nSTEPPER: Moving to mstep: 6600 with speed [msteps/sec]: 1000 in StealthChop.\r\n'), 11:13:30
bytearray(b'STEPPER: Moving to mstep: 2400 with speed [msteps/sec]: 4000 in SpreadCycle.\r\n'), 11:13:35
bytearray(b'STEPPER: Moved 4200.00 msteps (ramp: 35%) in 1324.880 ms -> average speed [msteps/sec]: 3170.10\r\nreturn;measure;965\r\n'), 11:13:36
bytearray(b'received from UR: buffer -> buffer (0,1)\r\nSending buffer of size 965data;2400,126;2404,446;2408,230;2413,300;2417,326;2421,320;2426,334;2430,318;2434,332;2439,330;2443,322;2447,336;2452,320;2456,320;2460,320;2465,330;2469,324;2474,324;2478,322;2482,322;2487,322;2491,328;2495,326;2500,312;2504,324;2508,324;2513,336;2517,314;2521,342;2526,326;2530,326;2534,326;2539,326;2543,330;2548,302;2552,328;2556,314;2561,328;2565,320;2569,332;2574,316;2578,332;2582,316;2587,330;2591,336;2595,308;2600,320;2604,320;2608,334;2613,318;2617,338;2622,324;2626,336;2630,322;2635,334;2639,326;2643,312;2648,324;2652,324;2656,336;2661,322;2665,328;2669,328;2674,328;2678,326;2682,324;2687,324;2691,302;2696,314;2700,314;2704,328;2709,314;2713,334;2717,318;2722,332;2726,318;2730,332;2735,330;2739,322;2743,334;2748,306;2752,320;2756,318;2761,332;2765,324;2770,338;2774,322;2778,336;2783,322;2787,312;2791,326;2796,310;2800,324;2804,324;2809,336;2813,328;2817,342;2822,328;2826,342;2830,326;2835,340;2839,316;2844,316;2848,330;2852,314;2857,314;2861,334;2865,334;2870,318;2874,332;2878,330;2883,330;2887,336;2891,320;2896,320;2900,334;2905,334;2909,332;2913,324;2918,322;2922,324;2926,322;2931,336;2935,328;2939,312;2944,326;2948,326;2952,326;2957,310;2961,316;2965,314;2970,314;2974,298;2979,312;2983,304;2987,302;2992,316;2996,300;3000,314;3005,314;3009,306;3013,304;3018,318;3022,304;3026,316;3031,302;3035,308;3039,308;3044,306;3048,306;3053,318;3057,296;3061,296;3066,308;3070,308;3074,308;3079,306;3083,312;3087,312;3092,296;3096,310;3100,296;3105,308;3109,314;3114,314;3118,312;3122,314;3127,310;3131,302;3135,316;3140,286;3144,314;3148,300;3153,314;3157,318;3161,318;3166,316;3170,316;3174,300;3179,306;3183,318;3188,304;3192,318;3196,304;3201,316;3205,308;3209,322;3214,306;3218,320;3222,318;3227,318;3231,322;3235,308;3240,308;3244,322;3248,320;3253,320;3257,326;3262,310;3266,324;3270,322;3275,322;3279,314;3283,312;3288,312;3292,324;3296,324;3301,324;3305,326;3309,314;3314,328;3318,326;3322,326;3327,310;3331,302;3336,314;3340,300;3344,314;3349,312;3353,318;3357,316;3362,318;3366,316;3370,316;3375,300;3379,306;3383,306;3388,304;3392,304;3396,290;3401,302;3405,308;3410,322;3414,306;3418,320;3423,318;3427,296;3431,296;3436,308;3440,308;3444,294;3449,306;3453,312;3457,312;3462,310;3466,312;3470,310;3475,302;3479,314;3484,300;3488,300;3492,314;3497,312;3501,304;3505,318;3510,302;3514,316;3518,314;3523,314;3527,318;3531,304;3536,318;3540,318;3545,316;3549,308;3553,322;3558,320;3562,320;3566,318;3571,318;3575,310;3579,310;3584,322;3588,322;3592,320;3597,306;3601,326;3605,312;3610,324;3614,310;3619,338;3623,316;3627,314;3632,314;3636,300;3640,312;3645,310;3649,332;3653,316;3658,330;3662,314;3666,328;3671,312;3675,318;3679,318;3684,316;3688,316;3693,302;3697,320;3701,318;3706,318;3710,304;3714,318;3719,316;3723,308;3727,322;3732,306;3736,320;3740,304;3745,304;3749,310;3754,308;3758,308;3762,320;3767,306;3771,298;3775,312;3780,296;3784,310;3788,296;3793,308;3797,314;3801,328;3806,314;3810,326;3814,312;3819,304;3823,304;3828,302;3832,302;3836,302;3841,300;3845,306;3849,320;3854,304;3858,318;3862,302;3867,316;3871,308;3875,308;3880,306;3884,306;3888,304;3893,318;3897,310;3902,296;3906,310;3910,308;3915,320;3919,314;3923,312;3928,312;3932,296;3936,310;3941,310;3945,316;3949,302;3954,328;3958,314;3962,328;3967,312;3971,304;3976,318;3980,304;3984,316;3989,302;3993,336;3997,320;4002,320;4006,304;4010,320;4015,304;4019,324;4023,322;4028,322;4032,320;4037,306;4041,318;4045,310;4050,324;4054,308;4058,322;4063,306;4067,326;4071,324;4076,322;4080,322;4084,308;4089,308;4093,314;4097,326;4102,312;4106,326;4111,324;4115,302;4119,314;4124,314;4128,326;4132,312;4137,312;4141,316;4145,316;4150,316;4154,314;4158,300;4163,292;4167,304;4171,304;4176,316;4180,302;4185,314;4189,306;4193,318;4198,304;4202,318;4206,302;4211,316;4215,308;4219,292;4224,306;4228,304;4232,302;4237,302;4241,324;4246,308;4250,320;4254,306;4259,320;4263,310;4267,296;4272,296;4276,308;4280,308;4285,306;4289,310;4293,310;4298,310;4302,308;4306,308;4311,306;4315,298;4320,312;4324,312;4328,324;4333,310;4337,316;4341,314;4346,328;4350,314;4354,312;4359,312;4363,304;4367,316;4372,316;4376,330;4380,314;4385,328;4389,306;4394,318;4398,316;4402,318;4407,302;4411,308;4415,320;4420,320;4424,320;4428,318;4433,318;4437,310;4441,324;4446,308;4450,322;4454,308;4459,320;4463,312;4468,326;4472,324;4476,310;4481,324;4485,316;4489,316;4494,314;4498,314;4502,312;4507,326;4511,304;4515,304;4520,316;4524,302;4529,316;4533,316;4537,322;4542,306;4546,320;4550,318;4555,318;4559,324;4563,310;4568,310;4572,308;4576,308;4581,308;4585,312;4589,298;4594,312;4598,310;4603,324;4607,316;4611,314;4616,314;4620,300;4624,312;4629,312;4633,316;4637,302;4642,316;4646,300;4650,314;4655,312;4659,306;4663,304;4668,304;4672,304;4677,316;4681,308;4685,306;4690,306;4694,306;4698,318;4703,304;4707,310;4711,322;4716,308;4720,308;4724,306;4729,320;4733,310;4737,312;4742,310;4746,324;4751,308;4755,314;4759,314;4764,300;4768,312;4772,312;4777,312;4781,318;4785,332;4790,316;4794,316;4798,300;4803,328;4807,320;4812,320;4816,318;4820,318;4825,316;4829,308;4833,322;4838,306;4842,334;4846,304;4851,318;4855,324;4859,310;4864,308;4868,322;4872,320;4877,320;4881,312;4886,310;4890,324;4894,310;4899,308;4903,314;4907,312;4912,312;4916,312;4920,324;4925,310;4929,316;4933,314;4938,314;4942,312;4946,312;4951,312;4955,304;4960,304;4964,302;4968,316;4973,302;4977,320;4981,306;4986,320;4990,304;4994,318;4999,302;5003,306;5007,308;5012,292;5016,306;5020,304;5025,318;5029,310;5034,296;5038,308;5042,322;5047,306;5051,312;5055,310;5060,296;5064,310;5068,308;5073,308;5077,300;5081,312;5086,312;5090,312;5095,310;5099,304;5103,316;5108,302;5112,302;5116,300;5121,314;5125,320;5129,320;5134,318;5138,318;5142,316;5147,330;5151,322;5155,292;5160,306;5164,306;5169,318;5173,310;5177,324;5182,308;5186,322;5190,306;5195,320;5199,312;5203,310;5208,324;5212,308;5216,308;5221,294;5225,326;5229,312;5234,324;5238,310;5243,310;5247,314;5251,302;5256,314;5260,312;5264,312;5269,298;5273,318;5277,316;5282,316;5286,302;5290,328;5295,312;5299,304;5303,304;5308,302;5312,302;5317,302;5321,322;5325,320;5330,320;5334,320;5338,318;5343,318;5347,296;5351,310;5356,308;5360,322;5364,306;5369,320;5373,312;5377,312;5382,310;5386,310;5391,308;5395,300;5399,300;5404,298;5408,312;5412,310;5417,310;5421,302;5425,316;5430,300;5434,314;5438,312;5443,312;5447,304;5451,302;5456,302;5460,302;5465,302;5469,306;5473,320;5478,318;5482,318;5486,316;5491,316;5495,308;5499,306;5504,306;5508,290;5512,304;5517,302;5521,322;5526,322;5530,320;5534,320;5539,318;5543,310;5547,296;5552,322;5556,308;5560,320;5565,306;5569,324;5573,310;5578,324;5582,322;5586,322;5591,306;5595,310;5600,310;5604,294;5608,308;5613,306;5617,314;5621,296;5626,310;5630,308;5634,322;5639,306;5643,312;5647,310;5652,310;5656,308;5660,322;5665,314;5669,298;5674,326;5678,310;5682,324;5687,308;5691,314;5695,312;5700,298;5704,310;5708,310;5713,308;5717,314;5721,328;5726,312;5730,326;5735,310;5739,316;5743,314;5748,314;5752,312;5756,298;5761,310;5765,314;5769,328;5774,314;5778,326;5782,310;5787,288;5791,302;5795,300;5800,314;5804,300;5809,312;5813,302;5817,316;5822,300;5826,314;5830,310;5835,298;5839,304;5843,302;5848,316;5852,314;5856,314;5861,298;5865,318;5869,318;5874,316;5878,316;5883,316;5887,306;5891,292;5896,304;5900,304;5904,302;5909,302;5913,322;5917,306;5922,320;5926,304;5930,318;5935,316;5939,308;5943,322;5948,306;5952,318;5957,304;5961,324;5965,308;5970,322;5974,308;5978,320;5983,306;5987,296;5991,310;5996,296;6000,322;6004,308;6009,322;6013,298;6017,326;6022,312;6026,324;6031,310;6035,302;6039,314;6044,286;6048,312;6052,298;6057,310;6061,316;6065,330;6070,314;6074,300;6078,300;6083,312;6087,318;6091,316;6096,316;6100,314;6105,314;6109,306;6113,318;6118,318;6122,316;6126,314;6131,316;6135,306;6139,290;6144,304;6148,302;6152,316;6157,308;6161,322;6166,320;6170,318;6174,304;6179,318;6183,294;6187,280;6192,292;6196,278;6200,290;6205,282;6209,280;6213,280;6218,278;6222,292;6226,292;6231,268;6235,254;6240,280;6244,292;6248,292;6253,292;6257,268;6261,280;6266,280;6270,294;6274,294;6279,270;6283,256;6287,284;6292,282;6296,296;6301,280;6305,272;6309,284;6314,270;6318,284;6322,296;6327,282;6331,274;6335,286;6340,272;6344,284;6348,270;6353,290;6357,288;6361,288;6366,286;6370,300;6375,286;6379,262;6383,276;6388,274;6392,274;6396,258;6401,286;6405,278;6409,292;6414,276;6418,276;6422,260;6427,266;6431,280;6435,280;6440,278;6444,278;6449,278;6453,284;6457,298;6462,268;6466,240;6470,280;6475,294;6479,286;6483,286;6488,270;6492,270;6496,270;6501,290;6505,274;6509,288;6514,288;6518,286;6523,284;6527,276;6531,276;6536,274;6540,260;6544,272;6549,272;6553,278;6557,290;6562,288;6566,288;6570,286;6575,280;6579,278;6583,290;6588,276;6592,276;6597,274;\r\nBuffer sent in 0.973 secondsreturn;buffer;965\r\n'), 11:13:38
bytearray(b'received from UR: measure -> measure (0,1)\r\nSTEPPER: Moving to mstep: 6600 with speed [msteps/sec]: 1000 in StealthChop.\r\n'), 11:13:39
bytearray(b'STEPPER: Moving to mstep: 2400 with speed [msteps/sec]: 4000 in SpreadCycle.\r\n'), 11:13:43
bytearray(b'STEPPER: Moved 4200.00 msteps (ramp: 35%) in 1324.880 ms -> average speed [msteps/sec]: 3170.10\r\nreturn;measure;965\r\n'), 11:13:45
bytearray(b'received from UR: buffer -> buffer (0,1)\r\nSending buffer of size 965data;2400,302;2404,432;2408,228;2413,300;2417,320;2421,320;2426,332;2430,318;2434,332;2439,318;2443,324;2447,322;2452,322;2456,322;2460,322;2465,320;2469,326;2474,326;2478,324;2482,338;2487,324;2491,316;2495,314;2500,314;2504,328;2508,326;2513,326;2517,318;2521,332;2526,330;2530,330;2534,328;2539,328;2543,334;2548,320;2552,332;2556,316;2561,330;2565,322;2569,336;2574,320;2578,334;2582,318;2587,332;2591,324;2595,322;2600,322;2604,306;2608,320;2613,304;2617,338;2622,324;2626,338;2630,322;2635,336;2639,312;2643,312;2648,338;2652,324;2656,322;2661,322;2665,328;2669,326;2674,326;2678,326;2682,326;2687,324;2691,316;2696,328;2700,328;2704,326;2709,312;2713,332;2717,332;2722,330;2726,330;2730,328;2735,328;2739,320;2743,332;2748,318;2752,330;2757,318;2761,330;2765,322;2770,336;2774,320;2778,334;2783,318;2787,310;2791,324;2796,322;2800,322;2804,308;2809,320;2813,326;2817,340;2822,324;2826,338;2831,322;2835,338;2839,328;2844,314;2848,314;2852,312;2857,326;2861,332;2865,332;2870,330;2874,332;2878,330;2883,330;2887,334;2891,334;2896,332;2900,318;2905,332;2909,324;2913,336;2918,322;2922,336;2926,320;2931,334;2935,326;2939,312;2944,324;2948,324;2952,322;2957,306;2961,328;2965,312;2970,326;2974,298;2979,310;2983,316;2987,300;2992,328;2996,314;3000,312;3005,312;3009,316;3013,316;3018,316;3022,314;3026,328;3031,312;3035,304;3039,304;3044,314;3048,302;3053,300;3057,320;3061,306;3066,320;3070,318;3074,318;3079,316;3083,308;3087,306;3092,294;3096,320;3100,318;3105,304;3109,310;3113,310;3118,308;3122,308;3127,306;3131,298;3135,326;3140,310;3144,310;3148,308;3153,322;3157,314;3161,314;3166,312;3170,326;3174,310;3179,326;3183,316;3187,314;3192,314;3196,300;3201,312;3205,318;3209,318;3214,316;3218,330;3222,302;3227,316;3231,320;3235,320;3240,304;3244,304;3248,304;3253,316;3257,334;3262,322;3266,320;3270,320;3275,320;3279,326;3283,324;3288,310;3292,310;3296,322;3301,322;3305,314;3309,314;3314,328;3318,312;3322,326;3327,310;3331,316;3336,316;3340,302;3344,314;3349,300;3353,320;3357,306;3362,306;3366,304;3370,318;3375,304;3379,310;3383,310;3388,294;3392,308;3397,308;3401,308;3405,312;3410,312;3414,312;3418,326;3423,310;3427,302;3431,302;3436,300;3440,300;3444,300;3449,298;3453,304;3457,318;3462,304;3466,318;3471,302;3475,308;3479,308;3484,294;3488,322;3492,306;3497,306;3501,312;3505,312;3510,310;3514,310;3518,296;3523,308;3527,314;3531,314;3536,314;3540,298;3545,312;3549,318;3553,318;3558,316;3562,330;3566,316;3571,330;3575,306;3579,292;3584,306;3588,306;3592,318;3597,304;3601,324;3605,322;3610,336;3614,308;3619,320;3623,312;3627,312;3632,310;3636,310;3640,310;3645,324;3649,328;3653,312;3658,326;3662,312;3666,324;3671,308;3675,316;3679,314;3684,314;3688,300;3693,298;3697,318;3701,304;3706,316;3710,316;3714,316;3719,314;3723,322;3727,320;3732,306;3736,320;3740,306;3745,304;3749,310;3754,324;3758,308;3762,308;3767,306;3771,298;3775,326;3780,310;3784,310;3788,308;3793,308;3797,314;3801,328;3806,312;3810,326;3814,308;3819,302;3823,314;3828,314;3832,298;3836,298;3841,298;3845,304;3849,316;3854,302;3858,316;3862,300;3867,314;3871,292;3875,292;3880,318;3884,318;3889,302;3893,308;3897,308;3902,308;3906,306;3910,306;3915,320;3919,312;3923,310;3928,310;3932,310;3936,310;3941,294;3945,316;3949,314;3954,328;3958,314;3963,328;3967,312;3971,318;3976,318;3980,304;3984,316;3989,316;3993,322;3997,308;4002,322;4006,320;4010,320;4015,306;4019,296;4023,310;4028,308;4032,310;4037,310;4041,308;4045,314;4050,328;4054,312;4058,326;4063,312;4067,304;4071,318;4076,316;4080,316;4084,314;4089,314;4093,320;4097,320;4102,318;4106,318;4111,304;4115,308;4119,322;4124,308;4128,322;4132,306;4137,306;4141,312;4145,324;4150,310;4154,308;4158,308;4163,322;4167,314;4171,300;4176,312;4180,298;4185,310;4189,302;4193,316;4198,314;4202,316;4206,312;4211,328;4215,318;4219,318;4224,304;4228,302;4232,316;4237,300;4241,322;4245,308;4250,320;4254,306;4259,320;4263,296;4267,310;4272,310;4276,296;4280,308;4285,308;4289,314;4293,314;4298,314;4302,312;4306,312;4311,304;4315,304;4320,316;4324,302;4328,302;4333,302;4337,322;4341,308;4346,322;4350,308;4354,308;4359,306;4363,298;4367,326;4372,310;4376,324;4380,310;4385,310;4389,316;4394,330;4398,316;4402,316;4407,314;4411,308;4415,306;4420,306;4424,304;4428,292;4433,304;4437,310;4441,324;4446,310;4450,324;4454,310;4459,300;4463,314;4468,314;4472,312;4476,312;4481,312;4485,318;4489,318;4494,316;4498,316;4502,314;4507,314;4511,320;4515,320;4520,320;4524,304;4529,318;4533,318;4537,324;4542,322;4546,322;4550,308;4555,320;4559,314;4563,312;4568,312;4572,298;4576,310;4581,310;4585,318;4589,316;4594,330;4598,314;4603,328;4607,312;4611,320;4616,318;4620,304;4624,318;4629,302;4633,324;4637,308;4642,322;4646,306;4650,320;4655,306;4659,312;4663,310;4668,310;4672,310;4677,308;4681,314;4685,314;4690,314;4694,312;4698,312;4703,312;4707,318;4711,318;4716,302;4720,316;4724,302;4729,314;4733,306;4737,320;4742,306;4746,320;4751,304;4755,310;4759,324;4764,310;4768,310;4772,296;4777,308;4781,314;4785,326;4790,312;4794,326;4798,308;4803,302;4807,300;4811,300;4816,314;4820,312;4825,312;4829,304;4833,316;4838,316;4842,328;4846,314;4851,314;4855,318;4859,318;4864,316;4868,316;4872,316;4877,314;4881,320;4886,306;4890,320;4894,318;4899,318;4903,310;4907,310;4912,308;4916,308;4920,308;4925,306;4929,328;4933,312;4938,312;4942,310;4946,312;4951,310;4955,316;4960,314;4964,300;4968,314;4973,298;4977,320;4981,304;4986,318;4990,304;4994,316;4999,302;5003,308;5007,308;5012,306;5016,306;5020,306;5025,306;5029,310;5034,324;5038,310;5042,324;5047,308;5051,300;5055,314;5060,312;5064,298;5068,298;5073,312;5077,302;5081,302;5086,302;5090,316;5094,314;5099,306;5103,306;5108,304;5112,318;5116,304;5121,318;5125,310;5129,322;5134,308;5138,308;5142,306;5147,320;5151,312;5155,310;5160,312;5164,310;5168,324;5173,316;5177,330;5182,314;5186,314;5190,312;5195,326;5199,304;5203,304;5208,316;5212,302;5216,302;5221,300;5225,322;5229,306;5234,320;5238,318;5242,332;5247,310;5251,308;5256,294;5260,292;5264,306;5269,306;5273,326;5277,324;5282,324;5286,310;5290,322;5295,308;5299,314;5303,312;5308,312;5312,310;5316,310;5321,318;5325,316;5330,316;5334,316;5338,316;5343,314;5347,306;5351,304;5356,304;5360,318;5364,318;5369,316;5373,308;5377,320;5382,306;5386,320;5391,306;5395,296;5399,310;5404,310;5408,310;5412,308;5417,308;5421,314;5425,328;5430,312;5434,326;5438,312;5443,326;5447,304;5451,302;5456,302;5460,314;5465,314;5469,306;5473,320;5478,304;5482,306;5486,304;5491,304;5495,310;5499,308;5504,308;5508,306;5512,306;5517,306;5521,312;5526,312;5530,324;5534,310;5539,324;5543,316;5547,300;5552,314;5556,298;5560,326;5565,312;5569,318;5573,302;5578,316;5582,314;5586,314;5591,306;5595,304;5600,318;5604,318;5608,318;5613,302;5617,320;5621,306;5626,320;5630,304;5634,318;5639,304;5643,308;5647,308;5652,308;5656,306;5660,306;5665,306;5669,310;5674,310;5678,308;5682,322;5687,308;5691,312;5695,312;5700,312;5704,310;5708,310;5713,310;5717,314;5721,314;5726,312;5730,326;5734,312;5739,326;5743,318;5748,302;5752,316;5756,314;5761,314;5765,306;5769,318;5774,304;5778,318;5782,316;5787,316;5791,308;5795,294;5800,306;5804,290;5808,304;5813,310;5817,324;5822,308;5826,322;5830,308;5835,320;5839,298;5843,312;5848,310;5852,310;5856,308;5861,308;5865,316;5869,314;5874,314;5878,314;5882,312;5887,304;5891,304;5896,302;5900,302;5904,314;5909,300;5913,320;5917,306;5922,318;5926,302;5930,316;5935,316;5939,294;5943,320;5948,306;5952,320;5957,304;5961,304;5965,310;5970,324;5974,308;5978,322;5983,306;5987,312;5991,312;5996,310;6000,310;6004,310;6009,308;6013,314;6017,328;6022,312;6026,326;6031,312;6035,304;6039,302;6044,302;6048,316;6052,316;6057,314;6061,306;6065,320;6070,306;6074,318;6078,304;6083,304;6087,308;6092,308;6096,308;6100,306;6105,306;6109,312;6113,310;6118,310;6122,310;6126,310;6131,322;6135,300;6139,286;6144,300;6148,312;6152,312;6157,312;6161,318;6166,304;6170,316;6174,302;6179,316;6183,306;6187,292;6192,292;6196,290;6200,276;6205,276;6209,282;6213,280;6218,278;6222,278;6226,290;6231,270;6235,282;6240,268;6244,280;6248,278;6253,278;6257,286;6261,284;6266,296;6270,282;6274,282;6279,272;6283,272;6287,284;6292,284;6296,270;6300,268;6305,274;6309,274;6314,272;6318,272;6322,286;6327,284;6331,276;6335,276;6340,274;6344,288;6348,274;6353,286;6357,278;6361,292;6366,290;6370,290;6374,290;6379,282;6383,280;6388,280;6392,278;6396,278;6401,278;6405,282;6409,282;6414,282;6418,268;6422,266;6427,266;6431,272;6435,284;6440,270;6444,282;6448,282;6453,288;6457,288;6462,286;6466,286;6470,284;6475,270;6479,276;6483,276;6488,288;6492,258;6496,272;6501,272;6505,292;6509,290;6514,276;6518,274;6523,288;6527,278;6531,278;6536,276;6540,276;6544,274;6549,274;6553,280;6557,278;6562,264;6566,276;6570,276;6575,268;6579,280;6583,280;6588,280;6592,278;6597,278;\r\nBuffer sent in 0.973 secondsreturn;buffer;965\r\n'), 11:13:47
bytearray(b'received from UR: measure -> measure (0,1)\r\nSTEPPER: Moving to mstep: 6600 with speed [msteps/sec]: 1000 in StealthChop.\r\n'), 11:13:48
bytearray(b'STEPPER: Moving to mstep: 2400 with speed [msteps/sec]: 4000 in SpreadCycle.\r\n'), 11:13:52
bytearray(b'STEPPER: Moved 4200.00 msteps (ramp: 35%) in 1324.892 ms -> average speed [msteps/sec]: 3170.07\r\nreturn;measure;965\r\n'), 11:13:53
bytearray(b'received from UR: buffer -> buffer (0,1)\r\nSending buffer of size 965data;2400,304;2404,466;2408,134;2413,276;2417,316;2421,324;2426,338;2430,322;2434,336;2439,320;2443,312;2447,326;2452,324;2456,338;2460,324;2465,322;2469,314;2474,328;2478,326;2482,326;2487,326;2491,318;2495,330;2500,316;2504,330;2508,328;2513,328;2517,318;2521,332;2526,332;2530,332;2534,330;2539,330;2543,322;2548,320;2552,334;2556,318;2561,332;2565,324;2569,338;2574,322;2578,336;2582,322;2587,334;2591,326;2595,312;2600,326;2604,324;2608,324;2613,310;2617,330;2622,314;2626,342;2630,326;2635,326;2639,318;2643,318;2648,330;2652,316;2656,344;2661,330;2665,320;2669,320;2674,334;2678,332;2682,332;2687,330;2691,308;2696,336;2700,322;2704,334;2709,322;2713,326;2717,326;2722,326;2726,324;2730,338;2735,322;2739,314;2743,328;2748,312;2752,340;2756,312;2761,324;2765,316;2770,330;2774,314;2778,342;2783,326;2787,304;2791,332;2796,318;2800,330;2804,316;2809,330;2813,320;2817,334;2822,320;2826,334;2830,318;2835,346;2839,324;2844,322;2848,322;2852,308;2857,322;2861,326;2865,340;2870,324;2874,338;2878,322;2883,336;2887,328;2891,326;2896,326;2900,312;2905,324;2909,316;2913,330;2918,316;2922,328;2926,326;2931,326;2935,332;2939,332;2944,330;2948,316;2952,328;2957,314;2961,320;2965,318;2970,318;2974,316;2979,330;2983,308;2987,308;2992,308;2996,292;3000,306;3005,306;3009,312;3013,310;3018,312;3022,310;3026,308;3031,308;3035,300;3039,300;3044,300;3048,312;3053,298;3057,318;3061,302;3066,316;3070,302;3074,312;3079,314;3083,304;3087,318;3092,304;3096,318;3100,318;3105,302;3109,308;3113,322;3118,306;3122,306;3127,306;3131,298;3135,312;3140,310;3144,324;3148,296;3153,308;3157,314;3161,316;3166,314;3170,314;3174,312;3179,326;3183,320;3187,304;3192,318;3196,302;3201,316;3205,308;3209,336;3214,322;3218,336;3222,306;3227,320;3231,312;3235,312;3240,324;3244,310;3248,322;3253,308;3257,328;3261,314;3266,328;3270,312;3275,326;3279,318;3283,318;3288,318;3292,316;3296,330;3301,330;3305,320;3309,320;3314,320;3318,320;3322,320;3327,318;3331,296;3336,310;3340,308;3344,322;3349,308;3353,314;3357,312;3362,312;3366,310;3370,310;3375,310;3379,316;3383,316;3388,300;3392,314;3396,300;3401,312;3405,320;3410,318;3414,304;3418,318;3423,302;3427,310;3431,308;3436,308;3440,308;3444,306;3449,320;3453,312;3457,312;3462,310;3466,324;3470,308;3475,300;3479,300;3484,298;3488,298;3492,298;3497,310;3501,302;3505,316;3510,302;3514,314;3518,314;3523,312;3527,318;3531,304;3536,318;3540,302;3545,316;3549,316;3553,308;3558,308;3562,320;3566,320;3571,320;3575,326;3579,310;3584,324;3588,310;3592,322;3597,308;3601,328;3605,314;3610,328;3614,312;3619,326;3623,318;3627,304;3632,316;3636,316;3640,330;3645,316;3649,320;3653,306;3658,320;3662,318;3666,318;3671,304;3675,310;3679,322;3684,308;3688,322;3693,322;3697,312;3701,312;3706,326;3710,310;3714,324;3719,308;3723,314;3727,328;3732,312;3736,326;3740,312;3745,310;3749,316;3753,316;3758,314;3762,314;3767,314;3771,304;3775,318;3780,304;3784,316;3788,302;3793,316;3797,308;3801,320;3806,306;3810,318;3814,304;3819,318;3823,308;3827,308;3832,308;3836,306;3841,306;3845,312;3849,326;3854,310;3858,324;3862,310;3867,310;3871,300;3875,300;3880,314;3884,298;3888,312;3893,304;3897,316;3902,316;3906,316;3910,314;3915,328;3919,306;3923,292;3928,304;3932,288;3936,316;3941,302;3945,322;3949,320;3954,320;3958,306;3962,320;3967,312;3971,310;3976,324;3980,294;3984,322;3989,306;3993,326;3997,312;4002,326;4006,310;4010,324;4015,308;4019,314;4023,314;4028,314;4032,314;4037,312;4041,312;4045,316;4050,330;4054,314;4058,328;4063,314;4067,306;4071,318;4076,304;4080,316;4084,316;4089,316;4093,322;4097,320;4102,320;4106,318;4111,318;4115,318;4119,310;4124,308;4128,322;4132,306;4137,320;4141,312;4145,324;4150,310;4154,322;4158,308;4163,322;4167,312;4171,298;4176,310;4180,296;4185,308;4189,314;4193,328;4198,312;4202,326;4206,310;4211,324;4215,314;4219,300;4224,312;4228,298;4232,310;4237,296;4241,316;4245,314;4250,312;4254,298;4259,312;4263,302;4267,300;4272,314;4276,298;4280,312;4285,310;4289,302;4293,302;4298,314;4302,314;4306,312;4311,312;4315,304;4319,316;4324,302;4328,314;4333,300;4337,320;4341,318;4346,318;4350,316;4354,318;4359,316;4363,308;4367,320;4372,306;4376,318;4380,318;4385,318;4389,310;4393,322;4398,308;4402,322;4407,306;4411,312;4415,326;4420,310;4424,310;4428,296;4433,308;4437,314;4441,328;4446,314;4450,326;4454,312;4459,326;4463,316;4468,302;4472,314;4476,302;4481,314;4485,320;4489,334;4494,318;4498,318;4502,316;4507,316;4511,322;4515,320;4520,320;4524,304;4528,318;4533,304;4537,322;4542,322;4546,306;4550,306;4555,320;4559,312;4563,298;4568,324;4572,310;4576,308;4581,308;4585,314;4589,300;4594,314;4598,312;4602,326;4607,310;4611,302;4616,316;4620,314;4624,314;4629,300;4633,320;4637,318;4642,318;4646,302;4650,316;4655,300;4659,306;4663,306;4668,290;4672,304;4676,302;4681,302;4685,308;4690,322;4694,306;4698,320;4703,318;4707,296;4711,310;4716,294;4720,308;4724,292;4729,308;4733,314;4737,326;4742,312;4746,326;4750,310;4755,310;4759,316;4764,302;4768,328;4772,312;4777,326;4781,304;4785,316;4790,302;4794,330;4798,314;4803,314;4807,320;4811,304;4816,318;4820,304;4824,318;4829,308;4833,322;4838,306;4842,320;4846,304;4851,318;4855,310;4859,308;4864,322;4868,308;4872,320;4877,306;4881,326;4885,310;4890,324;4894,308;4899,308;4903,314;4907,312;4912,314;4916,312;4920,324;4925,310;4929,316;4933,314;4938,314;4942,312;4946,312;4951,310;4955,302;4959,316;4964,300;4968,312;4973,298;4977,320;4981,318;4986,330;4990,316;4994,328;4999,314;5003,290;5007,318;5012,302;5016,316;5020,300;5025,300;5029,306;5033,320;5038,304;5042,318;5047,302;5051,308;5055,306;5060,304;5064,304;5068,302;5073,302;5077,308;5081,308;5086,306;5090,318;5094,304;5099,316;5103,308;5108,306;5112,306;5116,290;5121,318;5125,308;5129,308;5134,306;5138,306;5142,304;5147,318;5151,310;5155,294;5160,308;5164,292;5168,320;5173,310;5177,324;5182,308;5186,322;5190,306;5195,320;5199,326;5203,310;5208,310;5212,294;5216,322;5221,306;5225,312;5229,298;5234,310;5238,310;5242,322;5247,314;5251,314;5256,312;5260,312;5264,310;5269,310;5273,316;5277,314;5282,312;5286,310;5290,324;5295,310;5299,300;5303,312;5308,298;5312,312;5316,310;5321,324;5325,300;5330,312;5334,312;5338,312;5343,310;5347,314;5351,312;5356,298;5360,312;5364,310;5369,324;5373,300;5377,314;5382,312;5386,326;5390,310;5395,300;5399,314;5404,298;5408,312;5412,310;5417,310;5421,300;5425,314;5430,312;5434,312;5438,310;5443,324;5447,316;5451,300;5456,314;5460,312;5465,298;5469,304;5473,316;5478,302;5482,314;5486,314;5491,312;5495,304;5499,304;5504,316;5508,300;5512,300;5517,298;5521,320;5525,304;5530,318;5534,316;5539,316;5543,320;5547,306;5552,320;5556,318;5560,316;5565,302;5569,322;5573,306;5578,320;5582,306;5586,318;5591,316;5595,308;5599,308;5604,306;5608,320;5613,304;5617,324;5621,308;5626,322;5630,306;5634,320;5639,304;5643,310;5647,310;5652,308;5656,320;5660,306;5665,320;5669,310;5674,324;5678,310;5682,322;5687,308;5691,314;5695,312;5700,310;5704,310;5708,308;5713,322;5717,300;5721,312;5726,310;5730,312;5734,310;5739,302;5743,314;5748,298;5752,312;5756,310;5761,324;5765,302;5769,316;5774,314;5778,328;5782,312;5787,326;5791,304;5795,302;5800,302;5804,300;5808,314;5813,304;5817,318;5822,316;5826,316;5830,314;5835,314;5839,318;5843,318;5848,302;5852,302;5856,314;5861,300;5865,320;5869,304;5874,318;5878,316;5882,316;5887,308;5891,306;5896,320;5900,304;5904,304;5909,302;5913,322;5917,308;5922,320;5926,306;5930,318;5935,304;5939,294;5943,308;5948,292;5952,320;5956,304;5961,318;5965,310;5970,322;5974,308;5978,322;5983,306;5987,298;5991,324;5996,310;6000,308;6004,308;6009,320;6013,312;6017,326;6022,310;6026,324;6031,308;6035,298;6039,312;6044,298;6048,310;6052,296;6057,308;6061,314;6065,314;6070,312;6074,312;6078,310;6083,310;6087,316;6091,316;6096,314;6100,314;6105,312;6109,304;6113,318;6118,302;6122,316;6126,314;6131,314;6135,318;6139,318;6144,316;6148,302;6152,316;6157,300;6161,320;6165,306;6170,318;6174,304;6179,318;6183,308;6187,280;6192,278;6196,278;6200,278;6205,276;6209,296;6213,282;6218,280;6222,280;6226,294;6231,284;6235,284;6240,284;6244,282;6248,268;6253,266;6257,286;6261,286;6266,286;6270,284;6274,270;6279,282;6283,276;6287,288;6292,260;6296,274;6300,272;6305,292;6309,292;6314,278;6318,276;6322,276;6327,288;6331,280;6335,280;6340,280;6344,278;6348,278;6353,276;6357,296;6361,296;6366,294;6370,294;6374,278;6379,270;6383,282;6388,268;6392,282;6396,266;6401,266;6405,286;6409,298;6414,284;6418,284;6422,282;6427,280;6431,272;6435,272;6440,270;6444,256;6448,282;6453,274;6457,288;6462,272;6466,272;6470,270;6475,284;6479,274;6483,288;6488,272;6492,272;6496,272;6501,270;6505,276;6509,288;6514,274;6518,288;6522,286;6527,278;6531,262;6536,276;6540,262;6544,274;6549,258;6553,292;6557,278;6562,278;6566,276;6570,274;6575,280;6579,280;6583,280;6588,278;6592,276;6596,276;\r\nBuffer sent in 0.973 secondsreturn;buffer;965\r\n'), 11:13:55
bytearray(b'received from UR: measure -> measure (0,1)\r\nSTEPPER: Moving to mstep: 6600 with speed [msteps/sec]: 1000 in StealthChop.\r\n'), 11:13:56
bytearray(b'STEPPER: Moving to mstep: 2400 with speed [msteps/sec]: 4000 in SpreadCycle.\r\n'), 11:14:01
bytearray(b'STEPPER: Moved 4200.00 msteps (ramp: 35%) in 1324.888 ms -> average speed [msteps/sec]: 3170.08\r\nreturn;measure;965\r\n'), 11:14:02
bytearray(b'received from UR: buffer -> buffer (0,1)\r\nSending buffer of size 965data;2400,300;2404,468;2408,138;2413,280;2417,322;2421,316;2426,342;2430,328;2434,342;2439,314;2443,318;2447,332;2452,318;2456,332;2460,316;2465,330;2469,322;2474,336;2478,322;2482,334;2487,320;2491,312;2495,326;2500,326;2504,338;2508,324;2513,324;2517,316;2521,330;2526,330;2530,330;2534,328;2539,306;2543,334;2548,320;2552,332;2556,318;2561,318;2565,324;2569,338;2574,322;2578,336;2582,322;2587,336;2591,328;2595,326;2600,340;2604,312;2608,326;2613,310;2617,346;2622,330;2626,344;2630,330;2635,330;2639,322;2643,322;2648,334;2652,334;2656,320;2661,320;2665,340;2669,324;2674,324;2678,324;2682,324;2687,322;2691,316;2696,330;2700,328;2704,328;2709,314;2713,334;2717,320;2722,334;2726,332;2730,332;2735,318;2739,310;2743,324;2748,308;2752,322;2756,308;2761,336;2765,328;2770,342;2774,326;2778,340;2783,326;2787,318;2791,332;2796,318;2800,330;2804,314;2809,330;2813,322;2817,334;2822,320;2826,334;2830,318;2835,332;2839,324;2844,324;2848,324;2852,324;2857,322;2861,314;2865,342;2870,326;2874,340;2878,326;2883,326;2887,332;2891,318;2896,330;2900,330;2904,328;2909,314;2913,334;2918,318;2922,332;2926,332;2931,332;2935,324;2939,322;2944,336;2948,322;2952,320;2957,306;2961,326;2965,312;2970,326;2974,310;2979,324;2983,316;2987,302;2992,314;2996,300;3000,314;3005,298;3009,320;3013,304;3018,318;3022,304;3026,318;3031,304;3035,296;3039,308;3044,308;3048,308;3053,308;3057,314;3061,314;3066,326;3070,312;3074,312;3079,310;3083,302;3087,302;3092,302;3096,302;3100,300;3105,316;3109,306;3113,320;3118,318;3122,318;3127,318;3131,296;3135,310;3140,308;3144,308;3148,294;3153,308;3157,312;3161,312;3166,312;3170,326;3174,310;3179,324;3183,330;3187,302;3192,316;3196,314;3201,328;3205,306;3209,334;3214,318;3218,320;3222,304;3227,332;3231,310;3235,310;3240,322;3244,306;3248,306;3253,306;3257,326;3261,310;3266,324;3270,310;3275,324;3279,328;3283,314;3288,314;3292,312;3296,326;3301,310;3305,318;3309,316;3314,330;3318,314;3322,314;3327,314;3331,304;3335,320;3340,306;3344,318;3349,304;3353,324;3357,324;3362,322;3366,308;3370,322;3375,306;3379,300;3383,312;3388,298;3392,312;3396,296;3401,310;3405,316;3409,330;3414,314;3418,316;3423,314;3427,304;3431,318;3436,304;3440,302;3444,302;3449,316;3453,308;3457,308;3462,306;3466,320;3470,306;3475,298;3479,296;3484,296;3488,310;3492,294;3497,308;3501,314;3505,314;3510,312;3514,312;3518,310;3523,324;3527,316;3531,300;3536,314;3540,300;3544,312;3549,298;3553,320;3558,318;3562,332;3566,316;3571,332;3575,308;3579,308;3584,322;3588,306;3592,322;3597,306;3601,326;3605,312;3610,326;3614,310;3619,324;3623,316;3627,314;3632,328;3636,316;3640,314;3645,312;3649,332;3653,318;3658,318;3662,302;3666,316;3671,316;3675,306;3679,320;3684,306;3688,318;3693,318;3697,324;3701,310;3706,322;3710,310;3714,322;3719,320;3723,298;3727,326;3732,310;3736,324;3740,310;3745,308;3749,314;3753,314;3758,312;3762,312;3767,312;3771,304;3775,316;3780,302;3784,302;3788,300;3793,314;3797,306;3801,320;3806,304;3810,318;3814,302;3819,316;3823,308;3827,308;3832,320;3836,320;3841,304;3845,310;3849,310;3854,310;3858,308;3862,294;3867,308;3871,314;3875,300;3880,312;3884,310;3888,310;3893,310;3897,316;3901,314;3906,300;3910,298;3915,312;3919,318;3923,304;3928,316;3932,302;3936,302;3941,286;3945,320;3949,320;3954,320;3958,306;3962,318;3967,316;3971,308;3975,322;3980,308;3984,322;3989,320;3993,314;3997,312;4002,326;4006,310;4010,324;4015,308;4019,314;4023,316;4028,314;4032,328;4036,326;4041,312;4045,318;4050,332;4054,318;4058,332;4063,316;4067,310;4071,308;4076,308;4080,306;4084,306;4089,306;4093,326;4097,326;4102,326;4106,324;4110,310;4115,324;4119,330;4124,314;4128,314;4132,312;4137,326;4141,306;4145,318;4150,318;4154,318;4158,316;4163,316;4167,322;4171,306;4176,306;4180,304;4185,304;4189,310;4193,296;4198,308;4202,322;4206,306;4211,320;4215,312;4219,310;4224,310;4228,308;4232,308;4237,292;4241,314;4245,312;4250,312;4254,310;4259,310;4263,302;4267,302;4272,302;4276,300;4280,314;4285,300;4289,306;4293,304;4298,318;4302,304;4306,316;4311,316;4315,306;4319,320;4324,292;4328,318;4333,304;4337,310;4341,308;4346,308;4350,306;4354,320;4359,306;4363,310;4367,310;4372,296;4376,322;4380,308;4385,320;4389,312;4393,326;4398,310;4402,324;4407,310;4411,316;4415,314;4420,300;4424,314;4428,298;4433,312;4437,318;4441,330;4446,316;4450,316;4454,314;4459,328;4463,320;4467,318;4472,318;4476,304;4481,316;4485,308;4489,322;4494,320;4498,320;4502,304;4507,318;4511,322;4515,308;4520,306;4524,306;4528,318;4533,306;4537,326;4541,324;4546,324;4550,322;4555,294;4559,314;4563,300;4568,312;4572,298;4576,326;4581,310;4585,316;4589,302;4594,316;4598,300;4602,314;4607,314;4611,306;4616,320;4620,304;4624,318;4629,304;4633,324;4637,308;4642,308;4646,306;4650,320;4655,306;4659,298;4663,310;4668,310;4672,308;4676,296;4681,308;4685,312;4690,314;4694,312;4698,312;4703,310;4707,304;4711,316;4716,302;4720,302;4724,286;4729,314;4733,306;4737,318;4742,318;4746,316;4751,316;4755,308;4759,322;4764,306;4768,320;4772,304;4777,318;4781,310;4785,324;4790,308;4794,322;4798,306;4803,320;4807,326;4811,312;4816,310;4820,310;4825,324;4829,314;4833,314;4838,300;4842,314;4846,312;4851,326;4855,318;4859,318;4864,316;4868,314;4872,314;4877,314;4881,320;4885,318;4890,318;4894,316;4899,316;4903,322;4907,308;4912,320;4916,320;4920,304;4925,304;4929,324;4933,310;4938,322;4942,308;4946,308;4951,306;4955,312;4959,312;4964,296;4968,310;4973,296;4977,308;4981,314;4986,314;4990,312;4994,312;4999,312;5003,304;5007,316;5012,302;5016,302;5020,300;5025,314;5029,306;5033,320;5038,304;5042,318;5047,304;5051,308;5055,308;5060,308;5064,308;5068,306;5073,306;5077,310;5081,310;5086,308;5090,308;5094,308;5099,300;5103,312;5108,298;5112,312;5116,298;5121,310;5125,316;5129,314;5134,314;5138,314;5142,312;5147,326;5151,318;5155,302;5160,316;5164,300;5168,314;5173,298;5177,334;5182,318;5186,330;5190,316;5195,330;5199,320;5203,306;5208,318;5212,304;5216,302;5221,302;5225,322;5229,308;5234,320;5238,306;5242,320;5247,310;5251,310;5256,308;5260,308;5264,320;5269,306;5273,314;5277,310;5282,324;5286,310;5290,324;5295,308;5299,314;5303,312;5308,312;5312,312;5317,310;5321,316;5325,316;5330,314;5334,314;5338,314;5343,312;5347,304;5351,304;5356,302;5360,302;5364,300;5369,300;5373,304;5377,318;5382,304;5386,316;5391,302;5395,308;5399,320;5404,306;5408,320;5412,304;5417,304;5421,308;5425,322;5430,306;5434,320;5438,304;5443,318;5447,310;5451,308;5456,308;5460,306;5465,320;5469,298;5473,310;5478,308;5482,308;5486,308;5491,320;5495,312;5499,312;5504,308;5508,294;5512,308;5517,292;5521,312;5525,310;5530,310;5534,308;5539,308;5543,314;5547,298;5552,326;5556,298;5560,310;5565,296;5569,330;5573,314;5578,328;5582,312;5586,326;5591,310;5595,302;5599,316;5604,300;5608,314;5613,298;5617,318;5621,304;5626,316;5630,302;5634,316;5639,314;5643,306;5647,306;5652,304;5656,304;5660,288;5665,316;5669,306;5673,320;5678,306;5682,320;5687,304;5691,322;5695,308;5700,308;5704,320;5708,306;5713,320;5717,310;5721,310;5726,308;5730,322;5734,306;5739,298;5743,310;5748,296;5752,324;5756,308;5761,322;5765,312;5769,314;5774,312;5778,324;5782,310;5787,310;5791,314;5795,300;5800,312;5804,310;5808,324;5813,302;5817,314;5822,314;5826,314;5830,312;5835,310;5839,302;5843,300;5848,314;5852,300;5856,312;5861,298;5865,318;5869,302;5874,316;5878,314;5882,300;5887,300;5891,304;5896,318;5900,302;5904,302;5909,300;5913,320;5917,306;5922,318;5926,302;5930,316;5935,302;5939,308;5943,320;5948,306;5952,306;5956,290;5961,318;5965,308;5970,322;5974,306;5978,320;5983,304;5987,310;5991,322;5996,308;6000,308;6004,306;6009,320;6013,310;6017,324;6022,308;6026,322;6030,306;6035,300;6039,312;6044,310;6048,324;6052,322;6057,308;6061,312;6065,312;6070,310;6074,310;6078,308;6083,308;6087,312;6091,312;6096,312;6100,310;6104,308;6109,314;6113,328;6118,314;6122,326;6126,310;6131,324;6135,314;6139,300;6144,314;6148,298;6152,312;6157,310;6161,316;6165,316;6170,316;6174,314;6179,314;6183,304;6187,290;6192,288;6196,288;6200,286;6205,286;6209,290;6213,276;6218,276;6222,274;6226,288;6231,280;6235,278;6239,278;6244,276;6248,276;6253,260;6257,296;6261,280;6266,280;6270,278;6274,264;6279,276;6283,268;6287,280;6292,266;6296,278;6300,278;6305,270;6309,282;6313,296;6318,280;6322,280;6327,278;6331,284;6335,282;6340,268;6344,282;6348,266;6353,280;6357,286;6361,284;6366,284;6370,298;6374,282;6379,288;6383,286;6388,286;6392,270;6396,270;6401,284;6405,290;6409,290;6414,274;6418,260;6422,286;6427,278;6431,278;6435,276;6440,274;6444,262;6448,288;6453,280;6457,266;6462,280;6466,292;6470,292;6475,290;6479,268;6483,282;6488,280;6492,280;6496,280;6501,278;6505,284;6509,284;6514,268;6518,282;6522,282;6527,286;6531,272;6536,286;6540,270;6544,284;6549,270;6553,260;6557,288;6562,288;6566,286;6570,286;6575,278;6579,276;6583,290;6588,260;6592,274;6596,272;\r\nBuffer sent in 0.973 secondsreturn;buffer;965\r\n'), 11:14:04
bytearray(b'received from UR: measure -> measure (0,1)\r\nSTEPPER: Moving to mstep: 6600 with speed [msteps/sec]: 1000 in StealthChop.\r\n'), 11:14:05
bytearray(b'STEPPER: Moving to mstep: 2400 with speed [msteps/sec]: 4000 in SpreadCycle.\r\n'), 11:14:09
bytearray(b'STEPPER: Moved 4200.00 msteps (ramp: 35%) in 1324.888 ms -> average speed [msteps/sec]: 3170.08\r\nreturn;measure;965\r\n'), 11:14:10
bytearray(b'received from UR: buffer -> buffer (0,1)\r\nSending buffer of size 965data;2400,310;2404,462;2408,144;2413,274;2417,316;2421,322;2426,336;2430,322;2434,336;2439,320;2443,326;2447,326;2452,324;2456,324;2460,310;2465,324;2469,330;2474,328;2478,314;2482,342;2487,326;2491,318;2495,332;2500,316;2504,316;2508,330;2513,330;2517,322;2521,336;2526,320;2530,334;2534,334;2539,312;2543,324;2548,310;2552,324;2556,324;2561,336;2565,328;2569,330;2574,328;2578,328;2582,312;2587,340;2591,318;2595,318;2600,332;2604,302;2608,316;2613,318;2617,336;2622,320;2626,334;2630,320;2635,332;2639,324;2643,324;2648,322;2652,308;2656,320;2661,320;2665,340;2669,324;2674,338;2678,324;2682,324;2687,320;2691,314;2696,314;2700,312;2704,326;2709,324;2713,330;2717,330;2722,328;2726,328;2730,328;2735,326;2739,318;2743,332;2748,316;2752,330;2756,314;2761,330;2765,320;2770,334;2774,320;2778,334;2783,318;2787,310;2791,336;2796,308;2800,322;2804,322;2809,334;2813,312;2817,340;2822,312;2826,338;2830,324;2835,338;2839,328;2844,312;2848,326;2852,324;2857,324;2861,316;2865,330;2870,328;2874,328;2878,312;2883,340;2887,318;2891,330;2896,330;2900,316;2905,328;2909,320;2913,334;2918,332;2922,332;2926,330;2931,330;2935,322;2939,320;2944,334;2948,318;2952,318;2957,302;2961,322;2965,320;2970,320;2974,304;2979,318;2983,308;2987,294;2992,320;2996,306;3000,318;3005,304;3009,324;3013,308;3018,322;3022,306;3026,306;3031,304;3035,298;3039,310;3044,308;3048,308;3053,292;3057,326;3061,312;3066,312;3070,310;3074,322;3079,308;3083,314;3087,312;3092,296;3096,310;3100,308;3105,308;3109,314;3114,314;3118,312;3122,324;3127,310;3131,286;3135,314;3140,300;3144,312;3148,298;3153,310;3157,316;3161,316;3166,300;3170,328;3174,312;3179,326;3183,332;3188,316;3192,316;3196,300;3201,312;3205,318;3209,332;3214,316;3218,330;3222,314;3227,328;3231,318;3235,318;3240,318;3244,316;3248,316;3253,314;3257,334;3262,318;3266,332;3270,316;3275,330;3279,320;3283,306;3288,318;3292,318;3296,316;3301,302;3305,322;3309,320;3314,334;3318,318;3322,330;3327,316;3331,306;3336,320;3340,292;3344,304;3349,302;3353,324;3357,308;3362,308;3366,306;3370,320;3375,304;3379,310;3383,322;3388,308;3392,306;3396,290;3401,304;3405,310;3410,324;3414,308;3418,308;3423,306;3427,298;3431,310;3436,310;3440,308;3444,308;3449,322;3453,298;3457,312;3462,310;3466,310;3470,294;3475,300;3479,298;3484,298;3488,310;3492,294;3497,308;3501,314;3505,312;3510,312;3514,324;3518,310;3523,288;3527,302;3531,300;3536,312;3540,312;3545,310;3549,316;3553,316;3558,314;3562,328;3566,312;3571,326;3575,318;3579,302;3584,316;3588,300;3592,328;3597,312;3601,332;3605,316;3610,330;3614,316;3619,328;3623,320;3627,320;3632,318;3636,318;3640,318;3645,302;3649,322;3653,308;3658,336;3662,320;3666,334;3671,318;3675,310;3679,310;3684,308;3688,308;3693,308;3697,328;3701,312;3706,326;3710,324;3714,324;3719,322;3723,314;3727,328;3732,312;3736,312;3740,298;3745,310;3749,316;3753,330;3758,314;3762,314;3767,300;3771,304;3775,318;3780,318;3784,316;3788,302;3793,316;3797,306;3801,320;3806,306;3810,320;3814,304;3819,296;3823,308;3827,310;3832,308;3836,308;3841,306;3845,298;3849,312;3854,312;3858,310;3862,296;3867,310;3871,302;3875,314;3880,314;3884,314;3888,312;3893,304;3897,304;3902,304;3906,302;3910,302;3915,316;3919,308;3923,306;3928,306;3932,292;3936,304;3941,304;3945,310;3949,310;3954,324;3958,308;3962,322;3967,308;3971,314;3976,326;3980,312;3984,312;3989,296;3993,330;3997,314;4002,328;4006,314;4010,326;4015,312;4019,304;4023,318;4028,302;4032,316;4036,314;4041,314;4045,304;4050,332;4054,304;4058,318;4063,316;4067,322;4071,322;4076,306;4080,320;4084,318;4089,318;4093,310;4097,308;4102,308;4106,322;4111,320;4115,312;4119,326;4124,310;4128,310;4132,310;4137,324;4141,302;4145,316;4150,314;4154,328;4158,312;4163,290;4167,302;4171,302;4176,316;4180,300;4185,300;4189,306;4193,318;4198,304;4202,318;4206,304;4211,316;4215,308;4219,308;4224,306;4228,306;4232,318;4237,304;4241,310;4245,310;4250,308;4254,294;4259,308;4263,312;4267,312;4272,312;4276,310;4280,310;4285,296;4289,314;4293,314;4298,298;4302,298;4306,310;4311,310;4315,316;4319,314;4324,300;4328,314;4333,298;4337,318;4341,304;4346,316;4350,300;4354,314;4359,314;4363,306;4367,318;4372,304;4376,316;4380,302;4385,316;4389,320;4393,334;4398,320;4402,332;4407,318;4411,310;4415,310;4420,294;4424,308;4428,306;4433,306;4437,312;4441,326;4446,310;4450,324;4454,308;4459,322;4463,314;4467,298;4472,312;4476,310;4481,310;4485,316;4489,330;4494,314;4498,328;4502,314;4507,326;4511,318;4515,304;4520,316;4524,302;4528,316;4533,300;4537,320;4541,320;4546,318;4550,318;4555,318;4559,322;4563,308;4568,308;4572,306;4576,306;4581,308;4585,312;4589,296;4594,324;4598,308;4602,322;4607,322;4611,298;4616,312;4620,312;4624,310;4629,296;4633,330;4637,314;4642,328;4646,314;4650,326;4655,312;4659,304;4663,302;4668,302;4672,302;4676,300;4681,300;4685,320;4690,318;4694,306;4698,318;4703,316;4707,308;4711,320;4716,306;4720,306;4724,320;4729,318;4733,310;4737,324;4742,308;4746,322;4751,320;4755,312;4759,312;4764,296;4768,310;4772,296;4777,324;4781,314;4785,314;4790,312;4794,314;4798,312;4803,324;4807,330;4811,316;4816,328;4820,314;4825,312;4829,304;4833,318;4838,316;4842,316;4846,300;4851,328;4855,306;4859,318;4864,318;4868,318;4872,316;4877,302;4881,322;4885,320;4890,320;4894,304;4899,318;4903,310;4907,308;4912,322;4916,308;4920,320;4925,306;4929,314;4933,312;4938,310;4942,310;4946,310;4951,308;4955,302;4959,314;4964,310;4968,312;4973,296;4977,316;4981,302;4986,314;4990,300;4994,314;4999,312;5003,318;5007,318;5012,316;5016,316;5020,300;5025,314;5029,306;5033,318;5038,304;5042,318;5047,302;5051,310;5055,308;5060,306;5064,306;5068,304;5073,304;5077,310;5081,296;5086,294;5090,308;5094,308;5099,320;5103,312;5107,312;5112,310;5116,296;5121,310;5125,316;5129,314;5134,300;5138,312;5142,312;5147,312;5151,318;5155,302;5160,316;5164,300;5168,314;5173,306;5177,332;5182,318;5186,304;5190,302;5195,316;5199,322;5203,308;5208,320;5212,306;5216,318;5221,304;5225,324;5229,310;5234,322;5238,308;5242,322;5247,312;5251,312;5256,312;5260,310;5264,310;5269,308;5273,316;5277,314;5282,314;5286,312;5290,326;5295,312;5299,302;5303,302;5308,302;5312,314;5317,300;5321,314;5325,320;5330,320;5334,304;5338,318;5343,304;5347,310;5351,322;5356,308;5360,320;5364,292;5369,306;5373,312;5377,326;5382,310;5386,310;5391,294;5395,300;5399,314;5404,312;5408,312;5412,310;5417,310;5421,316;5425,316;5430,314;5434,328;5438,312;5443,312;5447,304;5451,304;5456,302;5460,302;5465,302;5469,308;5473,308;5478,306;5482,320;5486,318;5491,318;5495,308;5499,294;5504,308;5508,292;5512,306;5517,304;5521,324;5525,310;5530,324;5534,308;5539,308;5543,314;5547,298;5552,312;5556,310;5560,324;5565,310;5569,328;5573,314;5578,328;5582,312;5586,326;5591,312;5595,302;5599,316;5604,302;5608,328;5613,314;5617,320;5621,304;5626,332;5630,316;5634,330;5639,316;5643,308;5647,306;5652,292;5656,306;5660,304;5665,304;5669,310;5674,324;5678,322;5682,322;5687,320;5691,312;5695,312;5700,312;5704,310;5708,310;5713,310;5717,316;5721,314;5726,300;5730,314;5734,312;5739,312;5743,318;5748,304;5752,316;5756,302;5761,302;5765,320;5769,320;5774,306;5778,320;5782,304;5787,318;5791,310;5795,294;5800,322;5804,308;5808,320;5813,298;5817,312;5822,310;5826,324;5830,310;5835,310;5839,316;5843,300;5848,300;5852,298;5856,312;5861,298;5865,318;5869,316;5874,316;5878,316;5883,316;5887,306;5891,292;5896,306;5900,304;5904,304;5909,290;5913,324;5917,308;5922,308;5926,306;5930,320;5935,320;5939,312;5943,324;5948,308;5952,310;5957,294;5961,314;5965,314;5970,312;5974,298;5978,324;5983,310;5987,302;5991,316;5996,300;6000,314;6004,298;6009,312;6013,306;6017,318;6022,304;6026,318;6031,304;6035,296;6039,308;6044,308;6048,308;6052,292;6057,306;6061,312;6065,326;6070,312;6074,326;6078,310;6083,324;6087,302;6091,302;6096,302;6100,300;6105,300;6109,320;6113,306;6118,304;6122,318;6126,318;6131,318;6135,324;6139,308;6144,322;6148,308;6152,308;6157,308;6161,310;6165,298;6170,312;6174,310;6179,310;6183,302;6187,288;6192,302;6196,286;6200,286;6205,286;6209,264;6213,292;6218,292;6222,290;6226,290;6231,282;6235,268;6240,280;6244,280;6248,280;6253,278;6257,272;6261,284;6266,298;6270,284;6274,282;6279,282;6283,288;6287,288;6292,286;6296,272;6300,256;6305,292;6309,290;6314,290;6318,276;6322,274;6327,274;6331,266;6335,278;6340,264;6344,278;6348,248;6353,290;6357,282;6361,282;6366,282;6370,280;6374,280;6379,286;6383,286;6388,284;6392,284;6396,282;6401,296;6405,274;6409,258;6414,286;6418,286;6422,284;6427,284;6431,290;6435,276;6440,276;6444,260;6448,288;6453,280;6457,280;6462,266;6466,264;6470,278;6475,292;6479,282;6483,282;6488,282;6492,268;6496,266;6501,252;6505,288;6509,286;6514,286;6518,284;6522,256;6527,290;6531,276;6536,276;6540,274;6544,274;6549,274;6553,266;6557,278;6562,278;6566,292;6570,292;6575,268;6579,252;6583,282;6588,282;6592,294;6596,280;\r\nBuffer sent in 0.973 secondsreturn;buffer;965\r\n'), 11:14:12
bytearray(b'received from UR: measure -> measure (0,1)\r\nSTEPPER: Moving to mstep: 6600 with speed [msteps/sec]: 1000 in StealthChop.\r\n'), 11:14:13
bytearray(b'STEPPER: Moving to mstep: 2400 with speed [msteps/sec]: 4000 in SpreadCycle.\r\n'), 11:14:18
bytearray(b'STEPPER: Moved 4200.00 msteps (ramp: 35%) in 1324.888 ms -> average speed [msteps/sec]: 3170.08\r\nreturn;measure;965\r\n'), 11:14:19
bytearray(b'received from UR: buffer -> buffer (0,1)\r\nSending buffer of size 965data;2400,312;2404,440;2408,194;2413,280;2417,308;2421,328;2426,342;2430,326;2434,340;2439,326;2443,318;2447,316;2452,316;2456,314;2460,314;2465,328;2469,320;2473,334;2478,320;2482,332;2487,332;2491,324;2495,324;2500,324;2504,322;2508,322;2513,320;2517,326;2521,328;2526,324;2530,326;2534,324;2539,338;2543,330;2548,314;2552,328;2556,312;2561,326;2565,320;2569,332;2574,318;2578,332;2582,316;2587,330;2591,336;2595,322;2600,334;2604,306;2608,320;2613,318;2617,338;2622,324;2626,338;2630,322;2635,336;2639,328;2643,326;2648,326;2652,326;2656,326;2661,324;2665,330;2669,316;2674,330;2678,328;2682,328;2687,326;2691,318;2696,318;2700,318;2704,332;2709,316;2713,336;2717,322;2722,336;2726,320;2730,334;2735,320;2739,326;2743,326;2748,310;2752,324;2756,324;2761,324;2765,330;2770,330;2774,316;2778,342;2783,326;2787,318;2791,318;2796,304;2800,330;2804,330;2809,330;2813,322;2817,336;2822,320;2826,334;2831,318;2835,312;2839,324;2844,310;2848,322;2852,322;2857,336;2861,314;2865,340;2870,326;2874,340;2878,324;2883,324;2887,330;2891,330;2896,328;2900,314;2905,328;2909,320;2913,334;2918,332;2922,332;2926,318;2931,332;2935,324;2939,308;2944,322;2948,308;2952,320;2957,320;2961,312;2965,296;2970,310;2974,310;2979,324;2983,316;2987,314;2992,314;2996,298;3000,312;3005,312;3009,318;3013,302;3018,316;3022,316;3026,316;3031,314;3035,306;3039,306;3044,304;3048,304;3053,304;3057,324;3061,308;3066,322;3070,308;3074,322;3079,320;3083,298;3087,312;3092,298;3096,310;3100,296;3105,310;3109,316;3113,316;3118,314;3122,314;3127,300;3131,306;3135,304;3140,290;3144,304;3148,302;3153,316;3157,322;3161,322;3166,320;3170,320;3174,318;3179,298;3183,324;3187,308;3192,308;3196,306;3201,320;3205,312;3209,326;3214,310;3218,324;3222,310;3227,324;3231,314;3235,314;3240,326;3244,312;3248,312;3253,310;3257,330;3262,314;3266,328;3270,314;3275,326;3279,318;3283,304;3288,316;3292,316;3296,328;3301,314;3305,320;3309,318;3314,318;3318,318;3322,318;3327,316;3331,308;3336,308;3340,306;3344,320;3349,304;3353,312;3357,310;3362,310;3366,308;3370,322;3375,308;3379,298;3383,312;3388,296;3392,310;3396,310;3401,314;3405,300;3410,328;3414,312;3418,312;3423,310;3427,316;3431,316;3436,314;3440,314;3444,298;3449,312;3453,304;3457,304;3462,302;3466,302;3471,300;3475,308;3479,320;3484,304;3488,304;3492,302;3497,302;3501,320;3505,320;3510,306;3514,318;3518,304;3523,304;3527,310;3531,294;3536,306;3540,292;3545,318;3549,310;3553,310;3558,308;3562,322;3566,306;3571,320;3575,326;3579,310;3584,324;3588,308;3592,322;3597,320;3601,326;3605,310;3610,324;3614,310;3619,336;3623,314;3627,312;3632,310;3636,324;3640,322;3645,322;3649,314;3653,312;3658,324;3662,310;3666,322;3671,308;3675,312;3679,312;3684,312;3688,310;3693,324;3697,316;3701,314;3706,328;3710,314;3714,314;3719,312;3723,318;3727,316;3732,302;3736,314;3740,300;3745,312;3749,318;3753,318;3758,316;3762,316;3767,314;3771,306;3775,320;3780,304;3784,304;3788,288;3793,302;3797,308;3801,322;3806,306;3810,320;3814,304;3819,318;3823,308;3827,308;3832,306;3836,306;3841,306;3845,312;3849,324;3854,310;3858,324;3862,308;3867,322;3871,312;3875,298;3880,298;3884,296;3888,310;3893,302;3897,300;3902,300;3906,314;3910,312;3915,312;3919,318;3923,302;3928,316;3932,300;3936,314;3941,298;3945,320;3949,318;3954,318;3958,316;3962,316;3967,308;3971,306;3976,320;3980,304;3984,318;3989,304;3993,338;3997,322;4002,336;4006,320;4010,334;4015,320;4019,310;4023,310;4028,308;4032,308;4036,306;4041,306;4045,312;4050,326;4054,310;4058,338;4063,322;4067,300;4071,314;4076,312;4080,312;4084,312;4089,310;4093,316;4097,330;4102,316;4106,328;4111,312;4115,306;4119,318;4124,304;4128,316;4132,302;4137,314;4141,320;4145,306;4150,306;4154,318;4158,304;4163,318;4167,324;4171,308;4176,308;4180,294;4185,306;4189,312;4193,312;4198,296;4202,310;4206,310;4211,322;4215,314;4219,314;4224,314;4228,298;4232,298;4237,296;4241,316;4245,302;4250,302;4254,300;4259,314;4263,306;4267,292;4272,304;4276,304;4280,302;4285,302;4289,308;4293,306;4298,306;4302,306;4306,306;4311,304;4315,296;4319,310;4324,310;4328,324;4333,308;4337,314;4341,314;4346,314;4350,312;4354,312;4359,298;4363,304;4367,316;4372,316;4376,330;4380,314;4385,316;4389,320;4394,334;4398,318;4402,320;4407,318;4411,310;4415,310;4420,308;4424,306;4428,306;4433,320;4437,312;4441,324;4446,310;4450,324;4454,308;4459,322;4463,314;4468,312;4472,312;4476,312;4481,310;4485,316;4489,330;4494,314;4498,326;4502,312;4507,326;4511,318;4515,316;4520,316;4524,302;4528,314;4533,300;4537,320;4542,304;4546,318;4550,316;4555,314;4559,306;4563,306;4568,306;4572,304;4576,318;4581,302;4585,322;4589,308;4594,322;4598,306;4602,320;4607,312;4611,310;4616,310;4620,294;4624,308;4629,306;4633,314;4637,312;4642,326;4646,310;4650,324;4655,308;4659,314;4663,314;4668,312;4672,312;4676,310;4681,304;4685,302;4690,316;4694,314;4698,314;4703,314;4707,304;4711,318;4716,304;4720,318;4724,302;4729,316;4733,308;4737,322;4742,306;4746,320;4751,318;4755,296;4759,310;4764,296;4768,322;4772,308;4777,308;4781,314;4785,328;4790,312;4794,326;4798,312;4803,326;4807,304;4811,302;4816,316;4820,302;4825,302;4829,308;4833,334;4838,308;4842,320;4846,306;4851,318;4855,310;4859,310;4864,310;4868,310;4872,310;4877,308;4881,314;4885,314;4890,312;4894,312;4899,326;4903,318;4907,316;4912,316;4916,302;4920,316;4925,314;4929,322;4933,320;4938,320;4942,320;4946,318;4951,318;4955,296;4959,308;4964,308;4968,322;4973,308;4977,312;4981,312;4986,312;4990,310;4994,324;4999,308;5003,300;5007,300;5012,300;5016,312;5020,298;5025,312;5029,318;5034,318;5038,316;5042,316;5047,302;5051,308;5055,306;5060,306;5064,304;5068,304;5073,304;5077,310;5081,310;5086,308;5090,308;5094,308;5099,300;5103,298;5108,298;5112,298;5116,298;5121,310;5125,302;5129,316;5134,314;5138,314;5142,314;5147,314;5151,318;5155,304;5160,316;5164,316;5168,316;5173,300;5177,322;5182,306;5186,320;5190,304;5195,318;5199,310;5203,310;5208,310;5212,306;5216,322;5221,306;5225,326;5229,312;5234,326;5238,310;5242,324;5247,302;5251,302;5256,314;5260,302;5264,312;5269,298;5273,318;5277,314;5282,318;5286,302;5290,316;5295,314;5299,320;5303,306;5308,306;5312,304;5316,304;5321,318;5325,310;5330,310;5334,310;5338,322;5343,308;5347,300;5351,314;5356,300;5360,312;5364,298;5369,312;5373,304;5377,318;5382,302;5386,316;5390,302;5395,308;5399,322;5404,306;5408,306;5412,306;5417,320;5421,298;5425,312;5430,310;5434,310;5438,310;5443,310;5447,314;5451,300;5456,300;5460,314;5465,314;5469,306;5473,306;5478,304;5482,304;5486,304;5491,304;5495,310;5499,294;5504,308;5508,292;5512,306;5517,306;5521,312;5526,296;5530,310;5534,310;5539,324;5543,314;5547,300;5552,314;5556,298;5560,312;5565,298;5569,318;5573,316;5578,318;5582,302;5586,316;5591,314;5595,306;5600,320;5604,304;5608,318;5613,318;5617,310;5621,296;5626,310;5630,308;5634,322;5639,308;5643,314;5647,314;5652,300;5656,312;5660,312;5665,314;5669,304;5674,318;5678,302;5682,316;5687,316;5691,308;5695,306;5700,306;5704,306;5708,318;5713,318;5717,310;5721,324;5726,310;5730,322;5734,308;5739,300;5743,312;5748,312;5752,312;5756,310;5761,310;5765,316;5769,330;5774,314;5778,314;5782,312;5787,314;5791,318;5795,304;5800,302;5804,302;5808,316;5813,308;5817,320;5822,306;5826,320;5830,318;5835,316;5839,310;5843,308;5848,308;5852,308;5856,306;5861,292;5865,312;5869,310;5874,310;5878,296;5882,308;5887,314;5891,312;5896,298;5900,296;5904,310;5909,296;5913,316;5917,300;5922,314;5926,312;5930,312;5935,312;5939,304;5943,304;5948,302;5952,314;5957,300;5961,320;5965,306;5970,318;5974,304;5978,318;5983,316;5987,308;5991,308;5996,294;6000,306;6004,306;6009,304;6013,310;6017,324;6022,308;6026,322;6031,308;6035,300;6039,312;6044,312;6048,308;6052,310;6057,310;6061,314;6065,314;6070,314;6074,312;6078,312;6083,310;6087,316;6091,316;6096,314;6100,314;6105,312;6109,304;6113,318;6118,302;6122,316;6126,316;6131,316;6135,306;6139,320;6144,318;6148,304;6152,316;6157,302;6161,322;6166,306;6170,320;6174,306;6179,290;6183,296;6187,296;6192,296;6196,294;6200,294;6205,280;6209,286;6213,284;6218,284;6222,296;6226,296;6231,274;6235,272;6240,286;6244,286;6248,284;6253,284;6257,274;6261,288;6266,288;6270,286;6274,286;6279,284;6283,278;6287,276;6292,274;6296,274;6300,288;6305,264;6309,278;6314,278;6318,290;6322,290;6327,274;6331,280;6335,280;6340,278;6344,292;6348,276;6353,290;6357,282;6361,252;6366,280;6370,292;6374,278;6379,284;6383,282;6388,268;6392,266;6396,264;6401,278;6405,268;6409,254;6414,280;6418,294;6422,292;6427,292;6431,268;6435,268;6440,282;6444,280;6448,278;6453,272;6457,256;6462,282;6466,296;6470,282;6475,282;6479,270;6483,256;6488,284;6492,284;6496,282;6501,274;6505,258;6509,286;6514,284;6518,284;6522,284;6527,274;6531,258;6536,286;6540,270;6544,284;6549,282;6553,274;6557,286;6562,286;6566,284;6570,284;6575,270;6579,276;6583,274;6588,274;6592,272;6597,272;\r\nBuffer sent in 0.973 secondsreturn;buffer;965\r\n'), 11:14:21
bytearray(b'received from UR: measure -> measure (0,1)\r\nSTEPPER: Moving to mstep: 6600 with speed [msteps/sec]: 1000 in StealthChop.\r\n'), 11:14:22
bytearray(b'STEPPER: Moving to mstep: 2400 with speed [msteps/sec]: 4000 in SpreadCycle.\r\n'), 11:14:26
bytearray(b'STEPPER: Moved 4200.00 msteps (ramp: 35%) in 1324.888 ms -> average speed [msteps/sec]: 3170.08\r\nreturn;measure;965\r\n'), 11:14:28
bytearray(b'received from UR: buffer -> buffer (0,1)\r\nSending buffer of size 965data;2400,304;2404,448;2408,160;2413,274;2417,316;2421,322;2426,336;2430,322;2434,336;2439,320;2443,326;2447,326;2452,324;2456,324;2460,324;2465,324;2469,330;2474,330;2478,330;2482,330;2487,328;2491,320;2495,334;2500,334;2504,334;2508,320;2513,332;2517,326;2521,338;2526,324;2530,338;2534,322;2539,336;2543,328;2548,314;2552,326;2556,312;2561,340;2565,318;2569,332;2574,318;2578,332;2582,316;2587,344;2591,336;2595,320;2600,320;2604,306;2608,332;2613,320;2617,324;2622,324;2626,338;2630,322;2635,336;2639,328;2643,326;2648,326;2652,326;2656,324;2661,324;2665,330;2669,330;2674,330;2678,314;2682,328;2687,326;2691,318;2696,332;2700,318;2704,332;2709,316;2713,338;2717,322;2722,336;2726,322;2730,334;2735,320;2739,312;2743,326;2748,324;2752,324;2757,324;2761,324;2765,316;2770,330;2774,314;2778,342;2783,314;2787,318;2791,332;2796,318;2800,332;2804,316;2809,330;2813,322;2817,336;2822,320;2826,334;2831,320;2835,312;2839,324;2844,324;2848,324;2852,324;2857,324;2861,316;2865,330;2870,328;2874,328;2878,328;2883,326;2887,334;2891,320;2896,320;2900,332;2905,332;2909,324;2913,324;2918,324;2922,338;2926,324;2931,338;2935,330;2939,330;2944,328;2948,314;2952,314;2957,314;2961,320;2965,306;2970,320;2974,304;2979,318;2983,312;2987,310;2992,310;2996,310;3000,310;3005,308;3009,316;3013,314;3018,314;3022,314;3026,314;3031,312;3035,292;3039,304;3044,304;3048,302;3053,302;3057,324;3061,308;3066,322;3070,308;3074,322;3079,322;3083,300;3087,298;3092,298;3096,312;3100,312;3105,312;3109,304;3113,318;3118,316;3122,316;3127,316;3131,308;3135,306;3140,292;3144,320;3148,306;3153,318;3157,310;3161,324;3166,308;3170,322;3174,308;3179,322;3183,326;3188,312;3192,312;3196,310;3201,324;3205,302;3209,330;3214,314;3218,328;3222,314;3227,328;3231,318;3235,318;3240,318;3244,316;3248,316;3253,308;3257,322;3262,320;3266,334;3270,318;3275,320;3279,324;3283,310;3288,322;3292,322;3296,322;3301,308;3305,326;3309,312;3314,326;3318,310;3322,310;3327,310;3331,316;3336,316;3340,300;3344,300;3349,300;3353,320;3357,304;3362,318;3366,304;3370,318;3375,316;3379,308;3383,308;3388,306;3392,308;3397,306;3401,318;3405,310;3410,324;3414,310;3418,324;3423,308;3427,300;3431,300;3436,298;3440,312;3444,312;3449,310;3453,302;3457,316;3462,302;3466,302;3471,300;3475,306;3479,306;3484,306;3488,318;3492,318;3497,304;3501,310;3505,310;3510,308;3514,308;3518,308;3523,322;3527,314;3531,300;3536,312;3540,298;3545,326;3549,304;3553,316;3558,314;3562,316;3566,314;3571,314;3575,320;3579,304;3584,318;3588,304;3592,318;3597,302;3601,338;3605,308;3610,322;3614,308;3619,322;3623,314;3627,298;3632,312;3636,310;3640,310;3645,310;3649,330;3653,314;3658,328;3662,314;3666,326;3671,326;3675,318;3679,318;3684,316;3688,316;3693,316;3697,320;3701,320;3706,320;3710,320;3714,318;3719,318;3723,310;3727,324;3732,308;3736,308;3740,308;3745,322;3749,314;3753,312;3758,312;3762,312;3767,310;3771,304;3775,316;3780,302;3784,302;3788,300;3793,300;3797,306;3801,320;3806,320;3810,320;3814,304;3819,318;3823,310;3828,310;3832,308;3836,308;3841,308;3845,314;3849,314;3854,298;3858,312;3862,310;3867,310;3871,300;3875,302;3880,302;3884,300;3888,300;3893,306;3897,320;3902,304;3906,304;3910,302;3915,316;3919,308;3923,308;3928,308;3932,292;3936,306;3941,306;3945,326;3949,312;3954,324;3958,310;3962,324;3967,308;3971,314;3976,328;3980,314;3984,326;3989,296;3993,332;3997,316;4002,330;4006,314;4010,328;4015,312;4019,320;4023,318;4028,318;4032,316;4036,316;4041,314;4045,308;4050,322;4054,318;4058,318;4063,318;4067,324;4071,322;4076,308;4080,306;4084,306;4089,320;4093,310;4097,310;4102,310;4106,324;4110,322;4115,314;4119,314;4124,298;4128,312;4132,310;4137,310;4141,316;4145,316;4150,314;4154,328;4158,312;4163,312;4167,318;4171,302;4176,302;4180,300;4184,314;4189,306;4193,320;4198,304;4202,318;4206,304;4211,316;4215,308;4219,306;4224,306;4228,306;4232,304;4237,304;4241,310;4245,308;4250,308;4254,306;4259,320;4263,312;4267,310;4272,310;4276,308;4280,308;4285,308;4289,312;4293,312;4298,312;4302,296;4306,310;4311,308;4315,288;4319,300;4324,300;4328,314;4333,298;4337,318;4341,304;4346,318;4350,316;4354,316;4359,316;4363,308;4367,320;4372,306;4376,318;4380,304;4385,318;4389,322;4394,336;4398,308;4402,322;4407,306;4411,298;4415,326;4420,310;4424,310;4428,310;4433,310;4437,314;4441,328;4446,314;4450,328;4454,312;4459,326;4463,318;4468,318;4472,302;4476,302;4481,302;4485,308;4489,320;4494,320;4498,320;4502,318;4507,318;4511,324;4515,322;4520,322;4524,308;4528,322;4533,314;4537,328;4542,314;4546,326;4550,312;4555,312;4559,318;4563,316;4568,302;4572,300;4576,300;4581,286;4585,320;4589,318;4594,320;4598,304;4602,318;4607,316;4611,308;4616,308;4620,292;4624,306;4629,306;4633,326;4637,312;4642,310;4646,308;4650,310;4655,308;4659,300;4663,314;4668,314;4672,298;4676,298;4681,312;4685,304;4690,304;4694,302;4698,316;4703,316;4707,308;4711,306;4716,306;4720,306;4724,304;4729,318;4733,310;4737,324;4742,324;4746,324;4750,322;4755,300;4759,300;4764,300;4768,326;4772,312;4777,326;4781,304;4785,318;4790,318;4794,318;4798,316;4803,330;4807,308;4811,308;4816,308;4820,294;4824,306;4829,314;4833,328;4838,312;4842,326;4846,312;4851,326;4855,318;4859,304;4864,316;4868,316;4872,316;4877,314;4881,322;4885,320;4890,320;4894,318;4899,318;4903,310;4907,310;4912,310;4916,310;4920,322;4925,308;4929,314;4933,312;4938,312;4942,310;4946,310;4951,302;4955,302;4960,314;4964,300;4968,314;4973,300;4977,320;4981,304;4986,318;4990,302;4994,318;4999,302;5003,308;5007,308;5012,294;5016,320;5020,318;5025,306;5029,310;5034,326;5038,310;5042,324;5047,308;5051,302;5055,314;5060,300;5064,314;5068,312;5073,298;5077,304;5081,304;5086,302;5090,302;5094,302;5099,308;5103,306;5108,306;5112,306;5116,304;5121,318;5125,310;5129,310;5134,308;5138,322;5142,308;5147,320;5151,312;5155,312;5160,310;5164,296;5168,310;5173,296;5177,330;5182,314;5186,328;5190,314;5195,328;5199,320;5203,318;5208,318;5212,304;5216,316;5221,316;5225,322;5229,308;5234,322;5238,308;5242,320;5247,312;5251,312;5256,310;5260,310;5264,310;5269,310;5273,316;5277,316;5282,316;5286,314;5290,314;5295,314;5299,306;5303,304;5308,304;5312,318;5316,318;5321,310;5325,310;5330,322;5334,308;5338,322;5343,322;5347,300;5351,312;5356,298;5360,312;5364,298;5369,324;5373,302;5377,316;5382,302;5386,316;5390,314;5395,306;5399,306;5404,306;5408,306;5412,304;5417,318;5421,310;5425,324;5430,308;5434,308;5438,308;5443,322;5447,298;5451,298;5456,312;5460,312;5465,310;5469,302;5473,316;5478,302;5482,300;5486,300;5491,314;5495,306;5499,306;5504,304;5508,304;5512,318;5517,290;5521,324;5526,310;5530,322;5534,322;5539,320;5543,298;5547,284;5552,312;5556,310;5560,310;5565,310;5569,330;5573,314;5578,328;5582,314;5586,328;5591,300;5595,306;5600,318;5604,290;5608,304;5613,304;5617,324;5621,310;5626,324;5630,308;5634,322;5639,308;5643,314;5647,312;5652,312;5656,298;5660,312;5665,326;5669,304;5674,318;5678,316;5682,316;5687,316;5691,308;5695,308;5700,306;5704,306;5708,304;5713,320;5717,312;5721,310;5726,310;5730,324;5734,308;5739,322;5743,314;5748,300;5752,312;5756,298;5761,324;5765,304;5769,318;5774,302;5778,316;5782,302;5787,314;5791,308;5795,292;5800,306;5804,306;5808,304;5813,310;5817,310;5822,308;5826,322;5830,308;5835,322;5839,314;5843,312;5848,298;5852,298;5856,312;5861,310;5865,318;5869,302;5874,316;5878,302;5882,300;5887,308;5891,306;5896,306;5900,306;5904,318;5909,304;5913,326;5917,310;5922,324;5926,308;5930,308;5935,308;5939,314;5943,312;5948,298;5952,310;5957,296;5961,316;5965,302;5970,316;5974,312;5978,328;5983,312;5987,304;5991,318;5996,306;6000,304;6004,302;6009,302;6013,308;6017,324;6022,308;6026,322;6031,320;6035,298;6039,298;6044,312;6048,310;6052,310;6057,296;6061,314;6065,328;6070,314;6074,314;6078,312;6083,312;6087,304;6092,304;6096,316;6100,316;6105,314;6109,308;6113,320;6118,306;6122,318;6126,304;6131,318;6135,310;6139,296;6144,324;6148,308;6152,308;6157,308;6161,314;6166,314;6170,314;6174,298;6179,312;6183,290;6187,288;6192,288;6196,274;6200,272;6205,288;6209,294;6213,292;6218,292;6222,278;6226,248;6231,284;6235,282;6240,282;6244,268;6248,268;6253,266;6257,286;6261,286;6266,286;6270,284;6274,256;6279,276;6283,276;6287,274;6292,274;6296,274;6300,258;6305,280;6309,278;6314,292;6318,276;6322,248;6327,290;6331,282;6335,280;6340,266;6344,278;6348,264;6353,290;6357,284;6361,282;6366,266;6370,280;6374,280;6379,272;6383,272;6388,286;6392,284;6396,284;6401,270;6405,290;6409,304;6414,288;6418,274;6422,274;6427,266;6431,264;6435,278;6440,264;6444,262;6448,276;6453,282;6457,268;6462,280;6466,294;6470,292;6475,292;6479,268;6483,254;6488,282;6492,280;6496,280;6501,272;6505,270;6509,270;6514,282;6518,296;6523,294;6527,270;6531,270;6536,270;6540,254;6544,268;6549,268;6553,272;6557,272;6562,286;6566,284;6570,298;6575,274;6579,274;6583,260;6588,272;6592,286;6597,272;\r\nBuffer sent in 0.973 secondsreturn;buffer;965\r\n'), 11:14:30
bytearray(b'received from UR: measure -> measure (0,1)\r\nSTEPPER: Moving to mstep: 6600 with speed [msteps/sec]: 1000 in StealthChop.\r\n'), 11:14:31
bytearray(b'STEPPER: Moving to mstep: 2400 with speed [msteps/sec]: 4000 in SpreadCycle.\r\n'), 11:14:35
bytearray(b'STEPPER: Moved 4200.00 msteps (ramp: 35%) in 1324.888 ms -> average speed [msteps/sec]: 3170.08\r\nreturn;measure;965\r\n'), 11:14:36
bytearray(b'received from UR: buffer -> buffer (0,1)\r\nSending buffer of size 965data;2400,296;2404,454;2408,166;2413,280;2417,322;2421,330;2426,344;2430,314;2434,342;2439,328;2443,306;2447,318;2452,318;2456,318;2460,316;2465,330;2469,322;2474,336;2478,322;2482,336;2487,320;2491,312;2495,326;2500,324;2504,338;2508,322;2513,322;2517,328;2521,330;2526,328;2530,328;2534,326;2539,326;2543,332;2548,316;2552,316;2556,316;2561,328;2565,320;2569,334;2574,318;2578,332;2582,318;2587,332;2591,324;2595,322;2600,336;2604,308;2608,334;2613,320;2617,340;2622,324;2626,338;2630,322;2635,336;2639,328;2643,328;2648,326;2652,312;2656,326;2661,324;2665,330;2669,316;2674,328;2678,328;2683,328;2687,326;2691,316;2696,332;2700,330;2704,330;2709,314;2713,336;2717,334;2722,334;2726,318;2730,332;2735,318;2739,322;2743,336;2748,308;2752,320;2757,320;2761,320;2765,326;2770,338;2774,324;2778,338;2783,322;2787,314;2791,314;2796,314;2800,328;2804,326;2809,340;2813,318;2817,332;2822,316;2826,330;2831,330;2835,320;2839,322;2844,320;2848,334;2852,318;2857,332;2861,324;2865,338;2870,322;2874,336;2878,336;2883,334;2887,326;2891,326;2896,324;2900,324;2905,338;2909,314;2913,328;2918,328;2922,340;2926,326;2931,340;2935,330;2939,316;2944,330;2948,314;2952,328;2957,312;2961,318;2965,318;2970,318;2974,302;2979,314;2983,322;2987,306;2992,320;2996,304;3000,318;3005,304;3009,324;3013,308;3018,322;3022,306;3026,306;3031,306;3035,312;3039,310;3044,310;3048,310;3053,308;3057,314;3061,314;3066,314;3070,298;3074,312;3079,312;3083,304;3087,318;3092,304;3096,302;3100,302;3105,302;3109,308;3114,308;3118,306;3122,320;3127,306;3131,296;3135,310;3140,310;3144,308;3148,308;3153,322;3157,314;3161,312;3166,312;3170,326;3174,310;3179,324;3183,316;3188,316;3192,328;3196,302;3201,328;3205,320;3209,320;3214,306;3218,334;3222,318;3227,332;3231,310;3235,310;3240,324;3244,308;3248,322;3253,314;3257,328;3262,312;3266,326;3270,312;3275,326;3279,316;3283,316;3288,316;3292,288;3296,314;3301,314;3305,320;3309,320;3314,318;3318,318;3323,318;3327,316;3331,308;3336,322;3340,308;3344,306;3349,306;3353,324;3357,310;3362,310;3366,310;3370,322;3375,308;3379,300;3383,314;3388,314;3392,312;3397,298;3401,318;3405,316;3410,318;3414,314;3418,314;3423,314;3427,306;3431,304;3436,304;3440,304;3444,304;3449,316;3453,308;3457,322;3462,304;3466,320;3471,304;3475,296;3479,296;3484,296;3488,308;3492,294;3497,306;3501,312;3505,312;3510,310;3514,310;3518,310;3523,322;3527,314;3531,300;3536,312;3540,298;3545,312;3549,304;3553,318;3558,316;3562,316;3566,316;3571,314;3575,320;3579,306;3584,318;3588,304;3592,316;3597,302;3601,322;3605,308;3610,320;3614,306;3619,334;3623,312;3627,310;3632,324;3636,308;3640,322;3645,322;3649,326;3653,312;3658,326;3662,310;3666,324;3671,310;3675,314;3679,314;3684,314;3688,326;3693,312;3697,318;3701,316;3706,330;3710,314;3714,314;3719,312;3723,304;3727,318;3732,316;3736,316;3740,302;3745,314;3749,308;3754,320;3758,304;3762,318;3767,304;3771,310;3775,308;3780,294;3784,308;3788,308;3793,306;3797,300;3801,312;3806,310;3810,310;3814,310;3819,300;3823,314;3828,314;3832,298;3836,298;3841,296;3845,316;3849,316;3854,302;3858,314;3862,300;3867,314;3871,304;3875,304;3880,304;3884,302;3888,302;3893,308;3897,322;3902,308;3906,306;3910,306;3915,320;3919,312;3923,298;3928,312;3932,296;3936,310;3941,308;3945,316;3949,314;3954,314;3958,312;3962,326;3967,312;3971,304;3976,318;3980,318;3984,316;3989,316;3993,322;3997,306;4002,322;4006,320;4010,334;4015,318;4019,298;4023,310;4028,308;4032,308;4036,308;4041,322;4045,314;4050,326;4054,312;4058,326;4063,310;4067,316;4071,316;4076,316;4080,314;4084,298;4089,312;4093,318;4097,318;4102,316;4106,316;4110,316;4115,308;4119,306;4124,320;4128,318;4132,306;4137,318;4141,310;4145,324;4150,322;4154,320;4158,320;4163,320;4167,310;4171,310;4176,324;4180,296;4185,308;4189,314;4193,314;4198,298;4202,312;4206,310;4211,324;4215,316;4219,316;4224,314;4228,300;4232,300;4237,298;4241,318;4245,316;4250,316;4254,314;4259,316;4263,306;4267,306;4272,306;4276,306;4280,304;4285,302;4289,310;4293,308;4298,308;4302,306;4306,320;4311,306;4315,298;4320,310;4324,296;4328,308;4333,294;4337,328;4341,314;4346,312;4350,312;4354,312;4359,310;4363,302;4367,314;4372,312;4376,312;4380,300;4385,326;4389,316;4394,316;4398,314;4402,316;4407,314;4411,320;4415,320;4420,304;4424,316;4428,316;4433,316;4437,308;4441,322;4446,306;4450,320;4454,318;4459,310;4463,308;4468,310;4472,322;4476,308;4481,306;4485,312;4489,326;4494,310;4498,310;4502,308;4507,322;4511,328;4515,312;4520,312;4524,312;4528,310;4533,310;4537,316;4542,314;4546,328;4550,312;4555,312;4559,316;4563,302;4568,316;4572,314;4576,314;4581,298;4585,318;4589,304;4594,330;4598,302;4602,316;4607,300;4611,306;4616,306;4620,304;4624,302;4629,302;4633,322;4637,306;4642,320;4646,306;4650,318;4655,304;4659,306;4663,308;4668,308;4672,308;4676,306;4681,300;4685,312;4690,312;4694,310;4698,324;4703,310;4707,300;4711,314;4716,300;4720,312;4724,298;4729,326;4733,304;4737,318;4742,316;4746,316;4751,314;4755,306;4759,320;4764,306;4768,318;4772,304;4777,316;4781,308;4785,322;4790,308;4794,320;4798,306;4803,320;4807,326;4811,310;4816,312;4820,310;4825,322;4829,314;4833,328;4838,312;4842,326;4846,312;4851,324;4855,316;4859,302;4864,314;4868,314;4872,314;4877,314;4881,320;4886,318;4890,318;4894,316;4899,316;4903,320;4907,320;4912,320;4916,304;4920,318;4925,316;4929,310;4933,308;4938,322;4942,320;4946,320;4951,304;4955,310;4960,324;4964,308;4968,308;4973,308;4977,314;4981,300;4986,326;4990,310;4994,324;4999,310;5003,300;5007,314;5012,314;5016,312;5020,312;5025,312;5029,304;5034,318;5038,302;5042,316;5047,316;5051,308;5055,308;5060,306;5064,306;5068,306;5073,318;5077,310;5081,310;5086,310;5090,308;5094,308;5099,300;5103,300;5108,298;5112,298;5116,312;5121,312;5125,304;5129,318;5134,302;5138,316;5142,316;5147,314;5151,308;5155,306;5160,320;5164,306;5168,318;5173,310;5177,324;5182,308;5186,322;5190,306;5195,320;5199,312;5203,298;5208,310;5212,296;5216,308;5221,310;5225,316;5229,314;5234,314;5238,298;5243,326;5247,318;5251,316;5256,316;5260,302;5264,314;5269,314;5273,320;5277,318;5282,318;5286,304;5290,316;5295,316;5299,306;5303,306;5308,306;5312,304;5317,304;5321,304;5325,308;5330,308;5334,306;5338,320;5343,306;5347,310;5351,324;5356,296;5360,308;5364,308;5369,306;5373,312;5377,326;5382,310;5386,310;5391,308;5395,300;5399,312;5404,298;5408,298;5412,296;5417,308;5421,314;5425,314;5430,310;5434,312;5438,296;5443,302;5447,302;5452,302;5456,300;5460,300;5465,314;5469,306;5473,304;5478,304;5482,304;5486,302;5491,302;5495,320;5499,306;5504,306;5508,304;5512,304;5517,304;5521,308;5526,308;5530,322;5534,308;5539,320;5543,326;5547,298;5552,312;5556,310;5560,324;5565,308;5569,316;5573,314;5578,314;5582,312;5586,326;5591,310;5595,304;5600,316;5604,300;5608,314;5613,300;5617,320;5621,304;5626,318;5630,302;5634,330;5639,314;5643,306;5647,304;5652,304;5656,304;5660,304;5665,302;5669,308;5674,320;5678,306;5682,318;5687,316;5691,310;5695,308;5700,308;5704,308;5708,320;5713,304;5717,310;5721,324;5726,310;5730,310;5734,308;5739,300;5743,312;5748,312;5752,312;5756,310;5761,324;5765,302;5769,316;5774,314;5778,314;5782,300;5787,326;5791,318;5795,316;5800,316;5804,300;5809,314;5813,306;5817,320;5822,304;5826,318;5830,302;5835,316;5839,308;5843,306;5848,320;5852,304;5856,304;5861,304;5865,324;5869,308;5874,308;5878,308;5883,308;5887,300;5891,298;5896,312;5900,312;5904,312;5909,298;5913,316;5917,316;5922,316;5926,302;5930,314;5935,314;5939,306;5943,318;5948,304;5952,318;5957,304;5961,310;5965,308;5970,322;5974,308;5978,322;5983,306;5987,298;5991,312;5996,298;6000,310;6004,296;6009,308;6013,316;6018,316;6022,300;6026,328;6031,312;6035,304;6039,302;6044,304;6048,316;6052,302;6057,314;6061,306;6065,306;6070,306;6074,318;6078,304;6083,304;6087,308;6092,308;6096,308;6100,308;6105,322;6109,298;6113,312;6118,312;6122,310;6126,310;6131,324;6135,302;6139,300;6144,314;6148,298;6152,312;6157,306;6161,316;6166,316;6170,302;6174,300;6179,314;6183,306;6187,290;6192,304;6196,290;6200,272;6205,274;6209,294;6213,292;6218,292;6222,292;6226,292;6231,268;6235,268;6240,268;6244,280;6248,264;6253,264;6257,298;6261,282;6266,268;6270,266;6274,280;6279,272;6283,272;6287,284;6292,284;6296,284;6300,282;6305,288;6309,288;6314,274;6318,272;6322,286;6327,284;6331,276;6335,290;6340,276;6344,288;6348,288;6353,286;6357,278;6361,276;6366,276;6370,290;6375,288;6379,280;6383,266;6388,278;6392,278;6396,278;6401,276;6405,282;6409,296;6414,282;6418,282;6422,280;6427,272;6431,270;6435,284;6440,270;6444,282;6449,282;6453,288;6457,286;6462,286;6466,286;6470,284;6475,262;6479,274;6483,274;6488,258;6492,272;6496,270;6501,276;6505,290;6509,288;6514,274;6518,272;6523,270;6527,276;6531,276;6536,274;6540,274;6544,286;6549,286;6553,290;6557,278;6562,290;6566,288;6570,274;6575,266;6579,266;6584,278;6588,264;6592,262;6597,262;\r\nBuffer sent in 0.973 secondsreturn;buffer;965\r\n'), 11:14:38
bytearray(b'received from UR: measure -> measure (0,1)\r\nSTEPPER: Moving to mstep: 6600 with speed [msteps/sec]: 1000 in StealthChop.\r\n'), 11:14:39
bytearray(b'STEPPER: Moving to mstep: 2400 with speed [msteps/sec]: 4000 in SpreadCycle.\r\n'), 11:14:43
bytearray(b'STEPPER: Moved 4200.00 msteps (ramp: 35%) in 1324.888 ms -> average speed [msteps/sec]: 3170.08\r\nreturn;measure;965\r\n'), 11:14:45
bytearray(b'received from UR: buffer -> buffer (0,1)\r\nSending buffer of size 965data;2400,304;2404,466;2408,136;2413,278;2417,320;2421,326;2426,340;2430,324;2434,336;2439,322;2443,328;2447,328;2452,312;2456,326;2460,324;2465,324;2469,316;2474,328;2478,328;2482,340;2487,326;2491,318;2495,330;2500,314;2504,328;2508,314;2513,328;2517,318;2521,332;2526,330;2530,330;2534,328;2539,342;2543,334;2548,306;2552,332;2556,318;2561,332;2565,322;2569,336;2574,320;2578,334;2582,320;2587,334;2591,324;2595,308;2600,322;2604,308;2608,334;2613,306;2617,340;2622,324;2626,338;2630,322;2635,336;2639,326;2643,312;2648,324;2652,310;2656,324;2661,308;2665,342;2669,328;2674,340;2678,326;2682,340;2687,324;2691,316;2696,328;2700,314;2704,326;2709,312;2713,332;2717,330;2722,330;2726,330;2730,342;2735,328;2739,306;2743,332;2748,316;2752,330;2756,302;2761,330;2765,322;2770,334;2774,318;2778,334;2783,318;2787,308;2791,336;2796,308;2800,334;2804,306;2809,332;2813,324;2817,338;2822,322;2826,336;2830,320;2835,336;2839,326;2844,310;2848,324;2852,310;2857,322;2861,328;2865,342;2870,328;2874,342;2878,326;2883,340;2887,332;2891,316;2896,330;2900,314;2905,328;2909,322;2913,334;2918,320;2922,334;2926,332;2931,332;2935,324;2939,308;2944,336;2948,308;2952,322;2957,306;2961,326;2965,312;2970,324;2974,310;2979,324;2983,314;2987,298;2992,314;2996,300;3000,312;3005,298;3009,320;3013,304;3018,332;3022,316;3026,318;3031,316;3035,294;3039,306;3044,292;3048,306;3053,304;3057,326;3061,310;3066,324;3070,310;3074,322;3079,308;3083,300;3087,314;3092,298;3096,312;3100,298;3105,312;3109,316;3113,318;3118,316;3122,316;3127,314;3131,292;3135,320;3140,292;3144,320;3148,304;3153,318;3157,310;3161,310;3166,308;3170,322;3174,306;3179,320;3183,326;3187,310;3192,324;3196,308;3201,336;3205,314;3209,314;3214,312;3218,326;3222,310;3227,324;3231,314;3235,314;3240,314;3244,312;3248,326;3253,324;3257,316;3261,314;3266,328;3270,314;3275,326;3279,318;3283,304;3288,316;3292,302;3296,316;3301,314;3305,322;3309,320;3314,334;3318,318;3322,332;3327,318;3331,308;3335,322;3340,294;3344,320;3349,306;3353,326;3357,312;3362,326;3366,310;3370,324;3375,310;3379,300;3383,314;3388,298;3392,312;3396,296;3401,310;3405,316;3410,328;3414,314;3418,326;3423,312;3427,304;3431,302;3436,302;3440,302;3444,300;3449,298;3453,304;3457,318;3462,316;3466,316;3471,314;3475,292;3479,304;3484,290;3488,304;3492,302;3497,302;3501,308;3505,320;3510,320;3514,318;3518,318;3523,318;3527,308;3531,292;3536,318;3540,292;3545,316;3549,310;3553,324;3558,322;3562,322;3566,320;3571,334;3575,326;3579,296;3584,324;3588,308;3592,322;3597,292;3601,328;3605,312;3610,326;3614,310;3619,338;3623,314;3627,300;3632,312;3636,312;3640,310;3645,296;3649,330;3653,314;3658,328;3662,312;3666,326;3671,312;3675,302;3679,316;3684,314;3688,314;3693,298;3697,312;3701,316;3706,330;3710,314;3714,328;3719,326;3723,304;3727,318;3732,302;3736,316;3740,300;3745,314;3749,320;3753,320;3758,316;3762,318;3767,316;3771,294;3775,308;3780,306;3784,304;3788,290;3793,316;3797,308;3801,322;3806,306;3810,320;3814,318;3819,296;3823,310;3827,294;3832,308;3836,292;3841,306;3845,312;3849,312;3854,310;3858,324;3862,308;3867,322;3871,314;3875,298;3880,298;3884,296;3888,310;3893,296;3897,316;3901,314;3906,314;3910,314;3915,312;3919,304;3923,304;3928,316;3932,286;3936,314;3941,300;3945,320;3949,318;3954,332;3958,316;3962,330;3967,314;3971,306;3976,318;3980,304;3984,318;3989,302;3993,336;3997,308;4002,336;4006,320;4010,334;4015,318;4019,310;4023,308;4028,308;4032,320;4036,306;4041,318;4045,308;4050,322;4054,308;4058,320;4063,306;4067,324;4071,310;4076,308;4080,322;4084,308;4089,320;4093,310;4097,310;4102,308;4106,322;4111,320;4115,320;4119,312;4124,310;4128,322;4132,308;4137,322;4141,312;4145,326;4150,310;4154,324;4158,308;4163,322;4167,312;4171,298;4176,310;4180,296;4185,308;4189,314;4193,328;4198,312;4202,326;4206,310;4211,324;4215,302;4219,300;4224,314;4228,298;4232,312;4237,296;4241,316;4245,314;4250,314;4254,312;4259,326;4263,304;4267,302;4272,300;4276,286;4280,298;4285,284;4289,316;4293,316;4298,314;4302,312;4306,312;4311,310;4315,302;4319,314;4324,286;4328,312;4333,298;4337,318;4341,316;4346,330;4350,314;4354,314;4359,312;4363,302;4367,316;4372,300;4376,314;4380,298;4385,312;4389,316;4393,330;4398,314;4402,328;4407,312;4411,304;4415,316;4420,302;4424,314;4428,300;4433,312;4437,318;4441,330;4446,316;4450,330;4454,314;4459,326;4463,318;4467,302;4472,316;4476,300;4481,314;4485,320;4489,320;4494,318;4498,318;4502,316;4507,328;4511,318;4515,304;4520,318;4524,302;4528,314;4533,300;4537,322;4542,320;4546,320;4550,318;4555,318;4559,308;4563,294;4568,320;4572,306;4576,306;4581,290;4585,324;4589,308;4594,322;4598,306;4602,320;4607,310;4611,296;4616,310;4620,294;4624,308;4629,292;4633,326;4637,310;4642,324;4646,308;4650,322;4655,306;4659,298;4663,310;4668,294;4672,308;4676,292;4681,312;4685,312;4690,310;4694,308;4698,322;4703,320;4707,298;4711,312;4716,296;4720,310;4724,294;4729,308;4733,314;4737,328;4742,312;4746,326;4750,310;4755,302;4759,314;4764,300;4768,312;4772,298;4777,312;4781,316;4785,330;4790,314;4794,328;4798,312;4803,326;4807,316;4811,302;4816,314;4820,298;4825,312;4829,318;4833,330;4838,314;4842,328;4846,312;4851,326;4855,316;4859,302;4864,314;4868,298;4872,312;4877,312;4881,316;4885,314;4890,328;4894,312;4899,326;4903,316;4907,302;4912,314;4916,298;4920,312;4925,296;4929,330;4933,314;4938,328;4942,312;4946,324;4951,310;4955,300;4959,314;4964,298;4968,312;4973,296;4977,308;4981,314;4986,328;4990,312;4994,326;4999,310;5003,302;5007,314;5012,300;5016,312;5020,298;5025,310;5029,316;5033,330;5038,314;5042,314;5047,312;5051,302;5055,302;5060,302;5064,314;5068,298;5073,312;5077,304;5081,316;5086,314;5090,314;5094,312;5099,314;5103,302;5107,302;5112,314;5116,300;5121,312;5125,318;5129,318;5134,316;5138,316;5142,314;5147,326;5151,318;5155,302;5160,314;5164,300;5168,312;5173,298;5177,332;5182,316;5186,330;5190,314;5195,328;5199,318;5203,302;5208,316;5212,300;5216,312;5221,298;5225,332;5229,316;5234,328;5238,314;5242,326;5247,304;5251,302;5256,316;5260,300;5264,314;5269,298;5273,320;5277,316;5282,316;5286,314;5290,328;5295,312;5299,304;5303,318;5308,302;5312,314;5316,300;5321,312;5325,318;5330,318;5334,316;5338,330;5343,314;5347,292;5351,318;5356,302;5360,316;5364,302;5369,314;5373,320;5377,318;5382,304;5386,330;5390,314;5395,292;5399,306;5404,304;5408,304;5412,288;5417,316;5421,308;5425,320;5430,306;5434,320;5438,318;5443,316;5447,308;5451,306;5456,306;5460,306;5464,304;5469,310;5473,308;5478,308;5482,306;5486,306;5491,318;5495,310;5499,294;5504,308;5508,292;5512,320;5517,290;5521,324;5525,310;5530,322;5534,308;5538,320;5543,312;5547,296;5552,310;5556,294;5560,310;5565,294;5569,328;5573,312;5578,326;5582,310;5586,324;5591,310;5595,300;5599,314;5604,300;5608,312;5613,298;5617,310;5621,316;5626,330;5630,314;5634,328;5639,312;5643,304;5647,316;5652,302;5656,316;5660,300;5665,314;5669,320;5673,318;5678,318;5682,318;5687,316;5691,294;5695,306;5700,306;5704,304;5708,302;5713,316;5717,322;5721,322;5726,322;5730,320;5734,318;5739,298;5743,310;5748,296;5752,308;5756,294;5761,320;5765,312;5769,324;5774,310;5778,322;5782,308;5787,320;5791,312;5795,296;5800,310;5804,294;5808,308;5813,294;5817,326;5822,310;5826,324;5830,308;5835,320;5839,312;5843,298;5848,310;5852,294;5856,308;5861,292;5865,312;5869,310;5874,324;5878,308;5882,308;5887,306;5891,298;5896,310;5900,296;5904,308;5909,294;5913,314;5917,312;5922,324;5926,310;5930,322;5935,308;5939,298;5943,312;5948,296;5952,308;5956,294;5961,320;5965,312;5970,324;5974,308;5978,322;5983,306;5987,296;5991,310;5996,294;6000,308;6004,292;6009,306;6013,310;6017,324;6022,308;6026,322;6030,306;6035,298;6039,310;6044,294;6048,308;6052,306;6057,306;6061,310;6065,324;6070,310;6074,322;6078,306;6083,320;6087,310;6091,296;6096,308;6100,308;6105,306;6109,312;6113,326;6118,310;6122,322;6126,308;6131,322;6135,312;6139,296;6144,310;6148,294;6152,308;6157,292;6161,326;6165,310;6170,324;6174,308;6179,322;6183,298;6187,282;6192,296;6196,268;6200,280;6205,264;6209,298;6213,282;6218,294;6222,280;6226,250;6231,284;6235,284;6239,298;6244,296;6248,280;6253,280;6257,286;6261,284;6266,284;6270,270;6274,252;6279,280;6283,272;6287,286;6292,284;6296,270;6300,268;6305,274;6309,286;6314,286;6318,284;6322,284;6327,282;6331,276;6335,288;6340,272;6344,286;6348,270;6353,282;6357,288;6361,288;6366,286;6370,284;6374,284;6379,276;6383,288;6388,274;6392,286;6396,270;6401,282;6405,288;6409,288;6414,286;6418,300;6422,284;6427,284;6431,290;6435,260;6440,288;6444,272;6448,272;6453,278;6457,276;6462,276;6466,288;6470,286;6475,272;6479,278;6483,276;6488,276;6492,274;6496,272;6501,272;6505,278;6509,278;6514,290;6518,288;6522,288;6527,294;6531,278;6536,290;6540,262;6544,274;6549,260;6553,280;6557,292;6562,292;6566,290;6570,276;6575,288;6579,266;6583,266;6588,250;6592,292;6596,276;\r\nBuffer sent in 0.973 secondsreturn;buffer;965\r\n'), 11:14:47
bytearray(b'received from UR: measure -> measure (0,1)\r\nSTEPPER: Moving to mstep: 6600 with speed [msteps/sec]: 1000 in StealthChop.\r\n'), 11:14:48
bytearray(b'STEPPER: Moving to mstep: 2400 with speed [msteps/sec]: 4000 in SpreadCycle.\r\n'), 11:14:52
bytearray(b'STEPPER: Moved 4200.00 msteps (ramp: 35%) in 1324.888 ms -> average speed [msteps/sec]: 3170.08\r\nreturn;measure;965\r\n'), 11:14:53
bytearray(b'received from UR: buffer -> buffer (0,1)\r\nSending buffer of size 965data;2400,306;2404,458;2408,140;2413,268;2417,324;2421,316;2426,344;2430,328;2434,342;2439,312;2443,318;2447,330;2452,316;2456,330;2460,328;2465,328;2469,318;2474,332;2478,330;2482,344;2487,316;2491,320;2495,334;2500,318;2504,332;2508,330;2513,330;2517,320;2521,334;2526,320;2530,334;2534,318;2539,332;2543,338;2548,308;2552,322;2556,306;2561,320;2565,326;2569,324;2574,322;2578,336;2582,322;2587,336;2591,326;2595,324;2600,324;2604,322;2608,336;2613,320;2617,328;2622,324;2626,338;2630,324;2635,336;2639,328;2643,326;2648,326;2652,312;2656,324;2661,310;2665,328;2669,328;2674,328;2678,326;2682,324;2687,324;2691,330;2696,330;2700,314;2704,328;2709,314;2713,332;2717,332;2722,344;2726,328;2730,328;2735,328;2739,304;2743,332;2748,316;2752,330;2756,314;2761,328;2765,334;2770,348;2774,318;2778,332;2783,316;2787,322;2791,334;2796,306;2800,334;2804,318;2809,332;2813,322;2817,336;2822,322;2826,348;2831,318;2835,332;2839,324;2844,322;2848,322;2852,320;2857,334;2861,326;2865,338;2870,324;2874,338;2878,322;2883,336;2887,328;2891,326;2896,326;2900,326;2905,338;2909,316;2913,330;2918,328;2922,328;2926,326;2931,326;2935,332;2939,316;2944,330;2948,330;2952,328;2957,312;2961,318;2965,316;2970,330;2974,314;2979,314;2983,320;2987,304;2992,318;2996,302;3000,302;3005,302;3009,322;3013,306;3018,320;3022,304;3026,318;3031,302;3035,308;3039,308;3044,306;3048,306;3053,306;3057,310;3061,310;3066,324;3070,308;3074,322;3079,320;3083,298;3087,312;3092,312;3096,310;3100,310;3105,310;3109,316;3113,314;3118,312;3122,300;3127,312;3131,304;3135,318;3140,302;3144,316;3148,316;3153,316;3157,320;3161,320;3166,306;3170,320;3174,318;3179,332;3183,324;3187,308;3192,322;3196,308;3201,320;3205,312;3209,326;3214,310;3218,324;3222,308;3227,322;3231,314;3235,314;3240,326;3244,312;3248,312;3253,324;3257,330;3261,316;3266,328;3270,314;3275,326;3279,318;3283,318;3288,318;3292,316;3296,316;3301,316;3305,320;3309,320;3314,320;3318,318;3322,318;3327,316;3331,306;3336,322;3340,308;3344,322;3349,306;3353,312;3357,312;3362,312;3366,310;3370,296;3375,308;3379,314;3383,314;3388,312;3392,312;3396,310;3401,324;3405,302;3410,316;3414,316;3418,316;3423,300;3427,306;3431,306;3436,304;3440,304;3444,304;3449,316;3453,296;3457,310;3462,308;3466,308;3471,306;3475,300;3479,298;3484,298;3488,310;3492,298;3497,310;3501,302;3505,302;3510,300;3514,314;3518,314;3523,312;3527,318;3531,302;3536,316;3540,302;3545,316;3549,306;3553,320;3558,306;3562,320;3566,318;3571,302;3575,308;3579,306;3584,306;3588,304;3592,318;3597,304;3601,338;3605,322;3610,306;3614,304;3619,318;3623,310;3627,308;3632,322;3636,322;3640,320;3645,320;3649,326;3653,310;3658,324;3662,310;3666,322;3671,308;3675,314;3679,326;3684,312;3688,312;3693,312;3697,316;3701,316;3706,328;3710,314;3714,326;3719,314;3723,304;3727,316;3732,302;3736,316;3740,314;3745,314;3749,306;3753,318;3758,318;3762,316;3767,302;3771,306;3775,308;3780,292;3784,304;3788,304;3793,302;3797,308;3801,322;3806,308;3810,320;3814,306;3819,298;3823,310;3828,310;3832,308;3836,308;3841,306;3845,312;3849,312;3854,298;3858,310;3862,296;3867,310;3871,300;3875,300;3880,298;3884,296;3888,294;3893,310;3897,314;3902,312;3906,312;3910,312;3915,312;3919,316;3923,302;3928,314;3932,284;3936,312;3941,312;3945,318;3949,316;3954,316;3958,316;3962,314;3967,314;3971,318;3976,318;3980,302;3984,316;3989,314;3993,320;3997,306;4002,320;4006,316;4010,330;4015,316;4019,308;4023,320;4028,306;4032,304;4037,304;4041,316;4045,308;4050,322;4054,320;4058,320;4063,318;4067,310;4071,310;4076,308;4080,308;4084,306;4089,318;4093,310;4097,324;4102,306;4106,322;4111,320;4115,312;4119,326;4124,310;4128,324;4132,310;4137,322;4141,314;4145,314;4150,312;4154,312;4158,310;4163,324;4167,302;4171,300;4176,312;4180,312;4185,310;4189,316;4193,316;4198,314;4202,314;4206,312;4211,312;4215,318;4219,304;4224,302;4228,286;4232,314;4237,312;4241,318;4245,302;4250,304;4254,300;4259,314;4263,306;4267,304;4272,304;4276,304;4280,302;4285,302;4289,292;4293,306;4298,306;4302,304;4306,304;4311,302;4315,308;4319,308;4324,306;4328,306;4333,304;4337,310;4341,308;4346,308;4350,308;4354,320;4359,306;4363,312;4367,324;4372,310;4376,322;4380,308;4385,320;4389,312;4393,326;4398,310;4402,324;4407,322;4411,314;4415,314;4420,298;4424,312;4428,310;4433,310;4437,316;4441,330;4446,314;4450,328;4454,312;4459,324;4463,318;4468,316;4472,316;4476,314;4481,314;4485,320;4489,320;4494,318;4498,332;4502,316;4507,316;4511,308;4515,306;4520,320;4524,320;4528,318;4533,310;4537,324;4542,308;4546,308;4550,306;4555,320;4559,312;4563,310;4568,324;4572,308;4576,308;4581,308;4585,326;4589,312;4594,312;4598,310;4602,324;4607,308;4611,300;4616,314;4620,300;4624,312;4629,310;4633,330;4637,316;4642,300;4646,300;4650,314;4655,312;4659,304;4663,316;4668,316;4672,314;4676,314;4681,300;4685,318;4690,318;4694,316;4698,316;4703,314;4707,306;4711,304;4716,304;4720,318;4724,302;4729,316;4733,306;4737,320;4742,304;4746,318;4750,316;4755,308;4759,308;4764,308;4768,306;4772,320;4777,318;4781,310;4785,324;4790,308;4794,322;4798,308;4803,334;4807,312;4811,310;4816,324;4820,310;4824,308;4829,314;4833,328;4838,312;4842,326;4846,312;4851,326;4855,316;4859,302;4864,314;4868,312;4872,310;4877,312;4881,318;4885,318;4890,316;4894,316;4899,328;4903,308;4907,320;4912,304;4916,304;4920,316;4925,304;4929,322;4933,306;4938,320;4942,318;4946,318;4951,316;4955,308;4959,322;4964,306;4968,320;4973,304;4977,324;4981,308;4986,308;4990,306;4994,320;4999,306;5003,312;5007,310;5012,296;5016,308;5020,308;5025,320;5029,312;5034,312;5038,308;5042,308;5047,308;5051,312;5055,298;5060,298;5064,310;5068,310;5073,308;5077,300;5081,314;5086,312;5090,312;5094,312;5099,304;5103,302;5108,314;5112,314;5116,298;5121,312;5125,304;5129,316;5134,316;5138,300;5142,300;5147,314;5151,318;5155,304;5160,318;5164,316;5168,314;5173,306;5177,320;5182,304;5186,318;5190,316;5195,302;5199,306;5203,306;5208,318;5212,304;5216,318;5221,316;5225,320;5229,308;5234,320;5238,304;5242,332;5247,308;5251,308;5256,308;5260,308;5264,320;5269,306;5273,326;5277,310;5282,310;5286,308;5290,322;5295,306;5299,312;5303,312;5308,310;5312,310;5316,310;5321,314;5325,312;5330,312;5334,312;5338,312;5343,310;5347,302;5351,314;5356,314;5360,298;5364,312;5369,310;5373,302;5377,330;5382,314;5386,314;5390,312;5395,304;5399,304;5404,302;5408,316;5412,316;5417,314;5421,306;5425,320;5430,304;5434,318;5438,302;5443,316;5447,308;5451,306;5456,306;5460,304;5465,318;5469,296;5473,310;5478,308;5482,308;5486,306;5491,320;5495,298;5499,296;5504,296;5508,294;5512,308;5517,306;5521,312;5526,312;5530,326;5534,310;5539,324;5543,316;5547,300;5552,314;5556,300;5560,312;5565,298;5569,318;5573,302;5578,316;5582,314;5586,314;5591,312;5595,304;5600,318;5604,304;5608,316;5613,316;5617,322;5621,306;5626,320;5630,306;5634,318;5639,304;5643,310;5647,322;5652,306;5656,308;5660,320;5665,318;5669,310;5674,324;5678,308;5682,322;5687,308;5691,298;5695,312;5700,310;5704,310;5708,308;5713,322;5717,300;5721,312;5726,312;5730,312;5734,310;5739,324;5743,314;5748,314;5752,326;5756,298;5761,312;5765,302;5769,316;5774,300;5778,314;5782,312;5787,326;5791,318;5795,304;5800,316;5804,302;5808,314;5813,306;5817,318;5822,304;5826,316;5830,316;5835,328;5839,306;5843,306;5848,318;5852,304;5856,302;5861,302;5865,322;5869,306;5874,320;5878,304;5882,318;5887,310;5891,296;5896,308;5900,294;5904,306;5909,304;5913,312;5917,310;5922,310;5926,308;5930,308;5935,306;5939,298;5943,310;5948,310;5952,310;5957,308;5961,314;5965,312;5970,326;5974,312;5978,324;5983,310;5987,300;5991,314;5996,312;6000,312;6004,312;6009,312;6013,302;6017,316;6022,300;6026,328;6031,312;6035,318;6039,318;6044,302;6048,302;6052,300;6057,298;6061,304;6065,318;6070,302;6074,316;6078,302;6083,314;6087,304;6092,304;6096,304;6100,316;6105,316;6109,306;6113,320;6118,306;6122,318;6126,318;6131,318;6135,310;6139,308;6144,322;6148,306;6152,306;6157,304;6161,324;6166,310;6170,308;6174,306;6179,306;6183,298;6187,296;6192,296;6196,294;6200,278;6205,278;6209,298;6213,284;6218,296;6222,280;6226,252;6231,286;6235,286;6240,270;6244,270;6248,268;6253,282;6257,246;6261,286;6266,286;6270,286;6274,286;6279,284;6283,274;6287,274;6292,288;6296,286;6300,284;6305,292;6309,290;6314,290;6318,288;6322,274;6327,272;6331,264;6335,278;6340,276;6344,276;6348,274;6353,252;6357,280;6361,292;6366,278;6370,292;6374,276;6379,282;6383,280;6388,280;6392,292;6396,278;6401,278;6405,282;6409,282;6414,268;6418,280;6422,278;6427,250;6431,284;6435,282;6440,268;6444,280;6448,278;6453,270;6457,284;6462,282;6466,252;6470,280;6475,294;6479,270;6483,284;6488,268;6492,282;6496,266;6501,286;6505,284;6509,284;6514,284;6518,282;6523,296;6527,272;6531,272;6536,286;6540,270;6544,284;6549,268;6553,288;6557,288;6562,286;6566,272;6570,284;6575,276;6579,276;6583,274;6588,274;6592,272;6597,272;\r\nBuffer sent in 0.973 secondsreturn;buffer;965\r\n'), 11:14:55
bytearray(b'received from UR: home -> home (0,1)\r\nSTEPPER: Moving to mstep: 0 with speed [msteps/sec]: 4000 in SpreadCycle.\r\n'), 11:14:56
bytearray(b'STEPPER: Moved 2400.00 msteps (ramp: 35%) in 813.416 ms -> average speed [msteps/sec]: 2950.52\r\nreturn;home;1\r\n'), 11:14:57
